1563
-2.3863754272460938 0.2845063805580139 1.5947446823120117
-2.386474609375 0.28460657596588135 -0.7602745294570923
-2.3863744735717773 0.487346351146698 0.6845821738243103
0.9211299419403076 0.2846064567565918 -0.8532230854034424
-2.1035287380218506 0.284606397151947 0.015397418290376663
-1.34165620803833 0.2846064567565918 -1.205398678779602
-0.44836753606796265 0.284606397151947 1.2688177824020386
-1.0148530006408691 0.284606397151947 -0.9094536900520325
-0.9748826026916504 0.2846062183380127 -1.2053987979888916
0.9210305213928223 0.2845063805580139 -1.205345869064331
-2.386474609375 0.28460633754730225 -0.263675332069397
-2.386474609375 0.28460657596588135 0.2803964614868164
-2.386474609375 0.28460657596588135 -0.48672938346862793
-1.7901101112365723 0.2846081256866455 2.141308307647705
-2.386474609375 0.28460633754730225 -0.012141823768615723
-2.3863754272460938 0.2845063805580139 0.6877460479736328
0.664158821105957 0.2845063805580139 -1.2052973508834839
-0.5544359683990479 0.2846064567565918 -1.2053989171981812
-2.0876948833465576 0.284606397151947 1.2966965436935425
0.11631007492542267 0.28460633754730225 2.141308307647705
0.9211299419403076 0.2846064567565918 -0.8968362808227539
0.9211299419403076 0.2846064567565918 -0.7525548934936523
-2.386474609375 0.2846064567565918 0.11333847045898438
-1.5954461097717285 0.284606397151947 1.8758728504180908
-0.4404327869415283 0.2846064567565918 -1.2053989171981812
-2.379009246826172 0.2846081256866455 2.141308307647705
-2.386474609375 0.2846066951751709 -0.141457200050354
0.9211299419403076 0.2846064567565918 -1.0071885585784912
-2.103053092956543 0.284606397151947 1.6724581718444824
-1.0924243927001953 0.2846064567565918 -1.205398678779602
0.9211300611495972 0.2846066951751709 1.3707479238510132
0.9210300445556641 0.5062234997749329 1.5392310619354248
-1.8978973627090454 0.284606397151947 1.7093875408172607
-2.3863744735717773 0.2845063805580139 1.876007080078125
-2.1856679916381836 0.2845063805580139 2.141206741333008
0.9210312366485596 0.2845063805580139 -0.6745739579200745
-2.386474609375 0.284606397151947 -0.6469391584396362
0.9211008548736572 0.2846066355705261 -1.2053993940353394
-2.386474609375 0.2846066951751709 -0.8703309893608093
-1.9559507369995117 0.2845063805580139 2.141206741333008
0.9210320115089417 0.2845063805580139 0.8810672760009766
-1.4487009048461914 0.2845063805580139 -1.2053022384643555
0.3156217038631439 0.284606397151947 1.5886534452438354
-0.5606820583343506 0.284606397151947 -0.9078229665756226
0.3848593235015869 0.2846064567565918 -1.2053991556167603
-2.386474370956421 0.28457045555114746 2.1412086486816406
-2.3863744735717773 0.2845063805580139 1.0080718994140625
-0.4101705551147461 0.284606397151947 -0.802132248878479
-2.386474609375 0.5745124220848083 -1.2052984237670898
-2.386474609375 0.284606397151947 -1.2053496837615967
-1.757530689239502 0.284606397151947 -0.6022539138793945
-1.5005542039871216 0.284606397151947 -0.8949329853057861
-2.3863754272460938 0.2845063805580139 1.691788673400879
-2.088139295578003 0.284606397151947 -0.719265878200531
0.9210329055786133 0.2845063805580139 2.041659355163574
-1.8957006931304932 0.284606397151947 1.3421319723129272
0.37790796160697937 0.284606397151947 -0.9082176685333252
-1.5399541854858398 0.2845063805580139 -1.2053003311157227
-2.386474609375 0.28460657596588135 0.5170588493347168
-1.7001831531524658 0.284606397151947 -0.7865265011787415
-0.07927405834197998 0.2845063805580139 -1.205297827720642
-1.2730640172958374 0.284606397151947 -0.9152687191963196
-1.872929573059082 0.2845063805580139 -1.2052984237670898
-2.386437177658081 0.2846064567565918 -1.2053983211517334
0.9210309982299805 0.2845063805580139 1.777242660522461
-2.0194437503814697 0.284606397151947 1.8668532371520996
0.9210300445556641 0.2845063805580139 1.100346565246582
-0.10709095001220703 0.2845063805580139 2.141207695007324
-2.386474609375 0.28460633754730225 -0.3745133876800537
0.5689408779144287 0.2846064567565918 2.141308307647705
0.9210300445556641 0.2845657765865326 2.141308307647705
-2.386474370956421 0.2846066951751709 1.488718032836914
0.9210300445556641 0.2845063805580139 1.6772403717041016
0.7690820693969727 0.2845063805580139 2.141207695007324
-1.2282075881958008 0.2845063805580139 -1.205301284790039
-1.9786376953125 0.284606397151947 -0.12352127581834793
0.9210300445556641 0.2845063805580139 1.4696731567382812
0.9211300611495972 0.284606397151947 1.5746283531188965
-1.8892395496368408 0.284606397151947 1.147689938545227
-2.1349117755889893 0.284606397151947 0.7835371494293213
-1.3104658126831055 0.2845063805580139 2.141207695007324
0.9210293292999268 0.2845063805580139 -0.5802537202835083
0.9210281372070312 0.2845063805580139 2.1412439346313477
-2.386474370956421 0.2846066951751709 0.9326605796813965
-1.7710895538330078 0.2845063805580139 -1.2053022384643555
-1.3512744903564453 0.284606397151947 -0.7488946914672852
0.9211300611495972 0.284606397151947 1.8858380317687988
-0.10878363251686096 0.7201936841011047 2.1412081718444824
-0.37625694274902344 0.2845063805580139 2.141206741333008
-0.007089972496032715 0.2845063805580139 -1.2052996158599854
-1.6731672286987305 0.2845063805580139 -1.205301284790039
-2.0190811157226562 0.284606397151947 -0.9015117287635803
-1.9155470132827759 0.5135652422904968 -1.2052985429763794
0.5360555052757263 0.284606397151947 0.5276361107826233
-1.4602980613708496 0.2846064567565918 2.141308307647705
-1.9577412605285645 0.2846062183380127 -1.205398440361023
-0.66748046875 0.2845063805580139 2.141207695007324
-2.386474370956421 0.6716985702514648 2.1412086486816406
-2.386474370956421 0.2846064567565918 1.3034861087799072
-0.7742490768432617 0.2845063805580139 2.141207695007324
0.9210292100906372 0.2845063805580139 0.6556522250175476
-2.3863773345947266 0.2845063805580139 1.926072120666504
-2.0929651260375977 0.284606397151947 1.115471601486206
0.92103111743927 0.2845063805580139 0.039104968309402466
-2.3654115200042725 0.2846064567565918 -1.2053983211517334
-2.3863744735717773 0.47980374097824097 1.2781306505203247
-0.6980112195014954 0.2845063805580139 -1.2053000926971436
-0.8819913864135742 0.2845063805580139 2.141206741333008
-2.386474370956421 0.2846064567565918 1.1833369731903076
-0.9844372868537903 0.284606397151947 1.7642242908477783
-2.3863751888275146 0.7908949851989746 -1.2053983211517334
0.9211300015449524 0.28460657596588135 0.13152694702148438
-2.1436357498168945 0.284606397151947 0.4372677206993103
-1.687159538269043 0.2845063805580139 2.141207695007324
-2.386474609375 0.2846065163612366 -1.017005205154419
-2.156249761581421 0.2846064567565918 -1.205398440361023
-2.3863754272460938 0.2845063805580139 1.069655418395996
0.9210299849510193 0.5206629633903503 -0.5332098603248596
-0.6323200464248657 0.284606397151947 1.8927379846572876
-1.3282954692840576 0.284606397151947 1.8455818891525269
-1.801560640335083 0.284606397151947 -0.920316219329834
-2.386373519897461 0.2845063805580139 -0.9480781555175781
-2.1120803356170654 0.284606397151947 -0.26177993416786194
-1.8038654327392578 0.284606397151947 1.8729966878890991
-0.8948726654052734 0.2846066951751709 -1.2053987979888916
-2.036760091781616 0.2846064567565918 -1.205398440361023
0.039351657032966614 0.5575367212295532 -1.2052991390228271
0.4050540030002594 0.2846064269542694 2.141308307647705
0.9210299253463745 0.7587451338768005 -1.2053993940353394
-1.5743341445922852 0.2845063805580139 2.141207695007324
-2.3863720893859863 0.8998081088066101 -1.2053983211517334
-2.0586509704589844 0.2845063805580139 2.141207695007324
-0.35222482681274414 0.28460633754730225 -1.2053989171981812
0.9211300611495972 0.28460633754730225 1.2063347101211548
0.6057157516479492 0.284606397151947 -0.08740804344415665
0.9210299253463745 0.5267202258110046 -1.2053993940353394
-2.0374255180358887 0.284606397151947 0.6138471961021423
0.9210295677185059 0.2845063805580139 -0.25652435421943665
0.2755779027938843 0.28460657596588135 -1.2053991556167603
-0.8098099231719971 0.28460633754730225 -1.2053987979888916
-0.002420663833618164 0.28460636734962463 2.141308307647705
-0.26654982566833496 0.28460633754730225 -1.2053990364074707
0.827338457107544 0.2845063805580139 -1.2052972316741943
0.57138592004776 0.284606397151947 -0.8761243224143982
-0.8614678382873535 0.284606397151947 1.9376130104064941
0.9210302829742432 0.2845063805580139 0.24809494614601135
-1.0832643508911133 0.2845063805580139 2.141206741333008
0.29120826721191406 0.2845063805580139 2.141207695007324
0.4565190374851227 0.284606397151947 1.2601253986358643
0.10730838775634766 0.2846064567565918 -1.2053990364074707
-2.386375665664673 0.8891462087631226 2.141308307647705
-1.6074333190917969 0.2845063805580139 -1.205301284790039
0.9211300015449524 0.2846064567565918 0.5526669025421143
-0.27024346590042114 0.284606397151947 1.751020908355713
-1.87135648727417 0.28460824489593506 2.141308307647705
-0.6250148415565491 0.2845063805580139 -1.2052980661392212
0.5488066673278809 0.2846064567565918 -1.2053992748260498
0.34748098254203796 0.284606397151947 1.901729702949524
-0.5802932977676392 0.2846064269542694 2.141308307647705
-0.48665523529052734 0.2845063805580139 2.141207695007324
0.4697033166885376 0.2845063805580139 -1.2053003311157227
-0.16194124519824982 0.284606397151947 1.005133032798767
0.6582825779914856 0.284606397151947 -0.26482728123664856
0.1894228458404541 0.2845063805580139 -1.2052994966506958
0.08737099170684814 0.284606397151947 -0.009752959944307804
-0.12957455217838287 0.284606397151947 1.8729959726333618
0.9210314750671387 0.2845063805580139 -0.06018773093819618
0.9210326075553894 0.2845063805580139 0.7809897065162659
0.15249067544937134 0.284606397151947 -0.8963265419006348
0.921029806137085 0.2845063805580139 -0.4780046045780182
-1.8473005294799805 0.284606397151947 0.271008163690567
-2.3863754272460938 0.2845063805580139 0.40013599395751953
0.9211300015449524 0.2846062183380127 -0.36832618713378906
0.2502770721912384 0.284606397151947 -0.5693632960319519
0.6590121388435364 0.284606397151947 1.4800424575805664
-0.2752331495285034 0.284606397151947 -0.691771388053894
-1.5297538042068481 0.284606397151947 -0.7061256170272827
-0.7931215763092041 0.284606397151947 -0.8899287581443787
0.20763123035430908 0.284606397151947 1.7256217002868652
-0.006193794310092926 0.284606397151947 1.6918535232543945
0.6187136173248291 0.284606397151947 -0.6850955486297607
0.9210315346717834 0.2845063805580139 0.4314902126789093
-0.26599058508872986 0.284606397151947 -0.9073126316070557
-0.10104832798242569 0.284606397151947 -0.6856797933578491
0.6310057044029236 0.284606397151947 -0.5022847056388855
-1.3840984106063843 0.284606397151947 -0.5583860874176025
-2.0741589069366455 0.284606397151947 0.24090126156806946
-1.9226176738739014 0.284606397151947 0.7853840589523315
-0.7076742649078369 0.6113014221191406 2.1412081718444824
-2.0812673568725586 0.284606397151947 1.4948798418045044
0.6012476086616516 0.284606397151947 1.7920929193496704
-2.386474609375 0.2846064567565918 -0.5690739154815674
-2.0965397357940674 0.284606397151947 -0.5220550298690796
0.9211300611495972 0.28460657596588135 1.2848042249679565
0.0446506068110466 0.284606397151947 -0.5266634225845337
-1.9086188077926636 0.284606397151947 1.543136477470398
-2.3864219188690186 0.2846062183380127 2.141308307647705
-1.8326932191848755 0.284606397151947 0.9616854190826416
0.4888916015625 0.2845063805580139 2.141207695007324
0.9211301207542419 0.8239887952804565 2.1412081718444824
-2.3863744735717773 0.7230685949325562 1.9067188501358032
-2.3863773345947266 0.2845063805580139 0.8439197540283203
-0.8494629859924316 0.284606397151947 -0.47500890493392944
-0.2739534378051758 0.2845063805580139 2.141207695007324
-1.9003572463989258 0.284606397151947 -0.7493593692779541
-2.386474609375 0.4365944266319275 -1.2052984237670898
-1.7159135341644287 0.284606397151947 1.6814130544662476
-2.3863744735717773 0.5079706907272339 -0.3486021161079407
-2.3863744735717773 0.5883532166481018 -0.8794144988059998
-1.5417888164520264 0.284606397151947 1.3113012313842773
-1.4815700054168701 0.284606397151947 1.1171119213104248
-2.386474370956421 1.1374304294586182 -1.2053120136260986
-2.3863754272460938 0.2845063805580139 0.19498062133789062
-0.6727361679077148 0.5809317231178284 -1.205298900604248
-1.9593409299850464 0.284606397151947 -0.3560577630996704
-1.8107973337173462 0.284606397151947 -0.2300744354724884
-2.3863744735717773 0.6124364733695984 1.1144248247146606
-1.9413354396820068 0.284606397151947 0.1043311282992363
-1.9237574338912964 0.284606397151947 -0.5695778131484985
-0.7717661261558533 0.284606397151947 1.7383605241775513
0.4429692029953003 0.284606397151947 -0.7213923931121826
-1.571941614151001 0.284606397151947 -0.519787609577179
0.9211299419403076 0.6434817314147949 -1.2052998542785645
-1.7279880046844482 0.284606397151947 1.2552770376205444
-1.9572778940200806 0.284606397151947 0.42729276418685913
0.566184937953949 0.5023210644721985 -1.2052992582321167
0.15441028773784637 0.284606397151947 -0.24937573075294495
0.2043050080537796 0.2846064567565918 2.141308307647705
0.9210309982299805 0.2845063805580139 0.9895772933959961
0.3222631514072418 0.284606397151947 0.4881397485733032
-2.3863744735717773 1.0142732858657837 -1.2053983211517334
-1.163668155670166 0.2846062183380127 -1.205398678779602
-0.9853601455688477 0.2845063805580139 2.141207695007324
-0.9639458060264587 0.284606397151947 -0.7455340623855591
-1.3297631740570068 0.284606397151947 1.6599223613739014
-2.3863754272460938 0.2845063805580139 -0.07821941375732422
0.9211299419403076 0.38257408142089844 -1.2052991390228271
-1.8968201875686646 0.6903159022331238 2.1412081718444824
-1.1866867542266846 0.284606397151947 1.3710559606552124
-2.386474370956421 0.5576658248901367 2.1412081718444824
-1.763593316078186 0.284606397151947 -0.3954823613166809
0.9211301207542419 0.4754963219165802 2.1412084102630615
-1.4965605735778809 0.284606397151947 1.7217488288879395
0.07568899542093277 0.284606397151947 0.43383944034576416
-1.1686756610870361 0.284606397151947 0.9010233283042908
-2.3863744735717773 0.7833887338638306 -0.9452816843986511
-1.0341178178787231 0.284606397151947 1.5530544519424438
-2.386474609375 0.6872989535331726 -1.2052984237670898
-2.3863768577575684 0.4397083520889282 2.141308307647705
-2.386474370956421 1.1151838302612305 2.1412081718444824
-2.386474370956421 0.7818410396575928 2.1412081718444824
-0.4537105858325958 0.6015990376472473 2.1412081718444824
-0.19986586272716522 0.5406401753425598 -1.2052990198135376
0.9210300445556641 0.5135775208473206 1.0017439126968384
-2.386474609375 0.2846064567565918 0.6175734996795654
0.9211301207542419 0.6042375564575195 2.1412084102630615
0.6613022685050964 0.710421085357666 -1.2052992582321167
-0.1887493133544922 0.2845063805580139 2.141207695007324
0.9210300445556641 0.3726072907447815 1.8266712427139282
0.9211300015449524 0.28460657596588135 0.34427809715270996
-2.3863744735717773 0.6697296500205994 0.0008167203050106764
-0.9296668767929077 0.284606397151947 0.07968204468488693
-1.9888120889663696 0.7334117293357849 -1.2052985429763794
-2.3863744735717773 0.50203537940979 -0.6243562698364258
-1.2009398937225342 0.284606397151947 1.5660374164581299
-1.372799277305603 0.284606397151947 -0.3728460371494293
-2.386474370956421 0.2846064567565918 1.3950910568237305
-0.028626544401049614 0.284606397151947 -0.36025989055633545
0.48984912037849426 0.284606397151947 -0.3189426362514496
0.08056484907865524 0.284606397151947 1.8908754587173462
-0.5055407881736755 0.284606397151947 -0.6418190598487854
-1.810142993927002 0.284606397151947 -0.05486319959163666
0.9211301207542419 0.9250010251998901 2.141209602355957
-0.8952715396881104 0.5356437563896179 -1.2052987813949585
0.9210300445556641 0.5045255422592163 0.7507761120796204
-1.69790780544281 0.284606397151947 1.0693882703781128
-1.9968048334121704 0.520969033241272 2.1412081718444824
-2.3863744735717773 0.5507208704948425 0.9103376865386963
-1.384490966796875 0.2845063805580139 2.141206741333008
-2.3863744735717773 0.5655616521835327 -0.15121446549892426
-1.3954025506973267 0.284606397151947 1.4703384637832642
-2.1300454139709473 0.5934349894523621 -1.2052984237670898
-0.568231463432312 0.7533171772956848 2.4365930557250977
-0.6566975116729736 0.284606397151947 1.5932376384735107
-0.34392622113227844 0.284606397151947 -0.1318645477294922
0.590710461139679 0.5919492840766907 2.1412081718444824
0.9210387468338013 0.8719839453697205 -1.2053993940353394
0.9210385084152222 0.977771520614624 -1.2053993940353394
0.9210299849510193 0.49252083897590637 -0.23669418692588806
0.9210301041603088 0.6991297006607056 1.9115715026855469
-2.3863744735717773 0.47891828417778015 0.39605119824409485
0.9210299253463745 0.5774706602096558 -0.7760728597640991
0.9210300445556641 0.65888512134552 1.706295371055603
0.9210299849510193 0.4945436418056488 0.16051413118839264
-1.241362452507019 0.284606397151947 -0.24744383990764618
0.4490349292755127 0.284606397151947 -0.013266905210912228
-2.3863744735717773 0.6123492121696472 1.7542574405670166
0.6297304034233093 0.284606397151947 1.228406548500061
0.08359688520431519 0.284606397151947 1.535251259803772
0.3396235704421997 0.5625896453857422 2.1412081718444824
0.9210299253463745 0.703574001789093 -0.9376363754272461
-2.122551441192627 0.7153322100639343 2.1412081718444824
-1.235843300819397 0.2846059799194336 2.141308307647705
0.921029806137085 0.7208201885223389 2.141308307647705
-0.14007338881492615 0.284606397151947 2.6927318572998047
-1.7683870792388916 0.284606397151947 0.4354114532470703
0.6926383972167969 0.2845063805580139 2.1412057876586914
0.9210300445556641 0.559751570224762 1.2442190647125244
0.9210299849510193 0.6483816504478455 0.342469722032547
0.9210300445556641 0.8953157663345337 1.8413201570510864
-2.044405460357666 0.866238534450531 2.1412081718444824
-2.3863744735717773 0.4863148331642151 1.577433705329895
-1.3536195755004883 0.284606397151947 1.2571543455123901
-0.8725213408470154 0.284606397151947 1.5825660228729248
-2.3863744735717773 0.6749279499053955 1.3886131048202515
-2.3863744735717773 0.6916158199310303 1.5692963600158691
-2.3863744735717773 0.6698743104934692 -0.7019610404968262
-1.1456232070922852 0.2845063805580139 2.141207695007324
0.08524490892887115 0.594153106212616 2.1412081718444824
-0.6580886244773865 0.284606397151947 -0.7529352903366089
-1.7436798810958862 0.284606397151947 1.480552077293396
-2.3863744735717773 0.7749028205871582 1.025121808052063
-1.7356898784637451 0.284606397151947 0.11771142482757568
-1.4186878204345703 0.5824933648109436 2.1412081718444824
-0.38872578740119934 0.284606397151947 1.9196277856826782
-0.8537759780883789 0.7498396635055542 2.601494789123535
-1.429810643196106 0.284606397151947 0.3069874942302704
-1.1560814380645752 0.284606397151947 -0.7637218832969666
-1.2461334466934204 0.8327613472938538 2.1412081718444824
-0.44970402121543884 0.5244016051292419 -1.2052990198135376
-1.3027478456497192 0.551429271697998 -1.205298662185669
-2.3863744735717773 0.8791329264640808 1.4536901712417603
-2.1202480792999268 0.8666053414344788 -1.2052984237670898
-2.3863744735717773 0.9199336767196655 1.8565596342086792
0.7110118865966797 0.284606397151947 0.6229076981544495
-0.2642117440700531 0.6102070212364197 2.1412081718444824
0.06296869367361069 0.284606397151947 -0.7213760018348694
-0.010908335447311401 0.7497397065162659 2.5727481842041016
0.28141990303993225 0.5333653092384338 -1.2052991390228271
-2.3863744735717773 0.6527813673019409 0.5669578909873962
0.9210299253463745 0.2845063805580139 -0.1661113202571869
0.28217604756355286 0.9586207866668701 2.1412081718444824
-2.0280392169952393 1.0783483982086182 0.08930893987417221
-1.5019323825836182 0.5701740384101868 -1.205298662185669
0.6632657051086426 0.284606397151947 0.10861631482839584
-0.149611234664917 0.2845063805580139 -1.205297827720642
-0.6234621405601501 0.284606397151947 2.6925458908081055
0.9210299849510193 0.5064023733139038 0.49164125323295593
-2.0230958461761475 0.8767457604408264 1.7852208614349365
-1.1790910959243774 0.284606397151947 0.29991817474365234
-2.0551412105560303 0.9146881103515625 -0.2857736051082611
-1.588853120803833 0.6666311025619507 2.1412081718444824
0.471414178609848 0.284606397151947 1.454077959060669
0.47385305166244507 0.8284754753112793 -1.2052992582321167
-2.37553071975708 1.4481956958770752 -1.2052984237670898
-1.6566722393035889 0.284606397151947 0.6009082794189453
-1.842031478881836 0.284606397151947 0.6204035878181458
-1.6285297870635986 0.284606397151947 -0.09431956708431244
-0.9422772526741028 0.5930708646774292 2.1412081718444824
-1.7127634286880493 0.284606397151947 0.8144813776016235
-1.7565650939941406 0.7815428376197815 2.1412081718444824
-2.3863744735717773 0.8150778412818909 -0.1420033872127533
0.4393936097621918 0.284606397151947 -0.5313234329223633
-1.5447936058044434 0.284606397151947 0.14097246527671814
-2.3863744735717773 0.9656842350959778 -0.8958747386932373
0.4287666082382202 0.6562865972518921 -1.2052992582321167
-1.7429019212722778 0.5127919316291809 2.1412081718444824
0.9210299849510193 0.6959547996520996 0.1252102553844452
0.9210299849510193 0.6009820103645325 -0.06412602961063385
-1.559521198272705 0.284606397151947 1.543372392654419
-2.027332067489624 0.284606397151947 0.9570670127868652
0.5521944165229797 0.284606397151947 1.6165515184402466
-2.3863744735717773 0.71051424741745 0.8159797787666321
-0.8550393581390381 0.7498396635055542 2.504415988922119
-0.45370474457740784 0.28518423438072205 2.6925244331359863
-0.8574133515357971 0.284606397151947 1.2252209186553955
0.468159556388855 0.284606397151947 0.3464040458202362
-2.012255907058716 0.6953263282775879 -0.6512312293052673
-1.7591909170150757 0.6061340570449829 -1.2052985429763794
-2.3863744735717773 0.6888283491134644 -0.49803897738456726
-1.2175532579421997 0.5925650000572205 2.1412081718444824
-2.3863744735717773 0.5236815810203552 0.13548561930656433
-1.3052116632461548 0.284606397151947 0.14994874596595764
-1.4401664733886719 0.7700015306472778 -1.205298662185669
-1.3017219305038452 0.284606397151947 0.4603375196456909
-0.40521377325057983 0.749839723110199 2.670430898666382
-2.3863744735717773 0.7825406789779663 1.2459841966629028
-1.509422779083252 0.284606397151947 0.7362763285636902
-2.074441909790039 0.9410750269889832 1.2041867971420288
0.41199225187301636 0.284606397151947 1.7402770519256592
0.6447463631629944 0.9217574596405029 -1.2052992582321167
-1.5306092500686646 0.284606397151947 0.9452303051948547
-1.4190499782562256 0.9450812935829163 1.8548316955566406
-0.5208849906921387 0.284606397151947 1.73524808883667
-2.0214056968688965 0.8377323150634766 -0.7953934073448181
-2.3863744735717773 1.2598865032196045 -1.2053983211517334
-1.4682116508483887 0.284606397151947 4.093490123748779
-0.18719127774238586 0.284606397151947 4.605522155761719
-1.0818159580230713 0.7387599945068359 2.1412081718444824
-2.0290565490722656 1.1486725807189941 1.6242481470108032
-1.831458330154419 0.7035260796546936 1.7937822341918945
-1.608862280845642 0.284606397151947 0.3446400463581085
0.5611019730567932 0.7455140352249146 2.1412081718444824
-0.29427218437194824 0.284606397151947 2.6925911903381348
0.9211301207542419 1.1373496055603027 2.141209602355957
0.3632429838180542 0.284606397151947 1.0724594593048096
-1.4274119138717651 0.284606397151947 -0.18412698805332184
0.3526376783847809 0.731363832950592 2.1412081718444824
-0.5606490969657898 0.284606397151947 -0.3410716950893402
0.6921020150184631 0.284606397151947 0.9611541032791138
0.9210300445556641 0.6610408425331116 1.4723461866378784
-1.329720377922058 0.3437226414680481 3.0200905799865723
-2.3863744735717773 0.8389130234718323 1.6699894666671753
0.5852549076080322 0.8927090764045715 2.1412081718444824
-0.15241394937038422 0.284606397151947 1.596019983291626
-0.9549117684364319 0.284606397151947 4.5456318855285645
-0.3558570444583893 0.6992456316947937 -1.2052990198135376
0.9210300445556641 1.0901392698287964 1.7755653858184814
0.9210300445556641 0.7075902819633484 0.7524188756942749
0.9210300445556641 1.0339699983596802 2.141308307647705
0.9210299849510193 0.8476932048797607 0.2542397975921631
-2.3863744735717773 0.8151410222053528 0.11282380670309067
-0.28771230578422546 0.284606397151947 1.4424943923950195
0.9210300445556641 0.7024650573730469 0.948331356048584
-0.0768839493393898 0.7146238088607788 -1.2052991390228271
-1.8795912265777588 0.9945002198219299 -0.8616164326667786
0.9211299419403076 1.0787092447280884 -1.2052992582321167
-0.11127153038978577 0.284606397151947 3.7751197814941406
0.9210299849510193 0.6811310052871704 -0.35390859842300415
-2.386375665664673 0.9931634068489075 2.141308307647705
0.9210299849510193 0.7025805711746216 0.5583317875862122
-2.3863744735717773 0.8286049962043762 -0.7162818312644958
-2.077641725540161 1.1058602333068848 -1.2052984237670898
0.9210300445556641 0.9098597168922424 1.2635574340820312
0.9211301207542419 1.2737075090408325 2.141209602355957
0.34137386083602905 0.9255450367927551 2.01202392578125
-1.6376898288726807 0.7331467270851135 -1.2052985429763794
-0.8254773616790771 0.7264273166656494 -1.205298900604248
-2.3863744735717773 0.6764370799064636 0.2895403504371643
0.4393843114376068 0.8605038523674011 -0.858197033405304
-0.21574974060058594 0.8195236921310425 -1.2052990198135376
-1.8436505794525146 0.8071514964103699 -1.2052985429763794
-2.3863744735717773 0.7820330858230591 0.441853404045105
-2.035137414932251 1.0753026008605957 2.1412081718444824
-1.4740842580795288 0.284606397151947 0.5303546190261841
-1.8400325775146484 0.6427844166755676 -0.8058158159255981
-1.8180605173110962 0.6198549270629883 -0.5655855536460876
0.2645602226257324 0.284606397151947 1.2206233739852905
-0.9919228553771973 0.284606397151947 1.334557056427002
0.9210300445556641 0.7095006704330444 1.1722359657287598
0.6641393303871155 0.29189035296440125 3.719755172729492
-1.4361848831176758 0.284606397151947 -0.005190346390008926
0.9210299253463745 0.6958937644958496 -0.5873301029205322
-2.3863744735717773 0.7380831837654114 -0.30468273162841797
-0.89827960729599 0.284606397151947 0.6580566763877869
-1.9071327447891235 0.9756380915641785 -1.2052985429763794
-1.2319090366363525 0.284606397151947 -0.05079080909490585
-2.3863744735717773 0.941163957118988 1.167452096939087
0.9211299419403076 1.190394401550293 -1.2052992582321167
-1.2066229581832886 0.284606397151947 -0.5735824704170227
-1.1037458181381226 0.5873531699180603 -1.2052987813949585
-2.3863744735717773 0.9506707191467285 -0.2856523096561432
-2.3863744735717773 0.9856931567192078 -0.6719542741775513
0.28082215785980225 0.284606397151947 -0.3832637071609497
-2.3863744735717773 0.8823018670082092 -0.4854297637939453
-0.9946185350418091 1.5486303567886353 -1.4016436338424683
-0.5707380771636963 0.7356389164924622 -1.205298900604248
-1.1025317907333374 0.29257622361183167 4.463425636291504
-2.3923935890197754 1.53071928024292 -0.954967737197876
0.918285608291626 1.3693711757659912 2.1376054286956787
-1.679022192955017 0.9296472668647766 -1.2052985429763794
-1.1088773012161255 0.284606397151947 0.4808400571346283
0.9210300445556641 0.9615889191627502 1.5379747152328491
-2.3863744735717773 0.9591115713119507 -0.012216848321259022
0.2650383710861206 0.284606397151947 -0.05872853472828865
-0.39804503321647644 0.284606397151947 -0.5126259922981262
0.9210299253463745 0.7841607928276062 -0.7414120435714722
-1.5810538530349731 0.284606397151947 -0.29818254709243774
0.9210300445556641 0.8754945397377014 1.052844524383545
-1.0264338254928589 0.284606397151947 -0.5700737833976746
0.9210299253463745 1.1185661554336548 -0.8434691429138184
-0.07120389491319656 0.284606397151947 -0.880125880241394
-2.3863744735717773 1.1022497415542603 1.5041861534118652
-2.3863744735717773 1.1769007444381714 -0.8606505393981934
0.4148564040660858 0.31421056389808655 2.909869432449341
-1.151052713394165 0.284606397151947 1.1714657545089722
0.5548949837684631 0.284606397151947 4.030661106109619
-1.0189125537872314 0.7587015628814697 -1.2052987813949585
0.4940270483493805 1.1443792581558228 -0.8293070197105408
0.9210300445556641 0.82734215259552 1.659769892692566
0.9210299849510193 0.8210375308990479 -0.039562396705150604
0.2700234055519104 0.284606397151947 -0.7452911734580994
-0.8070098757743835 0.284606397151947 -0.6599199175834656
-1.2548984289169312 0.750054121017456 -1.205298662185669
0.4882018566131592 1.0497751235961914 -1.2052992582321167
-2.0466105937957764 1.2265334129333496 -0.6647201180458069
-0.8737991452217102 0.284606397151947 -0.09888419508934021
-1.104324221611023 0.284606397151947 -0.372668981552124
-1.7593313455581665 1.223692536354065 -0.8564959764480591
0.4169290363788605 0.2856005132198334 3.600045919418335
0.2424391508102417 0.284606397151947 4.377181053161621
-0.731924295425415 0.284606397151947 -0.26202288269996643
-2.3863744735717773 1.1011165380477905 1.305607795715332
0.9210300445556641 0.9013404846191406 0.8446215987205505
-0.031991902738809586 0.284606397151947 0.5661121606826782
-0.37547388672828674 0.284606397151947 -0.3154982328414917
0.129288911819458 0.8004252314567566 2.1412081718444824
-1.8188579082489014 1.3944505453109741 -1.2052985429763794
0.670595645904541 0.330021470785141 3.564488172531128
-1.2361990213394165 0.8659210205078125 -0.8395108580589294
-2.3863744735717773 0.9263632297515869 0.9245424270629883
-2.386373996734619 1.3236225843429565 2.141308307647705
-2.0124282836914062 0.8248355984687805 1.4546326398849487
-2.062462091445923 1.1801663637161255 0.8580797910690308
-0.005590619053691626 0.9978346824645996 -1.2052991390228271
-2.3863744735717773 1.1863751411437988 1.8263273239135742
-1.2992910146713257 0.284606397151947 1.0504485368728638
-1.4568301439285278 0.9388009905815125 -1.205298662185669
-1.8690085411071777 0.62125563621521 1.5782058238983154
-0.3456169068813324 0.9819424152374268 -0.8505862951278687
0.21279892325401306 0.7253791689872742 -1.2052991390228271
-1.7374845743179321 0.8586032390594482 -0.773493230342865
-1.8713337182998657 0.950401782989502 2.1412081718444824
-0.7953226566314697 0.284606397151947 2.6925048828125
-2.3863744735717773 0.9401154518127441 0.52918541431427
0.660540759563446 0.284606397151947 0.3469703793525696
0.9210299253463745 0.9073545336723328 -0.8872026205062866
-0.7410350441932678 0.8777715563774109 -1.205298900604248
-1.9832834005355835 0.6797948479652405 1.1853435039520264
-2.014308452606201 0.7993035316467285 -0.059265315532684326
-1.4234403371810913 0.795489490032196 2.1412081718444824
-1.8169584274291992 1.0091661214828491 1.8310081958770752
0.9210299849510193 1.0632755756378174 0.4391951560974121
0.9211299419403076 1.301257848739624 -1.2052991390228271
-2.0282390117645264 0.7422720789909363 0.2335258573293686
-2.3863744735717773 1.218733787536621 2.141308307647705
0.04285350441932678 0.8359058499336243 -1.2052991390228271
-1.341156244277954 1.2707310914993286 -1.205298662185669
0.9210299849510193 0.9583215713500977 -0.25934547185897827
-1.6118896007537842 0.9115656018257141 2.1412081718444824
-1.5299979448318481 0.3001270294189453 3.923560380935669
0.28166040778160095 0.284606397151947 1.4220271110534668
-2.3863744735717773 1.1222050189971924 -0.16750754415988922
0.34408116340637207 0.6524789929389954 -0.8004820346832275
-1.5771839618682861 0.7848796844482422 1.7530250549316406
-2.0372190475463867 0.7273440957069397 1.646782398223877
-1.3477287292480469 0.284606397151947 0.8477020263671875
-2.050680637359619 0.8292944431304932 0.9401974678039551
0.36604049801826477 0.284606397151947 -0.20032893121242523
0.08221151679754257 1.0888919830322266 2.1412081718444824
-0.012413842603564262 0.7851867079734802 2.950993776321411
-0.9503239393234253 0.284606397151947 2.697678327560425
0.9210299253463745 1.4336236715316772 -0.9857308268547058
-1.914846420288086 1.0858780145645142 -0.653043270111084
-2.3814821243286133 1.3486262559890747 -1.202335238456726
-1.3503129482269287 0.31011962890625 4.255345344543457
-1.955531358718872 0.8261041045188904 -0.4831605553627014
-2.3863744735717773 0.8323554396629333 0.6938295960426331
0.9149190783500671 1.4036298990249634 -1.2047749757766724
-0.26323750615119934 0.9833612442016602 -1.2052990198135376
-1.557101845741272 1.1439543962478638 -1.205298662185669
-1.188323736190796 0.9093683362007141 -1.2052987813949585
0.9210299849510193 0.8598057627677917 -0.4680057764053345
-1.4943945407867432 0.7853217124938965 -0.8409486413002014
-1.9848084449768066 1.3043819665908813 2.1412081718444824
-2.056596279144287 1.0000193119049072 0.4039381742477417
-2.3863744735717773 1.027034878730774 1.66929292678833
-0.972152829170227 0.9332395195960999 -1.2052987813949585
0.29313063621520996 0.8839459419250488 -1.2052992582321167
0.5157669186592102 1.3890661001205444 2.1392929553985596
-1.1430418491363525 0.284606397151947 1.7991588115692139
-0.4514634311199188 0.8928257822990417 -1.2052990198135376
0.4241158068180084 0.284606397151947 0.8751484751701355
0.9210299253463745 0.9617642760276794 -0.662591278553009
-2.3863744735717773 1.1247026920318604 -0.558125376701355
-0.7782729268074036 0.284606397151947 0.3614288568496704
-1.387324571609497 0.9944549202919006 2.1412081718444824
-2.3863744735717773 1.025140643119812 0.730549156665802
-2.3863744735717773 0.8940513730049133 0.2786407470703125
-1.991471290588379 1.2733336687088013 -1.2052985429763794
-1.7775918245315552 1.1512397527694702 -1.2052985429763794
-2.3863744735717773 1.3019845485687256 -0.7020992040634155
0.4778273105621338 0.284606397151947 0.17313872277736664
-1.2938058376312256 1.07188081741333 -1.205298662185669
0.5539160966873169 0.7264692187309265 -0.7370878458023071
-0.04590541496872902 0.303505003452301 4.562800407409668
0.5327045917510986 0.284606397151947 1.0443261861801147
-0.18962405622005463 0.284606397151947 -0.259978324174881
-0.8491588830947876 1.0864213705062866 -1.205298900604248
0.5818547606468201 0.284606397151947 0.7746867537498474
-1.1108062267303467 0.284606397151947 0.10415156930685043
-0.26178663969039917 0.284606397151947 1.2437080144882202
-0.3678651750087738 0.284606397151947 1.6075154542922974
0.0716201514005661 1.2032887935638428 -1.2052991390228271
-1.5458182096481323 0.291175901889801 3.4821345806121826
-2.001019239425659 1.6076972484588623 -0.8006033301353455
-1.3048497438430786 0.7209360599517822 1.8136980533599854
-0.09470505267381668 0.284606397151947 1.1909618377685547
-0.833777666091919 0.284606397151947 1.0229790210723877
-2.3863744735717773 1.3272252082824707 1.6683579683303833
-0.6126878261566162 1.0012869834899902 -1.205298900604248
0.5029250979423523 1.0679969787597656 2.1412081718444824
-1.7187135219573975 1.091996192932129 2.1412081718444824
0.6702172756195068 0.2883555293083191 3.4193685054779053
-0.7725122570991516 0.2981714606285095 4.59415864944458
-2.0350875854492188 0.7689002156257629 0.6965660452842712
-2.3761215209960938 1.4281312227249146 -0.9517119526863098
-2.3863744735717773 1.3895024061203003 -0.2811014950275421
-1.8303707838058472 0.9522838592529297 1.631437063217163
-2.3615787029266357 1.4584115743637085 -0.6058822870254517
0.2508246600627899 1.052156686782837 -1.2052991390228271
0.9210299849510193 1.1299604177474976 0.23743660748004913
-0.8775865435600281 0.8655915856361389 2.1412081718444824
-1.9695178270339966 0.6681079268455505 -0.23939934372901917
0.9210300445556641 1.0846000909805298 1.2189486026763916
0.9210300445556641 1.1239752769470215 1.5573705434799194
0.559914231300354 1.2593358755111694 -1.2052992582321167
-2.3863744735717773 1.228011131286621 0.8108951449394226
-2.2027995586395264 1.4314978122711182 2.1353940963745117
-1.4560598134994507 1.1038343906402588 -0.8398414254188538
0.6002796292304993 0.9286594986915588 -0.6145856976509094
0.9210300445556641 1.3627605438232422 1.838215947151184
0.358005553483963 0.29370638728141785 4.271429538726807
0.018936824053525925 0.7679678797721863 2.8071560859680176
0.615311861038208 1.5744966268539429 -0.955849826335907
-1.3007313013076782 0.2921024560928345 3.5810320377349854
0.9210300445556641 1.0867847204208374 0.7016798853874207
-0.6302114129066467 0.2956985533237457 4.6291184425354
-1.5648409128189087 0.3213949501514435 3.632519245147705
0.05412158742547035 0.8340778350830078 -0.8442509174346924
0.9210299849510193 1.0777732133865356 -0.06470246613025665
-2.3863744735717773 1.0749878883361816 0.22970815002918243
0.4613720178604126 0.30459022521972656 4.1623945236206055
-1.9735640287399292 1.2803559303283691 1.3759490251541138
-0.8612509369850159 0.8114737272262573 -0.8384631872177124
-2.3863744735717773 1.1238566637039185 1.0137746334075928
-2.3863744735717773 1.1929728984832764 -0.3823193907737732
-1.1395282745361328 1.0255405902862549 2.1412081718444824
-1.8769936561584473 1.4940917491912842 1.912695288658142
-2.0905845165252686 1.6141481399536133 1.3065855503082275
-0.505572497844696 0.284606397151947 1.4969489574432373
-2.3863744735717773 1.3495680093765259 1.4753133058547974
-1.2341586351394653 0.29759156703948975 4.3662309646606445
0.9210300445556641 1.0832219123840332 0.9524113535881042
-1.061032772064209 0.284606397151947 -0.153280109167099
-0.5492792129516602 0.284606397151947 0.31932783126831055
-1.4308671951293945 0.29750171303749084 3.1699488162994385
0.21412090957164764 0.284606397151947 0.9751803278923035
-0.7043513059616089 0.284606397151947 -0.035975124686956406
-1.2641029357910156 1.2293819189071655 2.1412081718444824
0.9210301041603088 1.4843543767929077 2.1309475898742676
-0.4766421318054199 0.2994352877140045 4.645639419555664
0.07652326673269272 0.284606397151947 1.1292457580566406
0.9210299253463745 1.243496060371399 -0.6953297257423401
0.31473174691200256 0.34562113881111145 2.6943366527557373
-0.6563915014266968 0.284606397151947 -0.5201067924499512
0.9210299849510193 1.080246925354004 -0.48951900005340576
-2.3863744735717773 1.2701634168624878 1.2069510221481323
0.08922825753688812 0.2895651161670685 4.472812652587891
-1.5399500131607056 0.2999936640262604 3.3286428451538086
-0.050246987491846085 1.4575538635253906 -1.1959761381149292
-1.7887331247329712 1.313257098197937 2.132763385772705
-2.3863744735717773 1.1236159801483154 0.4711940884590149
-1.2973390817642212 0.2954021096229553 3.8193981647491455
0.19968649744987488 0.284606397151947 0.6158432960510254
-0.8631014227867126 0.28947368264198303 4.422400951385498
-1.8209887742996216 0.6641491651535034 1.3518294095993042
-0.32535964250564575 0.3140701353549957 4.653877258300781
0.9210300445556641 0.8160591125488281 1.408624529838562
-1.1157468557357788 0.6949089765548706 -0.7955037355422974
0.5797037482261658 0.3337501883506775 3.067131280899048
-0.763868510723114 0.284606397151947 0.17595140635967255
0.7914885878562927 1.4942333698272705 -1.1995320320129395
-1.5967930555343628 0.6999886631965637 -0.6631128787994385
0.027287960052490234 0.28459715843200684 2.6924242973327637
-0.5490225553512573 0.284606397151947 -0.1389141082763672
-0.9977916479110718 0.284606397151947 0.8436566591262817
-1.5293371677398682 1.236523151397705 2.1412081718444824
-2.0657122135162354 1.4663512706756592 -1.1976491212844849
-0.7857365012168884 0.284606397151947 1.4314826726913452
-0.5051001310348511 0.3081839382648468 4.434864044189453
-2.3863744735717773 1.1890003681182861 0.05047345533967018
0.9210299849510193 1.2354646921157837 0.5487794876098633
-1.1016323566436768 1.1644856929779053 -1.2052987813949585
0.6215939521789551 0.2918832302093506 3.2637133598327637
-0.2884531319141388 0.284606397151947 0.8642431497573853
-1.57308030128479 1.3906673192977905 -1.2046393156051636
0.9210299849510193 0.773151159286499 -0.20899951457977295
0.9210300445556641 1.4125964641571045 1.6804497241973877
-2.4761016368865967 1.538133144378662 -0.42247000336647034
-0.8332803845405579 1.0189141035079956 2.5756845474243164
-2.041682481765747 1.3788403272628784 -0.01671804115176201
-2.34237003326416 1.5217006206512451 -0.06821462512016296
0.3259598910808563 1.2327609062194824 -1.2052992582321167
0.41327494382858276 0.284606397151947 0.6667863726615906
-1.0075905323028564 0.284606397151947 1.0614709854125977
-2.3742659091949463 1.4484939575195312 1.2386391162872314
0.2796500027179718 0.284606397151947 0.31659483909606934
0.9210299849510193 1.1892220973968506 -0.2896193861961365
0.2941255569458008 0.6994913220405579 1.82034170627594
0.6224350929260254 0.3268718123435974 3.8816304206848145
-0.09219968318939209 0.284606397151947 1.4262824058532715
-2.3858866691589355 1.4197230339050293 2.129511833190918
-2.023618459701538 1.5102803707122803 2.1252267360687256
-1.960160255432129 1.4625579118728638 1.687914490699768
-1.3703721761703491 0.6215181946754456 -0.7467563152313232
-0.15309849381446838 1.1605175733566284 -1.2052990198135376
-2.3798935413360596 1.4975348711013794 1.5038418769836426
-1.341206669807434 0.3019763231277466 4.085427761077881
-2.3789024353027344 1.4629032611846924 1.85006582736969
0.9210299849510193 0.857358992099762 0.4327646791934967
0.9210300445556641 1.280375599861145 1.4562679529190063
-2.4219257831573486 1.528913140296936 0.54407799243927
-1.0715266466140747 0.3201846480369568 4.22468900680542
-0.4161142110824585 0.7015690803527832 -0.8149216771125793
-0.5207524299621582 0.284606397151947 1.056898593902588
0.47505226731300354 1.4891865253448486 2.2061972618103027
0.6723136305809021 1.2845277786254883 2.1412081718444824
0.5551212430000305 0.864631712436676 1.7672749757766724
-0.17810127139091492 0.284606397151947 0.4575303792953491
0.28188303112983704 0.284606397151947 0.13359922170639038
1.055673599243164 1.5558154582977295 1.5767422914505005
0.8927338719367981 1.4738459587097168 -0.8093757629394531
-0.8077739477157593 0.2949165105819702 4.209254741668701
-0.18939301371574402 0.325984388589859 4.354897975921631
-1.5662624835968018 0.32588228583335876 3.780076742172241
-0.0513993576169014 0.34366509318351746 4.083930492401123
-0.9162623286247253 0.284606397151947 -0.29272159934043884
0.25119706988334656 0.4150632917881012 3.470883846282959
-1.2960965633392334 0.284606397151947 0.6637080907821655
0.8946737051010132 1.4138389825820923 0.34160149097442627
0.8340751528739929 1.5663844347000122 1.9982149600982666
0.05187604948878288 0.284606397151947 4.288175106048584
-0.18694473803043365 0.284606397151947 -0.5036390423774719
-0.5939929485321045 1.182072639465332 -1.205298900604248
0.9210300445556641 0.8909967541694641 0.6339731812477112
0.03322017192840576 0.6102024912834167 3.0474681854248047
-1.8790175914764404 0.6387035846710205 0.015114040113985538
-0.022929847240447998 0.284606397151947 -0.16480760276317596
0.19771140813827515 0.2874813973903656 2.6944308280944824
0.0710747241973877 0.284606397151947 1.3224728107452393
0.4097687304019928 0.4676918387413025 3.8935739994049072
-0.29115766286849976 0.29614049196243286 4.162177085876465
-0.9766502380371094 0.284606397151947 0.2865228056907654
0.04765862226486206 0.284606397151947 0.7735862731933594
-1.1602344512939453 0.33390000462532043 3.457012176513672
0.47882676124572754 1.6006625890731812 -0.7340899705886841
-0.927081286907196 1.2800732851028442 -1.2052987813949585
-1.683284044265747 1.2471587657928467 1.7284371852874756
0.25885143876075745 0.9959015250205994 -0.7735394239425659
0.32633790373802185 1.3466391563415527 1.9618569612503052
0.1962820440530777 0.2934053838253021 4.082797050476074
-1.6351722478866577 0.6461613774299622 1.5943845510482788
-0.5698824524879456 0.284606397151947 0.12358342856168747
-0.6417326927185059 0.9044962525367737 -0.8643118739128113
-1.7921048402786255 0.7067795395851135 -0.30036380887031555
-1.2069324254989624 1.5356253385543823 -1.3582268953323364
-0.4373285174369812 0.3325124680995941 3.7856862545013428
-2.1916344165802 1.5413484573364258 -0.672351062297821
-0.6299638748168945 0.284606397151947 1.3286879062652588
-0.09442485123872757 0.6797758340835571 -0.797738254070282
-0.786855936050415 0.7555115222930908 2.817486047744751
0.5845919251441956 1.2559300661087036 -0.5950710773468018
-2.0151093006134033 1.3710191249847412 0.48868367075920105
-1.8958722352981567 1.087290644645691 0.9421520233154297
0.1256941258907318 1.4874809980392456 -1.197690725326538
0.5653302073478699 1.4936013221740723 -1.1785274744033813
-0.3185111880302429 0.8953695893287659 3.0292367935180664
-1.3229949474334717 1.3581880331039429 -0.3900338113307953
-1.705018162727356 1.537178635597229 -1.1977689266204834
-0.6780230402946472 0.38350600004196167 3.597285747528076
-1.9726638793945312 1.5577118396759033 -1.0644704103469849
-0.35026153922080994 1.55441153049469 -1.3337109088897705
-1.7338718175888062 1.4019842147827148 -0.7010456323623657
0.04867658391594887 1.4831181764602661 2.213160276412964
-0.6713054180145264 1.4275015592575073 2.1706502437591553
-0.07273866981267929 1.0655899047851562 -0.8172226548194885
-2.3863744735717773 1.376297950744629 -0.052955612540245056
-0.38273537158966064 1.1901049613952637 -1.2052990198135376
-2.016180992126465 1.57306706905365 -0.45192405581474304
-1.5628893375396729 1.5820149183273315 -0.947674036026001
0.9210299849510193 0.9652853012084961 0.09806066751480103
0.06276383996009827 1.6237080097198486 -0.9292085766792297
-1.4507989883422852 1.5309416055679321 -1.3429088592529297
0.9210300445556641 1.2884982824325562 0.9676370024681091
0.9210299849510193 1.2895379066467285 -0.1055474504828453
-1.745492696762085 1.5872877836227417 -0.6600944399833679
0.8607897758483887 1.5433028936386108 1.308633804321289
-1.9030091762542725 1.6070924997329712 0.0064910161308944225
-2.059617519378662 1.3534865379333496 -0.3715374171733856
0.9210299849510193 1.322121500968933 0.1795823872089386
-1.8757245540618896 0.9240934252738953 1.1786890029907227
0.36638355255126953 0.6258136630058289 -0.585228443145752
0.9210300445556641 1.3225123882293701 1.2456194162368774
-0.26082226634025574 0.3146022856235504 3.964094400405884
-1.0885881185531616 0.3169396221637726 3.7634294033050537
-1.0540443658828735 1.075995683670044 -0.8626242876052856
-1.989180564880371 1.6360565423965454 1.0599311590194702
-0.8509747982025146 1.3684513568878174 2.3900818824768066
-1.286704182624817 1.5956560373306274 1.795872449874878
-1.4416263103485107 1.4595155715942383 2.270498752593994
0.9210299849510193 1.3703995943069458 -0.5364927053451538
-0.6889176368713379 0.31933945417404175 3.7579686641693115
-2.0420775413513184 1.6315540075302124 0.7279332876205444
-0.3432649075984955 0.284606397151947 1.0559860467910767
-1.1150156259536743 0.284606397151947 0.6655178070068359
0.5259147882461548 0.33954039216041565 3.079087018966675
-1.7031465768814087 1.5829232931137085 1.7333728075027466
-1.1866122484207153 1.2480298280715942 1.4877386093139648
-1.5094962120056152 1.62501060962677 1.5838823318481445
-1.6374051570892334 1.5720397233963013 -0.34597182273864746
-2.3863744735717773 1.3712409734725952 0.9953187704086304
0.4674600064754486 0.6499283909797668 1.6604081392288208
-1.7150161266326904 1.4836939573287964 2.2717225551605225
-2.1912779808044434 1.548621654510498 1.788313865661621
-0.9891688823699951 0.3508606553077698 3.3731884956359863
-0.17144347727298737 0.284606397151947 -0.02614227496087551
-1.5951286554336548 1.378432035446167 1.262651801109314
-1.9896340370178223 0.7929425835609436 0.4795706570148468
-0.8146088123321533 1.1016262769699097 -0.4224545657634735
-2.3745458126068115 1.5012316703796387 0.3434410095214844
-1.456898808479309 0.958630383014679 -0.6288595199584961
-1.782826542854309 1.7350478172302246 0.2601012885570526
-0.9289363026618958 0.39942359924316406 2.9667351245880127
0.05859524756669998 0.31745174527168274 3.578446626663208
-2.227790594100952 1.5453054904937744 1.084529161453247
-1.4025263786315918 1.3837978839874268 1.924373984336853
-1.4096020460128784 1.5944135189056396 -0.504207968711853
-2.037763833999634 1.5691397190093994 -0.2159462720155716
-0.286764919757843 0.284606397151947 0.6782024502754211
-0.6548004746437073 0.3117278516292572 4.085050106048584
0.5786690711975098 0.9164731502532959 -0.2272448092699051
-0.6349301338195801 0.284606397151947 0.9186968207359314
-1.7818821668624878 0.9858244061470032 -0.5129702091217041
-1.859790325164795 1.073194980621338 1.4431179761886597
-1.260172724723816 0.30022528767585754 2.9292445182800293
-0.6514138579368591 1.3629554510116577 -1.205298900604248
-0.8598671555519104 0.6176400780677795 -0.7481023073196411
-1.9261353015899658 1.0918136835098267 -0.23022140562534332
-0.49693232774734497 0.284606397151947 0.6233446598052979
0.15270814299583435 0.4268636703491211 2.9260783195495605
-1.5394530296325684 1.5353679656982422 1.9928253889083862
-0.98408043384552 0.9541906714439392 2.0130465030670166
-0.8067618012428284 0.284606397151947 0.8295406699180603
0.346691370010376 1.4553077220916748 -1.2000889778137207
-0.2832147777080536 1.0967851877212524 2.804988384246826
-1.8980759382247925 0.6240895986557007 0.545115053653717
0.37687039375305176 0.8689500689506531 0.6457450985908508
0.36918020248413086 0.31062251329421997 3.828130006790161
-1.0717096328735352 0.320080429315567 3.998814105987549
0.29371127486228943 1.6120988130569458 -1.0569968223571777
-0.3025127649307251 1.3869832754135132 -1.2052990198135376
-1.239037275314331 1.3457950353622437 -0.9036415815353394
-0.016380105167627335 0.46279507875442505 3.857720136642456
0.8984423279762268 1.4307256937026978 -0.009209305047988892
-1.0739636421203613 1.46860933303833 2.3081612586975098
-1.9938181638717651 1.5860259532928467 1.561501145362854
-0.2658524513244629 0.30503374338150024 3.2626469135284424
0.380703330039978 1.338647723197937 -0.7216455936431885
-1.8603250980377197 0.9033400416374207 0.11911551654338837
-0.45712849497795105 1.3586184978485107 2.424990177154541
-1.0007704496383667 1.231818675994873 2.1412081718444824
0.8896645903587341 1.4425150156021118 -0.3335476815700531
0.27734044194221497 1.249495029449463 2.1268696784973145
-1.3728808164596558 0.3468492925167084 3.2982370853424072
0.5920553803443909 1.1820958852767944 1.6437872648239136
0.44684720039367676 0.3833225667476654 3.3825366497039795
-1.798021912574768 1.383592963218689 -0.44147011637687683
-0.9185512661933899 0.29257649183273315 3.932192802429199
0.6001193523406982 1.5679700374603271 1.8247400522232056
-0.74955153465271 0.3647615909576416 3.9067769050598145
0.18838311731815338 1.383685827255249 -0.854446530342102
-1.4790605306625366 0.6786515712738037 -0.4677586853504181
-0.5821073055267334 0.7242923974990845 3.2034294605255127
-2.0291361808776855 1.4375805854797363 0.8539990186691284
-0.2615126669406891 0.8028688430786133 -0.7265753149986267
-1.7401717901229858 1.3940117359161377 1.5011589527130127
-2.103844404220581 1.5793614387512207 0.22223784029483795
-0.021465418860316277 0.9776009917259216 2.652747392654419
-0.4347664415836334 0.5377049446105957 3.4385178089141846
-0.4709763824939728 0.32870620489120483 4.004165172576904
0.5254577994346619 0.7013810873031616 -0.09963470697402954
0.5865471363067627 0.8451454043388367 0.6649695038795471
-0.8838247060775757 0.5137138366699219 2.9840445518493652
0.590050995349884 0.8192446827888489 1.5495555400848389
-0.6616864204406738 0.36807185411453247 3.068120002746582
0.2525903284549713 0.284606397151947 0.792831540107727
-1.2263305187225342 1.4785951375961304 2.1532998085021973
0.0889657735824585 0.284606397151947 0.24995557963848114
-0.6205001473426819 0.2889368236064911 3.39119291305542
-0.41485798358917236 0.284606397151947 0.04055345803499222
-1.472530722618103 1.074986219406128 1.666653037071228
-1.852334976196289 0.6230733394622803 0.2617282569408417
-0.06969437748193741 0.8417609333992004 2.548619508743286
-1.2359994649887085 0.7040743231773376 -0.6012607216835022
-0.6172192096710205 0.6452258825302124 -0.7532172203063965
-0.7779770493507385 0.7408859729766846 1.9395949840545654
0.7564741373062134 1.539533019065857 -0.3483714461326599
-0.40415993332862854 0.35315507650375366 3.024009943008423
-0.36268338561058044 0.284606397151947 0.3014938533306122
-1.345283031463623 0.6286824345588684 1.6334443092346191
-1.4243853092193604 1.5769129991531372 -0.7736111283302307
0.12340192496776581 0.6903794407844543 -0.6825411915779114
0.5222493410110474 0.7362405061721802 -0.48227864503860474
-1.9066065549850464 1.2614736557006836 1.1372675895690918
0.1536380648612976 0.3535354435443878 3.7999095916748047
-1.446533203125 1.3109568357467651 -0.6889415383338928
-1.1589958667755127 0.4262070953845978 2.9049394130706787
-0.10403960943222046 0.8015925288200378 2.0103938579559326
0.6182914972305298 0.8481090664863586 1.0625624656677246
-0.007780973333865404 0.3423382043838501 3.292933702468872
0.6987805366516113 1.6286405324935913 1.6240078210830688
-1.9185898303985596 0.6481381058692932 0.930773138999939
-0.9566524028778076 0.3182747960090637 3.203616142272949
-1.6703180074691772 0.674202561378479 -0.12470363825559616
0.05099780485033989 0.32531484961509705 3.0418970584869385
-0.4922489821910858 0.3235207498073578 4.271115303039551
0.7947777509689331 1.5416593551635742 -0.6451297998428345
-1.9463939666748047 1.3209075927734375 0.2622378170490265
-0.11134171485900879 0.284606397151947 0.29725632071495056
-1.808857798576355 1.2853660583496094 -0.1651288866996765
-1.611079454421997 0.9238677024841309 1.4271354675292969
-1.7882962226867676 1.6472692489624023 1.3455549478530884
-0.8280523419380188 1.3297256231307983 -0.8835704922676086
-2.249744176864624 1.5415455102920532 0.6186230182647705
-2.3863744735717773 1.2888296842575073 0.6133232116699219
0.3562493622303009 0.9562005996704102 -0.5871602296829224
-0.2514354884624481 0.8377882242202759 2.81269907951355
-0.37625032663345337 0.284606397151947 0.4840734302997589
-1.779634714126587 0.664524257183075 1.0984668731689453
0.5395581126213074 0.7830488085746765 1.2868404388427734
0.354908287525177 0.9790935516357422 1.7005916833877563
-1.3020129203796387 1.3508096933364868 1.691705584526062
-2.4339218139648438 1.5410404205322266 0.8417295813560486
0.41268831491470337 1.2960119247436523 -0.14742258191108704
-2.4285502433776855 1.5329655408859253 0.17145206034183502
-1.550265908241272 0.6910771131515503 1.2159959077835083
-0.6246063709259033 1.1471552848815918 2.657531976699829
-0.8846642374992371 1.5585706233978271 1.6880080699920654
-0.9792041778564453 0.331011563539505 3.56803822517395
0.0004993104375898838 0.6528406143188477 1.6901878118515015
0.5978895425796509 0.8890703320503235 0.07023287564516068
-2.3863744735717773 1.2801240682601929 0.2961552143096924
0.9122165441513062 1.381052017211914 0.7674433588981628
-0.2823435664176941 0.3466794788837433 3.6168904304504395
0.2867676913738251 0.37514975666999817 3.1127586364746094
-0.6901100277900696 0.284606397151947 0.6730521321296692
-0.7119890451431274 0.938994824886322 2.7891674041748047
1.0317952632904053 1.5548663139343262 1.1535191535949707
-0.19405409693717957 1.518779993057251 -1.0023128986358643
-1.134828805923462 1.1449803113937378 1.7694261074066162
-1.802101969718933 0.8700401782989502 0.36328640580177307
0.1627216786146164 1.5839722156524658 -0.3107859194278717
-0.22138015925884247 1.2302865982055664 -0.262794554233551
0.409789502620697 1.5760040283203125 -0.35795506834983826
-1.173570156097412 1.2023253440856934 -0.6689807176589966
-0.03766956925392151 1.6125668287277222 -0.5362144708633423
-1.570387363433838 0.8648066520690918 -0.3269849717617035
-1.387284517288208 0.9233921766281128 -0.2359165996313095
-0.8606612682342529 1.3052372932434082 2.0035226345062256
-0.5979311466217041 0.9763466119766235 -0.6722705960273743
-1.7682523727416992 0.9530012607574463 -0.11958060413599014
0.3103889524936676 1.3937469720840454 -0.4751243591308594
-0.30162322521209717 1.4964680671691895 -0.49031132459640503
0.3501074016094208 1.5280487537384033 1.8163344860076904
0.19516855478286743 1.4825953245162964 2.381540298461914
0.1971808820962906 1.6103129386901855 -0.624483585357666
-1.9357585906982422 1.1233869791030884 0.5822429656982422
-0.8568058013916016 1.5540027618408203 -0.9835137724876404
0.01717517338693142 0.5190991759300232 3.265146255493164
-1.3007326126098633 0.6601608395576477 -0.3263518512248993
-0.2595345973968506 0.284606397151947 0.15483130514621735
-0.507685661315918 0.6509203314781189 3.0427610874176025
-0.20595097541809082 0.5968527793884277 -0.6313270330429077
-0.7657548189163208 0.4683716297149658 3.4277119636535645
-1.4606962203979492 0.75007164478302 1.4832292795181274
-1.5519479513168335 1.213752269744873 -0.45881277322769165
-1.7864302396774292 0.6399242877960205 0.7563267946243286
0.49496063590049744 0.6466010808944702 0.4695585370063782
-0.3116401433944702 1.293733835220337 -0.5889335870742798
-0.8718004822731018 1.1303412914276123 -0.7260239124298096
-0.678240954875946 0.284606397151947 1.1489006280899048
-0.12481547147035599 1.2929059267044067 -0.7290089130401611
-0.038459211587905884 0.3852460980415344 3.4528677463531494
-1.618687391281128 0.6864952445030212 0.13219773769378662
0.10827992856502533 1.1998941898345947 -0.6190609931945801
-0.9488695859909058 0.6718421578407288 -0.5866289734840393
0.022333841770887375 0.9217949509620667 1.8786940574645996
-1.0438605546951294 0.7320908904075623 1.7963812351226807
0.4015662372112274 1.045741081237793 -0.35845306515693665
0.6458134055137634 1.197403073310852 1.141714334487915
0.42412424087524414 0.6590948700904846 -0.2948915362358093
0.4123148024082184 0.9932523965835571 0.04887764900922775
-0.056133199483156204 1.2704594135284424 2.5196895599365234
-0.25512102246284485 0.643109142780304 3.2788941860198975
0.5019750595092773 1.126091480255127 1.4539541006088257
0.2842070758342743 0.6168321371078491 1.5516812801361084
0.3380284905433655 1.2612026929855347 1.681412696838379
0.5632577538490295 1.3557794094085693 -0.3076590299606323
-0.054740212857723236 0.9470645785331726 -0.6167448163032532
-1.420654058456421 0.6260063052177429 -0.11991298198699951
0.07719744741916656 0.6727046370506287 -0.4570660889148712
0.3774058520793915 0.851997435092926 1.4786438941955566
0.5069789290428162 0.7083845734596252 0.19237135350704193
-0.5213773846626282 1.2572964429855347 -0.8350834250450134
-1.8286387920379639 0.8990746140480042 0.7943598031997681
-0.645573079586029 0.284606397151947 0.4814596474170685
-0.3453434109687805 0.5410054326057434 3.6214985847473145
-1.0398858785629272 0.6301141977310181 -0.35525548458099365
-0.2030455470085144 1.1422913074493408 2.3068480491638184
0.27464571595191956 0.6648229956626892 -0.17827638983726501
-1.66374933719635 0.673729419708252 0.46416914463043213
0.38079947233200073 0.7777113914489746 0.4338025748729706
-0.03836563974618912 0.284606397151947 0.11263453215360641
-0.911912739276886 0.284606397151947 0.483079195022583
-0.4952596426010132 0.407006174325943 3.168321132659912
0.490319162607193 0.6351128816604614 0.9354961514472961
-0.5671760439872742 0.669226884841919 -0.5843429565429688
0.12605787813663483 0.9043849110603333 -0.36407092213630676
-0.3314310908317566 0.6623436808586121 -0.414389967918396
-0.003920101094990969 0.284606397151947 0.9491179585456848
0.3329613506793976 0.9077882766723633 -0.1754074990749359
-1.799404501914978 1.1983678340911865 0.22281454503536224
-0.5546855330467224 0.8649712204933167 2.146517276763916
-1.4942110776901245 0.9318692684173584 0.0047629522159695625
-1.1006298065185547 0.6367828845977783 1.5795366764068604
-1.704953908920288 0.9968393445014954 1.1426002979278564
-0.8409762978553772 0.6403378248214722 1.66890549659729
-1.7916114330291748 1.2939027547836304 0.6647128462791443
-0.059346944093704224 0.6085613965988159 -0.22964486479759216
0.38171038031578064 0.6337336301803589 1.2747613191604614
-1.526694655418396 0.6525118350982666 1.0047588348388672
-1.2297742366790771 0.9508711099624634 -0.5876247882843018
-0.32315489649772644 0.8474961519241333 2.372321605682373
-0.8890399932861328 0.8914457559585571 -0.6197793483734131
-1.7993104457855225 1.66007661819458 1.028939962387085
-0.6631847620010376 0.5855769515037537 -0.2745929956436157
-1.4042270183563232 0.6254912614822388 0.18935786187648773
-1.6772267818450928 1.630768060684204 -0.12785068154335022
-1.2448588609695435 0.9259410500526428 1.610020637512207
0.34391093254089355 0.6206838488578796 0.11506474763154984
-0.6142750978469849 1.2701200246810913 -0.37051016092300415
-1.329226016998291 0.6663402318954468 1.334096074104309
-0.9530172944068909 1.1772383451461792 -0.27232125401496887
-0.1220911294221878 0.284606397151947 0.7277761101722717
-0.4825458824634552 0.284606397151947 0.8093699216842651
0.14733368158340454 0.8134415149688721 1.5822134017944336
-0.14497621357440948 0.8188089728355408 -0.40437522530555725
-0.7559574842453003 0.8430605530738831 3.018059015274048
-1.239375352859497 0.5782852172851562 0.8929159641265869
-0.34902819991111755 1.2633724212646484 2.0253570079803467
-1.9082499742507935 1.6326587200164795 0.43637484312057495
-0.38059085607528687 1.1038429737091064 -0.6526359915733337
-1.5900160074234009 0.8429568409919739 0.7663906216621399
-1.0589368343353271 1.3473262786865234 -0.5148755311965942
-0.7147974371910095 1.0271937847137451 2.057520627975464
-1.4829365015029907 1.223432183265686 1.4315747022628784
-1.4086710214614868 0.8265482187271118 1.0115796327590942
-1.1117478609085083 0.9138467907905579 -0.3445812165737152
-1.6158387660980225 1.245142936706543 -0.010014871135354042
-0.720242440700531 1.2833956480026245 -0.6098983287811279
-1.2014797925949097 1.1195367574691772 -0.22553060948848724
0.0638539046049118 0.7434277534484863 -0.08635969460010529
0.40843623876571655 0.6801363825798035 0.749396800994873
-0.3171360194683075 0.7135339975357056 1.8582857847213745
-0.5919511914253235 0.570956289768219 0.08031979948282242
-0.29491764307022095 0.5943417549133301 0.4561889171600342
-1.2415075302124023 0.7537437081336975 -0.11497247964143753
-0.8233963251113892 1.0085344314575195 1.5036699771881104
-0.6256349086761475 0.8084700703620911 -0.43306660652160645
-1.7049839496612549 1.0445626974105835 0.5095007419586182
0.19028644263744354 0.6750715374946594 0.36166149377822876
-1.598162055015564 1.1838916540145874 0.332491010427475
-0.8710586428642273 0.5957445502281189 0.1409253478050232
-0.42574357986450195 0.653393030166626 1.5915220975875854
-0.9523667693138123 0.8730146884918213 1.2606968879699707
-1.5610495805740356 1.1810766458511353 1.056627869606018
-0.2019626349210739 0.6755757927894592 1.633884310722351
-0.33475250005722046 0.6071815490722656 -0.15098413825035095
-0.40968000888824463 0.6012980341911316 1.226364254951477
0.20333272218704224 0.7983465790748596 0.07672989368438721
-1.206542730331421 0.7954355478286743 0.08448771387338638
-1.486080527305603 0.6328999996185303 0.7548432946205139
-0.05923902615904808 0.6074908971786499 0.9972414970397949
-0.07311734557151794 1.2345030307769775 1.9184614419937134
0.3022984266281128 0.6669055819511414 1.0466405153274536
0.4638686180114746 0.8521713614463806 0.9588232040405273
-0.11390354484319687 0.5994424223899841 0.18787509202957153
-0.5804187655448914 0.6741970181465149 1.7708090543746948
-0.41952717304229736 0.976148247718811 2.7315385341644287
-0.7043639421463013 0.596869170665741 0.713313639163971
-0.12146453559398651 0.8498401641845703 -0.1655266284942627
-1.4492497444152832 0.6387381553649902 0.45899099111557007
-0.9650096297264099 0.8821890354156494 1.6331619024276733
0.615488588809967 1.525992751121521 1.1495293378829956
-1.0126729011535645 0.6127467155456543 -0.12706494331359863
-1.159986972808838 0.6127795577049255 1.2353804111480713
-1.379503846168518 1.0183494091033936 1.267180323600769
-0.3788752555847168 0.9615151286125183 -0.3928176164627075
0.03860972076654434 1.292038917541504 -0.4032312333583832
-0.23683148622512817 1.4374630451202393 2.0535781383514404
-0.8568336367607117 0.7873174548149109 -0.31848207116127014
0.4657329320907593 1.250325322151184 1.1142851114273071
-0.26456359028816223 1.3616012334823608 2.363396406173706
0.3299217224121094 1.5817817449569702 -0.015934810042381287
-0.08039331436157227 1.054947018623352 -0.2888655364513397
-1.3114174604415894 0.7172816395759583 0.6374543905258179
0.37686023116111755 0.9184518456459045 0.285810261964798
-0.7800609469413757 1.0229151248931885 1.7523380517959595
0.08200012892484665 1.4845588207244873 1.9377307891845703
-1.1642308235168457 0.9519447088241577 1.3883479833602905
-0.6203933358192444 0.9927366971969604 -0.2416621744632721
0.5773630142211914 1.224744200706482 0.07156707346439362
0.06270024925470352 0.6495240330696106 1.3277112245559692
-0.44650840759277344 1.396488070487976 1.8642683029174805
0.5450714826583862 1.5560873746871948 1.431034803390503
-1.2181113958358765 0.6099640727043152 0.2941855788230896
-0.5694279074668884 1.2534492015838623 2.4197335243225098
0.36606305837631226 0.8646053671836853 1.1949955224990845
-0.49709591269493103 0.7486330270767212 -0.19812162220478058
-0.8740620613098145 0.7752507328987122 -0.10780814290046692
-0.619388222694397 0.5986810326576233 0.4399208426475525
-0.5997316837310791 1.2265843152999878 1.772920846939087
-0.5676441192626953 1.0173574686050415 2.398303985595703
-0.8814112544059753 0.664848804473877 1.406127691268921
0.6489213705062866 1.5333415269851685 -0.06821531057357788
-0.05739792436361313 0.6272977590560913 0.7021633982658386
0.04341336712241173 0.7585669755935669 0.24713580310344696
-0.18669629096984863 1.6234744787216187 -0.8948032855987549
-0.23214462399482727 0.9376212358474731 1.9590356349945068
0.6723332405090332 1.4989688396453857 0.3221093416213989
-0.6526556611061096 0.7930195331573486 1.6631394624710083
-0.27614283561706543 0.7133559584617615 0.04272649437189102
0.22021052241325378 0.6610784530639648 0.6223375201225281
-0.3162294626235962 1.597988486289978 -0.6727558970451355
-0.21055273711681366 0.6635919809341431 1.3969441652297974
0.7878797054290771 1.4996418952941895 0.7454239130020142
-0.8906974792480469 0.6434016227722168 1.120727777481079
-0.7365835905075073 1.52212393283844 1.9196207523345947
-0.6040932536125183 1.580220341682434 -1.1424915790557861
0.07707277685403824 1.3154957294464111 1.7016000747680664
-0.6717063188552856 0.6651415228843689 1.376471757888794
0.5998201966285706 0.8961415886878967 0.38348808884620667
-0.9693185091018677 1.601352334022522 -0.762711226940155
-1.1764564514160156 1.5175426006317139 -1.1714494228363037
-0.6578508615493774 0.628211259841919 1.0382719039916992
0.009799257852137089 0.8318514227867126 1.3412202596664429
0.3190930485725403 1.4707554578781128 1.5505263805389404
-0.9396839737892151 1.2603650093078613 1.671203851699829
-0.5929663181304932 1.5900417566299438 -0.6673465967178345
-1.0199253559112549 1.5235235691070557 1.9403752088546753
-0.19654877483844757 1.3088886737823486 1.6918995380401611
-0.4627021551132202 0.9488890767097473 1.9515711069107056
-0.5264032483100891 0.7282275557518005 0.20819149911403656
-0.13040101528167725 0.8742159605026245 0.0741361752152443
-0.7517257332801819 1.5648154020309448 -1.349758505821228
-0.0817563459277153 0.8696403503417969 1.6019021272659302
0.08906974643468857 0.7204267978668213 1.0622174739837646
-0.8270285129547119 1.6361725330352783 -0.45376381278038025
-0.3528085947036743 0.9456987977027893 1.6797306537628174
-1.1903952360153198 1.5729365348815918 -0.8919252157211304
0.6270682215690613 1.5122648477554321 0.5386621356010437
0.226321280002594 1.08469820022583 1.4477894306182861
-0.5357840657234192 1.5630933046340942 -0.8793365955352783
-0.5096466541290283 0.8550910949707031 1.474732518196106
-0.5976520776748657 1.6346817016601562 -0.46897152066230774
-0.7854204177856445 1.4502506256103516 -0.20093882083892822
0.9723813533782959 1.5454498529434204 0.5992637276649475
0.23864027857780457 1.1885833740234375 -0.15440739691257477
0.09487766027450562 0.7434423565864563 0.7503840923309326
-0.02843301370739937 0.7114053964614868 0.4754030108451843
0.1147194504737854 1.124709963798523 0.040204208344221115
-0.31103798747062683 0.6164187788963318 0.9681243896484375
-1.0563992261886597 1.635154366493225 -0.585772693157196
-1.7377320528030396 1.7699487209320068 0.4855521023273468
-0.5024224519729614 0.7546389102935791 1.2365375757217407
-0.1924516260623932 0.7524200677871704 1.2087889909744263
-1.1592662334442139 0.7855654358863831 1.1308095455169678
-0.29439130425453186 1.13429856300354 1.5116219520568848
0.569736897945404 1.5330662727355957 0.1684432327747345
-0.6305999755859375 1.462037205696106 1.596790075302124
-1.0785372257232666 1.6603459119796753 1.4498571157455444
-0.2752538323402405 0.7309706807136536 0.3166402578353882
-0.5523154139518738 1.1836512088775635 1.5039454698562622
-1.412620186805725 0.9029805660247803 0.21095873415470123
0.5143068432807922 1.1359082460403442 0.44519200921058655
-1.2591785192489624 1.7597873210906982 -0.11671682447195053
0.8210447430610657 1.5081541538238525 1.0022120475769043
0.5854430794715881 1.1127923727035522 0.8430508375167847
-1.6387828588485718 1.764603614807129 1.1013706922531128
-0.4266330301761627 0.6189077496528625 0.6701124906539917
-0.7780253887176514 0.7332457900047302 0.8757153749465942
-1.4673267602920532 1.5717155933380127 1.2151166200637817
-0.8883439898490906 1.7367799282073975 -0.2760685086250305
-1.7051434516906738 1.5517038106918335 0.8251840472221375
-0.41669321060180664 0.9802422523498535 -0.14303702116012573
-1.6116896867752075 1.7629001140594482 0.09120331704616547
-1.4632982015609741 1.6760910749435425 -0.15085440874099731
-1.8010382652282715 1.7471044063568115 0.6902081370353699
-0.8889520764350891 1.160138487815857 1.1654325723648071
-1.397161841392517 1.713809847831726 1.3918200731277466
-1.206538438796997 1.6813818216323853 -0.309958279132843
-0.7402219772338867 1.52469003200531 1.47299063205719
-1.1532268524169922 1.6307532787322998 1.5873483419418335
-0.33705997467041016 0.7228527069091797 0.7849928736686707
-1.207737684249878 1.2385048866271973 1.2552639245986938
-1.6144191026687622 1.4672335386276245 0.2042430341243744
-1.0018402338027954 0.819055438041687 0.1520327776670456
-1.0405046939849854 1.596339464187622 -0.22639937698841095
-0.7691583037376404 0.7330785989761353 0.4847034215927124
0.42291781306266785 1.2241523265838623 0.6746736764907837
-0.07800658047199249 0.9281846880912781 0.32959985733032227
0.1957331895828247 1.155842661857605 0.2897064685821533
-1.3724960088729858 0.8697646856307983 0.4758577346801758
-0.8546018004417419 0.9838545918464661 1.1937437057495117
-0.6849735379219055 0.7989802956581116 0.009258873760700226
-0.9230424165725708 1.0766985416412354 -0.08533178269863129
-0.4863159954547882 1.0316270589828491 0.1602262407541275
-1.1077805757522583 0.7253065705299377 0.8468137383460999
-1.02445387840271 0.8869985938072205 0.9593604207038879
-0.7133957147598267 1.0004748106002808 0.04090876877307892
-1.4192014932632446 1.0728973150253296 0.608552098274231
-1.0171552896499634 0.6772347688674927 0.39706236124038696
-1.586909294128418 1.134474277496338 0.7739173173904419
-1.0162369012832642 0.6204068064689636 0.6319944858551025
-0.6181285977363586 0.8319524526596069 1.1058217287063599
0.4853711426258087 1.494715690612793 0.7948596477508545
0.11215893179178238 0.850125253200531 0.9106568098068237
-1.310359239578247 1.0970066785812378 1.0466723442077637
-1.1704212427139282 1.0241024494171143 0.8288426995277405
-1.3598843812942505 1.2124136686325073 0.013060289435088634
-1.113171935081482 1.0529011487960815 0.13953238725662231
-1.4259839057922363 1.1928942203521729 0.8204571604728699
-0.500093400478363 0.8234990239143372 0.30774447321891785
0.13768799602985382 1.1278343200683594 0.5007436275482178
-1.1557649374008179 0.9078159332275391 0.45773035287857056
-1.3927990198135376 1.146335244178772 0.2620900571346283
-0.06819948554039001 1.3207567930221558 1.5671671628952026
-0.22827668488025665 1.0277575254440308 1.1653411388397217
-0.6018229126930237 0.8001658916473389 0.7492561936378479
-0.920459508895874 0.8372460603713989 0.6903942823410034
-0.3992560803890228 1.3895604610443115 1.6807633638381958
-0.49319201707839966 1.3083699941635132 1.3597453832626343
-1.1943336725234985 1.4389945268630981 -0.07439552247524261
0.3976151645183563 1.447622299194336 0.1909346729516983
-0.6502912044525146 0.982148289680481 0.5641314387321472
0.23534753918647766 1.5219577550888062 0.5515839457511902
-0.33388763666152954 0.8514255881309509 1.0048565864562988
-1.4576524496078491 1.2027497291564941 -0.2403353601694107
-0.20006035268306732 1.0934683084487915 0.01883271336555481
-0.8023823499679565 1.0933218002319336 0.3768901824951172
0.318851500749588 1.1744575500488281 0.7914816737174988
0.18978318572044373 1.4988194704055786 0.2258046716451645
-0.8535483479499817 0.8636144399642944 0.33491960167884827
0.2841414213180542 1.567137598991394 0.3839204013347626
-0.22996848821640015 1.1613075733184814 1.3655493259429932
-0.33691340684890747 1.0625972747802734 0.7816954255104065
0.4095698297023773 1.5095218420028687 0.589536190032959
-0.021461544558405876 0.9142181873321533 0.6403543949127197
-0.29104602336883545 0.8241190314292908 0.5344367623329163
-0.12719373404979706 1.1576964855194092 0.373905748128891
-1.04627525806427 1.1466799974441528 0.4464201331138611
0.04522603005170822 1.080672025680542 0.86798095703125
-0.3624826669692993 1.328339695930481 1.217963695526123
-0.9777077436447144 1.0446518659591675 0.6805707812309265
-1.1985559463500977 1.5245386362075806 1.1348776817321777
-1.2469755411148071 1.3251590728759766 0.7304471731185913
0.1106574609875679 1.4707026481628418 0.6586770415306091
0.3034124970436096 1.3862875699996948 1.02224600315094
-0.06349112838506699 1.4080390930175781 1.174877643585205
-0.6470537185668945 1.3606655597686768 1.1140122413635254
-0.7459535598754883 1.0355442762374878 0.8848729729652405
-0.400956392288208 1.1905336380004883 0.5919273495674133
-0.08189184963703156 1.224873423576355 1.0562697649002075
-0.03909272700548172 1.3469747304916382 0.6518334150314331
-1.334389090538025 1.343010663986206 0.44280192255973816
0.1304985135793686 1.1901494264602661 1.2788023948669434
-1.1195342540740967 1.6142710447311401 0.10725583136081696
-0.363617867231369 1.4441481828689575 0.5180330872535706
-0.42220672965049744 1.577211618423462 -0.27528026700019836
0.13180889189243317 1.237261414527893 1.0016719102859497
-0.22540539503097534 1.4184701442718506 0.532289981842041
-0.2458679974079132 1.2393391132354736 0.9717610478401184
-0.6185541749000549 1.4488626718521118 0.24505746364593506
-0.4336138665676117 1.4757030010223389 0.016323311254382133
-0.23786580562591553 1.3968040943145752 0.7854278683662415
-0.7477959394454956 2.1234323978424072 0.13943876326084137
-1.4392184019088745 1.5786941051483154 0.8796809911727905
-0.714078426361084 1.4688372611999512 1.298052191734314
-1.0625907182693481 1.4407111406326294 0.4979076385498047
-0.6955877542495728 1.5399690866470337 0.04518575221300125
0.11807890236377716 1.353428602218628 1.346943736076355
-1.161049246788025 1.50566828250885 0.7697633504867554
-0.9278713464736938 1.4373164176940918 1.074499249458313
-0.8054279088973999 1.3336682319641113 0.2763536870479584
0.0708034336566925 1.5278217792510986 -0.00028671487234532833
-0.022218413650989532 1.5148180723190308 0.3294994831085205
-0.3881756067276001 1.3567990064620972 0.9864057302474976
-0.22894646227359772 1.503825306892395 0.09033606946468353
-0.9759897589683533 1.4854623079299927 0.11152240633964539
-0.25087594985961914 2.022716522216797 0.1919431835412979
-1.3282626867294312 1.5898772478103638 0.3043796420097351
-0.7533722519874573 2.2474074363708496 0.568581223487854
-0.10834105312824249 1.553900122642517 -0.21107585728168488
-0.15509828925132751 2.1805343627929688 0.5581245422363281
-0.8445930480957031 2.1980695724487305 0.3747052550315857
-0.7286049723625183 1.3049851655960083 0.8841688632965088
-0.5517483353614807 1.2859294414520264 0.7413313984870911
-0.44867488741874695 2.016469717025757 0.16473832726478577
-0.6279168128967285 2.555356025695801 -0.008896853774785995
-0.2621649205684662 2.0016582012176514 0.39226311445236206
-0.4375461935997009 2.005178928375244 0.4293677508831024
-0.47402673959732056 2.131706953048706 0.6072617769241333
-0.6760467290878296 1.485084056854248 0.5546709895133972
-0.12316195666790009 2.0746042728424072 0.40115731954574585
-0.0760384276509285 2.394091844558716 0.18879614770412445
-0.37079668045043945 2.5209174156188965 0.5882402062416077
-0.8576858043670654 1.2974637746810913 0.5758528113365173
-0.05451954901218414 2.1578752994537354 0.2549186646938324
-0.2750784158706665 2.0964269638061523 0.054879963397979736
-0.5693792700767517 2.312560558319092 -0.06387589871883392
-0.6542795300483704 3.3738889694213867 0.9612083435058594
-0.6466333866119385 3.351064682006836 1.147863507270813
-0.5691009759902954 3.405431032180786 1.3283740282058716
-0.8176043629646301 2.350236415863037 0.002748768776655197
-0.6011002063751221 2.0444655418395996 0.20370914041996002
-0.3928689658641815 3.473440408706665 1.3710248470306396
-0.6323464512825012 2.083176374435425 0.46785977482795715
-0.928881049156189 2.430922269821167 0.4063244163990021
-0.4195092022418976 2.3067665100097656 -0.06424687802791595
-0.23105303943157196 2.311530351638794 -0.01527218148112297
-0.4183884561061859 3.359827995300293 1.1672673225402832
-0.31827184557914734 2.2434463500976562 0.658585786819458
-0.878300130367279 2.242727518081665 0.13818739354610443
-0.16257347166538239 2.511086940765381 0.38951754570007324
-0.47725772857666016 3.3706116676330566 0.9388465285301208
-0.7912700772285461 3.4442639350891113 1.1819405555725098
-0.325555682182312 3.4263858795166016 0.9520421624183655
-0.3360086977481842 3.629507303237915 1.4268887042999268
-0.95677649974823 2.4529905319213867 0.1943080872297287
-0.7186625599861145 2.4733290672302246 0.6018332242965698
-0.7783803343772888 3.632981538772583 0.7680994272232056
-0.6909598112106323 3.481503963470459 0.8169399499893188
-0.1844402551651001 3.7910256385803223 1.1231595277786255
-0.4904788136482239 2.620882034301758 0.4307679235935211
-0.6671392321586609 2.6570374965667725 0.25282663106918335
-0.2935647666454315 3.8300604820251465 1.3875269889831543
-0.21033044159412384 3.6422693729400635 0.9526999592781067
-0.3692280948162079 3.5880544185638428 0.7646958231925964
-0.24213075637817383 3.4889566898345947 1.1751224994659424
-0.677290678024292 3.5840702056884766 1.4233664274215698
-0.8283843994140625 4.152523517608643 0.6718449592590332
-0.9780212640762329 4.4980316162109375 0.9299991130828857
-0.6376383900642395 4.529552459716797 1.1029590368270874
-0.531847357749939 4.317415714263916 1.1845558881759644
-0.5218095779418945 3.872875213623047 0.6791331171989441
-0.8938825130462646 3.5800297260284424 1.15623140335083
-0.8705135583877563 3.931560754776001 1.247464656829834
-0.9378504753112793 4.019163131713867 0.9938313961029053
-0.8688885569572449 3.838247776031494 0.7949281334877014
-0.34063011407852173 4.014747142791748 1.0776705741882324
-0.4971939027309418 4.633524417877197 0.9545810222625732
-0.44727015495300293 4.10526704788208 1.2738463878631592
-0.9666075706481934 4.261981010437012 1.0267305374145508
-0.9213851094245911 3.704420804977417 1.0064754486083984
-0.7571632266044617 3.787470579147339 1.4015413522720337
-0.5662519335746765 3.9313793182373047 1.4318325519561768
-0.8977094292640686 4.279381275177002 0.632229208946228
-0.6276379227638245 4.465778827667236 0.611404538154602
-0.5303266048431396 4.598040580749512 0.6295702457427979
-0.4796470105648041 3.7099432945251465 0.6820769309997559
-0.418296217918396 4.059326171875 0.8772504925727844
-0.6985124945640564 4.047670841217041 0.6934099197387695
-0.4994858205318451 4.728414058685303 0.7318207621574402
-0.5951058268547058 5.858663558959961 1.221282720565796
-0.6828887462615967 4.879487991333008 0.847076416015625
-0.7439870238304138 6.028974533081055 1.6007822751998901
-0.8192172050476074 4.63666296005249 1.0767114162445068
-0.7539051175117493 5.832357406616211 1.3326219320297241
0.2825102210044861 5.601002216339111 -0.24819836020469666
-0.915782630443573 4.490333557128906 0.6058778762817383
-0.8133454918861389 5.883655548095703 1.1728813648223877
-0.48239970207214355 4.268227577209473 0.8023573756217957
-0.6298584342002869 5.924484729766846 1.5262664556503296
-0.8207218647003174 4.655908107757568 0.5208189487457275
-0.8001954555511475 4.192258834838867 1.201777458190918
-0.6069921255111694 6.366919040679932 0.8523107171058655
-0.7098981142044067 6.19909143447876 0.8845932483673096
-0.37546855211257935 6.0073747634887695 1.1700105667114258
-0.479702889919281 5.963630676269531 1.4435162544250488
-0.5185644626617432 5.9926581382751465 1.001900315284729
-0.9739874601364136 4.693977355957031 0.8695763945579529
-0.8764234185218811 6.074887275695801 1.0340991020202637
-0.7098898887634277 6.003848552703857 0.9545820951461792
-0.8451313972473145 4.8695149421691895 0.6208935379981995
-0.907426118850708 6.105352878570557 1.522395133972168
-0.9851411581039429 6.054230690002441 1.2521368265151978
-0.3734245002269745 6.019014835357666 1.348685622215271
0.29366376996040344 7.162017822265625 -0.2880883812904358
-0.2853485941886902 6.258927345275879 0.9427070021629333
-0.5655122995376587 6.268375873565674 1.53021240234375
-0.43449974060058594 6.277677536010742 0.841533362865448
-0.18927615880966187 6.495692729949951 1.1411757469177246
-0.9007907509803772 6.845643997192383 0.31752634048461914
-0.8970959782600403 6.764950275421143 0.15213540196418762
-0.857748806476593 5.882196426391602 1.4143257141113281
-0.36714351177215576 6.6861891746521 1.1743947267532349
-0.2022787630558014 6.407588005065918 0.9249364733695984
-0.2835367023944855 6.160982131958008 1.107824683189392
-0.8075842261314392 6.9670233726501465 0.3203735053539276
-0.11118170619010925 6.680049419403076 1.1738702058792114
-0.6873742341995239 6.481489658355713 1.2623857259750366
-0.772243320941925 6.840146064758301 0.015581666491925716
-0.06631036847829819 6.848698139190674 1.0510350465774536
-0.11025375127792358 6.629762649536133 0.9949987530708313
-0.8738179206848145 6.347874164581299 1.276161789894104
-1.041227102279663 6.963893890380859 -0.1639874279499054
-0.9779083728790283 6.739543914794922 0.030664613470435143
-1.0470426082611084 6.860630035400391 -0.13824905455112457
0.04456554725766182 7.039724826812744 1.0625951290130615
-0.4624904692173004 6.4758501052856445 1.3234905004501343
0.12694379687309265 7.070044994354248 -0.2971537709236145
-1.135872483253479 7.123381614685059 -0.05570004880428314
-1.195501685142517 6.895184516906738 0.14473751187324524
-1.1275923252105713 6.77561092376709 0.07586255669593811
0.2493470311164856 7.10301399230957 -0.3088610768318176
0.09075035154819489 7.0895256996154785 -0.32524070143699646
0.08480444550514221 7.130381107330322 -0.2692941725254059
0.021011624485254288 7.364903450012207 0.9207868576049805
0.026230212301015854 7.189367294311523 0.9301233887672424
0.08698699623346329 7.047276973724365 0.9585397839546204
-0.5101102590560913 8.244866371154785 0.8327282071113586
-0.11720012873411179 8.191973686218262 1.0309054851531982
-0.7444615960121155 7.144480228424072 -0.09325015544891357
0.14918304979801178 7.6812543869018555 0.8192257285118103
-0.07033995538949966 7.683701992034912 0.7982425093650818
-1.0568755865097046 6.959029674530029 0.32667917013168335
0.0798240602016449 7.538561820983887 0.9335599541664124
-0.6750555634498596 6.993935585021973 0.24774707853794098
0.13626228272914886 7.826109886169434 0.6867585182189941
-0.25825726985931396 8.046204566955566 0.8839666843414307
-0.5716689825057983 8.491415977478027 1.096264123916626
-0.5035023093223572 8.410828590393066 0.6654979586601257
-0.619652509689331 7.012465476989746 0.05269988626241684
-0.0050191935151815414 7.73203706741333 0.9766290783882141
0.20507951080799103 7.981318473815918 0.688703179359436
-0.17178668081760406 8.233637809753418 0.459577739238739
-0.2832358777523041 8.037519454956055 0.710463285446167
0.06075960397720337 8.006643295288086 0.973327100276947
0.2024173140525818 8.173556327819824 0.8458576798439026
-0.5907591581344604 8.362059593200684 0.9372324347496033
-0.874483585357666 8.582354545593262 1.1326786279678345
-0.10442811995744705 7.935006618499756 0.6404887437820435
0.17692476511001587 8.235684394836426 0.6554679274559021
0.02139507420361042 8.228572845458984 0.48837727308273315
-0.06303079426288605 8.555225372314453 0.8010826110839844
-0.4347425401210785 9.026397705078125 0.19940218329429626
-0.35350602865219116 9.080784797668457 0.5219419002532959
-0.3304964303970337 8.17923641204834 0.488869309425354
-0.7249189615249634 8.471181869506836 1.035639762878418
-0.2596970498561859 8.894574165344238 0.27027133107185364
-0.48202165961265564 8.472551345825195 0.5134708285331726
-0.9111146926879883 8.641016006469727 0.9410679936408997
-0.06492205709218979 9.05135726928711 0.40270015597343445
-0.5157386064529419 9.672956466674805 -0.06360968947410583
-0.2941608428955078 8.779888153076172 0.40610170364379883
-0.26288774609565735 8.318537712097168 1.021467685699463
-0.675593912601471 8.677457809448242 0.8120492696762085
-0.5047594308853149 9.288460731506348 -0.028736401349306107
-0.3559604287147522 8.614771842956543 0.9828554391860962
-0.01588517799973488 8.596329689025879 0.5926810503005981
-0.11862790584564209 8.502189636230469 0.40992987155914307
-0.7524466514587402 8.71479320526123 1.223470687866211
-0.9218569993972778 9.154047966003418 0.6691599488258362
-0.7315831780433655 9.342020034790039 0.7616361975669861
-0.7503374814987183 9.029232025146484 0.8598580956459045
-1.0215363502502441 8.923840522766113 0.7036870718002319
-0.08676591515541077 9.097851753234863 0.5300174951553345
-0.4888720214366913 9.167760848999023 0.10711817443370819
-0.7113968729972839 9.459896087646484 0.13030745089054108
-0.08363967388868332 9.854077339172363 0.14515545964241028
-0.1451886147260666 8.818449974060059 0.6258511543273926
-0.9249268770217896 8.935479164123535 0.973063588142395
-0.15735438466072083 9.047338485717773 0.21050524711608887
-0.7884542346000671 9.751824378967285 -0.05768122524023056
-0.8143156170845032 8.842859268188477 0.79929518699646
-0.42587995529174805 9.783921241760254 0.18750549852848053
0.05910492688417435 9.890462875366211 1.1070133447647095
-0.5374776124954224 9.402091026306152 0.29616060853004456
-0.10028567910194397 9.907256126403809 0.1404893696308136
-0.768321692943573 9.859498977661133 -0.2388709932565689
0.041485294699668884 9.857769966125488 1.074855923652649
-0.4494459629058838 9.780452728271484 -0.1660550981760025
-0.3170928359031677 9.319586753845215 0.12392660230398178
-0.8751459717750549 10.104464530944824 0.10315355658531189
0.0688195452094078 9.812429428100586 1.1213229894638062
-0.6336575746536255 9.6117582321167 0.23382961750030518
-0.8744565844535828 9.618714332580566 0.5779293179512024
-0.05048051476478577 10.016096115112305 -0.209866464138031
0.0750889778137207 10.126320838928223 -0.14050981402397156
-0.8494066596031189 9.594430923461914 0.6544101238250732
0.13542333245277405 10.054587364196777 -0.058594293892383575
-1.005425214767456 9.621695518493652 0.5943586230278015
-0.6689315438270569 10.023630142211914 -0.2592683434486389
-0.6165123581886292 10.125039100646973 0.06499801576137543
-0.6200995445251465 10.271714210510254 -0.22821548581123352
-0.04503902792930603 10.249773979187012 0.11995118856430054
-1.0445631742477417 10.464192390441895 1.2278438806533813
-0.7841454744338989 10.22393798828125 -0.19060412049293518
-0.07892807573080063 10.264897346496582 -0.03652208670973778
-0.653376042842865 10.25800895690918 0.14726807177066803
-1.030558466911316 10.412692070007324 1.166334867477417
-0.734451949596405 10.396387100219727 -0.0736195296049118
0.06398481875658035 10.742448806762695 0.9691958427429199
-0.49004948139190674 10.425518989562988 0.12459463626146317
-0.5036296844482422 10.421822547912598 0.1379370242357254
-0.032924067229032516 10.347208976745605 -0.018542040139436722
-0.06713031977415085 10.905326843261719 1.2149795293807983
0.06550247967243195 10.749723434448242 0.5064910650253296
-0.9367689490318298 10.637292861938477 -0.006714945659041405
-0.024721339344978333 10.560311317443848 0.11146995425224304
0.0021333436015993357 10.733230590820312 0.5521863698959351
0.2098603993654251 10.81381893157959 0.9692425727844238
-1.0243229866027832 10.704408645629883 1.194135069847107
0.2674883008003235 10.8175048828125 1.0333634614944458
0.15655645728111267 10.850064277648926 0.6056931018829346
-1.2474204301834106 10.815999031066895 -0.05526267737150192
-0.1299353390932083 10.98876953125 1.267033576965332
-0.6071409583091736 10.868844032287598 1.2179296016693115
-0.3070448935031891 10.983278274536133 1.3655999898910522
-0.5696138739585876 10.761627197265625 -0.34161028265953064
0.2674303948879242 10.973628997802734 0.9460649490356445
0.19029627740383148 11.10766315460205 -0.39660587906837463
-0.2969224452972412 11.021638870239258 1.374704360961914
-0.2792314291000366 11.09543228149414 1.3865070343017578
-1.1448510885238647 11.014081954956055 1.162873387336731
-1.1128339767456055 11.07667350769043 -0.2551581561565399
0.18154753744602203 11.070826530456543 -0.08037903159856796
-1.35246741771698 11.222183227539062 0.3646969199180603
0.39631515741348267 11.313493728637695 -0.2461088001728058
0.27501755952835083 11.209114074707031 0.69288170337677
-1.383692979812622 11.20241641998291 0.4436873197555542
-1.1276195049285889 11.196626663208008 1.0629825592041016
0.3563022017478943 11.20853328704834 0.28375038504600525
-0.12074101716279984 11.233798027038574 0.2924148738384247
-0.9365875124931335 11.357495307922363 -0.40045005083084106
0.2533031404018402 11.336305618286133 -0.5069525241851807
-0.6321803331375122 11.427982330322266 -0.197549507021904
-1.1821500062942505 11.389599800109863 -0.25174492597579956
0.1638479381799698 11.3641357421875 -0.3520424962043762
-1.286757230758667 11.44027042388916 1.0687081813812256
-0.056466612964868546 11.38094425201416 0.7774214148521423
-1.188356876373291 11.477334976196289 0.7822353839874268
-0.4293428659439087 11.503331184387207 -0.12303709238767624
-0.829275369644165 11.480255126953125 -0.05928186699748039
0.5018824934959412 11.466379165649414 1.1060127019882202
-0.9313234090805054 11.513561248779297 -0.04447677731513977
-0.8634899854660034 11.537201881408691 -0.37950974702835083
-0.4621281623840332 11.531609535217285 0.30720192193984985
0.5923141837120056 11.563076972961426 1.4553592205047607
-1.0492972135543823 11.566729545593262 0.5990511178970337
-0.2569478452205658 11.568615913391113 0.8307108879089355
0.518903911113739 11.578056335449219 0.9586485028266907
