912
-2.3863773345947266 0.2845063805580139 1.5974607467651367
-2.386474609375 0.2846065163612366 -0.7573322057723999
-2.3863744735717773 0.6175544857978821 0.6595785617828369
0.9210299253463745 0.5930585861206055 -0.8351680040359497
-2.1307809352874756 0.284606397151947 0.07554534822702408
-1.3421940803527832 0.2846062183380127 -1.205398678779602
-0.27171799540519714 0.284606397151947 0.9733312726020813
-0.9172765016555786 0.284606397151947 -0.8675041794776917
-0.9534351825714111 0.2846064567565918 -1.2053987979888916
0.9210317134857178 0.2845063805580139 -1.2053296566009521
-2.386474609375 0.2846066951751709 -0.26671624183654785
-2.386474609375 0.2846064567565918 0.2642221450805664
-2.386474609375 0.2846066951751709 -0.5021859407424927
-1.803086757659912 0.28460633754730225 2.141308307647705
-2.386474609375 0.28460633754730225 -0.016513824462890625
-2.3863754272460938 0.2845063805580139 0.6805505752563477
0.6489567756652832 0.2845063805580139 -1.2052973508834839
-0.5547418594360352 0.28460657596588135 -1.2053989171981812
-2.1468405723571777 0.284606397151947 1.3223040103912354
0.1370503455400467 0.2846064567565918 2.141308307647705
0.9211299419403076 0.2846066951751709 -0.8934566974639893
0.9211299419403076 0.2846064567565918 -0.7305722236633301
-2.386474609375 0.28460657596588135 0.13277137279510498
-1.4904720783233643 0.284606397151947 1.8364605903625488
-0.42694544792175293 0.28460633754730225 -1.2053989171981812
-2.3692593574523926 0.2846100330352783 2.141308307647705
-2.386474609375 0.2846064567565918 -0.13582170009613037
0.9211299419403076 0.2846064567565918 -0.9939162731170654
-2.0857608318328857 0.284606397151947 1.6649315357208252
-1.093172311782837 0.2846062183380127 -1.205398678779602
0.9211300611495972 0.2846064567565918 1.361114501953125
0.9210300445556641 0.5534486174583435 1.490490198135376
-1.8638026714324951 0.284606397151947 1.6737505197525024
-2.3863744735717773 0.5892259478569031 1.7585607767105103
-2.1788530349731445 0.2845063805580139 2.141206741333008
0.9210299253463745 0.4832262694835663 -0.6496549248695374
-2.386474609375 0.2846066951751709 -0.6281261444091797
0.9211171865463257 0.28460657596588135 -1.2053993940353394
-2.386474609375 0.2846064567565918 -0.8708727359771729
-1.943537712097168 0.2845063805580139 2.141206741333008
0.9210292100906372 0.2845063805580139 0.8815031051635742
-1.4973278045654297 0.284606397151947 -1.1189343929290771
0.2779809236526489 0.284606397151947 1.5064358711242676
-0.5777278542518616 0.284606397151947 -0.8800976276397705
0.3953438997268677 0.28460633754730225 -1.2053991556167603
-2.386373996734619 0.28451454639434814 2.141308307647705
-2.0908203125 0.284606397151947 0.9105389714241028
-0.44797483086586 0.284606397151947 -0.6904279589653015
-2.3823442459106445 0.5942465662956238 -1.2050600051879883
-2.3863751888275146 0.31975221633911133 -1.2053983211517334
-1.6740185022354126 0.284606397151947 -0.46539241075515747
-1.4994784593582153 0.284606397151947 -0.8324586749076843
-2.3863744735717773 0.2845063805580139 1.68536376953125
-1.9884756803512573 0.284606397151947 -0.6294932961463928
0.9210281372070312 0.2845063805580139 2.0430870056152344
-1.8980541229248047 0.284606397151947 1.29044508934021
0.3469052314758301 0.284606397151947 -0.8567432761192322
-1.5328369140625 0.2845063805580139 -1.205301284790039
-2.386474609375 0.2846064567565918 0.5186350345611572
-1.6843465566635132 0.284606397151947 -0.7026757001876831
-0.05827556550502777 0.284606397151947 -0.9159935712814331
-1.2224414348602295 0.284606397151947 -0.9365084171295166
-1.8791799545288086 0.2845063805580139 -1.2052984237670898
-2.3863751888275146 0.28458380699157715 -1.2053983211517334
0.9210262298583984 0.2845063805580139 1.7728681564331055
-2.386474370956421 0.2846064567565918 1.7929251194000244
-1.9795764684677124 0.284606397151947 1.8347358703613281
0.9210309982299805 0.2845063805580139 1.1097640991210938
-0.13057994842529297 0.2845063805580139 2.141207695007324
-2.386474609375 0.2846066951751709 -0.3806421756744385
-0.15194618701934814 0.2845063805580139 -1.205297827720642
0.5352675318717957 0.28460636734962463 2.141308307647705
0.9211301207542419 0.284547358751297 2.1412084102630615
-2.386474370956421 0.2846064567565918 1.4878146648406982
0.9210300445556641 0.2845063805580139 1.6791877746582031
0.6262992024421692 0.284606397151947 1.776778221130371
-1.2241086959838867 0.2845063805580139 -1.205301284790039
-1.9409579038619995 0.284606397151947 -0.10590022802352905
0.9210309982299805 0.2845063805580139 1.4609813690185547
0.9211300611495972 0.2846064567565918 1.5730490684509277
-1.7995949983596802 0.284606397151947 1.143426775932312
-2.0848228931427 0.284606397151947 0.6721115112304688
-1.3291387557983398 0.2845063805580139 2.141207695007324
0.9210294485092163 0.2845063805580139 -0.5878363251686096
0.9169739484786987 0.28460630774497986 2.141308307647705
-2.386474370956421 0.2846064567565918 0.9267232418060303
-1.7737054824829102 0.2845063805580139 -1.205301284790039
-1.2838211059570312 0.284606397151947 -0.7616934180259705
0.9211300611495972 0.284606397151947 1.8756732940673828
0.23836934566497803 0.8069684505462646 2.1354451179504395
-0.3672161102294922 0.2845063805580139 2.141207695007324
-0.006908774375915527 0.2845063805580139 -1.2052996158599854
-1.6818761825561523 0.2845063805580139 -1.205301284790039
-1.9472155570983887 0.284606397151947 -0.9312432408332825
-2.3863744735717773 0.2845063805580139 0.7880468368530273
-1.7497406005859375 0.5846023559570312 -1.2052985429763794
0.5973013043403625 0.284606397151947 0.47741833329200745
-1.4416162967681885 0.2846078872680664 2.141308307647705
-1.9659595489501953 0.5309333205223083 -1.2052985429763794
-0.651209831237793 0.2845063805580139 2.1412057876586914
-2.3850979804992676 0.7305667400360107 2.1358439922332764
-2.386474370956421 0.2846064567565918 1.3131349086761475
-0.767979621887207 0.2845063805580139 2.141207695007324
0.9210286140441895 0.2845063805580139 0.6481296420097351
-2.3863754272460938 0.2845063805580139 1.911865234375
-2.0603904724121094 0.284606397151947 1.1283972263336182
0.9210306406021118 0.2845063805580139 0.041427161544561386
-2.3573215007781982 0.2846064567565918 -1.2053983211517334
-2.3863744735717773 0.5442546606063843 1.2896273136138916
-0.6999878287315369 0.2845063805580139 -1.205296277999878
-0.8815793991088867 0.2845063805580139 2.141207695007324
0.6674900054931641 0.2845063805580139 2.141206741333008
-2.386474370956421 0.2846066951751709 1.1821885108947754
-0.8619681000709534 0.284606397151947 1.740797758102417
-2.3863744735717773 0.7704256176948547 -1.048505425453186
0.9211300015449524 0.2846064567565918 0.12138724327087402
-2.1180503368377686 0.284606397151947 0.4561804234981537
-1.6943435668945312 0.2845063805580139 2.141207695007324
-2.386474609375 0.2846064567565918 -1.002799153327942
-2.140204429626465 0.2846064567565918 -1.205398440361023
-2.386474370956421 0.2846064567565918 1.0557634830474854
0.9210299849510193 0.5230590105056763 -0.40658271312713623
-0.4637734591960907 0.284606397151947 1.8882097005844116
-1.2468376159667969 0.284606397151947 1.864184021949768
-1.7488722801208496 0.284606397151947 -0.9119763970375061
-2.133315324783325 0.284606397151947 -0.8404694199562073
-2.1387054920196533 0.284606397151947 -0.18567629158496857
-1.7498234510421753 0.284606397151947 1.8583670854568481
-0.8974497318267822 0.2846066951751709 -1.2053987979888916
-2.0129482746124268 0.2846066951751709 -1.205398440361023
0.1708250194787979 0.5550803542137146 -1.2052991390228271
0.41837841272354126 0.28460636734962463 2.141308307647705
0.9166576266288757 0.7721038460731506 -1.194603681564331
-1.5701589584350586 0.2845063805580139 2.141206741333008
-2.1708121299743652 0.7687394618988037 -1.2052984237670898
-2.041362762451172 0.2845063805580139 2.141206741333008
-0.34587910771369934 0.29479169845581055 -1.2005903720855713
0.9211300611495972 0.2846066951751709 1.2252449989318848
0.5662811994552612 0.284606397151947 0.01229913905262947
0.9190300107002258 0.5454816222190857 -1.202724575996399
-1.8738503456115723 0.284606397151947 0.6210291385650635
0.92103111743927 0.2845063805580139 -0.2503407299518585
0.2618865966796875 0.28460633754730225 -1.2053991556167603
-0.8286392688751221 0.2846064567565918 -1.2053987979888916
-0.013223797082901001 0.2846064269542694 2.141308307647705
-0.28301262855529785 0.2846064567565918 -1.2053989171981812
0.8277122974395752 0.2845063805580139 -1.2052972316741943
0.5516363978385925 0.284606397151947 -0.8778935670852661
-0.7159120440483093 0.284606397151947 1.8758296966552734
0.9210317134857178 0.2845063805580139 0.2554306089878082
-1.075678825378418 0.2845063805580139 2.141207695007324
0.2773780822753906 0.2845063805580139 2.141206741333008
0.4385133683681488 0.284606397151947 1.1326186656951904
0.12863397598266602 0.2846064567565918 -1.2053991556167603
-2.1052191257476807 0.7496675252914429 2.1412081718444824
-1.49652898311615 0.5679161548614502 -1.205298662185669
0.9211300015449524 0.2846064567565918 0.5551877021789551
-0.17602714896202087 0.284606397151947 1.5982820987701416
-1.9066306352615356 0.44456982612609863 2.1412081718444824
-0.5976560711860657 0.5052993297576904 -1.205298900604248
0.5234349966049194 0.28460657596588135 -1.2053992748260498
0.43051013350486755 0.284606397151947 1.8615877628326416
-0.5833615064620972 0.2862273156642914 2.1412081718444824
-0.4996156692504883 0.2845063805580139 2.1412057876586914
0.48118212819099426 0.42541712522506714 -1.2052992582321167
0.10822947323322296 0.284606397151947 0.743050217628479
0.6029905080795288 0.284606397151947 -0.257920503616333
0.185871422290802 0.284606397151947 -1.2016202211380005
0.07054406404495239 0.284606397151947 0.27238160371780396
-1.2049589157104492 0.2845063805580139 2.141207695007324
-0.14045299589633942 0.284606397151947 1.8809633255004883
0.9210296273231506 0.2845063805580139 -0.0554145947098732
0.9210292100906372 0.2845063805580139 0.7879286408424377
0.12930148839950562 0.284606397151947 -0.8359629511833191
0.9210296869277954 0.2845063805580139 -0.4832879602909088
-1.7993978261947632 0.284606397151947 0.2629165053367615
-2.3863744735717773 0.2845063805580139 0.3992137908935547
0.9211300015449524 0.2846066951751709 -0.3706514835357666
0.23191042244434357 0.284606397151947 -0.41497698426246643
0.6265430450439453 0.284606397151947 1.2733033895492554
0.9210299849510193 0.333943635225296 2.141308307647705
-0.27774614095687866 0.284606397151947 -0.5137492418289185
-1.474946141242981 0.284606397151947 -0.6206038594245911
-0.7488536834716797 0.284606397151947 -0.7821686267852783
0.08646861463785172 0.284606397151947 1.582201600074768
0.022901639342308044 0.284606397151947 1.7740453481674194
0.6504231095314026 0.284606397151947 -0.7145439982414246
0.9210297465324402 0.2845063805580139 0.4160063862800598
-0.3327694833278656 0.284606397151947 -0.8563805222511292
-0.08356466144323349 0.284606397151947 -0.5988432765007019
0.5740593075752258 0.284606397151947 -0.539840579032898
-1.2559870481491089 0.284606397151947 -0.5751955509185791
-2.0355050563812256 0.284606397151947 0.2581228017807007
-1.8715943098068237 0.284606397151947 0.8107437491416931
-1.0272605419158936 0.5391213893890381 2.1412081718444824
-2.002383232116699 0.284606397151947 1.486362099647522
0.6612958908081055 0.284606397151947 1.5486215353012085
-2.3863744735717773 0.5211185216903687 -0.5527282953262329
-2.1685450077056885 0.284606397151947 -0.5735690593719482
0.9210300445556641 0.49292734265327454 1.2207872867584229
-0.041322529315948486 0.284606397151947 -0.40820080041885376
-1.790537714958191 0.284606397151947 1.481367588043213
-2.386474370956421 0.2845578193664551 2.1412086486816406
-1.6736571788787842 0.284606397151947 0.9465962052345276
0.49228933453559875 0.2982526123523712 2.1412081718444824
0.8092072606086731 0.8102921843528748 2.1412081718444824
-2.369988441467285 0.8101359605789185 1.9044278860092163
-2.3863744735717773 0.3555944263935089 0.8447046875953674
-0.7031974792480469 0.284606397151947 -0.17882974445819855
-0.25812721252441406 0.2845063805580139 2.141207695007324
-1.8601263761520386 0.284606397151947 -0.7244566679000854
-2.386474609375 0.4532470107078552 -1.2052984237670898
-1.6561802625656128 0.284606397151947 1.6768618822097778
-2.3863744735717773 0.6486771106719971 -0.3676806688308716
-2.3863744735717773 0.5992563366889954 -0.7768484950065613
-1.3801164627075195 0.284606397151947 1.2722699642181396
-1.3182064294815063 0.284606397151947 1.0286650657653809
-2.1631062030792236 0.9146580696105957 -0.8034927248954773
-1.2623223066329956 0.459079772233963 -1.205298662185669
-2.3863744735717773 0.4764661192893982 0.1553681194782257
-0.5148938894271851 0.7218500971794128 -1.205298900604248
-2.0213544368743896 0.284606397151947 -0.35115668177604675
-1.8134914636611938 0.284606397151947 -0.2318287342786789
-2.3863744735717773 0.5617477297782898 1.0481270551681519
-1.9010518789291382 0.284606397151947 0.07829213887453079
-1.8529971837997437 0.284606397151947 -0.4638887941837311
-0.6973450183868408 0.284606397151947 1.6321444511413574
0.4118857681751251 0.284606397151947 -0.6617662906646729
-1.4670393466949463 0.284606397151947 -0.4048272967338562
0.9210299253463745 0.6688328385353088 -1.1995766162872314
-1.6180391311645508 0.284606397151947 1.2041163444519043
-1.9059889316558838 0.284606397151947 0.4442257285118103
0.4739011824131012 0.7269623875617981 -1.193151593208313
-0.07700163125991821 0.284606397151947 -0.053466424345970154
0.20489701628684998 0.2846064269542694 2.141308307647705
0.9210281372070312 0.2845063805580139 0.9911088943481445
0.39640945196151733 0.284606397151947 0.7017879486083984
-2.1163413524627686 0.9153181314468384 -1.0727546215057373
-1.0086113214492798 0.6542399525642395 -1.2052987813949585
-0.9846038818359375 0.2845063805580139 2.141206741333008
-0.8797558546066284 0.284606397151947 -0.621281087398529
-1.1921600103378296 0.284606397151947 1.6634103059768677
-2.3863744735717773 0.5362434983253479 -0.11097525805234909
0.9211299419403076 0.4068257808685303 -1.205298900604248
-1.619956612586975 0.7746357321739197 2.1412081718444824
-0.9280800819396973 0.284606397151947 1.1429874897003174
-2.370347023010254 0.5887896418571472 2.1394729614257812
-1.615775227546692 0.284606397151947 -0.20142674446105957
0.9211301207542419 0.4912910759449005 2.1412084102630615
-1.3866397142410278 0.284606397151947 1.6743100881576538
0.20565471053123474 0.284606397151947 0.5221855044364929
-0.8082143664360046 0.284606397151947 0.7065636515617371
-2.373401641845703 0.7823098301887512 -0.8539112210273743
-0.8432247042655945 0.284606397151947 1.5075857639312744
-2.378840208053589 0.7199611663818359 -1.1954585313796997
-2.3863768577575684 0.4635227918624878 2.141308307647705
-2.126790761947632 0.872445821762085 1.7923227548599243
-2.3036279678344727 0.8156945109367371 2.116215944290161
-0.4262489676475525 0.580056369304657 2.1412081718444824
-0.01835782267153263 0.6754242777824402 -1.2020914554595947
0.9210300445556641 0.5926629900932312 1.0319561958312988
-2.3863744735717773 0.49032142758369446 0.44054627418518066
0.9211301207542419 0.6237015724182129 2.1412084102630615
0.6379443407058716 0.7457898259162903 -1.194858431816101
-0.18953704833984375 0.2845063805580139 2.141207695007324
0.9210300445556641 0.5880681872367859 1.7314395904541016
0.9211300015449524 0.2846064567565918 0.34650325775146484
0.9210313558578491 0.2845063805580139 -0.16314253211021423
-2.375438690185547 0.783270537853241 -0.0231095589697361
-0.613210916519165 0.284606397151947 0.24942703545093536
-1.7366995811462402 0.7906429171562195 -1.2048712968826294
-2.3793423175811768 0.758503794670105 -0.6084165573120117
-1.070683479309082 0.284606397151947 1.3484481573104858
-1.2578389644622803 0.284606397151947 -0.37216436862945557
-2.3863744735717773 0.5057330131530762 1.527391791343689
-0.01935392990708351 0.284606397151947 -0.21892563998699188
0.41484829783439636 0.284606397151947 -0.1722324937582016
0.21593579649925232 0.284606397151947 1.8412318229675293
-0.5003733038902283 0.284606397151947 -0.4179321229457855
-1.7049872875213623 0.284606397151947 0.018995175138115883
0.9210301041603088 0.7929656505584717 1.9128400087356567
-0.8369823098182678 0.6532090902328491 -1.205298900604248
0.9210300445556641 0.5174443125724792 0.7789049744606018
-1.4861516952514648 0.284606397151947 1.0596435070037842
-1.8538256883621216 0.7121241688728333 2.1412081718444824
-2.3739206790924072 0.760421097278595 0.7862324714660645
-1.3579893112182617 0.4986874461174011 2.1412081718444824
-2.380878210067749 0.77283775806427 -0.21792824566364288
-1.2707902193069458 0.284606397151947 1.4446347951889038
-1.9534257650375366 0.7735257744789124 -1.2052985429763794
-0.7442979216575623 0.6521008610725403 2.1412081718444824
-0.4482136368751526 0.284606397151947 1.4343352317810059
-0.21799790859222412 0.284606397151947 0.14935104548931122
0.6097137928009033 0.7869446873664856 2.1412081718444824
0.7839846611022949 0.9007035493850708 -1.0767372846603394
0.9071201682090759 0.7972180247306824 -0.9052864909172058
0.9210299849510193 0.7190717458724976 -0.31491443514823914
0.9173654317855835 0.7935179471969604 1.7274731397628784
-2.3697142601013184 0.770084798336029 0.33173078298568726
0.9161608815193176 0.7779015898704529 -0.5211104154586792
0.9204663038253784 0.7770654559135437 1.532536506652832
0.9210299849510193 0.5534078478813171 0.1429280787706375
-1.1073651313781738 0.284606397151947 -0.24084876477718353
0.3325466215610504 0.284606397151947 0.057541120797395706
-2.356904983520508 0.8055440187454224 1.7042876482009888
0.6650009751319885 0.284606397151947 1.0756767988204956
0.13484640419483185 0.284606397151947 1.2745367288589478
0.4464859068393707 0.5941337943077087 2.1412081718444824
0.9210007190704346 0.7831419706344604 -0.6925754547119141
-1.9689093828201294 0.8332119584083557 2.103529930114746
-1.2577035427093506 0.7465746402740479 2.1412081718444824
0.9084277153015137 0.7453428506851196 2.134860038757324
-0.2512529790401459 0.749839723110199 2.4104537963867188
-1.690814733505249 0.284606397151947 0.47475239634513855
0.49071794748306274 0.284606397151947 1.665405511856079
0.9109963774681091 0.7970237135887146 1.1239562034606934
0.9210299849510193 0.7238674163818359 0.333097904920578
0.8212413191795349 0.9730984568595886 1.6399950981140137
-1.7289775609970093 0.8884155750274658 2.0810182094573975
-2.3620080947875977 0.7533721923828125 1.5028098821640015
-1.1428393125534058 0.284606397151947 1.1091398000717163
-0.791997492313385 0.284606397151947 1.3363093137741089
-2.370988130569458 0.7715552449226379 1.2113049030303955
-2.383913040161133 0.8645840287208557 1.442403793334961
-2.2869889736175537 0.9154657125473022 -0.5891588926315308
-1.0228502750396729 0.29840603470802307 1.8511459827423096
0.12363363802433014 0.5509217977523804 2.1412081718444824
-0.6545860171318054 0.284606397151947 -0.6108171343803406
-1.6138627529144287 0.284606397151947 1.3945417404174805
-2.346245288848877 0.7755569815635681 0.9893689751625061
-1.6047569513320923 0.284606397151947 0.2453671395778656
-1.4323041439056396 0.7825891375541687 2.1362226009368896
-0.29351910948753357 0.284606397151947 1.758851170539856
-0.850595235824585 0.749839723110199 2.3437864780426025
-1.2144029140472412 0.284606397151947 0.3911049962043762
-1.0606168508529663 0.284606397151947 -0.7492193579673767
-0.8769523501396179 0.9350407719612122 1.7364838123321533
-0.3849186599254608 0.284606397151947 1.2300442457199097
-0.35060617327690125 0.7166376709938049 -1.186721682548523
-1.151152491569519 0.7548484802246094 -1.2037291526794434
-2.120074987411499 0.861806333065033 1.2876794338226318
-1.9115630388259888 0.9725863933563232 -1.0029988288879395
-2.0009589195251465 0.8417500257492065 1.5372039079666138
0.6332601308822632 0.284606397151947 0.6988227963447571
0.022385340183973312 0.7671458721160889 2.1412081718444824
0.0732276439666748 0.284606397151947 -0.6637369394302368
-0.02853606455028057 0.7557442784309387 2.356701374053955
0.2565091848373413 0.7198897004127502 -1.2037311792373657
-2.0966920852661133 0.8613727688789368 0.5445618629455566
0.9210299849510193 0.6106447577476501 -0.12377963215112686
0.4826935827732086 0.6057091355323792 1.6652559041976929
-1.85231351852417 0.5739549994468689 0.31460604071617126
-1.331763744354248 0.757935106754303 -1.1940051317214966
0.6037977933883667 0.284606397151947 0.22603733837604523
-0.18493807315826416 0.5932760238647461 -1.2052990198135376
-0.6009848117828369 0.7679303288459778 2.3784799575805664
0.9210299849510193 0.5444750785827637 0.45595583319664
-1.8696868419647217 0.563531219959259 1.5764306783676147
-0.9614661335945129 0.284606397151947 0.3499983847141266
-1.7788132429122925 0.5873425602912903 -0.07917588949203491
-1.424025058746338 0.9371045231819153 1.9477946758270264
0.33359286189079285 0.284606397151947 1.2927740812301636
0.45476728677749634 0.8986254334449768 -0.9825634360313416
-1.2518705129623413 0.9321996569633484 -0.3719611167907715
-1.5097861289978027 0.284606397151947 0.5733583569526672
-1.6800851821899414 0.284606397151947 0.7071616053581238
-1.481240153312683 0.284606397151947 -0.017855562269687653
-1.104860544204712 0.8258641362190247 2.11859393119812
-1.4908066987991333 0.284606397151947 0.8235499262809753
-1.5827522277832031 0.8562175631523132 1.7831789255142212
-2.2052907943725586 0.9080947041511536 -0.0027326468843966722
0.45325803756713867 0.284606397151947 -0.3828069865703583
-1.417453646659851 0.284606397151947 0.18479271233081818
-2.017432689666748 0.899259090423584 -0.5461220145225525
0.27502718567848206 0.8712048530578613 -1.2004642486572266
-1.6359243392944336 0.5201054811477661 2.1412081718444824
0.9038369655609131 0.759472668170929 0.07821022719144821
0.8940042853355408 0.8273484706878662 -0.10647789388895035
-1.5066674947738647 0.30043354630470276 1.5363982915878296
-1.8990755081176758 0.30288541316986084 0.9867789149284363
0.48972445726394653 0.284606397151947 1.4397809505462646
-2.2940053939819336 0.8862281441688538 0.6700845956802368
-0.8357129096984863 0.8793827891349792 2.2141191959381104
-0.5011802315711975 0.8963905572891235 2.2031891345977783
-0.4997539818286896 0.284606397151947 0.9079320430755615
0.3680609464645386 0.284606397151947 0.4524540901184082
-1.8698683977127075 0.6004124879837036 -0.310263454914093
-1.5323210954666138 0.810726523399353 -1.1957024335861206
-2.3794474601745605 0.9035146832466125 -0.3399307131767273
-1.199061393737793 0.9095870852470398 1.9551928043365479
-2.355652332305908 0.7348690629005432 0.17055927217006683
-1.111080527305603 0.284606397151947 0.20988963544368744
-1.109052062034607 0.9348766803741455 -1.076759934425354
-1.0212092399597168 0.284606397151947 0.62147057056427
-0.04546535760164261 0.5756677985191345 1.850226640701294
-2.248081922531128 0.9051043391227722 1.0418035984039307
-1.3320183753967285 0.284606397151947 0.7394552230834961
-1.8981140851974487 0.5827720761299133 0.7088919878005981
0.309149831533432 0.318498820066452 1.685354471206665
0.29731157422065735 0.9775354266166687 -0.40284302830696106
-1.1876957416534424 0.284606397151947 0.8431496024131775
-1.0974745750427246 0.46172499656677246 1.5447945594787598
-0.4787343144416809 0.284606397151947 1.6630592346191406
-1.9255110025405884 0.6404783725738525 -0.7224094271659851
-1.7586971521377563 0.9411219358444214 -0.9113284945487976
-0.532713770866394 0.9592225551605225 1.9940279722213745
-0.3874334394931793 0.749839723110199 2.4475505352020264
-1.0617825984954834 0.7333158254623413 1.7954351902008057
-1.924077033996582 0.8128400444984436 1.1568509340286255
-1.4103411436080933 0.5653821229934692 1.6283632516860962
-1.4281972646713257 0.284606397151947 0.38799014687538147
0.4095514714717865 0.8031907677650452 2.1302995681762695
-0.23768502473831177 0.8913903832435608 2.213906764984131
0.6189389228820801 0.943033754825592 2.0195980072021484
0.3691505193710327 0.284606397151947 0.9358714818954468
-1.1909412145614624 0.284606397151947 -0.09148026257753372
0.3074166476726532 0.8655838966369629 1.970271110534668
-0.46097829937934875 0.284606397151947 -0.22831416130065918
0.5697727203369141 0.284606397151947 0.9163206815719604
0.9210300445556641 0.7299440503120422 1.3142223358154297
-0.8332275152206421 0.8645089268684387 1.9547899961471558
-1.8864799737930298 0.9229843020439148 1.381782054901123
0.41584494709968567 0.9166790246963501 1.7390286922454834
-0.06727822124958038 0.284606397151947 1.4784960746765137
-0.2565658688545227 0.7844433784484863 1.8969923257827759
-0.18979333341121674 0.8326623439788818 -1.1421339511871338
0.872877299785614 0.9559965133666992 1.3974523544311523
0.9210299849510193 0.7323755621910095 0.6275348663330078
0.6446719765663147 0.9242547154426575 1.816115379333496
0.8889079689979553 0.8716894388198853 0.23920676112174988
-2.0130455493927 0.8434263467788696 0.17056269943714142
-0.04517572373151779 0.284606397151947 1.21196711063385
0.9210300445556641 0.7682580947875977 0.8678755164146423
0.06838595867156982 0.8798360228538513 -1.069720983505249
-1.3453367948532104 0.6484565734863281 -0.7264936566352844
0.7278082370758057 0.9404503703117371 -0.8197360038757324
-0.03566129505634308 0.9717995524406433 2.059323310852051
0.7195020914077759 0.9600889682769775 -0.1508844792842865
-1.9357426166534424 0.8471460342407227 1.7747995853424072
0.8847325444221497 0.8859479427337646 0.5526677370071411
-2.097341299057007 0.9133355617523193 -0.26595690846443176
-1.6063170433044434 0.905768871307373 -0.6580198407173157
0.8808637261390686 0.9272531867027283 0.8956385254859924
0.5789458155632019 1.0520398616790771 1.5870025157928467
0.540743887424469 0.5918724536895752 1.4016224145889282
-1.3751405477523804 0.9608268141746521 -1.078999638557434
-0.6842719316482544 0.7808833718299866 -1.186218500137329
-2.234988212585449 0.8992497324943542 0.29867643117904663
0.31509241461753845 0.5798003077507019 -0.7552611231803894
-0.14880752563476562 0.7999018430709839 -0.875934362411499
-1.559582233428955 0.9459306597709656 -0.9362074136734009
-1.9567090272903442 0.9685041308403015 0.4199739098548889
-1.7639681100845337 0.8702042102813721 1.749671459197998
-1.2608155012130737 0.289987713098526 0.5937596559524536
-1.7786970138549805 0.7076898217201233 -0.6429185271263123
-1.4339202642440796 0.6058158874511719 -0.28581660985946655
0.20904672145843506 0.284606397151947 1.0676101446151733
-0.5930837392807007 0.284606397151947 1.2283090353012085
0.9126331806182861 1.0017529726028442 1.114238977432251
0.11401405930519104 0.7949392795562744 1.7942851781845093
-1.256198525428772 0.284606397151947 0.08004891127347946
0.8889779448509216 0.9068477153778076 -0.37886494398117065
-1.9363113641738892 0.9382578134536743 -0.1522197127342224
-0.2714681029319763 0.284606397151947 0.5031693577766418
-1.2840160131454468 0.9380913972854614 -0.67778480052948
-1.0067791938781738 0.31139975786209106 0.01189255341887474
-2.0413453578948975 0.8541836142539978 0.9336112141609192
0.5979970693588257 0.9269272089004517 -0.6572207808494568
-1.0637081861495972 0.284606397151947 -0.5288709998130798
-0.8551990389823914 0.8828647136688232 -1.1789671182632446
-1.5602586269378662 0.8814201354980469 0.14396226406097412
-1.7991453409194946 0.8789255619049072 -0.4502068758010864
0.1953837275505066 0.284606397151947 -0.2164362668991089
-1.7357206344604492 0.9598193764686584 -0.2074858844280243
-0.4558242857456207 0.6827974915504456 -0.8495994806289673
-0.4309176206588745 0.9411680698394775 -1.0173333883285522
-0.5494558215141296 0.30230996012687683 1.5927016735076904
-1.513739824295044 0.5832022428512573 -0.6082867383956909
0.5189419984817505 1.0077658891677856 1.3312257528305054
-1.1609394550323486 0.7389182448387146 -0.8060072064399719
-0.7374646663665771 0.284606397151947 0.4657837748527527
0.5305578112602234 0.9020144939422607 0.9352704286575317
-1.8379676342010498 0.8916158080101013 0.12118984758853912
0.3533668518066406 0.284606397151947 0.21712107956409454
0.3093567490577698 0.8353888392448425 -0.7894075512886047
-0.256589412689209 0.284606397151947 -0.29238566756248474
0.6766106486320496 1.0168492794036865 -0.45320039987564087
-1.3942357301712036 0.284606397151947 -0.18804830312728882
0.749104380607605 0.9762833714485168 0.6576840877532959
-0.00042116595432162285 0.9656683802604675 1.6126960515975952
0.6875039935112 0.9761893153190613 0.3672274947166443
-0.9260382652282715 0.284606397151947 -0.3828503489494324
0.5700958371162415 0.534765899181366 -0.11584682762622833
-0.19594869017601013 0.284606397151947 -0.7593080997467041
-1.7532379627227783 0.9982105493545532 0.9338490962982178
-1.5529730319976807 0.9658528566360474 -0.4770699441432953
0.25316694378852844 1.0292078256607056 1.777126431465149
-0.7921868562698364 0.284606397151947 0.9558191299438477
-0.0949200689792633 0.9968915581703186 1.7963452339172363
-0.6777345538139343 0.9293071031570435 -0.8250806331634521
0.42994609475135803 0.6136049628257751 -0.5922978520393372
0.6595475077629089 0.9853553771972656 1.1550650596618652
0.708860456943512 0.9957745671272278 0.07369362562894821
0.49334487318992615 0.8527805805206299 1.213649868965149
0.25122708082199097 0.3320804834365845 -0.5977134108543396
-0.7258314490318298 0.29315245151519775 -0.40395820140838623
-0.849094808101654 0.7295324206352234 -0.8780679702758789
0.09482215344905853 0.7998222708702087 -0.47055232524871826
-1.5243343114852905 0.8980722427368164 -0.15974338352680206
-0.830271303653717 0.284606397151947 0.06172575801610947
-0.8949300050735474 0.284606397151947 -0.16574935615062714
-1.0058506727218628 0.705849289894104 -0.679314136505127
0.2918461859226227 0.9818581938743591 1.4476505517959595
-0.365940660238266 0.9448823928833008 1.7611961364746094
-0.5676240921020508 0.284606397151947 -0.003569516818970442
-1.3254482746124268 0.7967142462730408 0.8513633012771606
0.5010952949523926 0.952654242515564 0.6299166083335876
-0.09175242483615875 0.284606397151947 0.5061935782432556
-0.32695627212524414 0.29340091347694397 -0.12099315971136093
0.29372498393058777 0.5875819325447083 1.519526720046997
-0.6776195168495178 0.7235186100006104 -0.6813091039657593
-0.00889650173485279 0.6548209190368652 1.6831588745117188
-0.5184854865074158 0.48998862504959106 -0.6448974609375
-1.9272857904434204 0.9164447784423828 0.773859441280365
-1.3753294944763184 0.9693724513053894 1.3131662607192993
-1.764310359954834 0.6002050042152405 1.051372766494751
-1.7807377576828003 0.793485701084137 0.5023577213287354
-1.2785199880599976 0.9365459084510803 1.6963285207748413
-0.12475120276212692 0.5849144458770752 -0.6850559711456299
-1.6966056823730469 1.02168869972229 1.175396203994751
-1.0287522077560425 0.2969760298728943 0.8766410946846008
-0.9870622158050537 0.9070900082588196 -0.629630446434021
-1.4779621362686157 0.6509789824485779 1.274318814277649
-0.08855263888835907 0.58272784948349 -0.3848441243171692
0.006481444463133812 0.9820436835289001 -0.87276291847229
-1.0622893571853638 0.6974925994873047 -0.27143239974975586
-1.5176790952682495 0.9384673833847046 1.6147772073745728
-0.5724215507507324 0.8967810869216919 1.802071213722229
-1.6205084323883057 0.9506068229675293 0.35096868872642517
0.4825630486011505 0.352451354265213 0.33743321895599365
0.45602932572364807 1.009455919265747 -0.12710614502429962
-0.39368489384651184 0.928276777267456 -0.7225131988525391
-1.5189458131790161 0.6913006901741028 1.0343079566955566
-1.579727292060852 0.6282404065132141 0.06222161650657654
-1.004022479057312 0.9448701739311218 1.605326533317566
-1.1546262502670288 0.7288362383842468 1.4342865943908691
0.661973774433136 0.7222185730934143 0.5581775903701782
0.40902602672576904 0.8263606429100037 -0.409138023853302
-1.2922649383544922 0.5371500849723816 0.4230613112449646
-1.6357208490371704 1.0250003337860107 1.4047709703445435
-0.01300082914531231 0.9246338605880737 -0.6146275997161865
-0.36340248584747314 0.5392940640449524 0.19097422063350677
0.5057783126831055 0.8985844254493713 0.19319556653499603
-1.1992661952972412 0.9710436463356018 1.4699783325195312
-0.6990659832954407 0.5871026515960693 1.7935686111450195
0.051905371248722076 0.3141412138938904 1.0021235942840576
-1.6275179386138916 0.840069591999054 0.7990239858627319
-1.1884835958480835 0.8050117492675781 0.26566192507743835
0.36977559328079224 0.6285930275917053 -0.282753586769104
-1.1662534475326538 0.4519568085670471 1.182408094406128
-1.6990857124328613 0.7092471718788147 1.421359658241272
-0.5543954968452454 0.5930610299110413 0.7109981775283813
-1.4820234775543213 0.6884750723838806 0.7132976651191711
0.2376544177532196 0.31671231985092163 -0.08497770130634308
0.5190457701683044 0.6425021886825562 1.1839768886566162
0.3362478017807007 0.7921493053436279 1.4540671110153198
-0.7296538352966309 0.8062083125114441 1.680483102798462
0.40711721777915955 0.577516496181488 0.038715802133083344
-0.9945018291473389 0.6943668723106384 -0.027773743495345116
-1.2021265029907227 0.8014993667602539 -0.11948002874851227
-0.31894466280937195 0.6034225225448608 1.7500282526016235
-0.9200811982154846 0.4700395464897156 0.3391250669956207
-1.5573365688323975 0.9322133660316467 0.6052713990211487
0.27247390151023865 0.8480160236358643 -0.1592245101928711
-0.19875510036945343 0.7720644474029541 -0.3849550485610962
-0.7669833898544312 0.8523975610733032 -0.13874630630016327
-0.7720125317573547 0.8732842803001404 -0.46777448058128357
0.543084979057312 0.750102162361145 0.334005743265152
-0.6656413674354553 0.5974162817001343 -0.33407318592071533
-1.239884853363037 0.8635648488998413 1.2526897192001343
-1.533483862876892 0.6600133776664734 0.36428746581077576
-1.4027447700500488 0.9235716462135315 1.0052834749221802
-0.5257371664047241 0.8115904331207275 -0.4701312780380249
-0.0005428928416222334 0.7939938902854919 -0.2630551755428314
0.6185652017593384 0.674689531326294 0.877441942691803
-1.030152440071106 0.31298503279685974 1.6330949068069458
-0.2732327878475189 0.8578923940658569 -0.5726296901702881
0.227277010679245 0.4736998379230499 0.7926082015037537
0.3812888264656067 0.8358436226844788 0.05950342118740082
-1.3462353944778442 0.8674380779266357 -0.08723323047161102
-0.4401082396507263 0.4589120149612427 0.5293027758598328
-0.6736567616462708 0.5693937540054321 1.0414005517959595
-1.316352128982544 0.8826731443405151 0.6302266716957092
-1.3402248620986938 0.8296756744384766 0.2892932593822479
-1.0987075567245483 0.7548041343688965 -0.44580867886543274
-0.8281657099723816 0.835689127445221 -0.2716081738471985
-1.1627384424209595 0.8684779405593872 0.09832364320755005
0.032916486263275146 0.45016685128211975 0.49712708592414856
-0.6128442287445068 0.6938484907150269 -0.09160982817411423
0.1310763657093048 0.6529839634895325 0.20008507370948792
-0.16745275259017944 0.44411933422088623 1.3583356142044067
-0.04161732643842697 0.5307154059410095 0.8237088322639465
-0.200689896941185 0.3571038842201233 0.28518587350845337
-0.42481908202171326 0.7313253283500671 -0.30725863575935364
0.5518330335617065 0.45603394508361816 0.7359665036201477
-0.8075451254844666 0.418285608291626 0.20906846225261688
-0.303926944732666 0.5498929023742676 0.7047275900840759
-0.32498443126678467 0.45804744958877563 1.2349025011062622
-0.017483040690422058 0.5265006422996521 0.039492037147283554
-0.5939720869064331 0.7051373720169067 1.4224199056625366
-0.5339848399162292 0.4337800443172455 0.09596601873636246
-0.6924711465835571 0.3905789256095886 1.146443247795105
-0.16339582204818726 0.4470871686935425 0.9754249453544617
-0.40108123421669006 0.3549528121948242 0.8381037712097168
-1.1369565725326538 0.7561419010162354 0.9182495474815369
-0.29007086157798767 0.7694565057754517 -0.13394266366958618
0.24471543729305267 0.735152542591095 1.1135828495025635
-0.9112520217895508 0.6888532638549805 1.3134201765060425
-0.016055045649409294 0.648622989654541 1.3384116888046265
-0.40152010321617126 0.8024067282676697 1.5038985013961792
-0.6327438354492188 0.5228638648986816 0.6147226095199585
-0.5817522406578064 0.7746018171310425 0.3539838194847107
-0.9162729382514954 0.8333267569541931 0.22153936326503754
-0.9248232841491699 0.41909775137901306 0.7399541735649109
-0.7287693023681641 0.7489555478096008 0.95500248670578
-0.6370792984962463 0.821182131767273 0.13737250864505768
0.02258923090994358 0.8324064016342163 -0.01605924218893051
0.310773104429245 0.7549039125442505 0.37470951676368713
-0.7848798632621765 0.8186939358711243 1.3379656076431274
-0.533848762512207 0.7458803057670593 0.5724741220474243
0.40329477190971375 0.7334368228912354 0.6382668614387512
0.2999856472015381 0.8562545776367188 0.8448461890220642
0.07585405558347702 0.813331127166748 0.2946627736091614
-1.0719842910766602 0.7445969581604004 0.4740563929080963
-0.9766719937324524 0.8186172842979431 1.000667691230774
-0.4928467273712158 1.8193029165267944 0.29914993047714233
-0.1831081211566925 0.6777383089065552 0.6065022945404053
0.07175347954034805 1.8212472200393677 0.7218020558357239
-0.021062806248664856 0.8326925039291382 1.3284220695495605
0.0779045894742012 0.8510825634002686 1.0384491682052612
-0.14881272614002228 1.7964619398117065 0.3668997585773468
-0.46764418482780457 0.7226636409759521 0.7796142101287842
-0.2654082477092743 0.786200761795044 0.11247599124908447
0.012133307754993439 1.8296462297439575 0.5020961761474609
-0.299241304397583 0.8114643096923828 1.3173073530197144
-0.47973179817199707 0.727974534034729 1.0783662796020508
-0.261229544878006 0.7007313370704651 0.39889708161354065
0.11453255265951157 0.8045442700386047 0.5835155248641968
-0.759006917476654 0.7832702398300171 0.5275446176528931
-0.15834078192710876 0.7574610710144043 0.8871411681175232
-0.4174218475818634 1.5420506000518799 0.6769418716430664
-0.3214820623397827 1.7058420181274414 0.37625670433044434
-0.9834239482879639 0.8234642148017883 0.6586191058158875
-0.6755099892616272 1.791727066040039 0.4275321960449219
-0.6043990850448608 1.742063283920288 0.9654358625411987
-0.6140987277030945 1.6336990594863892 0.7902693152427673
-0.5821546316146851 1.6160149574279785 0.5766552686691284
-0.3864154517650604 1.6278175115585327 0.9209359884262085
-0.753591775894165 1.7475254535675049 0.6857282519340515
-0.41891953349113464 1.7931275367736816 1.0874719619750977
0.19203588366508484 2.1394670009613037 0.7170941233634949
-0.49411508440971375 2.0318949222564697 0.2670344114303589
-0.25673115253448486 1.5736621618270874 0.6658306121826172
-0.5925572514533997 1.996116042137146 1.0699876546859741
-0.0842595025897026 1.6649069786071777 0.6659942865371704
-0.4121577739715576 1.6309212446212769 0.4625835120677948
-0.5559945702552795 2.27315092086792 0.7334287166595459
0.12754079699516296 2.028362512588501 0.8935642838478088
-0.26255813241004944 2.015089988708496 1.1577574014663696
-0.16947565972805023 1.6381144523620605 0.8544653058052063
-0.028500722721219063 2.0666728019714355 0.3884762227535248
0.01843542978167534 1.8289982080459595 0.9428279995918274
-0.2855643332004547 2.1298115253448486 0.3515612483024597
-0.012428472749888897 2.232481002807617 0.47226208448410034
-0.803169846534729 1.9386316537857056 0.5759827494621277
-0.1873999834060669 1.7471680641174316 1.029632806777954
-0.027863528579473495 2.008679151535034 1.0969231128692627
-0.5971541404724121 2.1914005279541016 0.9511080980300903
-0.23067951202392578 3.9868838787078857 0.0011133668012917042
-0.7700645327568054 1.957267165184021 0.8478249907493591
-0.6826607584953308 3.933992624282837 0.3794091045856476
-0.32350271940231323 2.2448105812072754 1.0298388004302979
-0.6981196403503418 2.1477394104003906 0.4427174925804138
-0.05520906299352646 2.4503703117370605 0.5244035124778748
-0.37990283966064453 2.5284273624420166 0.8311187028884888
-0.5862799286842346 2.365795612335205 0.6173285245895386
-0.03694041445851326 2.32385516166687 1.0360264778137207
0.15788131952285767 2.3966469764709473 0.6683252453804016
-0.4180269241333008 3.8222975730895996 0.12530410289764404
0.16349712014198303 2.290546417236328 0.902353048324585
-0.3909146785736084 3.7966208457946777 0.3598993122577667
-0.14051799476146698 3.884190797805786 0.20975551009178162
-0.3385283350944519 2.3843038082122803 0.4692547917366028
-0.1902494877576828 2.4851553440093994 0.8878974318504333
-0.27032485604286194 3.823256731033325 0.1878662407398224
-0.4771067798137665 3.879603385925293 0.6083648204803467
-0.5316049456596375 4.0040740966796875 0.7185807228088379
-0.5585283041000366 3.9028687477111816 0.11772749572992325
-0.37315160036087036 2.6292974948883057 0.647642970085144
-0.2753465175628662 4.000633239746094 0.7734114527702332
-0.7599119544029236 4.07277774810791 0.3476053774356842
0.0006619524210691452 4.246703147888184 0.36774536967277527
-0.422530859708786 4.144896984100342 -0.08335106074810028
-0.06929793953895569 4.858729362487793 0.8342341780662537
-0.25491854548454285 3.8698441982269287 0.5218410491943359
-0.5905335545539856 4.072944164276123 0.004233935847878456
-0.051224660128355026 3.9643304347991943 0.30481085181236267
0.24695897102355957 5.085391044616699 0.847204327583313
-0.699583888053894 4.371370315551758 0.14808449149131775
-0.5936630368232727 4.173035621643066 0.745784342288971
-0.5558038353919983 3.851996421813965 0.442783921957016
-0.7450783848762512 4.2039103507995605 0.18221676349639893
-0.21626678109169006 4.237680435180664 -0.07045058161020279
-0.05052527040243149 4.0137410163879395 0.5087041258811951
-0.03890916705131531 4.887648105621338 0.7393349409103394
-0.6180654764175415 4.506992340087891 0.5506656169891357
0.049914322793483734 5.029458522796631 0.6186162233352661
-0.024602415040135384 4.245068073272705 0.13932178914546967
0.14955899119377136 4.982720851898193 0.9441837072372437
0.01727699115872383 4.970202922821045 1.05502450466156
-0.12895596027374268 4.093152046203613 0.7042951583862305
-1.502023458480835 4.747440814971924 1.1347193717956543
-0.7243008613586426 4.284874439239502 0.5596712827682495
-0.26324552297592163 5.02025842666626 0.7897684574127197
-0.4319351613521576 4.567915439605713 0.0981016680598259
-0.2525211274623871 4.431737422943115 -0.005733204539865255
-0.41918766498565674 4.5128278732299805 0.6681071519851685
-0.30750489234924316 4.316725730895996 0.8150179386138916
-1.5223898887634277 4.785489559173584 1.163020133972168
0.1304195374250412 5.219636917114258 0.5966894626617432
-0.184565931558609 5.6291985511779785 0.3633994162082672
-0.5337135791778564 4.552181720733643 0.29622045159339905
-0.14760525524616241 5.168368339538574 1.0961923599243164
-0.20941027998924255 4.53530740737915 0.2894357442855835
-0.33697113394737244 5.1133222579956055 0.44786351919174194
-0.3850267231464386 5.521988868713379 0.23885321617126465
0.1578780859708786 5.1826701164245605 1.1169325113296509
-0.3673856258392334 5.540167808532715 0.32953760027885437
-0.15127883851528168 4.479646682739258 0.5118153095245361
-0.24653521180152893 6.065067291259766 0.10533294081687927
0.2754879295825958 5.316988945007324 0.8763141632080078
-0.35008546710014343 5.6370368003845215 0.08710842579603195
-0.6054143905639648 5.619032859802246 0.3665796220302582
-0.4704227149486542 5.6819167137146 0.5242158770561218
-0.16985759139060974 4.974172592163086 0.974028468132019
0.02182488888502121 5.344946384429932 1.1350435018539429
-0.6179277300834656 5.7647271156311035 0.08823107182979584
0.12134183943271637 5.49917459487915 0.9411905407905579
-0.6402314305305481 5.645503044128418 0.21859882771968842
-0.2324068397283554 5.799832344055176 0.13811084628105164
-0.26669469475746155 6.038011074066162 0.3717629313468933
-0.17183616757392883 4.316952705383301 0.7676490545272827
-0.4150230586528778 5.922422409057617 -0.0067342305555939674
-0.0006932411342859268 7.4504804611206055 0.0003160238265991211
0.13934902846813202 7.320539474487305 0.4162597060203552
-0.40890759229660034 6.225012302398682 0.3513859808444977
-0.652384340763092 6.026401519775391 0.14777979254722595
-0.05721874162554741 5.220402240753174 0.5401110649108887
-0.20218832790851593 5.456860542297363 0.7532768249511719
-0.627063512802124 6.9429402351379395 0.38175517320632935
-0.3413844108581543 5.881992816925049 0.5570963025093079
-0.6067610383033752 6.1555633544921875 0.40544772148132324
-0.5909899473190308 6.229943752288818 0.23937712609767914
-0.625805139541626 6.718564987182617 0.2965068221092224
-0.2846136689186096 5.310482978820801 0.8239085078239441
0.21414770185947418 7.296669006347656 0.3065756559371948
-0.024884307757019997 7.301156997680664 0.03952491283416748
-0.6563487648963928 5.8633036613464355 0.48475122451782227
0.2063031643629074 7.3372931480407715 0.1323336511850357
-0.23455780744552612 7.237840175628662 0.36474159359931946
-0.6302797794342041 7.166412353515625 0.5277554392814636
-0.6845051646232605 7.013494491577148 0.46158480644226074
-0.33590835332870483 7.163440704345703 0.2362537980079651
-0.08888296782970428 7.206127643585205 0.1439809948205948
-0.6748442649841309 7.077829360961914 0.2626790702342987
-0.5996173024177551 7.5960612297058105 -0.12266535311937332
-0.1433728039264679 7.623855113983154 0.3811781704425812
-0.7422791123390198 7.450430870056152 0.02698323503136635
-0.4829290509223938 7.687572956085205 0.3776281476020813
0.0016103405505418777 7.191263198852539 0.220100536942482
-0.7889618277549744 7.278884410858154 0.4938051700592041
0.3038945198059082 7.534695148468018 0.27426671981811523
-0.8082756996154785 7.170710563659668 0.2504812180995941
-0.8201980590820312 7.485988140106201 0.3455781638622284
0.1874891221523285 7.683919429779053 0.09471273422241211
0.16065064072608948 7.805814266204834 0.19967341423034668
0.010105269029736519 7.42475700378418 0.5483089089393616
-0.4210410416126251 7.664185523986816 0.1826566606760025
-0.07262478768825531 7.560409069061279 0.5603923797607422
-0.40581515431404114 7.326223373413086 0.1229608803987503
-0.5154203176498413 7.311916351318359 0.5792216062545776
-0.5868927240371704 7.49114990234375 -0.014602793380618095
-0.12056968361139297 7.895378589630127 0.39360663294792175
-0.6915894150733948 7.201300621032715 0.09451386332511902
0.0996989831328392 7.77466344833374 0.581022322177887
-1.0142675638198853 9.405770301818848 0.7003868222236633
-0.09134580194950104 8.187088966369629 0.7470541000366211
-0.8551719784736633 7.672837257385254 0.07799775898456573
-0.19815288484096527 8.149327278137207 0.606963038444519
-0.7927596569061279 7.819200038909912 -0.0737580955028534
-0.6782194972038269 7.83885383605957 -0.1282651722431183
-0.21922369301319122 8.367579460144043 0.6321441531181335
0.08868500590324402 8.126358985900879 0.41613876819610596
-0.5609939098358154 7.883840560913086 0.16378043591976166
0.15604175627231598 8.456275939941406 0.585191011428833
0.1427055299282074 8.14812183380127 0.5392915606498718
-0.7083654403686523 8.041820526123047 0.06315422058105469
-0.16267693042755127 8.468321800231934 0.760499119758606
-0.6574667096138 9.349581718444824 -0.03339388966560364
-0.8629035353660583 7.810303211212158 0.17913751304149628
0.06073366850614548 8.030511856079102 0.5226835012435913
-0.7731536030769348 8.974879264831543 0.251918762922287
0.0031660590320825577 8.510697364807129 0.49743664264678955
0.14214003086090088 8.455610275268555 0.7607213258743286
-0.8436559438705444 9.12072467803955 0.6568452715873718
-0.8393128514289856 9.268686294555664 0.8370307683944702
-0.6313491463661194 9.243245124816895 0.7088596820831299
-0.6455499529838562 9.22086238861084 0.036978550255298615
-0.9448785185813904 8.993815422058105 0.23221775889396667
-1.2100733518600464 9.470877647399902 0.6683830618858337
-0.9969884157180786 9.038642883300781 0.30363646149635315
-0.5788005590438843 9.522538185119629 0.627284586429596
-0.8864359855651855 9.110671997070312 0.6471641063690186
-0.5877450704574585 9.190788269042969 0.10135821998119354
-0.23913007974624634 9.936840057373047 0.8436641693115234
-0.6957694888114929 9.100358009338379 0.48984861373901367
-0.7452684044837952 9.275211334228516 0.8789895176887512
-0.9357505440711975 9.084035873413086 0.12371832132339478
-1.1477397680282593 9.814040184020996 0.5149992108345032
-1.1718559265136719 9.626803398132324 0.4140899181365967
-0.616371750831604 9.473640441894531 0.5607569813728333
-0.858856737613678 9.226387023925781 0.2835538685321808
0.16364023089408875 9.844217300415039 0.6372482776641846
-0.5164119005203247 9.131793975830078 0.174475759267807
-1.1601918935775757 9.252257347106934 0.38864338397979736
0.24999792873859406 9.801970481872559 0.5965842008590698
-0.13220423460006714 9.852193832397461 0.785325288772583
-0.9859079122543335 9.54400634765625 0.22977666556835175
0.23068778216838837 9.808757781982422 0.5895178318023682
-0.6367349028587341 9.70557689666748 0.5397890210151672
-0.8710634708404541 10.033209800720215 0.8117141127586365
-0.18496288359165192 10.070456504821777 0.6928151845932007
-0.8204982876777649 9.458409309387207 0.21106158196926117
-0.4325506091117859 9.177528381347656 -0.09348311275243759
0.20117351412773132 9.94959545135498 0.8119891285896301
0.2509174346923828 9.708419799804688 0.6574894785881042
-0.8787538409233093 9.704262733459473 0.8043994307518005
-1.0222289562225342 10.034367561340332 0.7229022979736328
-0.9168542623519897 10.340954780578613 -0.14130523800849915
-0.7715197205543518 9.79405689239502 0.7226765155792236
0.06737145036458969 10.047737121582031 0.891282320022583
0.006545323878526688 10.166203498840332 0.7266008853912354
-1.1306605339050293 10.490978240966797 -0.11393921077251434
-0.725176990032196 10.08072566986084 0.8031988143920898
-0.07001245021820068 10.147157669067383 0.9749076962471008
-0.2305380254983902 10.34615421295166 1.0026087760925293
-0.7820612192153931 10.062235832214355 0.6572763323783875
-1.1121035814285278 10.498393058776855 -0.007734227925539017
-0.27352848649024963 10.57058334350586 0.9643531441688538
-0.765306830406189 10.218095779418945 0.7715675830841064
-0.0191833283752203 10.447669982910156 1.1741697788238525
-0.9267377853393555 10.659150123596191 0.026758357882499695
-1.1406430006027222 10.571815490722656 -0.057848814874887466
-0.9068530797958374 10.664319038391113 0.006625345442444086
-0.11160506308078766 10.436039924621582 0.8146980404853821
0.11215988546609879 10.555917739868164 1.1277170181274414
-1.0455045700073242 10.594155311584473 -0.236970454454422
0.1101466566324234 10.750985145568848 0.9136202931404114
-0.37655124068260193 10.77171516418457 0.9899775981903076
-0.8360045552253723 10.62857723236084 0.5559411644935608
-0.8733624815940857 10.649873733520508 0.8827481865882874
-0.8369218707084656 10.814408302307129 0.9906861782073975
-0.3455536365509033 10.691043853759766 0.8048943281173706
0.14642758667469025 11.077678680419922 0.48506006598472595
0.008652793243527412 10.660445213317871 0.7875258326530457
-0.3952310085296631 10.76828384399414 1.0587880611419678
-0.8913311958312988 10.845759391784668 -0.20065933465957642
-1.083389163017273 10.928115844726562 0.5982674360275269
-0.23315204679965973 10.931921005249023 0.5350796580314636
-0.6687392592430115 10.90757942199707 0.7268502712249756
-1.1656044721603394 10.8306884765625 -0.2260487973690033
-0.061878204345703125 10.796046257019043 1.082665205001831
-0.8848721981048584 11.067630767822266 0.42148318886756897
-0.6231697201728821 10.974419593811035 0.7788882255554199
-0.04959121719002724 10.998673439025879 0.7280911803245544
-1.009844183921814 11.05288314819336 0.0874381810426712
-0.020441703498363495 11.070405006408691 0.6536468267440796
0.19501687586307526 11.207879066467285 0.6429508924484253
-1.1661489009857178 11.189681053161621 0.4703429937362671
-0.22798514366149902 11.165437698364258 0.7928670644760132
0.39238524436950684 11.273996353149414 0.5085962414741516
-0.7755563855171204 11.141697883605957 1.2001676559448242
-0.38038328289985657 11.283632278442383 0.6671731472015381
0.20964927971363068 11.331233024597168 0.6889890432357788
-0.7831982970237732 11.224105834960938 0.7377938032150269
-1.1580047607421875 11.27818775177002 0.5109913945198059
-0.30044877529144287 11.359118461608887 0.7829344868659973
-0.8414492011070251 11.357717514038086 0.6704234480857849
-1.2690470218658447 11.34246826171875 0.641958475112915
-1.2855361700057983 11.403692245483398 0.6871345639228821
0.30910080671310425 11.392269134521484 0.664664089679718
-0.021699951961636543 11.402920722961426 1.1731271743774414
-0.1282200664281845 11.434954643249512 1.0386744737625122
0.4320939779281616 11.465874671936035 1.3241298198699951
0.040039725601673126 11.488115310668945 0.3773009181022644
-0.3525070250034332 11.49904727935791 0.9936512112617493
-0.07863544672727585 11.551698684692383 -0.2491828054189682
-0.8625473380088806 11.511726379394531 -0.0884576290845871
0.05728701502084732 11.535849571228027 0.004130121320486069
-0.5725237131118774 11.546716690063477 0.8073115348815918
0.1902202069759369 11.563103675842285 -0.41059496998786926
-0.39234864711761475 11.577065467834473 1.0218842029571533
