562
-2.2804431915283203 0.3732149004936218 1.2943620681762695
-2.2324740886688232 0.36755993962287903 -0.5347678661346436
-1.712522268295288 0.2930213212966919 0.6075858473777771
0.6665505170822144 0.7904080748558044 -0.19571460783481598
-2.0167479515075684 0.294996440410614 0.2025597244501114
-1.1016905307769775 0.2895570397377014 -1.1985942125320435
-0.18265749514102936 0.284606397151947 0.7707582712173462
-2.0381288528442383 0.3763760030269623 1.5823447704315186
-0.6706013083457947 0.2996496558189392 -0.9304710030555725
-0.7329949140548706 0.33480173349380493 -1.196838617324829
0.690850555896759 0.3013475835323334 -0.9498611092567444
-2.243624448776245 0.3335152864456177 -0.016868973150849342
-2.3812882900238037 0.40674152970314026 0.4014257490634918
-2.2925336360931396 0.3989894986152649 -0.22527237236499786
-1.364479422569275 0.29414281249046326 1.9949445724487305
-2.347588300704956 0.284606397151947 0.12353368103504181
-2.3822379112243652 0.3533812165260315 0.6164481043815613
0.46546947956085205 0.3602786362171173 -1.1879266500473022
-0.5578725337982178 0.3193967640399933 -1.1628764867782593
-1.9827228784561157 0.2975064814090729 1.083605408668518
0.10880297422409058 0.30734726786613464 2.059852361679077
0.8969326615333557 0.35464075207710266 -0.6172383427619934
0.7776961326599121 0.6223321557044983 -0.5857927799224854
-2.3810811042785645 0.3207709491252899 0.2759398818016052
-1.1244590282440186 0.2892431318759918 1.4266448020935059
-0.41100525856018066 0.3257904052734375 -1.1463192701339722
-1.75464928150177 0.36558517813682556 1.7943928241729736
-2.3468759059906006 0.40381237864494324 -0.007739076856523752
0.7975134253501892 0.32826608419418335 -0.7500483393669128
-1.6229530572891235 0.3505120873451233 1.2850100994110107
-0.8955327868461609 0.34002020955085754 -1.1681852340698242
0.9189010858535767 0.33408835530281067 1.0748801231384277
0.6851052641868591 0.6618637442588806 1.269388198852539
-1.5445339679718018 0.3811246156692505 1.2699023485183716
-1.9521417617797852 0.3901681900024414 1.1676387786865234
-1.6558748483657837 0.3852826654911041 1.9228894710540771
0.796937882900238 0.645255982875824 -0.013464600779116154
-2.2806992530822754 0.3935900032520294 -0.38767337799072266
0.804171621799469 0.3062671720981598 -1.0131382942199707
-2.0158169269561768 0.32237622141838074 -0.6391306519508362
-1.5428135395050049 0.33012259006500244 1.9967668056488037
0.8380303382873535 0.31548190116882324 0.761870265007019
-1.0708348751068115 0.32988229393959045 -1.007455587387085
0.29060232639312744 0.3120988607406616 1.2047346830368042
-0.3719604015350342 0.284606397151947 -0.888491153717041
0.19796815514564514 0.4669886827468872 -1.185983657836914
-1.7686946392059326 0.4718320667743683 1.4903335571289062
-2.018993377685547 0.3011631369590759 0.7668232321739197
-0.33690670132637024 0.3070681393146515 -0.52707439661026
-1.5500305891036987 0.41332292556762695 -0.8425737619400024
-1.994616985321045 0.4442507326602936 -0.9523955583572388
-0.8461633920669556 0.2935437560081482 -0.19015704095363617
-0.8748829364776611 0.30391132831573486 -0.6829381585121155
-1.8715918064117432 0.30544784665107727 1.3553574085235596
-1.5805439949035645 0.3355720043182373 -0.4732360541820526
0.675239622592926 0.33481767773628235 1.6760939359664917
-1.4351990222930908 0.36778730154037476 0.9788328409194946
0.3313402533531189 0.284606397151947 -0.9486914873123169
-1.273531198501587 0.29246842861175537 -1.20030677318573
-2.38268780708313 0.29888424277305603 0.4586818516254425
-1.0001453161239624 0.37518641352653503 -0.5203655958175659
-0.04121164605021477 0.305944561958313 -0.9720568656921387
-0.8515157103538513 0.38849321007728577 -0.8309042453765869
-1.6030910015106201 0.293622761964798 -1.1868703365325928
-1.896074652671814 0.3243420124053955 1.6767942905426025
-2.0525858402252197 0.3089706301689148 -0.8890977501869202
0.8889766335487366 0.35191017389297485 1.5470194816589355
-2.2176353931427 0.36915382742881775 1.4301598072052002
-1.6299697160720825 0.284606397151947 1.560904622077942
0.9189966917037964 0.3323126435279846 1.0069193840026855
-0.18405160307884216 0.3518820106983185 2.126891851425171
-2.047025203704834 0.3114837408065796 -0.17806529998779297
-0.07393324375152588 0.3132174015045166 -1.152180790901184
0.3447771370410919 0.3127456605434418 1.7979356050491333
0.7835569977760315 0.3990422189235687 1.7348119020462036
-2.3783652782440186 0.2913399934768677 1.2734242677688599
0.9178521037101746 0.36019861698150635 1.3729231357574463
0.4841422736644745 0.42288655042648315 1.4893779754638672
-0.9963842034339905 0.4475681781768799 -1.200330138206482
-1.3343921899795532 0.3115554451942444 -0.08832051604986191
0.9129446148872375 0.4187931418418884 1.2112971544265747
0.7179082036018372 0.35238075256347656 1.301607608795166
-1.6352607011795044 0.3210870325565338 0.913217306137085
-2.0005006790161133 0.284606397151947 0.49884963035583496
-0.9488560557365417 0.29964056611061096 2.0679454803466797
0.8886894583702087 0.2865690290927887 -0.4823381006717682
0.5867918729782104 0.3137522339820862 1.8716810941696167
-2.3791251182556152 0.28501051664352417 0.7784931063652039
-1.3798832893371582 0.3741723597049713 -1.0062161684036255
-0.7142032980918884 0.2982296347618103 -0.4349324405193329
0.7451853156089783 0.49612122774124146 1.6389015913009644
-0.07300173491239548 0.42546409368515015 1.192369818687439
-0.3584199547767639 0.5230025053024292 2.1356847286224365
-0.09848912805318832 0.6510697603225708 -1.0745304822921753
-1.4450950622558594 0.3595544397830963 -1.1471846103668213
-1.47581946849823 0.2947206497192383 -0.7527464628219604
-2.2216527462005615 0.46528443694114685 0.7213707566261292
-0.917553186416626 0.6554368138313293 -0.7788137197494507
0.44940149784088135 0.41538238525390625 0.5277076363563538
0.005068252794444561 0.3069212734699249 2.087218999862671
-1.1719154119491577 0.36464670300483704 2.1131508350372314
-1.161371111869812 0.589873731136322 -0.9659953713417053
-0.4818252623081207 0.32372844219207764 2.1236534118652344
-0.9330477714538574 0.5640832781791687 0.9318447113037109
-2.3299694061279297 0.40479719638824463 1.1344579458236694
-0.5043067336082458 0.29001927375793457 2.0978267192840576
0.4948953688144684 0.7867115139961243 0.6633291840553284
-2.092317819595337 0.38844534754753113 1.6154142618179321
-1.8015059232711792 0.33699706196784973 0.8985293507575989
0.8507118821144104 0.394819974899292 0.36624860763549805
-1.884559988975525 0.36805686354637146 -1.1068611145019531
-2.001879930496216 0.5248625874519348 0.8395659923553467
-0.528279721736908 0.6794914603233337 -1.0561424493789673
-0.6734506487846375 0.4853430390357971 2.1194143295288086
0.5063539147377014 0.4584121108055115 1.909799337387085
-2.2451164722442627 0.3680911660194397 0.9542466998100281
-0.46601539850234985 0.3091766834259033 1.3574877977371216
-2.0595920085906982 0.3392925560474396 -0.4490175247192383
0.6575223803520203 0.6262803673744202 0.21144115924835205
-1.8467518091201782 0.37328240275382996 0.3993064761161804
-1.3120111227035522 0.45515528321266174 2.1029012203216553
-2.1634206771850586 0.3577217161655426 -0.7427046895027161
-1.7437474727630615 0.3220035135746002 -1.1151660680770874
-2.385092258453369 0.4376262128353119 0.9961689710617065
0.3976556956768036 0.8440508842468262 0.22640864551067352
-0.19361890852451324 0.284606397151947 1.8529027700424194
-0.6667503714561462 0.4282912015914917 1.6638344526290894
-1.2018299102783203 0.3122531771659851 -0.7586801648139954
-1.7060887813568115 0.3786294460296631 -0.5470740795135498
-1.6887515783309937 0.3725837171077728 0.016059624031186104
-1.4448952674865723 0.30966439843177795 1.548003077507019
-0.520799458026886 0.7900311350822449 -0.8835910558700562
-1.673734426498413 0.5003092885017395 -1.0180604457855225
-0.03141936659812927 0.4239254593849182 -0.5223508477210999
0.2537727952003479 0.42225027084350586 1.9728178977966309
0.326034277677536 0.7360649704933167 -0.10121850669384003
-1.1999369859695435 0.2936086654663086 1.8732670545578003
-1.1416445970535278 0.5026089549064636 -0.6257361173629761
-1.3860609531402588 0.36807459592819214 1.820917010307312
-0.1320752203464508 0.7024134397506714 -0.8717068433761597
0.8070470094680786 0.6326380372047424 1.0546109676361084
0.6995217204093933 0.49130120873451233 0.25569456815719604
0.40013933181762695 0.6032608151435852 -0.9330846071243286
-1.240996241569519 0.2899478077888489 0.6787282228469849
0.74692702293396 0.7316743731498718 -0.011417660862207413
0.19447873532772064 0.5510164499282837 -1.2043497562408447
-0.5874732136726379 0.5320611596107483 -1.189021348953247
-0.1580338478088379 0.3986532688140869 2.053624153137207
-0.24724678695201874 0.3439459204673767 -1.151277780532837
0.6305434107780457 0.4544932544231415 -1.1343529224395752
0.49176153540611267 0.3522867262363434 -0.7642895579338074
-0.29898500442504883 0.36578232049942017 1.7778174877166748
0.9075301289558411 0.5756184458732605 0.43935832381248474
-0.7078751921653748 0.32717448472976685 1.9328583478927612
0.21214216947555542 0.334244042634964 1.938962697982788
0.41041994094848633 0.317280650138855 0.8060135841369629
0.1123410016298294 0.3314487934112549 -1.1897327899932861
-0.7865524888038635 0.5520640015602112 1.237630009651184
-0.6789340376853943 0.6730334162712097 -0.8039065003395081
0.8060076832771301 0.44054457545280457 0.6820418834686279
-0.10249797254800797 0.36351272463798523 1.3993616104125977
-1.0130393505096436 0.5322552919387817 2.1351752281188965
-0.4891645312309265 0.6308006048202515 -0.6461310386657715
0.4505433142185211 0.34552761912345886 -1.179956316947937
0.27696046233177185 0.40246936678886414 1.4683623313903809
-0.38301435112953186 0.5128300189971924 1.4997320175170898
-0.4724493622779846 0.49613142013549805 1.7994927167892456
0.25481435656547546 0.6984225511550903 -0.6583530902862549
0.5149263739585876 0.45157259702682495 0.3182448446750641
0.607569694519043 0.284606397151947 -0.09634456783533096
0.20404356718063354 0.6855712532997131 -0.8498197793960571
0.15467965602874756 0.33114326000213623 0.5196173191070557
-0.8206047415733337 0.28463059663772583 2.0784146785736084
-0.08784240484237671 0.3451341986656189 1.6682616472244263
0.8937132954597473 0.4150353670120239 0.13055527210235596
0.8783237934112549 0.539238452911377 0.6957573890686035
0.13274766504764557 0.312822550535202 -0.747052788734436
0.8522716164588928 0.5642160773277283 -0.24089315533638
-1.0962245464324951 0.33794987201690674 0.20963390171527863
-2.0143394470214844 0.42586255073547363 0.48572883009910583
0.8907653093338013 0.4991326332092285 -0.1242024227976799
0.2654608190059662 0.2947212755680084 0.04279110208153725
0.5062578320503235 0.3360555171966553 1.032548427581787
0.4776357114315033 0.6431797742843628 1.3782302141189575
-0.2587544918060303 0.3082987070083618 -0.28791484236717224
-0.7755857110023499 0.537386417388916 -0.25227439403533936
-0.5480137467384338 0.34379592537879944 -0.5349364876747131
0.08016043901443481 0.3007066249847412 1.1153134107589722
0.11889853328466415 0.37194281816482544 1.6424695253372192
0.6635181903839111 0.2933770418167114 -0.5075914859771729
0.8911263942718506 0.4485408663749695 0.5748868584632874
-0.22338992357254028 0.3341670632362366 -0.8459720611572266
-0.15370088815689087 0.3581206798553467 -0.6211185455322266
0.2792809009552002 0.4986480176448822 -0.40749791264533997
-0.6163722276687622 0.3524976670742035 -0.2869965434074402
-1.4256031513214111 0.2943212389945984 0.3071678876876831
-1.3617198467254639 0.43536311388015747 0.7226138114929199
-0.4205241799354553 0.615010678768158 1.4061548709869385
-1.6273977756500244 0.42638513445854187 1.0497000217437744
0.3505093455314636 0.35592174530029297 1.1844406127929688
-1.960082769393921 0.3499833047389984 0.11828866600990295
-1.8272336721420288 0.2966216504573822 -0.2606627941131592
0.2817416787147522 0.42833295464515686 0.7863507270812988
-0.05680099129676819 0.43754842877388 -0.20516979694366455
-1.3487802743911743 0.3344744145870209 1.1822932958602905
-1.1252785921096802 0.6726372241973877 1.6689876317977905
-1.0474419593811035 0.2881920039653778 0.6888049840927124
0.12401542067527771 0.6259718537330627 1.5587142705917358
0.1626468002796173 0.5915720462799072 1.5896873474121094
-1.1534100770950317 0.6193192005157471 1.1655519008636475
-1.5039913654327393 0.47106167674064636 0.5799718499183655
-0.21017183363437653 0.31650370359420776 0.018885537981987
-0.3418976664543152 0.6489611268043518 1.6428107023239136
-1.293715000152588 0.2995307743549347 -0.49056383967399597
-1.822983741760254 0.31871476769447327 -0.5799593925476074
-0.9146375060081482 0.3691211938858032 1.1124744415283203
-0.9327144026756287 0.6844215393066406 0.31577610969543457
-1.240728735923767 0.6531374454498291 -0.02903085947036743
-0.0390833243727684 0.6944666504859924 -0.4465959668159485
-0.6781486868858337 0.37172847986221313 0.9886486530303955
-1.0951985120773315 0.2914491593837738 1.0022566318511963
-1.0008525848388672 0.5903592109680176 0.12569080293178558
-0.557973325252533 0.714468240737915 -0.5099486112594604
-1.3108195066452026 0.44558703899383545 0.4858466386795044
-0.3081107437610626 0.8001803755760193 -0.25007379055023193
-1.519996166229248 0.4910998046398163 -0.1147867739200592
-0.9785205125808716 0.40421080589294434 -0.10750370472669601
-1.1296976804733276 0.6802836656570435 0.6484752893447876
-1.33389413356781 0.3345467448234558 0.19654618203639984
-1.1710237264633179 0.4648727476596832 -0.2523339092731476
-0.20141427218914032 0.36211854219436646 1.4874131679534912
0.12189918011426926 0.46413764357566833 -0.3232631981372833
-0.57912677526474 0.3133578598499298 0.2440677434206009
0.3968789279460907 0.7410941123962402 -0.2419007122516632
-1.191906452178955 0.3759160041809082 0.9185183644294739
-1.3061124086380005 0.44104933738708496 0.33096468448638916
0.1991288959980011 0.9805057048797607 -0.13761495053768158
0.044797565788030624 0.38200703263282776 0.19230127334594727
-0.1492900550365448 0.5773991942405701 1.3698019981384277
0.675854504108429 0.6761099100112915 0.8584179282188416
0.026839876547455788 0.3078892230987549 0.7063581943511963
-0.7620254755020142 0.817280650138855 -0.08200425654649734
-0.4115026295185089 0.697981059551239 -0.041622258722782135
-0.6401534080505371 0.560127854347229 1.7591034173965454
-0.4606001079082489 0.4370071291923523 -0.1137266755104065
-0.5194905996322632 0.36617910861968994 1.2422982454299927
-0.840471088886261 0.4112510681152344 0.5689921975135803
0.5416117310523987 0.7450496554374695 -0.4226662218570709
-0.8705999851226807 0.5960218906402588 1.7499445676803589
-0.46582886576652527 0.4192046523094177 0.63636714220047
-1.0715036392211914 0.39611130952835083 1.795973539352417
-0.695853590965271 0.3628988564014435 0.1791394203901291
0.2019815444946289 0.567604124546051 1.1858125925064087
-1.0722600221633911 0.3939876854419708 1.359974980354309
-0.19786827266216278 0.38844338059425354 0.5481723546981812
-0.337563157081604 0.32382991909980774 0.6165679693222046
-1.3887978792190552 0.782406747341156 -0.28566592931747437
-0.4242548942565918 0.42750149965286255 0.9200305342674255
-1.472231149673462 0.9421538710594177 -0.39536362886428833
-1.317138671875 0.5273228883743286 1.3718814849853516
-0.5541797876358032 0.3186204731464386 0.8066326379776001
-0.7187837362289429 0.43437135219573975 1.3666880130767822
-0.2471543550491333 0.3026546239852905 0.9122087359428406
-0.17760390043258667 0.5690639019012451 0.0729760006070137
0.22198458015918732 0.4530535936355591 0.18230295181274414
0.16278138756752014 0.5780976414680481 0.6735188364982605
-0.7302895784378052 0.34592652320861816 0.6404901742935181
0.03491614758968353 0.486417293548584 0.8856217861175537
-0.3959234356880188 0.38137108087539673 0.23219341039657593
-0.06339132785797119 0.40564578771591187 0.21452997624874115
-0.19809724390506744 0.477603554725647 1.0388848781585693
0.3496389091014862 0.5516975522041321 0.9437639117240906
0.0378962978720665 0.363916277885437 0.47039344906806946
0.1296301782131195 0.5193460583686829 0.3729500472545624
-0.8213925361633301 0.5998305678367615 0.4095923900604248
-0.22215743362903595 0.4230765402317047 0.2836958169937134
-0.5883516669273376 0.5463760495185852 0.13959798216819763
-0.6859180927276611 0.3731914162635803 0.39025405049324036
-0.504688024520874 0.5937071442604065 1.0861014127731323
-0.39668551087379456 0.7235291004180908 0.17398662865161896
-0.8275526165962219 0.5341289043426514 0.756365180015564
-0.11067772656679153 0.7196677327156067 0.17851349711418152
0.07585625350475311 0.6532659530639648 0.2759387195110321
-0.034970980137586594 0.6299120783805847 0.9771298170089722
-0.36110442876815796 0.38513660430908203 0.37326526641845703
-0.7020525932312012 0.7066185474395752 0.31101787090301514
0.01597568951547146 0.856521487236023 0.44308507442474365
-0.0033387010917067528 0.7253433465957642 0.8011422157287598
-0.3742977976799011 0.8472132086753845 0.2681431472301483
0.11528652161359787 0.7102510333061218 0.545674204826355
-0.8171390295028687 0.6579257845878601 0.6985700130462646
-0.5916844606399536 0.4679873287677765 1.0146100521087646
-0.6580924987792969 0.7975216507911682 0.6497538089752197
-0.4575417935848236 0.8071783185005188 0.892353355884552
-0.5735510587692261 0.8506163358688354 0.43670234084129333
-0.630359947681427 0.6850943565368652 0.92445307970047
-0.4455154538154602 1.105133295059204 0.3879911005496979
-0.3554517328739166 1.0311648845672607 0.9029121994972229
-0.281844824552536 0.6611891984939575 1.0422462224960327
-0.07753358781337738 1.1400701999664307 0.4247128665447235
-0.20239858329296112 0.8509265184402466 0.8974235653877258
-0.20114748179912567 0.983600914478302 0.31792566180229187
-0.2880394160747528 1.3764930963516235 0.40696215629577637
-0.25636687874794006 1.7545651197433472 0.4288538694381714
-0.1627444475889206 1.932344675064087 0.6545474529266357
-0.5553035736083984 1.2365972995758057 0.5628801584243774
-0.4393503963947296 2.0372161865234375 0.28431642055511475
-0.00746234692633152 0.9050519466400146 0.743278443813324
-0.22177670896053314 2.0371487140655518 0.4138854444026947
-0.5637816786766052 1.90375816822052 0.35648712515830994
-0.46475750207901 1.5324336290359497 0.4370366036891937
-0.5830777287483215 0.9970457553863525 0.7040818929672241
-0.060448162257671356 1.3239185810089111 0.6669300198554993
-0.027436841279268265 1.1001145839691162 0.7268919944763184
-0.23979954421520233 1.2869255542755127 0.8561318516731262
-0.3802204132080078 2.2563986778259277 0.20951393246650696
-0.5512155294418335 1.5334224700927734 0.776816189289093
-0.497927725315094 1.273407220840454 0.7961940169334412
-0.22304408252239227 1.6754076480865479 0.8018200397491455
-0.43383345007896423 1.7186366319656372 0.8716555833816528
-0.6002516150474548 1.7260831594467163 0.46129193902015686
-0.18620605766773224 2.1398441791534424 0.7137397527694702
-0.10819076001644135 1.5523306131362915 0.5946139097213745
-0.23447832465171814 2.417041778564453 0.3154981732368469
-0.6403797268867493 2.259387493133545 0.2317480742931366
-0.20033885538578033 2.3590645790100098 0.49954068660736084
-0.6776362061500549 1.9043488502502441 0.7683165669441223
-0.6403123736381531 1.7057316303253174 0.6744420528411865
-0.7760341763496399 2.6711769104003906 0.4905618727207184
-0.46874985098838806 2.679234027862549 0.612720251083374
-0.735517680644989 2.0349669456481934 0.45700716972351074
-0.8092969655990601 2.255319595336914 0.4772716462612152
-0.7850683331489563 2.5955331325531006 0.20871546864509583
-0.7273808121681213 2.429624557495117 0.6759247183799744
-0.38937103748321533 1.976931095123291 0.8860169649124146
-0.5144516229629517 2.480560779571533 0.12599608302116394
-0.7567347884178162 2.088498592376709 0.6942511796951294
-0.8154277205467224 2.426074504852295 0.34383508563041687
-0.7420020699501038 2.8962981700897217 0.24820487201213837
-0.30790823698043823 4.02616024017334 0.6652489304542542
-0.38445478677749634 2.250246286392212 0.8350890278816223
-0.5969017744064331 2.2452335357666016 0.8259360790252686
-0.7851375937461853 4.656985282897949 0.43453657627105713
-0.8153814077377319 4.752270698547363 0.2483483850955963
-0.11784787476062775 4.119679927825928 0.5307581424713135
-0.6280561089515686 2.918907642364502 0.41115042567253113
-0.36718279123306274 3.0010576248168945 0.08117663115262985
-0.5185028314590454 2.630913019180298 0.018148792907595634
-0.43397170305252075 4.105107307434082 0.6648262143135071
-0.667679488658905 2.806215286254883 0.0431385412812233
-1.030319094657898 4.88592004776001 0.5919362902641296
-0.24845200777053833 2.710984706878662 0.4231087565422058
-0.2964966893196106 2.498748302459717 0.6625818014144897
-0.27775588631629944 2.7109830379486084 0.045782409608364105
-0.619727611541748 4.6185994148254395 0.5318160057067871
-0.5707253217697144 4.69215202331543 0.33861812949180603
-0.5083428621292114 4.346924781799316 0.5480327606201172
-0.13461042940616608 4.0865302085876465 0.6660862565040588
-0.24472513794898987 4.068179130554199 0.7556881308555603
-0.9948641061782837 4.851507186889648 0.2731829881668091
-0.5952576994895935 3.0397889614105225 0.11788975447416306
-0.3031918704509735 2.714982032775879 0.12874606251716614
-0.6636477708816528 4.870221138000488 0.1655241847038269
-0.5565661191940308 4.814080715179443 0.7151691317558289
-0.41920313239097595 4.847012042999268 0.549770176410675
-0.9496073126792908 4.753625869750977 0.4743034541606903
-0.2941775321960449 4.01728630065918 0.6012079119682312
-0.4347137212753296 4.195634365081787 0.4686304032802582
-0.8687452673912048 5.187698841094971 0.7964035868644714
-0.4150111675262451 5.099092960357666 0.6841418147087097
-0.5027643442153931 4.979095458984375 0.22316516935825348
-0.34445419907569885 5.781649589538574 0.5161668658256531
-1.0707138776779175 5.019834041595459 0.207431823015213
-1.174786925315857 5.507879257202148 0.48731985688209534
-0.942829430103302 5.155062675476074 0.13457582890987396
-0.6803078055381775 5.042599201202393 0.8468427062034607
-1.076699137687683 5.218163013458252 0.6444652080535889
-1.132453441619873 5.581709384918213 0.38634416460990906
-0.8801630139350891 4.885003089904785 0.7580095529556274
-1.1485792398452759 5.232652187347412 0.2830444276332855
-0.2548222243785858 4.325638771057129 0.4388394355773926
-0.7806311845779419 5.180180072784424 0.07657232880592346
-0.8470057845115662 5.398380279541016 -0.031365979462862015
-0.5199829936027527 5.2327704429626465 0.2685489058494568
-0.7563803195953369 4.734982490539551 0.6934168338775635
-0.3813435435295105 5.031697750091553 0.42181846499443054
-0.37422534823417664 5.328620910644531 0.5544976592063904
-0.8988860845565796 5.417906284332275 0.8027955889701843
-1.00299072265625 5.521306037902832 0.6566876769065857
0.2254146784543991 7.158905506134033 0.9433995485305786
-1.145643711090088 5.102147579193115 0.49942848086357117
-0.4759209156036377 5.279085159301758 0.7586933970451355
-0.1577405482530594 7.224911689758301 1.1917920112609863
-0.3188633620738983 5.91218900680542 0.6639263033866882
-0.3882031738758087 5.463657855987549 0.3940749764442444
-1.0061733722686768 5.495397567749023 0.09026571363210678
-0.763231635093689 5.642557144165039 -0.04079845920205116
-1.1321779489517212 5.614395618438721 0.23674362897872925
-0.5787460803985596 5.4466986656188965 0.8071792125701904
-1.0277605056762695 5.826100826263428 0.2852247655391693
-0.4399352967739105 5.650191307067871 0.24931862950325012
-0.5210963487625122 5.921946048736572 0.22776107490062714
-0.6685150265693665 6.058403491973877 0.4838863015174866
0.16243278980255127 7.124141693115234 1.1302555799484253
-0.8627641201019287 5.762851238250732 0.614387035369873
-0.6130058169364929 6.095956802368164 0.5951270461082458
-0.7449162602424622 5.618889331817627 0.8127854466438293
-0.3291226327419281 5.594916820526123 0.6812160015106201
-0.5228347778320312 5.450146675109863 0.09339811652898788
-0.2267942875623703 7.206191539764404 0.9776322841644287
-0.5504950881004333 6.075492858886719 0.2769016921520233
-0.026178304105997086 7.098053932189941 1.136204481124878
-0.8391722440719604 5.7809624671936035 0.030448324978351593
-0.6652587652206421 5.385237693786621 0.004891863092780113
-0.07747557014226913 7.114381313323975 0.8598764538764954
-0.008373595774173737 7.312266826629639 1.3271410465240479
-0.3943950831890106 5.8761749267578125 0.8060548901557922
-0.27361634373664856 7.471520900726318 1.0180809497833252
-0.4910476505756378 5.686446189880371 0.838703989982605
-0.8516182899475098 5.999070644378662 0.2716844081878662
0.1577100306749344 7.215019702911377 1.259199619293213
-0.2137659788131714 7.435188293457031 1.232803225517273
0.3417453467845917 7.291657447814941 1.0711736679077148
-0.05076728016138077 7.2185564041137695 0.7288399934768677
-0.573769748210907 7.996940612792969 0.13337402045726776
0.077264204621315 7.574090957641602 1.2344582080841064
-0.4227875769138336 7.897871017456055 -0.012821754440665245
0.16676399111747742 7.175561904907227 0.8210304975509644
0.403912752866745 7.358911514282227 0.8007575869560242
-0.32326745986938477 7.732977867126465 0.2872414290904999
-0.45356443524360657 7.892414569854736 0.18829482793807983
0.23984591662883759 7.709472179412842 0.8388107419013977
-0.0060813287273049355 7.735299587249756 0.9347663521766663
-0.18358491361141205 7.625228404998779 0.8688482046127319
-0.5372443795204163 8.083779335021973 -0.026051996275782585
0.3426308035850525 7.584583759307861 0.6089372038841248
0.20984312891960144 7.389969348907471 0.6252785325050354
0.3076094090938568 7.535455703735352 1.0571554899215698
-0.2413177192211151 7.905763626098633 0.07953324168920517
-0.09959785640239716 7.32868766784668 0.6621717214584351
-0.1945486217737198 7.93570613861084 0.19200628995895386
0.1618066132068634 7.6191792488098145 0.5158286094665527
-0.26476621627807617 8.290916442871094 -0.10775952786207199
-0.5695549249649048 8.411308288574219 -0.04049026593565941
-0.22001861035823822 8.191424369812012 -0.04630430415272713
-0.4321047067642212 8.061591148376465 0.350961834192276
-0.07332012802362442 7.505884647369385 0.5353288650512695
-1.1982225179672241 8.391706466674805 1.503497838973999
-0.22036799788475037 8.256178855895996 0.33795931935310364
-0.6392485499382019 8.662775039672852 0.13362421095371246
-0.5399793982505798 8.36095142364502 0.3391803503036499
-0.23214973509311676 8.58079719543457 0.20253756642341614
-0.5155319571495056 8.467546463012695 0.45733338594436646
-0.1512133926153183 7.617204666137695 0.4194093346595764
-0.2697049081325531 8.881559371948242 -0.177737757563591
-0.38389647006988525 8.780058860778809 -0.08316021412611008
-0.5905024409294128 8.412017822265625 0.40784186124801636
-0.19937193393707275 8.674352645874023 0.09203033149242401
-0.2342946082353592 9.208346366882324 -0.20001323521137238
-0.45508450269699097 8.487430572509766 0.16442783176898956
-0.6238815784454346 8.948104858398438 0.18061921000480652
-1.1883591413497925 8.454116821289062 1.48430597782135
-0.3229309916496277 9.441147804260254 1.042184591293335
-0.5035439729690552 8.80954647064209 -0.10285119712352753
-0.43995416164398193 9.432238578796387 0.7708107233047485
-0.16889795660972595 9.159292221069336 0.14157386124134064
-0.28992271423339844 9.04742431640625 0.2616007328033447
-0.4481363296508789 8.350934982299805 0.5750163197517395
-0.44647860527038574 8.860830307006836 0.37066060304641724
-0.22289007902145386 9.345053672790527 0.8600414395332336
-0.15990138053894043 9.006387710571289 -0.05806649103760719
-0.6085535883903503 9.098260879516602 0.04433222860097885
-0.26862281560897827 9.310429573059082 0.7719761729240417
-0.45605242252349854 9.769007682800293 0.4850720763206482
-0.3709246814250946 9.480484962463379 0.612500786781311
-0.3725148141384125 9.30162239074707 0.22544771432876587
-0.05813445895910263 9.315144538879395 -0.11286558210849762
-0.5607664585113525 9.29205322265625 -0.18247313797473907
-0.3691091537475586 9.35710334777832 -0.35644230246543884
-0.1276344507932663 9.408759117126465 0.9759421944618225
-0.5760821104049683 9.402283668518066 -0.03668900206685066
-0.020554793998599052 9.488642692565918 -0.0950624868273735
-0.3735484182834625 9.774687767028809 0.8739264011383057
-0.1841886341571808 9.520222663879395 -0.3303292691707611
-0.3382626175880432 9.937148094177246 -0.21325425803661346
-0.40268728137016296 9.65419864654541 1.087239384651184
-0.5118388533592224 9.772822380065918 -0.0019958741031587124
-0.18613611161708832 9.617076873779297 0.17619410157203674
-0.5229378938674927 9.525460243225098 -0.19550393521785736
-0.19176778197288513 9.618779182434082 0.998184323310852
-0.12272710353136063 9.666001319885254 1.0347118377685547
-0.3572758436203003 9.579286575317383 0.24241092801094055
0.0019542346708476543 9.695317268371582 0.004779486451297998
-0.5060633420944214 10.068643569946289 0.8094810843467712
-0.6285572648048401 9.999263763427734 -0.12943008542060852
-0.16094046831130981 10.156943321228027 0.21617382764816284
0.01727220229804516 10.025303840637207 0.16216619312763214
-0.3195306956768036 9.845864295959473 0.2604488730430603
0.00021636858582496643 9.814685821533203 0.03642967343330383
-0.4570348858833313 10.1459321975708 1.039597511291504
-0.22905492782592773 9.97927474975586 0.8561015129089355
-0.2785722017288208 10.166922569274902 0.3330167829990387
-0.13035404682159424 10.132909774780273 0.8671976327896118
-0.6730777025222778 10.056422233581543 -0.24781742691993713
-0.5555132627487183 10.336677551269531 0.9441074132919312
-0.2353295087814331 10.158945083618164 0.6055209040641785
-0.557282567024231 10.348494529724121 1.0288490056991577
-0.612269937992096 10.1248197555542 0.935484766960144
-0.6872903108596802 10.393134117126465 0.9218518733978271
-0.9376949667930603 10.2457914352417 -0.1832747459411621
-0.04082947224378586 10.035136222839355 0.02870660088956356
-0.09828295558691025 10.323969841003418 0.9265725612640381
-0.08155626058578491 10.43411636352539 0.8681570291519165
-0.12001953274011612 10.428437232971191 0.9859673380851746
-0.06560975313186646 10.362396240234375 0.34535232186317444
-0.08949262648820877 10.459068298339844 0.5409817695617676
-0.835216224193573 10.382684707641602 -0.23234544694423676
0.07885850965976715 10.59504222869873 0.6678169965744019
-0.5901776552200317 10.515798568725586 0.588861346244812
-0.040564220398664474 10.748109817504883 0.7227323651313782
-0.03264998272061348 10.639753341674805 0.501903772354126
-0.8770169615745544 10.508185386657715 -0.16594108939170837
0.028070420026779175 10.657567024230957 1.0353056192398071
-0.6529198288917542 10.538827896118164 0.9714067578315735
0.2003263533115387 10.953470230102539 1.1348018646240234
-0.42662662267684937 10.639747619628906 1.021604299545288
-0.16227667033672333 10.819211959838867 0.4263794720172882
0.051227252930402756 10.83857536315918 0.6311087012290955
0.16346004605293274 11.151968002319336 -0.18068690598011017
-0.04093295335769653 10.882671356201172 0.8110696077346802
0.03559015691280365 11.112934112548828 -0.03958180546760559
-1.308713436126709 11.035219192504883 0.2673223614692688
-0.3256438970565796 11.197641372680664 -0.22620439529418945
-1.0378788709640503 11.191547393798828 1.2962292432785034
-1.1600401401519775 11.123263359069824 0.4924633800983429
-0.8702925443649292 11.198959350585938 1.405479907989502
-1.0511112213134766 11.143959045410156 1.3777128458023071
-1.037325143814087 11.293728828430176 1.3552844524383545
-0.029878389090299606 11.181897163391113 -0.2932553291320801
-1.1193815469741821 11.253175735473633 1.2363730669021606
0.4096698462963104 11.273776054382324 1.193511962890625
-0.07356507331132889 11.209769248962402 -0.030602294951677322
-0.00996081531047821 11.188390731811523 1.1894396543502808
0.21613502502441406 11.26000690460205 -0.3617188632488251
-0.09924239665269852 11.311383247375488 -0.24549119174480438
0.019814131781458855 11.33057975769043 0.37416747212409973
-0.8102185726165771 11.314956665039062 1.2722949981689453
0.18259264528751373 11.410746574401855 1.4689868688583374
-0.5133094191551208 11.387478828430176 1.280330777168274
0.14127328991889954 11.417115211486816 -0.25150224566459656
-0.8474529385566711 11.40530776977539 -0.09709203988313675
-0.42443880438804626 11.477141380310059 -0.2547036409378052
-1.4171576499938965 11.485983848571777 0.011694877408444881
-0.08310207724571228 11.457194328308105 0.884262204170227
-1.2215925455093384 11.500948905944824 0.856586754322052
-1.3785511255264282 11.485068321228027 0.1723266988992691
-0.9899603128433228 11.503957748413086 0.36257490515708923
-0.21571339666843414 11.52249526977539 0.1305668205022812
0.17720119655132294 11.54242992401123 -0.4206703305244446
-1.2376052141189575 11.561120986938477 0.8784074783325195
-0.1610729843378067 11.575762748718262 1.4443033933639526
-0.4863728880882263 11.579638481140137 0.04434238374233246
