538
-2.157309055328369 0.4149412214756012 1.198915719985962
-2.1545848846435547 0.3911092281341553 -0.4866883456707001
-1.6211520433425903 0.6786870956420898 0.5838561654090881
0.4857162535190582 0.4759024679660797 -0.08781079202890396
-2.0088095664978027 0.3040565848350525 0.19836574792861938
-1.035484790802002 0.3237820565700531 -1.1855701208114624
-0.22811757028102875 0.284606397151947 0.6372178792953491
-1.945144772529602 0.43985581398010254 1.499930500984192
-0.6635656356811523 0.29616037011146545 -0.8990787863731384
-0.7150933742523193 0.39352816343307495 -1.2013838291168213
0.5836364030838013 0.4458387792110443 -0.7774928212165833
-2.1574225425720215 0.5184272527694702 0.02826821245253086
-2.205656051635742 0.5885956883430481 0.41563114523887634
-2.232041358947754 0.2913225293159485 -0.1987387090921402
-1.2897835969924927 0.334389328956604 1.7736828327178955
-2.2811660766601562 0.28921806812286377 0.1305636167526245
-2.376875877380371 0.38469475507736206 0.5709463357925415
0.379848837852478 0.44831275939941406 -1.091356873512268
-0.5780467391014099 0.33663085103034973 -1.1524105072021484
-1.9291104078292847 0.29552915692329407 1.037915587425232
0.06627412885427475 0.31384795904159546 1.8988221883773804
0.818795919418335 0.3809644281864166 -0.5096229314804077
0.5124815106391907 0.49621832370758057 -0.38679200410842896
-2.3827826976776123 0.323642373085022 0.29370176792144775
-1.013680100440979 0.2862747609615326 1.3147141933441162
-0.4503738582134247 0.4329448342323303 -1.1641745567321777
-1.6950199604034424 0.3475011885166168 1.7596514225006104
-2.3051340579986572 0.30729109048843384 0.05058338865637779
0.7307600975036621 0.47386279702186584 -0.6459359526634216
-1.5248689651489258 0.3790770471096039 1.2170430421829224
-0.8367452025413513 0.3297506272792816 -1.1738187074661255
0.8307408690452576 0.3598528802394867 0.9933878183364868
0.5404759645462036 0.6215511560440063 1.1551201343536377
-1.4862308502197266 0.5581122040748596 1.1750859022140503
-1.861944317817688 0.6083296537399292 1.0984002351760864
-1.5318098068237305 0.3164573609828949 1.752156376838684
0.7337666749954224 0.4527773857116699 0.0836782306432724
-2.223879337310791 0.30324411392211914 -0.33960455656051636
0.5648908615112305 0.3212919533252716 -0.7061918377876282
-1.9123179912567139 0.3181173503398895 -0.5586483478546143
-1.4780361652374268 0.293375700712204 1.8541820049285889
0.8112650513648987 0.29034915566444397 0.7432107925415039
-0.9587945938110352 0.34808847308158875 -1.0106040239334106
0.29152631759643555 0.2966366410255432 1.12320876121521
-0.3902018368244171 0.28561684489250183 -0.8428440093994141
0.08292146027088165 0.48670461773872375 -1.1876978874206543
-1.6903477907180786 0.6244615912437439 1.3726997375488281
-2.0381884574890137 0.2951645255088806 0.7268073558807373
-0.28935739398002625 0.3333718776702881 -0.5054397583007812
-1.4514626264572144 0.6403439044952393 -0.7706068158149719
-1.8678834438323975 0.40803420543670654 -0.8327915072441101
-0.8265662789344788 0.34378573298454285 -0.14547701179981232
-0.7699993848800659 0.3152965307235718 -0.6903268098831177
-1.799710750579834 0.2978193163871765 1.3178728818893433
-1.3979859352111816 0.5401358604431152 -0.4185402989387512
0.6595777869224548 0.3339405953884125 1.5583034753799438
-1.3325693607330322 0.4298507869243622 0.9886584281921387
0.2713630795478821 0.2912140488624573 -0.8045960068702698
-1.1813830137252808 0.306113600730896 -1.1723759174346924
-2.381171226501465 0.3095591962337494 0.44787925481796265
-0.9401873350143433 0.37286993861198425 -0.47613099217414856
-0.05605036020278931 0.32844752073287964 -0.8135172128677368
-0.7050180435180664 0.4818284213542938 -0.760705292224884
-1.4814540147781372 0.30416062474250793 -1.087450385093689
-1.8375729322433472 0.34577426314353943 1.636763334274292
-1.913047432899475 0.3036063313484192 -0.7705854177474976
0.8505003452301025 0.5381786227226257 1.5311686992645264
-2.141932725906372 0.39726272225379944 1.3726048469543457
-1.5568032264709473 0.284606397151947 1.5259723663330078
0.8985019326210022 0.33507683873176575 0.9550042152404785
-0.20589429140090942 0.3311867415904999 1.9810950756072998
-1.9881879091262817 0.2846565246582031 -0.12214219570159912
-0.022760532796382904 0.2905729413032532 -1.121347188949585
0.33358821272850037 0.3193950653076172 1.6628953218460083
0.7791963815689087 0.35301902890205383 1.639631986618042
-2.2552618980407715 0.41972899436950684 1.2097059488296509
0.8341644406318665 0.4938032031059265 1.340295672416687
0.4681284427642822 0.4483417868614197 1.4125025272369385
-0.9521145224571228 0.5481753349304199 -1.1820402145385742
-1.1809531450271606 0.31363874673843384 -0.0565035343170166
0.7833400964736938 0.34254658222198486 1.0907171964645386
0.6501665115356445 0.3167022466659546 1.2275470495224
-1.542534589767456 0.3221430778503418 0.8845477104187012
-1.9357528686523438 0.30163079500198364 0.4894719123840332
-0.8571226596832275 0.3441859185695648 1.9786320924758911
0.7913485169410706 0.2936244606971741 -0.3994675874710083
0.5703823566436768 0.5292891263961792 1.7324882745742798
-2.3602967262268066 0.32978659868240356 0.709900438785553
-1.2465996742248535 0.40412673354148865 -0.9761262536048889
-0.6988757848739624 0.3034711480140686 -0.40494880080223083
0.7331892848014832 0.6064412593841553 1.5534042119979858
-0.11048179119825363 0.4462902545928955 0.9754233956336975
-0.32652533054351807 0.3736392557621002 2.093928098678589
-0.10375919193029404 0.6154047846794128 -1.1326874494552612
-1.3367571830749512 0.3894801735877991 -1.169842004776001
-1.3700051307678223 0.3414233922958374 -0.7381609082221985
-2.089381694793701 0.5268506407737732 0.6826252341270447
-0.7886164784431458 0.6912689208984375 -0.6804056763648987
0.35751137137413025 0.4273454546928406 0.39957714080810547
-0.06026775389909744 0.4898189902305603 1.9030998945236206
-1.0570366382598877 0.386807918548584 1.9652225971221924
-1.05037522315979 0.5982363820075989 -0.9005774259567261
-0.49127721786499023 0.5828734636306763 1.9799678325653076
-0.6124391555786133 0.5690997838973999 0.7164739966392517
-2.317919969558716 0.37878352403640747 1.0727736949920654
-0.48260781168937683 0.34338265657424927 2.0237820148468018
0.3642391562461853 0.5928018093109131 0.624931275844574
-1.977469801902771 0.41088026762008667 1.5301430225372314
-1.7568515539169312 0.33435356616973877 0.9060062170028687
0.6697152853012085 0.38695356249809265 0.49562400579452515
-1.7252378463745117 0.35022667050361633 -0.9578827023506165
-1.9360849857330322 0.6232738494873047 0.7634240388870239
-0.4473702013492584 0.7195537090301514 -0.9483664631843567
-0.6394482851028442 0.4582347869873047 2.058445930480957
0.48820173740386963 0.4355867803096771 1.6765269041061401
-2.3354945182800293 0.40203848481178284 0.8587700128555298
-0.5291090607643127 0.379238486289978 1.2222031354904175
-1.9558169841766357 0.5448076128959656 -0.3761461079120636
0.5580019950866699 0.4451654255390167 0.15768755972385406
-1.7222694158554077 0.3870777189731598 0.3700481355190277
-1.2644771337509155 0.30921050906181335 1.9617727994918823
-2.062972068786621 0.35730090737342834 -0.6502610445022583
-1.6565282344818115 0.4026087820529938 -0.9755781292915344
-2.3804521560668945 0.34353482723236084 0.9303138852119446
0.2609865367412567 0.6283697485923767 0.30830422043800354
-0.18641133606433868 0.284606397151947 1.7398319244384766
-0.759361743927002 0.2852526009082794 1.5575292110443115
-1.0499732494354248 0.29577717185020447 -0.7016961574554443
-1.6022683382034302 0.35411694645881653 -0.478412002325058
-1.596953272819519 0.3487054109573364 0.07299216091632843
-1.3469600677490234 0.49078941345214844 1.4684666395187378
-0.4874817728996277 0.6293476223945618 -0.734400749206543
-1.5820765495300293 0.5448110103607178 -0.8954736590385437
0.0395200289785862 0.4437301456928253 -0.46332600712776184
0.25567591190338135 0.468500018119812 1.884406328201294
0.3875100016593933 0.28489863872528076 -0.11096658557653427
-1.0720901489257812 0.33583393692970276 1.6843379735946655
-0.9863982200622559 0.49393969774246216 -0.5254400968551636
-1.2721772193908691 0.6062970161437988 1.7077741622924805
-0.14505507051944733 0.6811216473579407 -0.8435201644897461
0.5771036148071289 0.6380257606506348 0.8748494386672974
0.6852590441703796 0.6209763884544373 0.2840144634246826
0.2677561640739441 0.5225816965103149 -0.7553332448005676
-1.1208306550979614 0.3386059105396271 0.6299961805343628
0.5918276906013489 0.6647276282310486 0.1189570501446724
0.08958887308835983 0.5996896028518677 -1.1975092887878418
-0.5108188986778259 0.5665561556816101 -1.1123101711273193
-0.1730503886938095 0.46213436126708984 1.984655737876892
-0.3030291199684143 0.437946081161499 -1.1203440427780151
0.4381062090396881 0.376497358083725 -0.9142549633979797
0.44194430112838745 0.3609108328819275 -0.5845216512680054
-0.34443607926368713 0.4615241289138794 1.6393039226531982
0.6952672004699707 0.7332845330238342 0.40814438462257385
-0.7264878749847412 0.3481440544128418 1.8112183809280396
0.17504340410232544 0.3760139048099518 1.7442607879638672
0.4057987928390503 0.3326796889305115 0.7569307684898376
0.09693560004234314 0.36257463693618774 -1.1737302541732788
-0.7348154783248901 0.5039812326431274 1.1681790351867676
-0.5709865093231201 0.8148516416549683 -0.5833723545074463
0.6987513899803162 0.3047792613506317 0.6685854196548462
-0.12531785666942596 0.507594883441925 1.2725192308425903
-0.8639194369316101 0.39958062767982483 1.8838446140289307
-0.46376660466194153 0.5760883688926697 -0.5577338933944702
0.3452962636947632 0.3422732651233673 -1.1251479387283325
0.29326131939888 0.42406219244003296 1.3764079809188843
-0.3798399865627289 0.40324872732162476 1.2766332626342773
-0.5544067621231079 0.45284903049468994 1.7038613557815552
0.16280435025691986 0.45574018359184265 -0.4861648678779602
0.4404342770576477 0.41770535707473755 0.31012219190597534
0.5495346784591675 0.29721638560295105 -0.06112099438905716
0.07405614852905273 0.7272176742553711 -0.5361377000808716
0.0036041587591171265 0.33556872606277466 0.43863388895988464
-0.766998291015625 0.6015099883079529 1.99319589138031
-0.1131046786904335 0.37545058131217957 1.5790446996688843
0.7578791975975037 0.32776138186454773 0.1336124986410141
0.7105069756507874 0.6727104187011719 0.5924025177955627
0.024680957198143005 0.29221874475479126 -0.6854397058486938
0.8070073127746582 0.3015715181827545 -0.2664070725440979
-0.9754589796066284 0.3444850444793701 0.23513534665107727
-1.929975152015686 0.6523857116699219 0.5081345438957214
0.7768992781639099 0.3760918378829956 -0.11854035407304764
0.11452260613441467 0.29495859146118164 0.1737363338470459
0.46937209367752075 0.37954115867614746 0.9625778198242188
0.3613717555999756 0.7587751150131226 1.1906191110610962
-0.2630487382411957 0.3371330201625824 -0.28238895535469055
-0.7841145396232605 0.7506330013275146 -0.16270169615745544
-0.5295793414115906 0.3002505898475647 -0.4883861541748047
0.019811972975730896 0.36645379662513733 0.9860165119171143
0.10706756263971329 0.3447127342224121 1.5014287233352661
0.522888720035553 0.3087165951728821 -0.41655924916267395
0.8576011657714844 0.43512481451034546 0.5880113840103149
-0.22363632917404175 0.49623945355415344 -0.7499605417251587
-0.12612757086753845 0.3448745012283325 -0.5934694409370422
0.2545084059238434 0.3481143116950989 -0.33410465717315674
-0.6350997686386108 0.4454375207424164 -0.19994604587554932
-1.2503085136413574 0.6170141696929932 0.2919010519981384
-1.228816270828247 0.6712440252304077 0.6913737058639526
-0.4174765348434448 0.7977113127708435 1.2494038343429565
-1.5175586938858032 0.670463502407074 0.9938413500785828
0.2747001349925995 0.5493587851524353 1.0607129335403442
-1.9248517751693726 0.5213661193847656 0.17131255567073822
-1.715142011642456 0.41867151856422424 -0.18713971972465515
0.13189122080802917 0.5428633689880371 0.7014236450195312
-0.09557695686817169 0.4943510591983795 -0.10668346285820007
-1.1618609428405762 0.4095250070095062 1.1692390441894531
-0.9209794402122498 0.4953767657279968 1.5254348516464233
-0.9173183441162109 0.2907624840736389 0.6141470074653625
0.058509957045316696 0.7671343088150024 1.4019017219543457
0.09005141258239746 0.5598718523979187 1.3355364799499512
-0.9935401678085327 0.4117163121700287 1.1720354557037354
-1.3722251653671265 0.45960307121276855 0.5584540367126465
-0.18973210453987122 0.3519989252090454 0.10703372955322266
-0.49549323320388794 0.7182441353797913 1.4631108045578003
-1.1725014448165894 0.4157721996307373 -0.3873220682144165
-1.6908960342407227 0.5317323207855225 -0.4878668189048767
-0.6816779375076294 0.5750002264976501 1.0148156881332397
-0.5774722695350647 0.6073248386383057 0.43840673565864563
-0.9581984877586365 0.3058374524116516 0.01444368064403534
-0.05107920244336128 0.744538426399231 -0.27524515986442566
-0.5748578906059265 0.4853367507457733 0.9331126809120178
-0.8954775333404541 0.3002747893333435 0.9430338740348816
-0.874910295009613 0.4765703082084656 0.17179785668849945
-0.4575123190879822 0.6890668869018555 -0.3522603511810303
-1.021435022354126 0.49617746472358704 0.4393858015537262
-0.3056495785713196 0.6714162826538086 -0.11392524838447571
-1.4269413948059082 0.3267545998096466 -0.05969216674566269
-0.7834005951881409 0.548414945602417 -0.0856747031211853
-0.8691931962966919 0.3738390803337097 0.573784351348877
-1.1199747323989868 0.4150492548942566 0.2660146653652191
-1.0335257053375244 0.3020760118961334 -0.21357807517051697
-0.18872742354869843 0.4396282732486725 1.3388805389404297
0.11544813960790634 0.47966787219047546 -0.3120945990085602
-0.49267736077308655 0.36527329683303833 0.31091874837875366
0.323225200176239 0.5917947888374329 -0.11548692733049393
-1.0392683744430542 0.6164742112159729 0.8981824517250061
-1.0462684631347656 0.7936410903930664 0.34093204140663147
0.12539130449295044 0.6240220665931702 -0.09988860040903091
0.04668741673231125 0.5192282199859619 0.26476016640663147
-0.1970561295747757 0.7032548785209656 1.085442066192627
0.46946102380752563 0.7644140124320984 0.693096399307251
-0.11785672605037689 0.3051496744155884 0.594244658946991
-0.6033895015716553 0.4256225824356079 -0.018607178702950478
-0.3226609230041504 0.6470026969909668 0.20747433602809906
-0.7325204014778137 0.8429079055786133 1.534985899925232
-0.3699418008327484 0.6662246584892273 -0.03927099332213402
-0.5186968445777893 0.31056147813796997 1.0180531740188599
-0.7145206928253174 0.6108720898628235 0.5378960371017456
0.33795902132987976 0.7148566246032715 -0.1728161871433258
-0.787861168384552 0.788951575756073 1.509367823600769
-0.39218246936798096 1.245998740196228 0.6137580275535583
-0.8827434778213501 0.7016831040382385 1.4922703504562378
-0.5646563768386841 0.5447419285774231 0.214277446269989
0.10621176660060883 0.7254595756530762 0.9408831596374512
-0.8945826888084412 0.7022538185119629 1.3803530931472778
-0.23799225687980652 1.2480500936508179 0.5436823964118958
-0.25453853607177734 0.5273628234863281 0.5557267665863037
-1.2164456844329834 0.3933422565460205 -0.3506077826023102
-0.40693357586860657 0.616478681564331 0.8063496351242065
-1.306592583656311 0.3454953730106354 -0.3729550242424011
-0.9435697197914124 0.6820885539054871 1.3734662532806396
-0.49559131264686584 1.300844669342041 0.7343837022781372
-0.803874671459198 0.6979961395263672 1.3732446432113647
-0.2831331491470337 1.3112995624542236 0.8156353235244751
-0.23368097841739655 1.6133711338043213 0.16247285902500153
0.14678379893302917 0.683524489402771 0.2826443314552307
0.08467193692922592 1.6214497089385986 0.6632369160652161
-0.6237675547599792 1.370733380317688 0.6392279863357544
-0.08763866871595383 1.3396635055541992 0.678163468837738
-0.019319947808980942 1.4886561632156372 0.8046031594276428
-0.3754366338253021 1.3810040950775146 0.26667675375938416
-0.11834985762834549 1.442107081413269 0.28776997327804565
-0.23446786403656006 1.441439151763916 0.9284494519233704
0.22026675939559937 0.7340696454048157 0.7322683930397034
-0.03225839510560036 1.3884671926498413 0.4793485403060913
0.06768923997879028 1.5797889232635498 0.3898840844631195
-0.6973568797111511 1.6235792636871338 0.4141654074192047
-0.15170566737651825 0.575408935546875 0.2724079191684723
-0.4796622395515442 1.525423288345337 0.2090122550725937
-0.5914604663848877 1.4012185335159302 0.40239331126213074
-0.4666005074977875 1.627885341644287 0.986600399017334
-0.38350531458854675 1.8439661264419556 0.21297267079353333
-0.714198648929596 1.5305665731430054 0.700615406036377
-0.14174681901931763 1.8797557353973389 0.21536360681056976
0.03370201215147972 1.7917457818984985 0.3136192560195923
-0.06732062250375748 1.7384828329086304 0.9062747359275818
-0.33386585116386414 1.2902206182479858 0.402124285697937
-0.6475234627723694 1.8456889390945435 0.3193759322166443
-0.007820213213562965 2.1132798194885254 0.4608652889728546
-0.037232790142297745 1.9445925951004028 0.7759977579116821
-0.38165852427482605 2.083298683166504 0.28633368015289307
0.0592324435710907 1.8911513090133667 0.5505765080451965
-0.7241941690444946 1.7602853775024414 0.6706902384757996
-0.520569384098053 1.4622070789337158 0.9102464914321899
-0.6283544898033142 2.0374655723571777 0.6454334855079651
-0.45297181606292725 2.0722639560699463 0.9042595028877258
-0.5493577122688293 2.0923588275909424 0.45430615544319153
-0.5754841566085815 1.8653711080551147 0.8694072961807251
-0.4467700719833374 2.41133189201355 0.4024023711681366
-0.3632661998271942 2.3358535766601562 0.9119563698768616
-0.29802632331848145 1.7785179615020752 0.9894809126853943
-0.08966527879238129 2.4253978729248047 0.42956677079200745
-0.20433643460273743 2.1289737224578857 0.9027379751205444
-0.21937692165374756 2.267167329788208 0.3343464732170105
-0.3051266670227051 2.6917641162872314 0.4185354709625244
-0.29037222266197205 3.072632074356079 0.4270831048488617
-0.17696857452392578 3.2343454360961914 0.6283663511276245
-0.5566160678863525 2.536842107772827 0.5773126482963562
-0.478206604719162 3.355984687805176 0.27093929052352905
-0.024285119026899338 2.193077802658081 0.7554308772087097
-0.2563530504703522 3.357309341430664 0.39831867814064026
-0.6009707450866699 3.2163219451904297 0.3459882140159607
-0.4897408187389374 2.853905200958252 0.45323607325553894
-0.5777613520622253 2.2884840965270996 0.7213506698608398
-0.06746484339237213 2.637925148010254 0.6689438819885254
-0.03561203554272652 2.4084572792053223 0.728934109210968
-0.23941755294799805 2.591968536376953 0.8623025417327881
-0.40740966796875 3.5866787433624268 0.23237162828445435
-0.557483434677124 2.8534343242645264 0.77953040599823
-0.5037456154823303 2.586414098739624 0.8002592325210571
-0.23877917230129242 2.9926319122314453 0.8029717206954956
-0.4548216462135315 3.0274646282196045 0.8702526092529297
-0.6265149116516113 3.0430595874786377 0.4739583432674408
-0.1895473748445511 3.436326742172241 0.679690957069397
-0.14347940683364868 2.861137628555298 0.6025498509407043
-0.25970664620399475 3.739737033843994 0.31740015745162964
-0.6441508531570435 3.5947303771972656 0.22094792127609253
-0.19815710186958313 3.672945737838745 0.49179819226264954
-0.7190777659416199 3.2172658443450928 0.7546640634536743
-0.6638074517250061 3.024576425552368 0.6783322691917419
-0.7582371830940247 3.9835047721862793 0.4685036242008209
-0.45851701498031616 3.960376739501953 0.5921132564544678
-0.7635663747787476 3.346175193786621 0.4361155033111572
-0.8388988375663757 3.574087619781494 0.4505855441093445
-0.742632269859314 3.9176812171936035 0.20073601603507996
-0.7765292525291443 3.709643840789795 0.6432669162750244
-0.4016450345516205 3.2875139713287354 0.8688206076622009
-0.47740647196769714 3.823679208755493 0.10997287929058075
-0.7946180105209351 3.39680814743042 0.6881526708602905
-0.8156277537345886 3.725121259689331 0.31408950686454773
-0.7238712906837463 4.245694637298584 0.23064802587032318
-0.24203278124332428 5.169795036315918 0.6072574853897095
-0.3958808481693268 3.556396961212158 0.8076187968254089
-0.6190342903137207 3.543712615966797 0.8087596297264099
-0.8197342157363892 5.788642406463623 0.41980433464050293
-0.8474646806716919 5.877870559692383 0.2596172094345093
-0.021460384130477905 5.322118282318115 0.579750657081604
-0.6562677025794983 4.240767478942871 0.43170440196990967
-0.30118128657341003 4.351131916046143 0.09748807549476624
-0.4730113446712494 3.9821624755859375 0.04620125889778137
-0.3529910445213318 5.269949436187744 0.6699094176292419
-0.5988994836807251 4.1544413566589355 0.03947390988469124
-1.0573729276657104 6.033387184143066 0.5939377546310425
-0.2475145161151886 4.018626689910889 0.3713921308517456
-0.2923378050327301 3.7875609397888184 0.6433213949203491
-0.16269204020500183 4.207632541656494 0.14144010841846466
-0.6684858202934265 5.771969795227051 0.4982471466064453
-0.6207257509231567 5.808233261108398 0.3379193842411041
-0.45979902148246765 5.486454010009766 0.5912916660308838
-0.05850948020815849 5.269156455993652 0.7011127471923828
-0.19427679479122162 5.2395806312561035 0.7359240651130676
-1.0125720500946045 6.007975101470947 0.25289100408554077
-0.5628867745399475 4.3782172203063965 0.09422213584184647
-0.2726016640663147 4.108474254608154 0.13311530649662018
-0.6832590103149414 6.003741264343262 0.18015038967132568
-0.5725341439247131 5.965457439422607 0.6938112378120422
-0.46490123867988586 5.995823383331299 0.5267478823661804
-0.9835238456726074 5.877830505371094 0.4560445547103882
-0.20964442193508148 5.18419075012207 0.5659592151641846
-0.38001447916030884 5.351552486419678 0.5003246665000916
-0.8674132227897644 6.3742780685424805 0.8058919310569763
-0.46335604786872864 6.310332298278809 0.6301297545433044
-0.5397682189941406 6.126543998718262 0.21050597727298737
-0.33786818385124207 6.9698944091796875 0.5392412543296814
-1.0607022047042847 6.205905914306641 0.19603320956230164
-1.1770542860031128 6.716253280639648 0.4865868091583252
-0.839495837688446 6.35531759262085 0.17289897799491882
-0.7198678255081177 6.2337846755981445 0.7909995317459106
-1.0710742473602295 6.395751953125 0.656779944896698
-1.099350929260254 6.763726234436035 0.3682953119277954
-0.8983696103096008 6.030187606811523 0.7243692874908447
-1.0687867403030396 6.3935441970825195 0.2754829227924347
-0.18105155229568481 5.513650417327881 0.484271764755249
-0.7352254986763 6.408275127410889 0.09132387489080429
-0.6838691830635071 6.636923313140869 0.03442356362938881
-0.5413721203804016 6.454905033111572 0.23961825668811798
-0.7838883996009827 5.88470983505249 0.6820663809776306
-0.4165053367614746 6.199935436248779 0.4092738628387451
-0.4406014680862427 6.5330810546875 0.5073779225349426
-0.8652244210243225 6.6155195236206055 0.8001201152801514
-0.9903880953788757 6.695236682891846 0.6874129772186279
0.2865157425403595 8.116413116455078 0.9355891942977905
-1.1154911518096924 6.2850470542907715 0.5028051733970642
-0.49473729729652405 6.4954752922058105 0.7076302170753479
-0.15666402876377106 8.220203399658203 1.2328420877456665
-0.3654881715774536 7.132584095001221 0.7261234521865845
-0.4013465940952301 6.637166500091553 0.3668372631072998
-0.8886348009109497 6.6912922859191895 0.0805065706372261
-0.690936803817749 6.851877212524414 -0.09535125643014908
-1.1003837585449219 6.8152689933776855 0.23237504065036774
-0.56107097864151 6.644304275512695 0.8353785872459412
-0.982507050037384 7.009074687957764 0.23931241035461426
-0.3770354390144348 6.828484535217285 0.18170364201068878
-0.41175493597984314 7.1116623878479 0.1594933420419693
-0.6374276876449585 7.200182914733887 0.44978198409080505
0.19362878799438477 8.139594078063965 1.1307637691497803
-0.88680499792099 6.981603622436523 0.6628799438476562
-0.6220023036003113 7.262833118438721 0.5817574262619019
-0.7251588106155396 6.821131706237793 0.8737012147903442
-0.3541751503944397 6.823821544647217 0.7085249423980713
-0.45901408791542053 6.6928324699401855 0.0503053292632103
-0.12050885707139969 8.224082946777344 0.9831949472427368
-0.5402998328208923 7.248856544494629 0.21235774457454681
0.026333242654800415 8.132952690124512 1.1490141153335571
-0.8129229545593262 7.016648292541504 -0.022381724789738655
-0.48676756024360657 6.682678699493408 -0.020096899941563606
-0.05594516545534134 8.183460235595703 0.8663216233253479
-0.007381016854196787 8.31466293334961 1.3534455299377441
-0.41509678959846497 7.1251301765441895 0.8463948965072632
-0.2502894699573517 8.444259643554688 1.0573251247406006
-0.4932785928249359 6.976886749267578 0.8851124048233032
-0.8350232243537903 7.194344520568848 0.21679756045341492
0.18490535020828247 8.213296890258789 1.2529056072235107
-0.22632336616516113 8.413360595703125 1.2148245573043823
0.36937642097473145 8.315553665161133 1.0582451820373535
-0.11272606998682022 8.248464584350586 0.7035967707633972
-0.6681572794914246 8.894804000854492 0.06755567342042923
0.09661567956209183 8.589479446411133 1.2442487478256226
-0.4781363010406494 8.822546005249023 -0.016812637448310852
0.19533978402614594 8.198652267456055 0.7614681124687195
0.27987581491470337 8.387552261352539 0.7768139243125916
-0.00977117195725441 8.657922744750977 0.007081691175699234
-0.49801087379455566 8.830217361450195 0.10268697142601013
0.20131446421146393 8.726696968078613 0.7982227206230164
-0.027360811829566956 8.765759468078613 0.9167510271072388
-0.22298704087734222 8.69970417022705 0.8584079742431641
-0.7223771214485168 8.991515159606934 -0.09386499971151352
0.26179391145706177 8.563109397888184 0.6488427519798279
0.0627707690000534 8.414413452148438 0.5036909580230713
0.3456519842147827 8.584373474121094 1.0417404174804688
-0.4271685481071472 8.789003372192383 -0.06483613699674606
-0.18205112218856812 8.369522094726562 0.6556973457336426
-0.339158833026886 8.841920852661133 0.09363095462322235
0.038688622415065765 8.66600513458252 0.5602606534957886
-0.3305966556072235 9.206981658935547 -0.06299328058958054
-0.564608097076416 9.364776611328125 -0.06197573244571686
-0.410396009683609 9.101768493652344 0.03505178913474083
-0.553259551525116 9.029709815979004 0.2905474007129669
-0.13821572065353394 8.643481254577637 0.5258573889732361
-1.2503389120101929 9.465341567993164 1.525524377822876
-0.4087863564491272 9.246265411376953 0.20127981901168823
-0.6624561548233032 9.609824180603027 0.12016414850950241
-0.5777544379234314 9.381094932556152 0.534477710723877
-0.24698664247989655 9.513819694519043 0.18942497670650482
-0.6706680059432983 9.397906303405762 0.5947411060333252
-0.16309167444705963 8.828758239746094 0.5105812549591064
-0.18983067572116852 9.799248695373535 -0.16514284908771515
-0.3353549838066101 9.695887565612793 -0.16927151381969452
-0.7088090777397156 9.376693725585938 0.5425479412078857
-0.22347751259803772 9.589885711669922 0.06537256389856339
-0.20028181374073029 10.099662780761719 -0.31958073377609253
-0.451386034488678 9.400384902954102 0.17134040594100952
-0.6080055832862854 9.850831985473633 0.07891793549060822
-1.1313618421554565 9.369807243347168 1.4562160968780518
-0.3368024230003357 10.033963203430176 0.9952656030654907
-0.5048444271087646 9.72946834564209 -0.18909302353858948
-0.41734039783477783 10.10252571105957 0.8878698348999023
-0.08672427386045456 9.995977401733398 0.07434890419244766
-0.2521454095840454 9.948095321655273 0.2173413187265396
-0.8596696257591248 9.529786109924316 0.6837705373764038
-0.4744918942451477 9.775775909423828 0.2532566487789154
-0.0920434296131134 10.061712265014648 0.9070944786071777
-0.09289460629224777 9.902490615844727 -0.08178044110536575
-0.5216951370239258 10.030474662780762 -0.04934846609830856
-0.2274274080991745 10.053462982177734 0.8485872745513916
-0.14966192841529846 10.497483253479004 0.5255218148231506
-0.2882099747657776 10.255587577819824 0.8006993532180786
-0.36078736186027527 10.18356990814209 0.22633813321590424
0.002782067283987999 10.204805374145508 -0.18011559545993805
-0.5767498016357422 10.231805801391602 -0.14416542649269104
-0.4159332811832428 10.24305248260498 -0.29177331924438477
-0.09573270380496979 10.226359367370605 0.9570289254188538
-0.5673533082008362 10.260741233825684 -0.08334092050790787
0.04463319107890129 10.358463287353516 -0.1405308097600937
-0.41251513361930847 10.477672576904297 0.9168081283569336
-0.20321042835712433 10.338449478149414 -0.2727154493331909
-0.2556721270084381 10.632884979248047 -0.06846308708190918
-0.4444273114204407 10.41627311706543 0.9758982062339783
-0.4267919063568115 10.521109580993652 -0.027684515342116356
-0.024636730551719666 10.492910385131836 0.18618826568126678
-0.637360692024231 10.420141220092773 -0.1944381594657898
-0.17917335033416748 10.391695976257324 0.9988315105438232
-0.0904766172170639 10.478072166442871 1.044549822807312
-0.22442714869976044 10.502019882202148 0.1761074960231781
0.042517565190792084 10.605133056640625 -0.018314851447939873
-0.6177030205726624 10.79468822479248 0.9128793478012085
-0.8708030581474304 10.754426002502441 -0.10261842608451843
-0.12762495875358582 10.831109046936035 0.21582664549350739
0.01355912908911705 10.740238189697266 0.08990630507469177
-0.2949397563934326 10.675616264343262 0.26370909810066223
0.10907337069511414 10.661998748779297 -0.08903434127569199
-0.6005993485450745 10.91989803314209 1.037522792816162
-0.2608499825000763 10.809759140014648 0.8926939964294434
-0.19003522396087646 10.877079010009766 0.28753727674484253
-0.1876830905675888 10.871476173400879 1.1177974939346313
-0.9179118871688843 10.836788177490234 -0.2472701072692871
-0.738490104675293 11.037132263183594 0.9768136739730835
-0.0749703198671341 10.903331756591797 0.6717129349708557
-0.7536001801490784 11.052578926086426 1.0720281600952148
-0.6728960275650024 10.924899101257324 0.8407622575759888
-1.1076592206954956 11.071030616760254 0.75501549243927
-0.8008462190628052 11.022286415100098 -0.4221864342689514
0.28651753067970276 10.973015785217285 -0.026207437738776207
-0.1058211550116539 11.078258514404297 1.0756423473358154
-0.10577831417322159 11.122686386108398 1.0133873224258423
-0.04087746888399124 11.11868667602539 1.2509318590164185
-0.23365838825702667 11.168844223022461 0.27626800537109375
0.07752123475074768 11.1625337600708 0.5516419410705566
-1.0626254081726074 11.181333541870117 -0.1732444167137146
0.08943723142147064 11.273172378540039 0.6985719799995422
-0.726535975933075 11.255956649780273 0.42447471618652344
-0.03720146045088768 11.356001853942871 0.6996343731880188
0.2526935040950775 11.303529739379883 0.48960161209106445
-0.9991787075996399 11.328847885131836 -0.37918540835380554
0.19712261855602264 11.326784133911133 1.318412184715271
-0.8595815300941467 11.342483520507812 0.9805076718330383
0.4474015533924103 11.464703559875488 1.2626674175262451
-0.4366372525691986 11.41210651397705 1.2460216283798218
-0.3092062175273895 11.465788841247559 0.2604990601539612
0.14480192959308624 11.437926292419434 0.6239268183708191
0.19872693717479706 11.515166282653809 -0.3488026559352875
0.017289627343416214 11.504286766052246 0.8958827257156372
0.1515677571296692 11.523812294006348 -0.07850247621536255
-1.3467750549316406 11.513328552246094 0.1901617795228958
-0.45953935384750366 11.552000999450684 -0.33653584122657776
-1.0369559526443481 11.557670593261719 1.3440968990325928
-1.0802186727523804 11.56135368347168 0.4475804567337036
-0.7592877745628357 11.571945190429688 1.4201241731643677
-1.0752348899841309 11.57583999633789 1.4632121324539185
