1203
-2.3863744735717773 0.2845063805580139 1.5950117111206055
-2.386474609375 0.28460657596588135 -0.7603131532669067
-2.3863744735717773 0.6055628061294556 0.6206238269805908
0.9210299253463745 0.5788992047309875 -0.8541296124458313
-2.117353677749634 0.284606397151947 0.03854437917470932
-1.340818166732788 0.2846064567565918 -1.205398678779602
-0.41939783096313477 0.284606397151947 1.225394606590271
-1.0319284200668335 0.284606397151947 -0.9402142763137817
-0.9669914245605469 0.2846064567565918 -1.2053987979888916
0.9210305213928223 0.2845063805580139 -1.2053391933441162
-2.386474609375 0.28460657596588135 -0.26408445835113525
-2.386474609375 0.2846064567565918 0.27124571800231934
-2.386474609375 0.28460633754730225 -0.4950578212738037
-1.7970856428146362 0.28460609912872314 2.141308307647705
-2.386474609375 0.2846064567565918 -0.01678025722503662
-2.3863754272460938 0.2845063805580139 0.6743440628051758
0.6559535264968872 0.2845063805580139 -1.205300211906433
-0.5579695701599121 0.28460633754730225 -1.2053989171981812
-2.0863208770751953 0.284606397151947 1.322175145149231
0.12425592541694641 0.2846064269542694 2.141308307647705
0.9211299419403076 0.2846064567565918 -0.8913986682891846
0.9211299419403076 0.2846066951751709 -0.744525671005249
-2.386474609375 0.28460657596588135 0.12161374092102051
-1.5598558187484741 0.284606397151947 1.8458538055419922
-0.4350564479827881 0.2846064567565918 -1.2053989171981812
-2.3711700439453125 0.2846062183380127 2.141308307647705
-2.386474609375 0.28460657596588135 -0.1363058090209961
0.9211299419403076 0.2846064567565918 -0.9975237846374512
-2.1706135272979736 0.284606397151947 1.6953800916671753
-1.0955395698547363 0.2846064567565918 -1.205398678779602
0.9211300611495972 0.2846064567565918 1.3643800020217896
0.9210300445556641 0.5644694566726685 1.50236976146698
-1.9179790019989014 0.284606397151947 1.7012132406234741
-2.3863744735717773 0.5568967461585999 1.7321512699127197
-2.180988311767578 0.2845063805580139 2.141206741333008
0.9210300445556641 0.2845063805580139 -0.6777926087379456
-2.386474609375 0.28460633754730225 -0.6374726295471191
0.9211081862449646 0.28460627794265747 -1.2053993940353394
-2.386474609375 0.28460627794265747 -0.8741664886474609
-1.9478635787963867 0.2845063805580139 2.141207695007324
0.9210287928581238 0.2845063805580139 0.8816156387329102
-1.451725959777832 0.2845063805580139 -1.205301284790039
0.25849786400794983 0.284606397151947 1.5013102293014526
-0.593298614025116 0.284606397151947 -0.9723501801490784
0.3888556957244873 0.2846064567565918 -1.2053991556167603
-2.386474370956421 0.28458714485168457 2.1412086486816406
-2.183537483215332 0.284606397151947 0.9485245943069458
-0.45158228278160095 0.284606397151947 -0.8119327425956726
-2.386474609375 0.5845879912376404 -1.2052984237670898
-2.3863742351531982 0.2871205806732178 -1.2053983211517334
-1.7212300300598145 0.284606397151947 -0.5427754521369934
-1.511112093925476 0.284606397151947 -0.9267340898513794
-2.3863754272460938 0.2845063805580139 1.6892061233520508
-1.9993724822998047 0.284606397151947 -0.6892386674880981
0.9210309982299805 0.2845063805580139 2.0369129180908203
-1.8853566646575928 0.284606397151947 1.3286049365997314
0.3293556571006775 0.284606397151947 -0.9233312606811523
-1.5384340286254883 0.2845063805580139 -1.2053003311157227
-2.386474609375 0.28460657596588135 0.522456169128418
-1.6737110614776611 0.284606397151947 -0.7362203598022461
-0.07400296628475189 0.284606397151947 -1.0322233438491821
-1.2653082609176636 0.284606397151947 -0.9976743459701538
-1.8771467208862305 0.2845063805580139 -1.2052984237670898
-2.3863742351531982 0.28457140922546387 -1.2053983211517334
0.9210281372070312 0.2845063805580139 1.774129867553711
-2.386474370956421 0.2846064567565918 1.798201560974121
-2.0386993885040283 0.284606397151947 1.8776863813400269
0.9210329055786133 0.2845063805580139 1.1050472259521484
-0.11696243286132812 0.2845063805580139 2.141207695007324
-2.386474609375 0.28460633754730225 -0.37720727920532227
0.5525571703910828 0.28460636734962463 2.141308307647705
0.9211301207542419 0.2846066653728485 2.141237735748291
-2.386474370956421 0.2846066951751709 1.4846961498260498
0.9210300445556641 0.2845063805580139 1.6775894165039062
0.6329541206359863 0.284606397151947 1.8504068851470947
-1.2222728729248047 0.2845063805580139 -1.205301284790039
-1.9676499366760254 0.284606397151947 -0.1401222050189972
0.9210300445556641 0.2845063805580139 1.4648046493530273
0.9211300611495972 0.28460633754730225 1.5734574794769287
-1.8706594705581665 0.284606397151947 1.137825846672058
-2.128087043762207 0.284606397151947 0.7256444692611694
-1.3216161727905273 0.2845063805580139 2.141206741333008
0.9210295677185059 0.2845063805580139 -0.584931492805481
0.9210516810417175 0.28460636734962463 2.141308307647705
-2.386474370956421 0.2846066951751709 0.9371490478515625
-1.772287368774414 0.2845063805580139 -1.205301284790039
-1.3080755472183228 0.284606397151947 -0.7974777221679688
0.9211300611495972 0.2846065163612366 1.8784353733062744
0.2608446180820465 0.7720058560371399 2.1412081718444824
-0.37259864807128906 0.2845063805580139 2.141206741333008
-0.013493061065673828 0.2845063805580139 -1.2052996158599854
-1.6760149002075195 0.2845063805580139 -1.205301284790039
-1.9656710624694824 0.284606397151947 -0.913337767124176
-1.8665294647216797 0.5671385526657104 -1.2052985429763794
0.5885869264602661 0.284606397151947 0.4393177330493927
-1.448442816734314 0.2846062183380127 2.141308307647705
-1.955209732055664 0.2846064567565918 -1.205398440361023
-0.6613302230834961 0.2845063805580139 2.141207695007324
-2.386474370956421 0.6800129413604736 2.1412081718444824
-2.386474370956421 0.2846062183380127 1.3101482391357422
-0.7718076705932617 0.2845063805580139 2.141207695007324
0.9210284948348999 0.2845063805580139 0.652439296245575
-2.3863754272460938 0.2845063805580139 1.9163446426391602
-2.0862271785736084 0.284606397151947 1.137894630432129
0.9210289716720581 0.2845063805580139 0.040737658739089966
-2.3602969646453857 0.2846064567565918 -1.2053983211517334
-2.3863744735717773 0.5450401306152344 1.2388392686843872
-0.6956840753555298 0.2845063805580139 -1.2052981853485107
-0.8813629150390625 0.2845063805580139 2.141207695007324
0.6759557723999023 0.2845063805580139 2.141206741333008
-2.386474370956421 0.2846064567565918 1.1818721294403076
-0.9531094431877136 0.284606397151947 1.6773934364318848
-2.3863751888275146 0.7986130714416504 -1.2053983211517334
0.9211300015449524 0.28460657596588135 0.1277449131011963
-2.1326186656951904 0.284606397151947 0.4925733804702759
-1.6903276443481445 0.2845063805580139 2.141206741333008
-2.386474609375 0.28460657596588135 -1.0046855211257935
-2.147568941116333 0.2846064567565918 -1.205398440361023
-2.3863725662231445 0.2845063805580139 1.0600566864013672
0.9210299849510193 0.5636418461799622 -0.5453326106071472
-0.5948767066001892 0.284606397151947 1.8505902290344238
-1.2995023727416992 0.284606397151947 1.8321177959442139
-1.7417125701904297 0.284606397151947 -0.9481625556945801
-2.1727917194366455 0.284606397151947 -0.8531156778335571
-2.1811411380767822 0.284606397151947 -0.20285369455814362
-1.784292221069336 0.284606397151947 1.8422390222549438
-0.8958051204681396 0.2846064567565918 -1.2053987979888916
-2.0227608680725098 0.2846064567565918 -1.205398440361023
0.06894376873970032 0.61017245054245 -1.2052991390228271
0.40906861424446106 0.2846064269542694 2.141308307647705
0.9210299253463745 0.7694370150566101 -1.2053993940353394
-1.5714616775512695 0.2845063805580139 2.1412057876586914
-2.3863723278045654 0.9084148406982422 -1.2053983211517334
-2.0498275756835938 0.2845063805580139 2.141206741333008
-0.3504974842071533 0.28460633754730225 -1.2053989171981812
0.9211300611495972 0.28460657596588135 1.2170621156692505
0.6062578558921814 0.284606397151947 -0.1401812583208084
0.9210299253463745 0.5338000655174255 -1.2053993940353394
-1.9193854331970215 0.284606397151947 0.5985885262489319
0.9210299253463745 0.2845063805580139 -0.25509193539619446
0.2690911293029785 0.2846064567565918 -1.2053991556167603
-0.8160524368286133 0.2846064567565918 -1.2053987979888916
-0.007708996534347534 0.2846064269542694 2.141308307647705
-0.27017641067504883 0.2846064567565918 -1.2053989171981812
0.8253114223480225 0.2845063805580139 -1.2052972316741943
0.5590089559555054 0.284606397151947 -0.9358628988265991
-0.8255557417869568 0.284606397151947 1.8849304914474487
0.9210319519042969 0.2845063805580139 0.25083866715431213
-1.080866813659668 0.2845063805580139 2.141206741333008
0.28444957733154297 0.2845063805580139 2.141206741333008
0.4302380084991455 0.284606397151947 1.1591508388519287
0.11303472518920898 0.28460657596588135 -1.2053990364074707
-2.386375665664673 0.8994714021682739 2.141308307647705
-1.629165768623352 0.5690829157829285 -1.2052985429763794
0.9211300015449524 0.28460657596588135 0.5537388324737549
-0.277955561876297 0.284606397151947 1.6660549640655518
-1.8701682090759277 0.2846081256866455 2.141308307647705
-0.6052517890930176 0.533776581287384 -1.205298900604248
0.5366251468658447 0.28460633754730225 -1.2053992748260498
0.37830060720443726 0.284606397151947 1.8575630187988281
-0.5817608833312988 0.2846064269542694 2.141308307647705
-0.4915294647216797 0.2845063805580139 2.141207695007324
0.46872854232788086 0.2845063805580139 -1.2052974700927734
-0.1157783791422844 0.284606397151947 0.877047598361969
0.6684443950653076 0.284606397151947 -0.32517009973526
0.186850905418396 0.2845063805580139 -1.2052994966506958
0.0744890347123146 0.284606397151947 0.1773640662431717
-1.2025232315063477 0.2845063805580139 2.141207695007324
-0.1451888382434845 0.284606397151947 1.8630609512329102
0.9210317730903625 0.2845063805580139 -0.05775013938546181
0.9210290908813477 0.2845063805580139 0.7837916016578674
0.10286614298820496 0.284606397151947 -0.8714643120765686
0.9210309982299805 0.2845063805580139 -0.48053374886512756
-1.8797821998596191 0.284606397151947 0.25473466515541077
-2.3863754272460938 0.2845063805580139 0.4001798629760742
0.9211300015449524 0.2846064567565918 -0.36933302879333496
0.28131964802742004 0.284606397151947 -0.5784237384796143
0.5893104076385498 0.284606397151947 1.3622225522994995
0.9210301041603088 0.3216508626937866 2.141308307647705
-0.2904225289821625 0.284606397151947 -0.6873819231987
-1.4813761711120605 0.284606397151947 -0.721388041973114
-0.7993656396865845 0.284606397151947 -0.9119721055030823
0.12287949025630951 0.284606397151947 1.6598402261734009
-0.07814248651266098 0.284606397151947 1.696123719215393
0.7042148113250732 0.284606397151947 -0.7855246067047119
0.9210288524627686 0.2845063805580139 0.424885094165802
-0.30828964710235596 0.284606397151947 -0.9417483806610107
-0.09696153551340103 0.284606397151947 -0.647520899772644
0.6331943273544312 0.284606397151947 -0.5592916011810303
-1.33702552318573 0.284606397151947 -0.595626950263977
-2.091768741607666 0.284606397151947 0.25328364968299866
-1.9104640483856201 0.284606397151947 0.78347247838974
-1.0633587837219238 0.555374264717102 2.1412081718444824
-2.0567095279693604 0.284606397151947 1.5256154537200928
0.655714213848114 0.284606397151947 1.5815616846084595
-2.386474609375 0.2846064567565918 -0.5698428153991699
-2.1204304695129395 0.284606397151947 -0.5612758994102478
0.9211300611495972 0.28460657596588135 1.284529685974121
0.0351119302213192 0.284606397151947 -0.5229384303092957
-1.868367075920105 0.284606397151947 1.5383561849594116
-2.38645601272583 0.28460609912872314 2.141308307647705
-1.7709928750991821 0.284606397151947 0.9467149972915649
0.48421478271484375 0.2845063805580139 2.141207695007324
0.9211301207542419 0.837384045124054 2.141209840774536
-2.3863744735717773 0.7185445427894592 1.8640620708465576
-2.3863754272460938 0.2845063805580139 0.8559446334838867
-0.7523685097694397 0.284606397151947 -0.3917374610900879
-0.26804065704345703 0.2845063805580139 2.1412057876586914
-1.8423889875411987 0.284606397151947 -0.7528140544891357
-2.386474609375 0.4459149241447449 -1.2052984237670898
-1.6962580680847168 0.284606397151947 1.65999436378479
-2.3863744735717773 0.5663382411003113 -0.38060373067855835
-2.3863744735717773 0.5391023755073547 -0.8566817045211792
-1.485587477684021 0.284606397151947 1.285812497138977
-1.4197063446044922 0.284606397151947 1.1084582805633545
-2.3863744735717773 1.1163419485092163 -1.0913923978805542
-1.3501315116882324 0.5262457132339478 -1.205298662185669
-2.3863754272460938 0.2845063805580139 0.1927499771118164
-0.5640637874603271 0.7407017946243286 -1.205298900604248
-2.0300421714782715 0.284606397151947 -0.3691474199295044
-1.8562204837799072 0.284606397151947 -0.275586873292923
-2.3863744735717773 0.6201281547546387 1.0533411502838135
-1.9164133071899414 0.284606397151947 0.05989992991089821
-1.881587028503418 0.284606397151947 -0.5127449631690979
-0.7734338641166687 0.284606397151947 1.695493459701538
0.4934139549732208 0.284606397151947 -0.7160650491714478
-1.531722903251648 0.284606397151947 -0.5139552354812622
0.9211299419403076 0.6510717868804932 -1.2052998542785645
-1.7036237716674805 0.284606397151947 1.238884449005127
-1.9578028917312622 0.284606397151947 0.4185928702354431
0.5375415086746216 0.6067514419555664 -1.2052992582321167
0.08753985911607742 0.284606397151947 -0.17153026163578033
0.20370760560035706 0.2846064269542694 2.141308307647705
0.9210300445556641 0.2845063805580139 0.9908685684204102
0.27876392006874084 0.284606397151947 0.5418204069137573
-2.3687751293182373 1.0297448635101318 -1.2052984237670898
-1.0661877393722534 0.5503841638565063 -1.2052987813949585
-0.984400749206543 0.2845063805580139 2.141207695007324
-0.9147191047668457 0.284606397151947 -0.7471654415130615
-1.2802261114120483 0.284606397151947 1.6638150215148926
-2.3863744735717773 0.5006567239761353 -0.11558983474969864
0.9211299419403076 0.3964357376098633 -1.2052996158599854
-1.8748794794082642 0.7324846386909485 2.1412081718444824
-1.067930817604065 0.284606397151947 1.2408844232559204
-2.386474370956421 0.564030647277832 2.1412088871002197
-1.696783185005188 0.284606397151947 -0.3116118013858795
0.9211301207542419 0.48819899559020996 2.1412086486816406
-1.4713670015335083 0.284606397151947 1.688374400138855
0.07715630531311035 0.284606397151947 0.4186069965362549
-1.0988435745239258 0.284606397151947 0.8838244080543518
-2.3863744735717773 0.7674296498298645 -0.9140326380729675
-0.9749486446380615 0.284606397151947 1.4625885486602783
-2.386474609375 0.6972514986991882 -1.2052984237670898
-2.386375665664673 0.45252692699432373 2.141308307647705
-2.3863742351531982 1.135709524154663 2.132619619369507
-2.386474370956421 0.7910671234130859 2.1412081718444824
-0.47960522770881653 0.6020966172218323 2.1412081718444824
-0.15302512049674988 0.5643661022186279 -1.2052990198135376
0.9210300445556641 0.5672241449356079 0.9460312724113464
-2.3656129837036133 0.3069634437561035 0.6211766600608826
0.9211301207542419 0.6161694526672363 2.1412084102630615
0.6386154890060425 0.7815325856208801 -1.2052992582321167
-0.18953704833984375 0.2845063805580139 2.141207695007324
0.9210300445556641 0.5799927711486816 1.7352410554885864
0.9211300015449524 0.2846064567565918 0.3447244167327881
0.9210296869277954 0.2845063805580139 -0.16336950659751892
-2.3863744735717773 0.6526255011558533 0.021893640980124474
-0.9268392324447632 0.284606397151947 0.09310248494148254
-1.9199267625808716 0.7663455009460449 -1.2052985429763794
-2.3863744735717773 0.5881547927856445 -0.6401607990264893
-1.1697503328323364 0.284606397151947 1.4089710712432861
-1.33736252784729 0.284606397151947 -0.39310958981513977
-2.386474370956421 0.2846064567565918 1.3941750526428223
-0.014343149960041046 0.284606397151947 -0.3096925616264343
0.46402081847190857 0.284606397151947 -0.33527618646621704
0.09868976473808289 0.284606397151947 1.8584802150726318
-0.5080789923667908 0.284606397151947 -0.6466671228408813
-1.7734569311141968 0.284606397151947 -0.07652943581342697
0.9211301207542419 0.9366307854652405 2.141209602355957
-0.8176935911178589 0.6060211062431335 -1.205298900604248
0.9210300445556641 0.5458148121833801 0.6746751666069031
-1.625072717666626 0.284606397151947 1.0654747486114502
-2.0296831130981445 0.5709022283554077 2.1412081718444824
-2.3863744735717773 0.5418379902839661 0.841860294342041
-1.3840713500976562 0.2845063805580139 2.141206741333008
-2.3863744735717773 0.7141466736793518 -0.25369834899902344
-1.3401142358779907 0.284606397151947 1.4605361223220825
-2.090829372406006 0.6164964437484741 -1.2052984237670898
-0.761607825756073 0.5895135402679443 2.1412081718444824
-0.6491530537605286 0.284606397151947 1.5487771034240723
-0.28237804770469666 0.284606397151947 -0.00396264623850584
0.6212738156318665 0.6759058833122253 2.1412081718444824
0.9210387468338013 0.8877375721931458 -1.2053992748260498
0.9210386276245117 0.9922120571136475 -1.2053993940353394
0.9210299849510193 0.6360718011856079 -0.3474610149860382
0.9210300445556641 0.7284281253814697 1.8494378328323364
-2.3863744735717773 0.6290225386619568 0.38159582018852234
0.9210299253463745 0.6895794868469238 -0.7126293182373047
0.9210300445556641 0.7375137805938721 1.6107368469238281
0.9210299849510193 0.5672551989555359 0.18904218077659607
-1.19734525680542 0.284606397151947 -0.2768296003341675
0.43202146887779236 0.284606397151947 -0.10489974915981293
-2.3863744735717773 0.8058055639266968 1.7037453651428223
0.6037230491638184 0.284606397151947 1.1428050994873047
0.011928299441933632 0.284606397151947 1.5243027210235596
0.44390034675598145 0.59767085313797 2.1412081718444824
0.9210299253463745 0.788682758808136 -0.8959784507751465
-2.086613655090332 0.7630886435508728 2.1412081718444824
-1.3259881734848022 0.6108261942863464 2.1412081718444824
0.921029806137085 0.7355591654777527 2.141308307647705
-0.09079166501760483 0.3074991703033447 2.6925244331359863
-1.7592917680740356 0.284606397151947 0.4104909300804138
0.4925899803638458 0.284606397151947 1.6896822452545166
0.9210300445556641 0.5753573775291443 1.189232587814331
0.9210299849510193 0.7581048011779785 0.25289538502693176
0.9210300445556641 0.9061486124992371 1.7712537050247192
-2.0288004875183105 0.9875115752220154 2.1412081718444824
-2.3863744735717773 0.5838513374328613 1.5209779739379883
-1.2655463218688965 0.284606397151947 1.2164257764816284
-0.8013667464256287 0.284606397151947 1.4675331115722656
-2.3863744735717773 0.7384731769561768 1.3180078268051147
-2.3863744735717773 0.7823276519775391 1.509838581085205
-2.3863744735717773 0.7803404927253723 -0.7285997271537781
-1.0675832033157349 0.284606397151947 1.8540098667144775
0.2354135364294052 0.5859463214874268 2.1412081718444824
-0.6737700700759888 0.284606397151947 -0.7447596788406372
-1.7028475999832153 0.284606397151947 1.45278000831604
-2.3863744735717773 0.7796750068664551 0.9471719861030579
-1.7341070175170898 0.284606397151947 0.15442973375320435
-1.5327481031417847 0.6002062559127808 2.1412081718444824
-0.3767857849597931 0.284606397151947 1.8138765096664429
-0.8544864058494568 0.749839723110199 2.546908378601074
-1.4172935485839844 0.284606397151947 0.30288514494895935
-1.1166768074035645 0.284606397151947 -0.7526660561561584
-1.311926245689392 1.0623462200164795 2.1412081718444824
-0.38346168398857117 0.6178348064422607 -1.2052990198135376
-1.2036365270614624 0.7117001414299011 -1.2052987813949585
-2.3863744735717773 1.0143777132034302 1.3604480028152466
-2.068901300430298 0.8728556036949158 -1.2052984237670898
-2.3863744735717773 1.1053802967071533 1.8328434228897095
0.7164689898490906 0.284606397151947 0.6042885780334473
-0.02452392503619194 0.6151009798049927 2.1412081718444824
0.10142113268375397 0.284606397151947 -0.6994287967681885
-0.01081449631601572 0.7498396635055542 2.571713924407959
0.2884836792945862 0.5847716927528381 -1.2052991390228271
-2.3863744735717773 0.7632947564125061 0.5450211763381958
0.9210299849510193 0.5550992488861084 -0.1171896681189537
0.48133039474487305 1.2465440034866333 2.1411635875701904
-2.059041738510132 0.9004301428794861 -0.014530709944665432
-1.447966456413269 0.70473313331604 -1.205298662185669
0.6577267646789551 0.284606397151947 0.05811616778373718
-0.140289306640625 0.2845063805580139 -1.205299735069275
-0.6241159439086914 0.30313044786453247 2.6925244331359863
0.9210299849510193 0.5911076068878174 0.423916757106781
-1.9910179376602173 0.9250593781471252 1.7919753789901733
-1.1000206470489502 0.284606397151947 0.2956925332546234
-2.034712314605713 0.7664957046508789 -0.28784793615341187
-1.674208164215088 0.7739689946174622 2.1412081718444824
0.39497169852256775 0.284606397151947 1.3339762687683105
0.47695979475975037 0.9184697866439819 -1.2052992582321167
-1.8649386167526245 1.2506870031356812 -0.9604094624519348
-1.567565679550171 0.284606397151947 0.5761972665786743
-1.750226378440857 0.284606397151947 0.6414633393287659
-1.59652841091156 0.284606397151947 -0.07967306673526764
-1.139574408531189 0.7059063911437988 2.1412081718444824
-1.6488252878189087 0.284606397151947 0.8108963966369629
-1.8173831701278687 0.9973254799842834 2.1412081718444824
-2.3863744735717773 0.8188962936401367 -0.056646376848220825
0.4439837634563446 0.284606397151947 -0.5222368240356445
-1.5528312921524048 0.284606397151947 0.1520535796880722
-2.3846275806427 1.097068428993225 -0.8905726671218872
0.37884703278541565 0.7370702028274536 -1.2052992582321167
-1.765744924545288 0.566384494304657 2.1412081718444824
0.9210299849510193 0.7050204873085022 0.04630472511053085
0.9210299849510193 0.7474782466888428 -0.19800546765327454
-1.5208905935287476 0.284606397151947 1.5073440074920654
-1.9603888988494873 0.284606397151947 0.9732543230056763
0.4569447934627533 0.284606397151947 1.5128374099731445
-2.3863744735717773 0.7898921966552734 0.754412829875946
-0.8552236557006836 0.749839723110199 2.490260601043701
-0.4570479094982147 0.284606397151947 2.69948410987854
-0.7924783229827881 0.284606397151947 1.0771552324295044
0.42495056986808777 0.284606397151947 0.35735973715782166
-2.032397508621216 0.6924203038215637 -0.6139829754829407
-1.7483667135238647 0.7582960724830627 -1.2052985429763794
-2.3863744735717773 0.7516610622406006 -0.5024167895317078
-1.4347914457321167 0.7838901281356812 2.1412081718444824
-2.3863744735717773 0.5713081955909729 0.20867778360843658
-1.2815810441970825 0.284606397151947 0.16857853531837463
-1.3277223110198975 0.874398946762085 -1.205298662185669
-1.2807115316390991 0.284606397151947 0.40573862195014954
-0.26679667830467224 0.6113029718399048 2.1412081718444824
-2.3863744735717773 0.838325023651123 1.1556013822555542
-1.4582988023757935 0.284606397151947 0.7454774379730225
-2.0928072929382324 0.8850609660148621 0.908820629119873
0.3038465678691864 0.284606397151947 1.6972944736480713
0.5183826088905334 1.1441640853881836 -1.1990445852279663
-1.4536967277526855 0.284606397151947 0.9371620416641235
-1.4071882963180542 0.7203698754310608 1.7705429792404175
-0.5345087051391602 0.284606397151947 1.6798518896102905
-2.0744380950927734 0.8436770439147949 -0.8167967796325684
-2.2072012424468994 1.1362833976745605 -1.201888084411621
-0.8127517104148865 0.334185391664505 3.0435140132904053
-0.3486911356449127 0.2873964011669159 3.2460098266601562
-1.2200080156326294 0.8543120622634888 2.1036126613616943
-2.04081130027771 0.799617350101471 1.4490782022476196
-1.8587446212768555 0.6610099673271179 1.7248228788375854
-1.576116681098938 0.284606397151947 0.37827032804489136
0.523098349571228 0.82082599401474 2.1412081718444824
-0.303080290555954 0.2857736647129059 2.71151065826416
0.8371636867523193 1.1522068977355957 2.1412081718444824
0.3085881173610687 0.284606397151947 0.9763655066490173
-1.3888678550720215 0.284606397151947 -0.16122549772262573
0.42654573917388916 1.0549920797348022 2.1412081718444824
-0.49755263328552246 0.284606397151947 -0.3249348998069763
0.679213285446167 0.284606397151947 0.9191414713859558
0.9210300445556641 0.701050341129303 1.3849148750305176
-0.9990151524543762 1.0865901708602905 2.1412081718444824
-2.3863744735717773 1.0163846015930176 1.6320419311523438
0.6133325099945068 1.181571364402771 2.1395857334136963
-0.1982118785381317 0.284606397151947 1.515365719795227
-0.5961275696754456 0.29327017068862915 3.2471182346343994
-0.21538099646568298 0.7640454173088074 -1.2052990198135376
0.9210300445556641 1.1445186138153076 1.6023892164230347
0.9210299849510193 0.7292762398719788 0.6186012029647827
0.9210301041603088 1.066189169883728 2.1178927421569824
0.9210299849510193 1.0158660411834717 0.11518213897943497
-2.3863744735717773 1.0234578847885132 0.09643109142780304
-0.2964331805706024 0.284606397151947 1.3559707403182983
0.9210300445556641 0.7290356159210205 0.8381147384643555
-0.00136815186124295 0.779126763343811 -1.2052991390228271
-1.698172926902771 0.7654542922973633 -0.8425102233886719
0.9210299253463745 1.092577338218689 -1.0885379314422607
0.056823838502168655 0.29805418848991394 2.8061141967773438
0.9210299849510193 0.8826667070388794 -0.4426094889640808
-2.357762098312378 1.014654517173767 2.1412081718444824
0.9210299849510193 0.833537757396698 0.4901944696903229
-2.3863744735717773 0.9419867396354675 -0.60182785987854
-2.027381420135498 1.1843572854995728 -1.1955914497375488
0.9210300445556641 0.9858987927436829 1.098014235496521
0.9054107666015625 1.2066388130187988 1.9889639616012573
0.5512557625770569 0.7492672204971313 1.6968607902526855
-1.5999008417129517 0.8566572666168213 -1.205298662185669
-0.7288878560066223 0.8104633688926697 -1.205298900604248
-2.3863744735717773 0.7974714040756226 0.21613585948944092
0.4451759159564972 0.800116240978241 -0.9269005060195923
-0.08735121786594391 0.9904265999794006 -1.2052991390228271
-1.89488685131073 1.037558913230896 -1.2052985429763794
-2.3863744735717773 0.9069893956184387 0.4321872889995575
-2.189314842224121 1.1915407180786133 2.10333251953125
-1.3828731775283813 0.284606397151947 0.5672388672828674
-1.8851736783981323 0.6583863496780396 -0.7976849675178528
-1.8016483783721924 0.6523740291595459 -0.5748235583305359
0.22419984638690948 0.284606397151947 1.1219751834869385
-0.8538809418678284 0.284606397151947 1.2592464685440063
0.9210300445556641 0.7179818749427795 1.0888992547988892
0.02197841741144657 0.4089525640010834 2.9371495246887207
-1.4206275939941406 0.284606397151947 0.034964196383953094
0.9210299849510193 0.7826941013336182 -0.569686770439148
-2.3863744735717773 0.9112825989723206 -0.2988787293434143
-0.7102069854736328 0.284606397151947 0.5667166113853455
-1.7499053478240967 1.1544954776763916 -1.1940983533859253
-1.2375575304031372 0.284606397151947 -0.0577489472925663
-2.3863744735717773 1.076100468635559 0.9599286317825317
0.7565134167671204 1.113277792930603 -1.2052993774414062
-1.161485195159912 0.284606397151947 -0.5634490847587585
-0.9816322922706604 0.7453373670578003 -1.2052987813949585
-2.364969491958618 1.1669623851776123 -0.20311318337917328
-2.373704195022583 1.1194123029708862 -0.7086879014968872
0.209359273314476 0.284606397151947 -0.4042525589466095
-2.367647409439087 1.1225279569625854 -0.44792696833610535
-0.5418199896812439 0.8965296745300293 -0.9069173336029053
-0.4050866663455963 0.8641754388809204 -1.2052990198135376
-0.6235780119895935 0.8065696954727173 2.7363080978393555
-1.8512548208236694 0.933256983757019 -0.76447993516922
0.8901183605194092 1.222335934638977 1.7557021379470825
-1.5594935417175293 1.1088290214538574 -1.205298662185669
-0.9488587379455566 0.284606397151947 0.41146379709243774
0.9165475964546204 1.1569463014602661 1.3482122421264648
-2.382106065750122 1.0984159708023071 -0.09664859622716904
0.24244283139705658 0.284606397151947 -0.05704940855503082
-0.340659499168396 0.284606397151947 -0.507283627986908
0.9210299253463745 0.9613083004951477 -0.7706529498100281
-1.5125032663345337 0.284606397151947 -0.29042255878448486
0.9210300445556641 0.9108638167381287 0.8448994755744934
-0.13442230224609375 0.36158087849617004 3.256378412246704
-0.9761152267456055 0.284606397151947 -0.5613709092140198
0.7222355604171753 1.3516308069229126 -0.8343899846076965
-0.13560183346271515 0.284606397151947 -0.8069698214530945
-2.3730833530426025 1.1098765134811401 1.1615192890167236
-2.1434547901153564 1.2246524095535278 -0.7910860776901245
-0.020910480991005898 1.1565183401107788 2.1412081718444824
-1.0031723976135254 0.284606397151947 1.0984113216400146
-0.11092773824930191 0.3417789041996002 3.087597370147705
-0.861126184463501 0.9729894995689392 -1.205298900604248
0.6136152744293213 0.7772018313407898 -0.7583546042442322
0.9210300445556641 0.8951119780540466 1.4437496662139893
0.9210299849510193 0.8849623799324036 -0.072438083589077
0.5288844704627991 1.2796000242233276 1.7852741479873657
0.3181499242782593 0.284606397151947 -0.7550660967826843
-0.7895088195800781 0.284606397151947 -0.5924533009529114
-1.0718305110931396 0.940058171749115 -1.2052987813949585
0.34771838784217834 1.3139177560806274 -0.9463598132133484
-2.0279128551483154 0.9665237069129944 -0.5026373267173767
-0.8361454010009766 0.284606397151947 -0.09084799140691757
-1.0433263778686523 0.284606397151947 -0.3731314539909363
-1.427762746810913 0.7666379809379578 -0.8717812895774841
0.16203930974006653 1.234127163887024 2.1291322708129883
-0.16338646411895752 0.3309600055217743 3.2650532722473145
-0.659485399723053 0.284606397151947 -0.20718035101890564
-2.301262617111206 1.2500966787338257 1.0116504430770874
0.9210300445556641 1.055695652961731 0.6588611006736755
-0.124362051486969 0.284606397151947 0.4899907112121582
-0.29919394850730896 0.284606397151947 -0.28750139474868774
0.3639613389968872 0.7698734402656555 1.92129647731781
-1.2101092338562012 1.0459920167922974 -0.9194883108139038
0.008193198591470718 0.7053097486495972 2.825115442276001
-0.8425098061561584 0.7356796860694885 -0.8785638809204102
-2.3863744735717773 1.0493855476379395 0.7823251485824585
-2.0582077503204346 1.2789065837860107 1.788956880569458
-2.03389835357666 0.7239386439323425 1.155559778213501
-2.0601248741149902 0.8555389046669006 0.5312526822090149
-1.5977191925048828 0.9983565807342529 2.1412081718444824
-0.021563373506069183 0.9721829891204834 -0.939083456993103
-2.3611862659454346 1.165565013885498 1.5299078226089478
-1.2176593542099 0.284606397151947 1.0420551300048828
-1.3578859567642212 1.119529128074646 -1.205298662185669
-1.8311134576797485 0.6943023800849915 1.531965732574463
-0.2708924412727356 0.7631145715713501 -0.9017229080200195
0.21261508762836456 0.8464419841766357 -1.2052991390228271
-1.5344172716140747 0.6829177737236023 -0.6757469773292542
-1.9282478094100952 1.1825897693634033 2.106524705886841
-0.8008869886398315 0.31824496388435364 2.6929402351379395
-2.3710885047912598 1.0968223810195923 0.32811814546585083
0.6153950095176697 0.284606397151947 0.25858861207962036
0.9008585214614868 1.1594599485397339 -0.6698746681213379
-0.5715035200119019 1.0891518592834473 -1.205298900604248
-1.9064171314239502 0.6833024024963379 0.9168967604637146
-1.9574477672576904 0.6587724685668945 -0.0644378811120987
-1.459441900253296 1.2154126167297363 2.1061043739318848
-1.7267038822174072 0.773884654045105 1.8158138990402222
0.9210299849510193 1.1549475193023682 0.30844900012016296
0.9198421239852905 1.1605048179626465 -0.931198239326477
-1.8874332904815674 0.6469590067863464 0.16233918070793152
-2.3302664756774902 1.2410802841186523 1.8563443422317505
0.11536038666963577 1.1158519983291626 -1.2052991390228271
-0.877626895904541 1.1355738639831543 -0.8284792304039001
0.8985500335693359 1.1857653856277466 -0.23724740743637085
-1.6954296827316284 1.2023813724517822 2.1150410175323486
-0.8783558011054993 0.4500081539154053 2.9435501098632812
0.19266586005687714 0.284606397151947 1.3099573850631714
-2.065876007080078 1.243977427482605 -0.08949045091867447
0.37810903787612915 0.6383254528045654 -0.7794381380081177
-1.5762789249420166 0.6852395534515381 1.5922337770462036
-2.053759813308716 0.7331390976905823 1.6470476388931274
-1.2894420623779297 0.284606397151947 0.8501889109611511
-1.9327744245529175 0.665536642074585 0.6591004729270935
0.31090113520622253 0.284606397151947 -0.25198203325271606
0.41050946712493896 1.0322343111038208 1.6594558954238892
0.24257232248783112 1.1264698505401611 2.134993076324463
-0.8803170919418335 0.3640626072883606 2.9192135334014893
0.6118200421333313 1.0245952606201172 -0.4623158574104309
-1.7305257320404053 0.88482666015625 -0.5354370474815369
-1.8907475471496582 1.2479630708694458 -0.683840274810791
-0.7164152264595032 0.38416028022766113 3.1824657917022705
-1.8525360822677612 0.6843940615653992 -0.3050944209098816
-2.365762233734131 1.0908381938934326 0.5968563556671143
0.610494077205658 1.2755745649337769 -1.0781989097595215
-0.15884871780872345 1.1714979410171509 -1.1979721784591675
-1.345426321029663 1.294593095779419 -0.9099264740943909
-1.1466214656829834 1.1537491083145142 -1.2019160985946655
0.9210299849510193 1.0907162427902222 -0.3729024827480316
-1.226539969444275 0.6730802655220032 -0.789461076259613
-1.7959740161895752 1.2843408584594727 1.740230679512024
-2.043391704559326 0.8064908981323242 0.26019880175590515
-2.3147225379943848 1.2508349418640137 1.323205828666687
-0.7930196523666382 1.1581720113754272 -1.1971368789672852
0.30802449584007263 1.1520392894744873 -1.1856799125671387
0.6373229026794434 0.9173539876937866 1.5215568542480469
-1.1163135766983032 0.284606397151947 1.6119208335876465
-0.3642973005771637 1.1411091089248657 -1.1998881101608276
0.36066558957099915 0.284606397151947 0.7793782353401184
0.8682575821876526 1.2653627395629883 -0.5777479410171509
-2.1844849586486816 1.2266987562179565 -0.4793739914894104
-0.695400595664978 0.284606397151947 0.3849426507949829
-1.4664756059646606 1.272957444190979 1.8950124979019165
-2.2931344509124756 1.2272809743881226 0.5688896179199219
-2.3382058143615723 1.2066594362258911 0.21187430620193481
-1.6124851703643799 1.1373318433761597 -0.8106505870819092
-1.5415922403335571 1.2741429805755615 -1.0499849319458008
-1.9027224779129028 1.2550456523895264 -0.4276394844055176
0.46856188774108887 0.284606397151947 0.10952339321374893
-1.0935101509094238 1.298505425453186 -0.9858081936836243
0.4759727418422699 0.7169271111488342 -0.6308048963546753
-0.29603755474090576 0.556571900844574 3.1902756690979004
0.48879244923591614 0.284606397151947 0.9700632691383362
-0.1487845629453659 0.284606397151947 -0.15409152209758759
-0.7870386838912964 1.274957299232483 -1.1186529397964478
0.5408669114112854 0.284606397151947 0.7569775581359863
-1.102485179901123 0.284606397151947 0.07994106411933899
-0.28052327036857605 0.284606397151947 1.0716642141342163
-0.4180730879306793 0.284606397151947 1.5207200050354004
0.007273110561072826 1.3067703247070312 -0.8201536536216736
-0.849398672580719 0.7586102485656738 2.6856508255004883
-1.385231614112854 0.8805789947509766 -0.6498123407363892
-1.316269040107727 0.6610888838768005 1.582331657409668
-0.1418919414281845 0.284606397151947 1.1758490800857544
-0.7423189878463745 0.284606397151947 0.8900704383850098
-2.024946689605713 1.2881907224655151 1.2891000509262085
-0.4775640070438385 1.2751208543777466 -1.0958561897277832
0.7610756754875183 1.3084243535995483 1.983554482460022
-1.6700067520141602 1.1283553838729858 1.7564198970794678
-0.015173626132309437 0.7575610280036926 2.536238670349121
-0.5770224332809448 0.5482376217842102 3.2022242546081543
-1.8737983703613281 0.6677185893058777 0.42752084136009216
-1.6265003681182861 1.286377191543579 -0.6656240820884705
-1.720380187034607 1.257869839668274 -0.20687268674373627
-1.2084380388259888 0.284606397151947 0.6945668458938599
-1.758160948753357 0.7069001197814941 1.3307695388793945
-1.4892526865005493 1.2689319849014282 -0.36202147603034973
0.11613485962152481 1.294149398803711 -1.066763997077942
0.9035894274711609 1.208714485168457 0.019121848046779633
-1.1571694612503052 1.1626275777816772 2.1096279621124268
-1.6161425113677979 0.6681239604949951 -0.2726620137691498
0.828205943107605 1.1886321306228638 0.7449475526809692
0.9006168842315674 1.163405179977417 1.0799098014831543
0.48540621995925903 1.3326470851898193 -0.7926122546195984
-1.9166643619537354 1.254926085472107 0.4864139258861542
-1.7992374897003174 1.270099401473999 1.4129858016967773
-1.0590457916259766 0.7818087935447693 -0.7936621904373169
0.5698359608650208 0.6747969388961792 -0.38941943645477295
0.7274516224861145 1.2390168905258179 1.2884069681167603
-0.07970678806304932 0.6169212460517883 2.9830470085144043
0.3096349239349365 0.6738317608833313 1.730979561805725
0.2850102186203003 0.8765119314193726 -0.8063961267471313
-1.0118391513824463 0.8234745860099792 1.8520992994308472
-0.28572964668273926 1.3204841613769531 -0.9498075246810913
0.9037033915519714 1.1958012580871582 0.467958003282547
-0.5257754325866699 0.38153964281082153 3.3115041255950928
-0.8676944375038147 0.7751925587654114 2.095878839492798
0.056688446551561356 0.6733807325363159 -0.8250172138214111
0.8751282095909119 1.319301724433899 -0.0165289044380188
-2.053279161453247 1.250463843345642 0.1942714899778366
-0.24990321695804596 0.8924933075904846 2.704521656036377
-1.7027899026870728 0.7110036611557007 0.8477001786231995
-0.5669344067573547 0.689085066318512 -0.7984417676925659
-2.11651873588562 1.327842354774475 0.8369721174240112
-1.9069099426269531 1.158499836921692 -0.1960463523864746
-1.3009511232376099 1.0533572435379028 1.7303801774978638
-1.7593982219696045 0.987750768661499 1.5015355348587036
-1.8577828407287598 0.8589096665382385 0.6619822978973389
-0.555310845375061 0.284606397151947 1.3945324420928955
-1.8959656953811646 1.2615495920181274 1.0846047401428223
-0.6648948192596436 0.644510805606842 3.041348934173584
0.652158796787262 1.2409865856170654 0.5399187803268433
-1.0449166297912598 0.284606397151947 -0.132889524102211
-0.46040287613868713 0.284606397151947 0.3739470839500427
-0.8451180458068848 1.1136151552200317 2.0718488693237305
0.14866043627262115 0.284606397151947 0.8590983748435974
-0.6400141716003418 0.284606397151947 -0.012697458267211914
-1.342634916305542 1.2597777843475342 1.6689221858978271
0.7993828654289246 1.2679779529571533 1.5313489437103271
-0.40097007155418396 0.786957859992981 2.9508190155029297
0.00805165059864521 0.284606397151947 1.0314359664916992
0.49746406078338623 1.3145731687545776 -0.5273131728172302
0.12312530726194382 0.8952571749687195 2.1217522621154785
-0.5884323120117188 0.284606397151947 -0.5017288327217102
0.7335087060928345 1.2907882928848267 -0.3400367498397827
-1.927883267402649 1.25888991355896 0.71787029504776
-0.3682865500450134 0.6991166472434998 2.8447353839874268
-0.16103646159172058 1.1117130517959595 2.3496615886688232
-1.0015122890472412 1.2018100023269653 1.8349798917770386
-0.06209404394030571 0.8774852156639099 -0.7377446293830872
-1.5326403379440308 1.2318065166473389 1.466866374015808
-1.8727222681045532 1.181032657623291 0.302136093378067
-0.7201927900314331 1.1408833265304565 1.9117145538330078
0.1405448019504547 0.284606397151947 0.66566002368927
-0.6202544569969177 0.9570634365081787 2.6033732891082764
-1.838112711906433 0.722693681716919 1.1377761363983154
-0.38449805974960327 1.0571353435516357 2.4361178874969482
0.8657053112983704 0.8590127825737 1.2196192741394043
-0.7801790833473206 0.6306484341621399 -0.6907726526260376
0.10010294616222382 1.2505128383636475 1.8334146738052368
-0.6529185771942139 0.284606397151947 0.17277973890304565
0.35492846369743347 1.0327473878860474 -0.6049586534500122
-1.429098129272461 0.6904205083847046 -0.4789992868900299
-0.11140070855617523 0.7964023947715759 2.2679388523101807
-0.44719159603118896 0.284606397151947 -0.10465993732213974
-0.97837895154953 0.284606397151947 0.7050512433052063
-1.4388341903686523 0.9419904351234436 1.5515294075012207
-1.4326077699661255 1.3107925653457642 -0.5732869505882263
-0.6625986099243164 0.284606397151947 1.2521963119506836
-0.6004126667976379 0.768559992313385 2.3125791549682617
-1.778998851776123 1.2281078100204468 0.08531901240348816
0.587165892124176 1.2842025756835938 0.2590368986129761
-0.8493846654891968 1.3214316368103027 -0.8122130036354065
-0.09164764732122421 0.7205578684806824 1.822528600692749
-0.28563979268074036 0.284606397151947 0.7136268019676208
-1.1621390581130981 1.2904239892959595 -0.667777419090271
0.6733511686325073 0.8724498152732849 -0.15723870694637299
0.6176658272743225 1.0438867807388306 0.9385367631912231
-1.6568176746368408 0.9728825092315674 -0.2688812017440796
-1.0859496593475342 1.1554181575775146 1.624671459197998
-1.779693603515625 0.8106963038444519 -0.0605337917804718
-1.4339348077774048 1.230230689048767 -0.11646721512079239
0.22176828980445862 1.2990565299987793 -0.6958870887756348
0.456695556640625 0.284606397151947 0.5987448692321777
-0.924740731716156 0.284606397151947 0.916129469871521
-1.740673303604126 1.116851568222046 0.5823231339454651
0.2659752070903778 0.284606397151947 0.30142849683761597
0.49887800216674805 1.2924069166183472 -0.227076917886734
0.40883034467697144 0.6761828660964966 1.5330201387405396
-0.22486373782157898 1.0038684606552124 2.221357822418213
-0.06840092688798904 0.284606397151947 1.3504478931427002
-2.0454065799713135 1.3039432764053345 1.5672574043273926
-1.5719304084777832 1.2300283908843994 1.1775981187820435
-1.623779296875 0.811022162437439 1.1007143259048462
-1.1444687843322754 0.6656283736228943 -0.6085578799247742
-0.23080049455165863 1.2924582958221436 -0.7751299738883972
-1.8233484029769897 0.9959365129470825 0.9415883421897888
-0.4904654622077942 1.1606608629226685 2.1946239471435547
-1.9021345376968384 0.9834377765655518 1.2489899396896362
0.917548418045044 0.9522823691368103 0.3718849718570709
0.7557059526443481 1.2322863340377808 0.9555672407150269
-1.7920949459075928 0.8907537460327148 0.24676938354969025
-0.5314772129058838 1.2067009210586548 1.6827811002731323
-0.25226664543151855 0.6727357506752014 -0.7130087018013
-0.5037816166877747 0.284606397151947 0.9785054326057434
0.5869870781898499 0.6763594746589661 0.953628659248352
0.4713999330997467 1.2445467710494995 1.5057698488235474
0.523474931716919 0.7089343667030334 1.3394473791122437
-0.12954817712306976 0.284606397151947 0.28345897793769836
0.29472142457962036 0.284606397151947 0.1096389964222908
0.4374139606952667 1.2289221286773682 0.952838122844696
0.42753100395202637 0.8350656628608704 -0.4023663401603699
-0.64942866563797 0.8134304285049438 1.92652428150177
-0.3207150101661682 1.2146213054656982 1.7426546812057495
-0.7085953950881958 1.0814415216445923 2.383488416671753
-0.11863277852535248 1.2345062494277954 1.6399518251419067
-0.882706880569458 0.284606397151947 -0.28593510389328003
0.20106947422027588 1.2427808046340942 1.6117466688156128
-1.157893180847168 0.284606397151947 0.5151692628860474
0.6347177028656006 0.8355236053466797 0.17066514492034912
0.3585914969444275 1.1330167055130005 1.2119123935699463
-0.3312162756919861 0.7957905530929565 2.590837001800537
-0.1617293357849121 0.285338431596756 -0.4463267922401428
-0.5078150033950806 1.2905699014663696 -0.6960803866386414
0.6067160964012146 0.6725096106529236 0.48448696732521057
0.31584712862968445 0.7613946795463562 1.3733183145523071
-1.5919687747955322 0.6747219562530518 0.03927110135555267
-0.011350244283676147 0.284606397151947 0.012013956904411316
0.019671136513352394 1.0509272813796997 1.795143961906433
0.05012490972876549 0.3857143521308899 1.2825485467910767
0.24974577128887177 0.8290897011756897 1.626199722290039
-0.41773587465286255 0.8732020258903503 2.107250213623047
-0.8345422744750977 0.284606397151947 0.23724903166294098
-0.02803020179271698 0.284606397151947 0.6977477073669434
-1.0037978887557983 0.647228479385376 1.7082315683364868
0.14489346742630005 1.333701491355896 -0.23820552229881287
-0.5980519652366638 1.1115397214889526 -0.7104389071464539
-1.4465783834457397 0.8221100568771362 1.3791664838790894
0.21483762562274933 0.7696959376335144 -0.6035041213035583
0.48330095410346985 0.7508987188339233 1.0761669874191284
-0.3335738778114319 0.7457535862922668 1.8683233261108398
-1.4567879438400269 0.6670365929603577 1.193120002746582
-0.450810968875885 0.284606397151947 0.17922711372375488
-0.42578577995300293 0.7928506731987 -0.661632776260376
-1.3157225847244263 0.6506222486495972 -0.15439048409461975
-0.7813498973846436 1.279872179031372 -0.5804250836372375
-0.031683266162872314 0.9327404499053955 1.5204136371612549
-1.3942017555236816 0.9003962278366089 -0.31413814425468445
-0.5992976427078247 0.2924489378929138 1.1151020526885986
-0.0552259124815464 0.6938206553459167 -0.6294102668762207
-1.1244300603866577 0.7023109197616577 1.5606192350387573
0.4824523329734802 0.7712789177894592 -0.12648870050907135
-1.6519157886505127 0.7367302775382996 0.36147934198379517
-1.6326525211334229 0.7080727815628052 0.5983258485794067
-0.09803513437509537 1.3361515998840332 -0.5224307179450989
0.19904445111751556 1.272391438484192 -0.4391278624534607
0.21935826539993286 1.2191288471221924 1.144869327545166
-0.7201099395751953 1.2405706644058228 -0.29118070006370544
-0.9776973128318787 0.8686500787734985 -0.5986645817756653
-0.23077887296676636 1.1893482208251953 1.3864943981170654
-1.1608694791793823 1.137068748474121 -0.5300583839416504
-0.39753660559654236 1.2729884386062622 -0.44957593083381653
-1.204088568687439 0.7224339842796326 -0.40967801213264465
0.2767575681209564 1.2406859397888184 0.7274112701416016
-0.9297976493835449 1.1704037189483643 1.1861730813980103
-0.18114180862903595 0.6971229910850525 -0.41337132453918457
-1.530281901359558 1.254062533378601 0.119991734623909
-0.14501357078552246 1.1534414291381836 -0.5522335767745972
-1.2209333181381226 1.264855146408081 -0.3125142753124237
-0.9638893604278564 1.2808563709259033 -0.37890416383743286
0.5565167665481567 0.6982308626174927 0.10916747897863388
-0.09146098792552948 1.1708893775939941 -0.3276851773262024
-0.7630940675735474 0.8127964735031128 -0.5876562595367432
0.4601588249206543 1.1706931591033936 0.2893834412097931
0.32546466588974 1.2437708377838135 -0.09297975897789001
-1.0935323238372803 0.8375234007835388 -0.2928566336631775
0.5139214992523193 0.8875236511230469 0.774631917476654
-1.119860291481018 1.2625854015350342 0.018399538472294807
-1.4874216318130493 0.910732626914978 -0.08414937555789948
0.4242511987686157 1.293427586555481 0.07169029116630554
-1.463976502418518 0.7202550172805786 0.7231945395469666
0.3469868004322052 0.6390293836593628 -0.2933379113674164
0.38214027881622314 1.1683807373046875 0.5444568395614624
-0.4769657552242279 0.6866558790206909 1.6534531116485596
-0.645199179649353 1.2144869565963745 1.4842054843902588
-0.5980418920516968 0.6511823534965515 -0.4858546853065491
-1.3491108417510986 1.3085044622421265 0.3729185163974762
-1.1379077434539795 1.2425299882888794 1.1316627264022827
-1.1534191370010376 1.192909836769104 0.9266459941864014
-1.2818411588668823 1.254552960395813 1.250669240951538
0.3166561424732208 0.9973498582839966 -0.2748303711414337
-0.7475221157073975 1.1931265592575073 1.36127769947052
-1.2250937223434448 1.178285837173462 0.20055808126926422
-0.37445828318595886 0.3121471703052521 0.9311084151268005
-0.9523366093635559 0.35060545802116394 0.5764254331588745
0.0788680762052536 0.6441293954849243 1.1850459575653076
-1.4661693572998047 1.222684621810913 0.7481943964958191
-1.1637012958526611 1.2371991872787476 0.7287036180496216
-1.1861070394515991 1.1777294874191284 0.5654188990592957
-0.9460822343826294 1.1142581701278687 -0.2803036570549011
-1.5883811712265015 1.22919762134552 0.3922528922557831
0.40843719244003296 0.6282896995544434 0.8329499363899231
-1.5180100202560425 1.148838996887207 1.044431447982788
-1.6928951740264893 1.2416294813156128 0.8702495098114014
-0.8826858997344971 0.6551701426506042 1.3685102462768555
-0.20529954135417938 0.30184420943260193 0.13993816077709198
-1.0801448822021484 1.1881016492843628 0.3662767708301544
-1.416006326675415 0.6560672521591187 0.29531097412109375
-0.5075323581695557 1.2714142799377441 -0.32076501846313477
-1.4604707956314087 0.8290316462516785 0.15674300491809845
-0.9590210914611816 0.6841033697128296 -0.29049545526504517
-1.0200732946395874 1.1492332220077515 0.07857216149568558
-1.007487416267395 1.2133902311325073 1.475905418395996
0.002319972962141037 0.674653947353363 1.6519333124160767
-1.458664059638977 0.9051874876022339 0.43845564126968384
-1.2543572187423706 0.6777058839797974 1.152619481086731
-0.8851817846298218 1.1745142936706543 -0.061021506786346436
-1.126267671585083 0.8098215460777283 0.008615607395768166
-0.2368527054786682 0.3702246844768524 0.4873757064342499
-0.398695170879364 1.0877593755722046 1.5777068138122559
0.4051187336444855 0.6230153441429138 0.10414852201938629
-0.5197036266326904 0.3726125955581665 0.6589962840080261
-0.9666638970375061 0.6084752082824707 -0.10249051451683044
-1.4675260782241821 0.7458751797676086 0.9463441371917725
-0.7667469382286072 0.6798474788665771 1.7050950527191162
-0.4569365978240967 0.936163067817688 -0.49211040139198303
-0.5126221179962158 0.615225613117218 -0.3024733364582062
-1.2951523065567017 0.7920002341270447 0.030512547120451927
-0.5070889592170715 0.2944149374961853 0.5964388251304626
0.16944213211536407 1.3109147548675537 1.3353784084320068
-1.2833582162857056 0.8568763136863708 0.9124358296394348
-1.0984644889831543 0.6836966872215271 1.027522325515747
-0.6766856908798218 0.3056231141090393 0.7968068718910217
0.014171268790960312 0.8176683783531189 -0.4620686173439026
0.11397551000118256 1.1804007291793823 0.940371572971344
-1.3142746686935425 0.6660733222961426 0.4866194725036621
0.4773285984992981 0.8862786889076233 0.40979915857315063
-0.24072159826755524 0.7229994535446167 1.6367275714874268
-0.5505010485649109 0.8144378066062927 1.7190940380096436
0.02143491990864277 0.8532869219779968 -0.26420968770980835
-0.35958483815193176 0.8184518814086914 -0.34211283922195435
-0.7139122486114502 0.8572714328765869 -0.36685851216316223
0.09097183495759964 0.8321382999420166 1.2149968147277832
0.3453983962535858 1.02389395236969 0.06352262198925018
-1.2030574083328247 0.7880875468254089 1.3472129106521606
-1.295669674873352 0.8841671347618103 0.649341344833374
-0.41333499550819397 0.6925678849220276 1.350136160850525
0.16784673929214478 0.6791625618934631 -0.24926123023033142
-1.0634765625 0.5843204259872437 0.22212481498718262
-0.1277858018875122 1.1598774194717407 1.164249062538147
-1.0360027551651 0.9498468637466431 1.1181646585464478
0.3307725787162781 0.7821021676063538 0.02304546907544136
0.33695921301841736 0.8019658923149109 1.1831402778625488
-0.9173434376716614 0.8924774527549744 1.5483782291412354
0.5003611445426941 0.6994640827178955 0.6312865614891052
0.00032939016819000244 0.8182145357131958 1.3847593069076538
-0.7721155285835266 0.7408108115196228 -0.20261798799037933
-0.5968842506408691 0.7929717898368835 1.3833929300308228
0.3523118495941162 0.8372397422790527 0.7432279586791992
-0.7650144100189209 0.8293901085853577 1.4037837982177734
-0.014926381409168243 0.5806705951690674 -0.16439387202262878
-0.7683359980583191 0.5517948865890503 0.06301331520080566
-0.834906816482544 0.920464038848877 1.185696005821228
-1.162969946861267 0.8580434918403625 0.3869994282722473
-0.3236043453216553 0.5625267624855042 -0.15065231919288635
-1.167256236076355 0.7521466612815857 0.6177337169647217
-1.0511784553527832 0.9636220932006836 0.8417580723762512
-1.0672454833984375 0.7801449298858643 0.15999814867973328
0.2422095239162445 0.9002673029899597 1.010089635848999
-0.4610135555267334 0.996466338634491 1.2721788883209229
-0.270641952753067 0.8625419735908508 1.3387871980667114
0.1729249805212021 0.5492566227912903 0.24020615220069885
0.39498358964920044 0.5623456239700317 0.42593395709991455
-0.8112326264381409 0.8255053758621216 1.088996171951294
0.1717226505279541 0.6956907510757446 0.6399171948432922
-0.640917181968689 0.6874130368232727 1.199486494064331
-0.02548792213201523 0.5254611968994141 0.539802074432373
-0.9968579411506653 0.7524555325508118 0.9014189839363098
-0.011284963227808475 0.6465349197387695 0.3099120855331421
-0.21398034691810608 0.7269912958145142 1.2610212564468384
-0.3726533055305481 0.4345478117465973 0.20675858855247498
-0.987287163734436 0.5360332727432251 0.7594643235206604
-0.759999692440033 0.5801195502281189 0.32886257767677307
0.035617146641016006 0.47090214490890503 0.9720717668533325
-0.42758500576019287 0.6242239475250244 0.08007200062274933
-0.3319472074508667 0.9363790154457092 0.12759433686733246
-0.4272990822792053 0.5822107791900635 0.6134302020072937
0.12479822337627411 0.7989639043807983 0.2527029812335968
-0.2061455100774765 0.5398982167243958 0.8776700496673584
-0.34087780117988586 0.39277493953704834 0.41117244958877563
-0.7667167782783508 0.7410754561424255 0.8071331977844238
-0.5510472059249878 0.9040048122406006 -0.003281213343143463
-0.1103626936674118 0.6520211696624756 0.09015235304832458
-0.0985013097524643 0.9336111545562744 0.11209544539451599
-0.8343880772590637 0.7604292035102844 0.5054965019226074
-0.22936969995498657 0.7079483270645142 1.0764143466949463
-0.546714186668396 0.7196001410484314 -0.006861947476863861
-0.4755899906158447 0.801752507686615 0.920195996761322
-1.498619794845581 2.112332820892334 0.13672903180122375
-0.0016153529286384583 0.8070079684257507 0.668767511844635
-0.032445624470710754 0.926245391368866 0.38642507791519165
0.042079582810401917 0.7269765138626099 0.8565762042999268
0.14377127587795258 0.9024004936218262 0.4143396019935608
-0.9206680655479431 0.6429225206375122 0.5514377951622009
-0.6182113289833069 0.5993708968162537 0.981246292591095
-0.523038923740387 0.9607930183410645 0.23891448974609375
-0.18455229699611664 0.839419960975647 0.7743433713912964
-0.3351258635520935 0.7738864421844482 0.9700011014938354
-0.049141623079776764 0.8466198444366455 -0.05823923274874687
-0.6804513931274414 0.8810270428657532 0.27327457070350647
-0.20360586047172546 2.315948486328125 0.2826102674007416
-0.7703064680099487 0.7803680300712585 0.17151491343975067
-0.7206485271453857 0.8319279551506042 0.5441371202468872
-1.449767827987671 1.911698818206787 0.36652442812919617
-0.27946680784225464 0.9348942637443542 -0.11184460669755936
-1.3423197269439697 1.858588457107544 0.2221396118402481
-1.5367512702941895 1.820358157157898 0.22838637232780457
-0.09225080907344818 2.333045244216919 0.11345639824867249
-0.18316397070884705 0.9214133024215698 0.6382710337638855
-0.20341257750988007 0.9572824239730835 0.3398599326610565
-0.4490170180797577 0.9401546120643616 0.5239761471748352
0.025058748200535774 2.4657065868377686 0.4039596617221832
-0.04699188470840454 2.5843377113342285 0.5550322532653809
-0.6920656561851501 0.9237953424453735 0.5380924344062805
-1.4769823551177979 1.8246064186096191 0.2792280316352844
-0.4266643524169922 0.8874174356460571 0.7831220030784607
0.11302932351827621 2.511901617050171 0.06139431893825531
-1.473381519317627 1.8154605627059937 0.16429691016674042
-0.666598379611969 2.8248913288116455 0.7813506126403809
-0.6348271369934082 2.9096879959106445 0.986362636089325
-0.5500070452690125 2.9735586643218994 1.0182901620864868
-0.48466402292251587 3.1000986099243164 0.9329544305801392
-0.22244992852210999 2.3973958492279053 0.47458192706108093
0.03850488364696503 2.402761459350586 0.22844178974628448
-1.622924566268921 1.9315910339355469 0.17722748219966888
0.17903448641300201 2.667191982269287 0.23335623741149902
-0.48446300625801086 2.884845495223999 0.8986797332763672
-0.25702181458473206 2.5552871227264404 0.6204131245613098
-0.39063015580177307 2.352851629257202 0.3317576050758362
-0.5987507700920105 0.8265494108200073 0.7639560699462891
0.09777551144361496 2.7930908203125 0.4083651006221771
-0.20766617357730865 2.368391275405884 0.0029540357645601034
-0.5834927558898926 2.614715099334717 0.6091474294662476
-0.7780401706695557 2.839226722717285 0.5943716168403625
-0.06113133579492569 2.532766819000244 -0.13800163567066193
-0.11085294932126999 2.781646728515625 -0.18931031227111816
0.1156139075756073 2.705925226211548 -0.057560235261917114
-0.4370686113834381 2.3615405559539795 0.1125468909740448
-0.24698759615421295 2.486602783203125 -0.14433807134628296
-0.615500271320343 2.49756121635437 0.2985917031764984
-0.7539933323860168 2.766719102859497 0.4198639988899231
-0.7251013517379761 3.058072805404663 0.9608792066574097
-0.425087034702301 2.993588924407959 0.1206694096326828
-0.4964428246021271 3.0128443241119385 0.387707382440567
0.08473829925060272 2.9417905807495117 0.09957802295684814
-0.4522341787815094 2.6969521045684814 -0.13765272498130798
-0.08283393830060959 2.8715157508850098 0.5735224485397339
-0.28879767656326294 2.9111216068267822 0.6331644654273987
-0.11371865123510361 3.0544357299804688 0.10268537700176239
-0.6384749412536621 2.5133235454559326 0.4517604410648346
-0.4543825089931488 2.486694097518921 -0.05691780149936676
-0.09437830746173859 3.690971851348877 0.6949813961982727
-0.3440227806568146 3.4671053886413574 0.37498679757118225
-0.22117182612419128 3.1307833194732666 0.41807520389556885
-0.4480293095111847 2.527775764465332 0.627149760723114
-0.2073948085308075 3.374094009399414 0.23837652802467346
-0.2792605757713318 3.770723581314087 0.6859624981880188
-0.37156471610069275 4.003298759460449 0.6373255252838135
-0.6118636727333069 2.504331588745117 0.13124340772628784
-0.38707664608955383 3.706163167953491 0.49405646324157715
-0.09512630105018616 3.3103606700897217 0.4548516571521759
-0.33292287588119507 2.9276692867279053 -0.10872728377580643
-0.6517958641052246 2.8059005737304688 0.14394691586494446
-0.20106205344200134 3.4779608249664307 0.579751193523407
-0.20409448444843292 3.664510488510132 0.2208223044872284
-0.1354217678308487 4.000767230987549 0.7668957710266113
-0.3797254264354706 4.023036003112793 0.34356969594955444
-0.026922984048724174 3.9849963188171387 0.24584947526454926
-0.39362531900405884 4.248441696166992 0.3320000469684601
-0.07321875542402267 4.568991661071777 0.7250922918319702
-0.39856839179992676 4.299381256103516 0.5663708448410034
-0.23839804530143738 4.650681495666504 0.23865392804145813
0.1472627818584442 4.148932456970215 0.4749753177165985
0.009240400046110153 3.565345525741577 0.3814142644405365
-0.04936348274350166 4.485313892364502 0.2785720229148865
0.022760406136512756 4.166815757751465 0.7375733256340027
-0.23496699333190918 4.286352157592773 0.7699675559997559
0.07494896650314331 4.428422927856445 0.6011179685592651
0.03475445508956909 3.668029308319092 0.5903064608573914
0.10752622038125992 3.926058530807495 0.6445307731628418
0.0567292645573616 4.3092756271362305 0.3374631106853485
-0.35655879974365234 4.861772537231445 0.27091509103775024
-0.49740511178970337 4.516327857971191 0.43045613169670105
-0.2410922646522522 4.370988845825195 0.24262893199920654
-0.20251469314098358 5.034878253936768 0.6392080187797546
0.09231928735971451 3.844876289367676 0.3835921883583069
-0.28626736998558044 3.88520884513855 0.2299327701330185
-0.7830929160118103 6.131865978240967 0.4682150185108185
-0.5755086541175842 6.0070013999938965 0.5075780749320984
-0.3587202727794647 4.551924705505371 0.7049707770347595
-0.6080002188682556 5.959671974182129 0.3743971288204193
-0.21293877065181732 4.8334784507751465 0.7279089093208313
-0.4584786295890808 6.11075496673584 0.25065287947654724
-0.5203259587287903 4.755295276641846 0.4896283745765686
-0.02704494819045067 4.767302989959717 0.4257570207118988
-0.3907332420349121 5.333889007568359 0.45089036226272583
-0.5405806303024292 4.985010147094727 0.4685470759868622
-0.4136267602443695 4.819836616516113 0.7126820683479309
-0.27370041608810425 5.257190227508545 0.5167813897132874
-0.39334872364997864 5.172088146209717 0.3977976143360138
-0.4045756459236145 6.314299583435059 0.2742246687412262
-0.8922302722930908 6.24430513381958 0.5355820655822754
-0.5710850954055786 6.142706394195557 0.14665289223194122
-0.45441511273384094 6.1753129959106445 0.530312180519104
-0.1557132452726364 4.98001766204834 0.34023675322532654
-0.8791071772575378 6.191928386688232 0.2973017692565918
0.009565170854330063 7.2133870124816895 0.6040595769882202
-0.6092438697814941 5.933635234832764 0.32830893993377686
-0.8048282265663147 6.4019269943237305 0.6431009769439697
-0.8641043901443481 7.006003379821777 0.562082827091217
-0.2293953001499176 7.157477855682373 0.6034666895866394
-0.48384255170822144 7.269366264343262 0.8525304198265076
-0.9797902703285217 6.375917434692383 0.36693403124809265
0.056645218282938004 7.157601833343506 0.4351997375488281
-0.44566985964775085 6.50028657913208 0.4570450782775879
-0.4969433546066284 7.172943592071533 0.7322719693183899
-0.6934305429458618 6.287795066833496 0.05345102399587631
-0.5984624028205872 6.329542636871338 0.6666899919509888
-0.29220661520957947 7.222970962524414 0.3315731883049011
-1.0314182043075562 6.543296813964844 0.3297995924949646
-0.06404544413089752 7.139492034912109 0.41299715638160706
-0.2393496185541153 7.165003299713135 0.46763214468955994
-0.939399003982544 6.768896579742432 0.3119623064994812
-0.48005586862564087 7.48638391494751 0.7718443274497986
-0.5768177509307861 6.701079845428467 0.40751999616622925
-0.7388826012611389 6.451601505279541 0.06314102560281754
-0.7309466600418091 7.108084678649902 0.8756846189498901
-0.8415527939796448 6.639136791229248 0.1369558423757553
0.2504494786262512 7.213139057159424 0.4314267635345459
-0.6291252970695496 7.036025524139404 0.771016538143158
0.25581681728363037 7.579126834869385 0.5130538940429688
0.14729179441928864 7.340199947357178 0.1737675964832306
-0.7467896342277527 6.946494102478027 0.670225203037262
-0.2985556423664093 7.557344913482666 0.43212318420410156
-0.8523362278938293 7.353695392608643 0.9307736754417419
-0.9676673412322998 6.93516206741333 0.43099871277809143
-0.8165464997291565 6.928532123565674 0.3046245872974396
-0.6553515791893005 7.597416400909424 0.6728718280792236
-0.7946812510490417 7.1650261878967285 0.21891754865646362
-0.09918883442878723 7.495782852172852 0.7036742568016052
-0.9147161245346069 7.142334461212158 0.8292949795722961
-1.0753813982009888 7.267847061157227 0.7227715253829956
-0.6495224237442017 7.235043525695801 0.24803590774536133
-0.9964743852615356 7.367913246154785 0.3038608431816101
-0.09006090462207794 7.389031410217285 0.2255733609199524
-0.7203206419944763 7.352087020874023 0.44158560037612915
0.12476927042007446 7.861982345581055 0.2939397692680359
0.22652356326580048 7.605496883392334 0.24532921612262726
0.2943669259548187 7.4020094871521 0.40312790870666504
-0.17034469544887543 7.681215286254883 0.31301000714302063
-0.10341744869947433 8.541183471679688 0.5247088670730591
-0.6804872751235962 7.539124488830566 0.38344427943229675
-1.0208433866500854 7.454705238342285 0.6749963760375977
-0.0861743688583374 7.785494327545166 0.2975653409957886
-0.9501896500587463 7.789083003997803 0.34307345747947693
0.0886986181139946 8.752813339233398 0.503097414970398
-0.8110609650611877 7.635818004608154 0.2115093469619751
-0.8101837038993835 7.544304370880127 0.2535417675971985
0.12153881043195724 7.593734264373779 0.5960724949836731
-1.024918794631958 7.949066162109375 0.28001636266708374
-0.9692695140838623 7.930143356323242 0.3489362597465515
-0.43450847268104553 9.018102645874023 0.6932317614555359
-0.09583775699138641 8.825024604797363 0.5516296625137329
-0.461529403924942 9.025064468383789 0.6300278306007385
0.16591037809848785 8.901349067687988 0.38538986444473267
-0.9819006323814392 9.363009452819824 -0.05553365871310234
-0.8029045462608337 9.488436698913574 0.5609317421913147
0.06682649999856949 8.724587440490723 0.6813202500343323
0.020741229876875877 8.87138557434082 0.778469979763031
0.15216626226902008 8.686620712280273 0.5677695274353027
0.2769453227519989 8.962301254272461 0.6258591413497925
0.27363839745521545 8.953093528747559 -0.17214886844158173
-0.6762686967849731 9.03293514251709 0.9105662107467651
-0.46500468254089355 9.107221603393555 0.9574883580207825
-0.5738287568092346 9.088475227355957 0.4843766987323761
-0.019477803260087967 9.060324668884277 0.3249055743217468
-0.7918249368667603 9.21133804321289 0.3989648222923279
-0.6637776494026184 9.01129150390625 0.7196848392486572
0.3027997314929962 9.118974685668945 0.7239194512367249
-0.5704713463783264 9.102957725524902 0.3270002603530884
-0.8593182563781738 9.046222686767578 0.7345911264419556
-0.9518436193466187 9.296468734741211 0.7757039666175842
-0.4291037917137146 9.301310539245605 0.2242305725812912
-0.15308140218257904 9.165233612060547 0.5222583413124084
-0.17077282071113586 9.211795806884766 0.8193307518959045
-0.8942463397979736 9.188318252563477 0.015976883471012115
0.23178575932979584 9.200410842895508 0.7029194235801697
-0.5014199614524841 9.336485862731934 0.938636064529419
-0.30694395303726196 9.434614181518555 0.39311105012893677
-0.012510271742939949 9.645423889160156 0.48937439918518066
-0.7453102469444275 9.28408432006836 0.31857290863990784
0.061857424676418304 9.366729736328125 0.4910147488117218
-0.3167053759098053 9.515069961547852 0.6083971261978149
0.13252420723438263 9.461008071899414 0.9178792834281921
-0.8638845682144165 9.469475746154785 0.6883072257041931
-0.57163405418396 9.340211868286133 0.2239013910293579
0.41102102398872375 10.239330291748047 -0.09922865778207779
-0.02201896347105503 9.900687217712402 0.8193613290786743
-0.06216098368167877 9.470394134521484 0.7585519552230835
0.2301815152168274 9.591537475585938 0.811608612537384
-0.513897716999054 10.030403137207031 0.7406200766563416
-0.7056193351745605 9.293693542480469 0.9558990001678467
0.1985267698764801 9.712050437927246 0.6514753103256226
-0.3487681448459625 9.771944046020508 0.6138427257537842
-0.4428956210613251 9.643515586853027 0.4463178813457489
-0.4981018006801605 10.170036315917969 1.0270131826400757
-1.2618821859359741 10.47132682800293 1.3326305150985718
-0.36369410157203674 9.784432411193848 0.7659213542938232
-0.33595147728919983 10.078577995300293 0.9496376514434814
0.32749998569488525 10.155701637268066 -0.112423375248909
-0.4238792657852173 10.304420471191406 0.7822274565696716
-0.008744433522224426 9.901055335998535 0.6417623162269592
-0.9412441253662109 10.65400505065918 -0.277111679315567
-0.3392440378665924 10.21113395690918 1.0637009143829346
0.5368689894676208 10.216692924499512 -0.15015946328639984
-0.5451802015304565 10.28586483001709 0.4302131235599518
-0.4613439440727234 10.198227882385254 0.6594154834747314
-0.24757909774780273 10.234366416931152 0.6962961554527283
-0.8642231225967407 10.829209327697754 -0.31049302220344543
-0.675891637802124 10.507999420166016 0.20794765651226044
0.37639373540878296 10.322331428527832 -0.05468065291643143
-0.3888568580150604 10.367711067199707 1.0262243747711182
-1.261428952217102 10.723505973815918 1.2714753150939941
-0.9577980637550354 10.741095542907715 -0.424812376499176
-0.08899329602718353 10.265420913696289 0.7351131439208984
-0.5064813494682312 10.681831359863281 0.27916473150253296
0.3248252272605896 10.703801155090332 0.25674518942832947
-1.048634648323059 10.85264778137207 -0.30412575602531433
-0.9282424449920654 10.859257698059082 -0.37845125794410706
-0.30696603655815125 10.655263900756836 0.7626336216926575
-0.4306327998638153 10.573509216308594 0.5251421928405762
0.15086227655410767 11.033576011657715 1.2435710430145264
-1.2570265531539917 10.726547241210938 1.264209270477295
-0.7712739706039429 10.822800636291504 -0.25644972920417786
-1.1386172771453857 10.864285469055176 1.2431036233901978
0.26905301213264465 11.096118927001953 1.2565242052078247
-0.41401273012161255 10.822007179260254 0.7261108160018921
-0.30552420020103455 10.992566108703613 1.34031343460083
-0.4960575997829437 10.896639823913574 1.2671390771865845
-0.9117320775985718 11.085474014282227 -0.3408327102661133
-0.5245607495307922 10.959853172302246 0.5289573669433594
-0.30448487401008606 11.005108833312988 0.9071425199508667
-0.9697665572166443 10.970784187316895 -0.07000438868999481
-0.2814631462097168 11.034204483032227 0.30934396386146545
-0.27491357922554016 11.240090370178223 -0.075807586312294
0.4935459494590759 11.130834579467773 0.6463536620140076
0.5459343194961548 11.243270874023438 0.11626407504081726
-0.6900601387023926 11.1867094039917 -0.31968051195144653
-0.45313864946365356 11.198152542114258 1.4294601678848267
-1.2120692729949951 11.197126388549805 -0.36152181029319763
-1.3247110843658447 11.25469970703125 0.7052564024925232
0.008340861648321152 11.2537841796875 0.09323542565107346
-0.28197357058525085 11.279911041259766 0.9729731678962708
-0.9744951725006104 11.280827522277832 1.1341146230697632
-0.23052635788917542 11.303192138671875 0.9608091711997986
0.5461926460266113 11.341534614562988 0.05549989268183708
0.2773546874523163 11.34187126159668 1.2287688255310059
-1.0339041948318481 11.360010147094727 -0.4636695086956024
-0.39089271426200867 11.453861236572266 -0.34757521748542786
-1.0059328079223633 11.428142547607422 0.6346312165260315
-0.7029343843460083 11.441076278686523 1.2083138227462769
-1.266424536705017 11.484643936157227 -0.07572922855615616
-0.21164563298225403 11.516587257385254 0.9980304837226868
0.37810197472572327 11.530844688415527 -0.39180636405944824
-0.40172526240348816 11.533548355102539 1.1463310718536377
-0.8811620473861694 11.523468971252441 0.37404000759124756
-1.0022473335266113 11.5614595413208 0.3423759639263153
-1.0094194412231445 11.568002700805664 0.9200204014778137
-0.35314810276031494 11.575197219848633 -0.44958025217056274
0.016239432618021965 11.580083847045898 0.3515879809856415
