493
-1.791797161102295 0.35555896162986755 1.051525592803955
-1.7723697423934937 0.44718626141548157 -0.26425424218177795
-1.3321895599365234 0.3403645157814026 0.5345798134803772
0.5092422962188721 0.8359095454216003 -0.024132762104272842
-1.7542147636413574 0.40987837314605713 0.15379133820533752
-0.9625020623207092 0.35507628321647644 -1.1485053300857544
-0.3417504131793976 0.284606397151947 0.6075608730316162
-1.8129534721374512 0.5314933061599731 1.393095850944519
-0.6025531888008118 0.2871227562427521 -0.7791495323181152
-0.6169184446334839 0.4588615298271179 -1.1662826538085938
0.6173473596572876 0.4450235962867737 -0.5802383422851562
-1.84859037399292 0.5405547618865967 0.09943172335624695
-1.6871788501739502 0.5367302894592285 0.3873640298843384
-2.0132691860198975 0.38458743691444397 -0.03855166584253311
-1.2530252933502197 0.3704190254211426 1.311150074005127
-1.9452409744262695 0.30733299255371094 0.18592070043087006
-2.014615774154663 0.46032533049583435 0.4651319086551666
0.18634174764156342 0.3827038109302521 -0.7465531229972839
-0.5546488761901855 0.41597020626068115 -1.1726969480514526
-1.6707370281219482 0.29669541120529175 0.8997959494590759
0.10562751442193985 0.34915608167648315 1.639284372329712
0.7355770468711853 0.5488114953041077 -0.43523919582366943
0.49610471725463867 0.8218794465065002 -0.1604747325181961
-2.1795289516448975 0.3810863494873047 0.30401960015296936
-1.0104851722717285 0.2875465452671051 0.9617107510566711
-0.32976770401000977 0.3482873737812042 -1.0965794324874878
-1.5983102321624756 0.40948668122291565 1.5877659320831299
-2.1383700370788574 0.40855872631073 0.12042016535997391
0.6988224983215332 0.5343466401100159 -0.4944078326225281
-1.2220449447631836 0.30165359377861023 0.9720758199691772
-0.7246783375740051 0.3361010253429413 -1.0983550548553467
0.8771147131919861 0.4728788435459137 0.9557497501373291
0.626499593257904 0.48002710938453674 1.1127750873565674
-1.3525233268737793 0.719296932220459 0.9554678201675415
-1.5361919403076172 0.5847064852714539 0.8512122631072998
-1.3813520669937134 0.4850137531757355 1.4185863733291626
0.7955149412155151 0.860671877861023 0.0838942676782608
-1.8930201530456543 0.3378957509994507 -0.107587531208992
0.5525367856025696 0.3373773694038391 -0.5422818064689636
-1.578082799911499 0.3393247127532959 -0.23391325771808624
-1.5069267749786377 0.33270519971847534 1.5770834684371948
0.8849380612373352 0.31554552912712097 0.8114169836044312
-0.8273229598999023 0.41019606590270996 -0.8719856142997742
0.24782755970954895 0.3448883295059204 1.0050584077835083
-0.40035203099250793 0.2896920442581177 -0.8235023617744446
-0.05624280869960785 0.6659200191497803 -1.0842876434326172
-1.482374906539917 0.3593263626098633 1.055954933166504
-1.7379207611083984 0.32672619819641113 0.6897715330123901
-0.30468690395355225 0.29198169708251953 -0.2621462345123291
-1.2177133560180664 0.3799474537372589 -0.29904118180274963
-1.4811607599258423 0.5246235132217407 -0.5681464076042175
-0.8152762651443481 0.3317710757255554 0.11631394922733307
-0.6922633051872253 0.3391897678375244 -0.5970979928970337
-1.61064612865448 0.3996545076370239 1.2050113677978516
-1.1650582551956177 0.4136403501033783 -0.1815854012966156
0.7029939293861389 0.3737363815307617 1.3046578168869019
-1.0744757652282715 0.3288196325302124 0.82724529504776
0.2072417438030243 0.3322697579860687 -0.5290917754173279
-1.1400896310806274 0.38216105103492737 -1.0958722829818726
-2.1460494995117188 0.322451651096344 0.3594227135181427
-1.0027998685836792 0.39196693897247314 -0.2798413336277008
-0.14814981818199158 0.34850630164146423 -0.7419389486312866
-0.6283430457115173 0.5757978558540344 -0.5904142260551453
-1.2063610553741455 0.33136844635009766 -0.7853490114212036
-1.6604822874069214 0.3256140649318695 1.5855056047439575
-1.6332265138626099 0.3720220923423767 -0.47996073961257935
0.8954195976257324 0.321045458316803 1.5198349952697754
-1.8887537717819214 0.4467269778251648 1.2798465490341187
-1.4375619888305664 0.30072489380836487 1.3742642402648926
0.9190179705619812 0.3473948538303375 0.7762153148651123
-0.1950915902853012 0.42574435472488403 1.7284725904464722
-1.631569504737854 0.3400600850582123 0.04262103885412216
-0.18191878497600555 0.32608163356781006 -1.0668542385101318
0.36813274025917053 0.3466021716594696 1.4871271848678589
0.8739646673202515 0.5029526948928833 1.556308627128601
-1.9464633464813232 0.4575618505477905 1.1168502569198608
0.8942590355873108 0.44262582063674927 1.2385419607162476
0.5884212851524353 0.6304567456245422 1.205767035484314
-0.9180147051811218 0.2948252856731415 -1.1727826595306396
-1.1276698112487793 0.321829617023468 0.22939433157444
0.9081103205680847 0.5918146371841431 0.9949324727058411
0.7267721891403198 0.40758854150772095 1.1266565322875977
-1.3054779767990112 0.3371548056602478 0.6722661852836609
-1.5781887769699097 0.30478569865226746 0.409434974193573
-0.6629888415336609 0.506568193435669 1.6646909713745117
0.8204302191734314 0.425508052110672 -0.17257866263389587
0.578898549079895 0.3892567455768585 1.6041736602783203
-2.117259979248047 0.3873434364795685 0.5464989542961121
-1.131869912147522 0.4710773825645447 -0.749993085861206
-0.7049543261528015 0.3282676339149475 -0.30355167388916016
0.8331072330474854 0.4224885404109955 1.390458106994629
-0.13362039625644684 0.9314634799957275 0.572162926197052
-0.19989538192749023 0.5300785303115845 1.8238588571548462
-0.21630840003490448 0.4618527293205261 -0.8936960697174072
-1.253450632095337 0.543140172958374 -1.0140022039413452
-1.1451398134231567 0.3835453391075134 -0.4623332917690277
-1.8052787780761719 0.7202085852622986 0.5838941931724548
-0.7646974921226501 0.5410434603691101 -0.43292590975761414
0.05872102081775665 1.0404434204101562 0.3996623456478119
-0.16388411819934845 0.562326192855835 1.7589831352233887
-0.7471615672111511 0.4703308045864105 1.503111481666565
-0.9177054762840271 0.5668103694915771 -0.634199857711792
-0.5172239542007446 0.6711350679397583 1.775147795677185
-0.5606027245521545 0.37397903203964233 0.610707700252533
-1.982622742652893 0.500872790813446 0.9223623871803284
-0.37078264355659485 0.5187623500823975 1.739509105682373
0.2861871123313904 0.9187415242195129 0.5650409460067749
-1.8524233102798462 0.349986732006073 1.5065306425094604
-1.538821816444397 0.3891831040382385 0.7738732695579529
0.6803800463676453 0.5632173418998718 0.8698948621749878
-1.504040241241455 0.5733696222305298 -0.7266476154327393
-1.4788297414779663 0.38787731528282166 0.6236947774887085
-0.2096089869737625 0.6567829847335815 -0.8970279693603516
-0.5483189225196838 0.5937879681587219 1.7982981204986572
0.5023647546768188 0.4848712682723999 1.5266730785369873
-1.9682952165603638 0.41875532269477844 0.6528905034065247
-0.5818518400192261 0.2862367033958435 0.7827660441398621
-1.5378715991973877 0.2953115403652191 -0.042928583920001984
0.4426020383834839 1.0361582040786743 0.2783122956752777
-1.3783409595489502 0.3867909014225006 0.28994449973106384
-1.0345910787582397 0.4966990351676941 1.399538278579712
-1.7189183235168457 0.45088934898376465 -0.39375361800193787
-1.4703569412231445 0.42896199226379395 -0.7782388925552368
-2.000054359436035 0.48521730303764343 0.8319427371025085
0.2440171241760254 0.9595997333526611 0.4646584987640381
-0.16624727845191956 0.28775814175605774 1.3773411512374878
-0.8754916787147522 0.38679978251457214 1.2178915739059448
-0.9374189376831055 0.3060600757598877 -0.43039801716804504
-1.3261749744415283 0.33249008655548096 -0.17565830051898956
-1.4037750959396362 0.34899502992630005 0.10955151915550232
-1.1583911180496216 0.30735093355178833 1.2249788045883179
-0.4045705795288086 0.5865631103515625 -0.6364610195159912
-1.3491922616958618 0.45244070887565613 -0.5367275476455688
0.1388911008834839 0.6893494129180908 -0.4049845039844513
0.23617491126060486 0.6735812425613403 1.5773564577102661
0.3614363968372345 1.0845177173614502 0.16640333831310272
-0.9808869361877441 0.3865363895893097 1.2123879194259644
-0.844818115234375 0.8700057864189148 -0.281832754611969
-0.8408190608024597 0.5693185925483704 1.2042834758758545
0.06680489331483841 0.8807781934738159 -0.9510396122932434
0.48880863189697266 0.9007717370986938 0.586073100566864
0.20059025287628174 1.1627086400985718 0.3276360332965851
0.35625413060188293 0.7310442924499512 -0.5167779922485352
-1.0278862714767456 0.3566575348377228 0.6172563433647156
0.609891414642334 1.111219882965088 0.2316715270280838
-0.017548304051160812 0.7956084609031677 -0.9998310208320618
-0.3043597638607025 0.7870549559593201 -1.042844295501709
-0.12556569278240204 0.6911866664886475 1.7301557064056396
-0.2785954773426056 0.7084017395973206 -1.0970593690872192
0.36341607570648193 0.6731868982315063 -0.6828678846359253
0.46126043796539307 0.4027678668498993 -0.3729417622089386
-0.3880559802055359 0.6009665727615356 1.3810529708862305
0.6461844444274902 0.9264551401138306 0.37850868701934814
-0.6914354562759399 0.31441178917884827 1.528183937072754
0.23954607546329498 0.5345214009284973 1.4647185802459717
0.3604240119457245 0.5063232779502869 0.7218554019927979
0.15900209546089172 0.503680408000946 -1.042663335800171
-0.8058361411094666 0.37621042132377625 0.7744496464729309
-0.6301170587539673 0.3073597252368927 0.08821988105773926
0.8152310848236084 0.7108550667762756 0.6854621767997742
-0.043957341462373734 0.8524991273880005 0.8360404968261719
-0.7219818830490112 0.9635904431343079 1.5206496715545654
-0.5261463522911072 0.7733222842216492 -0.03829321637749672
0.028715334832668304 0.31570327281951904 -0.7728384733200073
0.38698017597198486 0.4447699189186096 1.14584219455719
-0.4631407856941223 0.6813559532165527 0.9378771781921387
-0.46205851435661316 0.9260342717170715 1.6214227676391602
0.18073634803295135 0.6837973594665527 -0.3686487376689911
0.32581984996795654 0.6635689735412598 0.3777928352355957
0.8728322982788086 0.35247117280960083 0.16487911343574524
-0.16227668523788452 1.1333259344100952 -0.060149695724248886
-0.19673039019107819 0.4882776737213135 0.3749072253704071
-0.5537914037704468 0.6680322885513306 1.5446444749832153
-0.2234063446521759 0.47169989347457886 1.3458781242370605
0.8164975047111511 0.8725360631942749 0.11236973851919174
0.7203814387321472 0.8049977421760559 0.45862534642219543
-0.016534646973013878 0.3836188018321991 -0.5324905514717102
0.7121597528457642 0.8629776239395142 -0.331667423248291
-0.9082698225975037 0.4066437780857086 0.35764041543006897
-1.3925364017486572 0.5814786553382874 0.4467776119709015
0.8500298261642456 0.6443091630935669 -0.04010097682476044
-0.45777222514152527 0.5140416622161865 0.40656477212905884
0.4446753263473511 0.33299699425697327 0.8627459406852722
0.15584246814250946 0.5772333145141602 0.7977449297904968
-0.3747504651546478 0.35923874378204346 -0.05994202941656113
-0.9466843605041504 0.3865607976913452 0.06074455752968788
-0.5278131365776062 0.315582811832428 -0.29137060046195984
-0.2330784797668457 0.407368004322052 0.8397098779678345
0.018685683608055115 0.3584878444671631 1.1900876760482788
0.3608439564704895 0.3358149230480194 -0.06749779731035233
0.6670680046081543 0.4618265628814697 0.5149812698364258
-0.29067060351371765 0.8683114647865295 -0.4617373049259186
-0.14493651688098907 0.5860540866851807 -0.32856374979019165
0.11294091492891312 0.8619389533996582 -0.0590708963572979
-0.6691749095916748 0.48281097412109375 0.13346503674983978
-1.1167923212051392 0.4306339919567108 0.3083038032054901
-1.0349440574645996 0.4575056731700897 0.6152677536010742
-0.5916846394538879 0.46938952803611755 1.0251929759979248
-1.2341800928115845 0.6033479571342468 0.6419233083724976
-0.016143377870321274 0.6637521982192993 0.7177616953849792
-1.4457368850708008 0.618135392665863 0.2336307317018509
-1.3701940774917603 0.5266172289848328 0.07214251160621643
-0.34217196702957153 0.525603175163269 0.7829592823982239
-0.4542137086391449 0.47455328702926636 0.2018919289112091
-0.9151153564453125 0.5797780752182007 0.998392641544342
-0.7021076679229736 0.744118869304657 1.3291881084442139
-0.9093526005744934 0.5475609302520752 0.6558602452278137
-0.26411718130111694 0.5713722109794617 1.1762943267822266
-0.23938804864883423 0.6163778305053711 0.9389800429344177
-0.8120146989822388 0.7637084126472473 1.0942273139953613
-1.1796019077301025 0.6978251934051514 0.5269343852996826
-0.11028699576854706 0.37516725063323975 0.19463464617729187
-0.666716456413269 0.5812368988990784 1.24616539478302
-1.025038242340088 0.5766018629074097 -0.15915599465370178
-1.2791190147399902 0.6074473261833191 -0.10978750884532928
-0.37264636158943176 1.9253290891647339 0.7050921320915222
-0.31283554434776306 1.678253412246704 0.4848247766494751
-0.4885590076446533 1.7972818613052368 0.21580085158348083
-0.11050418764352798 2.0512709617614746 -0.04972263053059578
-0.49399349093437195 0.7537389993667603 0.7701416611671448
-0.6441662311553955 0.5119067430496216 0.7501177787780762
-0.7456234693527222 0.731515645980835 0.2737230956554413
-0.30450132489204407 1.8533413410186768 0.020031018182635307
-0.6018445491790771 1.93234384059906 0.4211118817329407
-0.6254302263259888 0.6289390921592712 0.11509574949741364
-1.270640254020691 0.6943396925926208 0.07545892149209976
-0.504913330078125 1.982095718383789 0.09641461074352264
-0.5064416527748108 1.7970185279846191 0.4671005308628082
-1.0156159400939941 0.7706657648086548 0.3167199194431305
-0.9370399713516235 0.7021376490592957 -0.0863804891705513
-0.3339417278766632 0.753915548324585 1.1967018842697144
-0.0671694427728653 1.8259390592575073 -0.000893175951205194
-0.6387920379638672 0.5835550427436829 0.4499180018901825
0.11628936976194382 1.7801811695098877 0.19216039776802063
-0.8777625560760498 0.6012787818908691 0.7829359769821167
-0.7421746850013733 0.3848315179347992 0.39972004294395447
-0.06039243936538696 1.6773940324783325 0.13318254053592682
0.028125807642936707 1.6861523389816284 0.37265545129776
-0.12549355626106262 1.9088213443756104 0.7066128849983215
0.15953446924686432 1.8243346214294434 0.4095681607723236
-0.08705481141805649 1.6667613983154297 0.4719694256782532
-0.3387415111064911 1.6997408866882324 0.1840304285287857
-0.2304503321647644 1.639544129371643 0.2977113723754883
-0.7742183208465576 2.944913625717163 1.3890173435211182
-0.30143076181411743 2.187310218811035 0.02318969927728176
-0.30050766468048096 1.7571452856063843 0.630961000919342
-0.5968856811523438 2.119380474090576 0.4486907720565796
0.14270545542240143 1.9809367656707764 0.10473314672708511
-0.7966503500938416 2.746478796005249 1.2878718376159668
-0.38006627559661865 3.4069159030914307 0.5660688281059265
-0.8453577756881714 2.8175880908966064 1.3771891593933105
-0.4857499301433563 2.225517749786377 0.2240527868270874
0.02776145562529564 1.9511200189590454 0.6403249502182007
-0.8821076154708862 2.7883501052856445 1.271464467048645
-0.2599312365055084 3.4224259853363037 0.4824453294277191
-0.22436068952083588 2.2885003089904785 0.49504590034484863
-1.2675577402114868 2.619889497756958 -0.3650633692741394
-0.3373614549636841 2.138873338699341 0.6819537281990051
-1.2574201822280884 2.605787992477417 -0.41603806614875793
-0.9930745959281921 2.8711092472076416 1.2625020742416382
-0.489238440990448 3.4597270488739014 0.6583309173583984
-0.7808912992477417 2.8163509368896484 1.2179858684539795
-0.2932516634464264 3.468043804168701 0.7457926273345947
-0.23479591310024261 3.8643312454223633 0.12846586108207703
0.09451156854629517 2.198474645614624 0.2899101674556732
0.050095174461603165 3.8464035987854004 0.6918994188308716
-0.6088415384292603 3.5467844009399414 0.6130687594413757
-0.09453954547643661 3.502387762069702 0.6445762515068054
-0.03622890263795853 3.682725191116333 0.7710159420967102
-0.35735809803009033 3.5920944213867188 0.2248542308807373
-0.09623154252767563 3.66483998298645 0.279297798871994
-0.24857236444950104 3.592785358428955 0.8671302199363708
0.15507866442203522 2.044445514678955 0.4970836341381073
-0.0332053042948246 3.589726686477661 0.4664710760116577
0.026549771428108215 3.838876962661743 0.3955504894256592
-0.6726430058479309 3.8406360149383545 0.40923038125038147
-0.10922082513570786 2.308389663696289 0.2594121992588043
-0.42877861857414246 3.7176802158355713 0.16231603920459747
-0.5698139071464539 3.6200802326202393 0.350398987531662
-0.44619250297546387 3.8388609886169434 0.9381117820739746
-0.4224604666233063 4.128373622894287 0.16508063673973083
-0.6801827549934387 3.742297410964966 0.6416643261909485
-0.16305074095726013 4.135679244995117 0.20995494723320007
0.0056766727939248085 4.0432047843933105 0.3411303758621216
-0.10526960343122482 3.9803903102874756 0.8333292603492737
-0.3001520335674286 3.4440081119537354 0.32005780935287476
-0.4865778386592865 4.01785135269165 0.3840760886669159
-0.03908652067184448 4.38798189163208 0.47645318508148193
-0.06448010355234146 4.237967014312744 0.7839198112487793
-0.4024668037891388 4.364202499389648 0.2852538824081421
0.024273624643683434 4.146838665008545 0.5712122917175293
-0.6665576696395874 3.994945764541626 0.6391641497612
-0.48471105098724365 3.679811477661133 0.8727627992630005
-0.5968155860900879 4.300490856170654 0.6650816798210144
-0.4173155128955841 4.350985050201416 0.913972795009613
-0.5660730600357056 4.360193252563477 0.47505682706832886
-0.5056952238082886 4.152858257293701 0.8322923183441162
-0.45137715339660645 4.711099147796631 0.4408992826938629
-0.3639356791973114 4.638017654418945 0.9298451542854309
-0.3354910910129547 4.018088340759277 0.9312218427658081
-0.14213401079177856 4.686956405639648 0.4703235924243927
-0.2232997864484787 4.414085388183594 0.9120507836341858
-0.25010424852371216 4.543629169464111 0.34188392758369446
-0.3443717956542969 5.006519317626953 0.43814653158187866
-0.34823471307754517 5.334298133850098 0.37956690788269043
-0.21821562945842743 5.4800028800964355 0.5393592715263367
-0.5582791566848755 4.814016342163086 0.6014918088912964
-0.5477758049964905 5.6169962882995605 0.24227283895015717
-0.04797907918691635 4.4948954582214355 0.7907325029373169
-0.32075992226600647 5.6176910400390625 0.32163557410240173
-0.6562652587890625 5.509251117706299 0.33169296383857727
-0.5366842150688171 5.157340049743652 0.4624007046222687
-0.5587487816810608 4.572746753692627 0.7628166675567627
-0.11042611300945282 4.940360069274902 0.6576142311096191
-0.04822620004415512 4.703172206878662 0.7410489916801453
-0.2553252875804901 4.887101650238037 0.8972470760345459
-0.4124263823032379 5.84407901763916 0.1603923887014389
-0.5725980997085571 5.147953033447266 0.7904981374740601
-0.5067493319511414 4.909453868865967 0.8208509683609009
-0.2611079216003418 5.296247482299805 0.7967071533203125
-0.4773441553115845 5.3134331703186035 0.8730611205101013
-0.6851898431777954 5.31484317779541 0.47139662504196167
-0.23311889171600342 5.708554267883301 0.5740521550178528
-0.15343357622623444 5.150591850280762 0.582411527633667
-0.265840083360672 6.008373260498047 0.253628671169281
-0.6450141072273254 5.874905586242676 0.1441739946603775
-0.23345132172107697 5.938154220581055 0.4927842915058136
-0.7675265669822693 5.495974540710449 0.7112029194831848
-0.7118452191352844 5.319918632507324 0.6621222496032715
-0.6668239831924438 6.26774263381958 0.5000337362289429
-0.4817686975002289 6.229294776916504 0.6220143437385559
-0.8192854523658752 5.621562480926514 0.3651994466781616
-0.899242639541626 5.862800121307373 0.4144498109817505
-0.6966772675514221 6.2022504806518555 0.12911295890808105
-0.8608448505401611 5.927185535430908 0.5837579369544983
-0.4282451570034027 5.566300392150879 0.8450397849082947
-0.4189455211162567 6.153772830963135 0.1010119691491127
-0.8297519087791443 5.673800468444824 0.6732456088066101
-0.8066362738609314 5.9640350341796875 0.24703548848628998
-0.5839071273803711 6.518662929534912 0.20095980167388916
-0.10066451877355576 7.2806291580200195 0.49376678466796875
-0.43125617504119873 5.881032943725586 0.7508916854858398
-0.6592193245887756 5.803281307220459 0.7717626094818115
-0.8857542276382446 7.62541389465332 0.3937157392501831
-0.9231809377670288 7.674656391143799 0.25904256105422974
0.08266124874353409 7.358973503112793 0.6793568134307861
-0.5691964030265808 6.351062774658203 0.42288365960121155
-0.22251372039318085 6.63667631149292 0.1725451946258545
-0.3746142089366913 6.288271903991699 0.01452825777232647
-0.2510719299316406 7.319792747497559 0.7314882874488831
-0.4130922257900238 6.503533363342285 -0.03813352435827255
-1.052620530128479 7.970800876617432 0.5818243026733398
-0.25364360213279724 6.3578104972839355 0.2560180425643921
-0.36517655849456787 6.056581974029541 0.6633749604225159
-0.4101898670196533 6.788144111633301 0.4969015419483185
-0.7425762414932251 7.612209796905518 0.45118603110313416
-0.7302313446998596 7.647627830505371 0.33262526988983154
-0.3237287104129791 7.452422142028809 0.7009458541870117
-0.02501150593161583 7.307851314544678 0.6966562867164612
-0.1087089404463768 7.294415473937988 0.7686944007873535
-1.0108728408813477 7.888029098510742 0.24254313111305237
-0.4247628450393677 6.689358711242676 0.047439683228731155
-0.22654743492603302 6.517687797546387 0.15310168266296387
-0.722308874130249 7.8836822509765625 0.17429432272911072
-0.6471699476242065 7.857122898101807 0.5863299369812012
-0.5503107309341431 7.8876872062683105 0.42859262228012085
-1.0282702445983887 7.736471652984619 0.4233720004558563
-0.025409888476133347 7.292928695678711 0.47127804160118103
-0.28396379947662354 7.329272270202637 0.5475016236305237
-0.8285306096076965 8.34976577758789 0.7886577248573303
-0.5931940674781799 8.354557037353516 0.550081193447113
-0.6412538886070251 8.027003288269043 0.19462542235851288
-0.41928830742836 8.749009132385254 0.36286991834640503
-0.9628957509994507 8.182194709777832 0.2565234899520874
-0.8188084363937378 8.537588119506836 0.4625137448310852
-0.7692646384239197 8.3231782913208 0.05624638497829437
-0.7630411982536316 8.225006103515625 0.699552595615387
-1.0030723810195923 8.341764450073242 0.7180611491203308
-0.9292364120483398 8.672574043273926 0.3063889741897583
-0.9771867394447327 7.960295677185059 0.7343047261238098
-1.0131831169128418 8.337310791015625 0.22554796934127808
-0.03524666652083397 7.6308698654174805 0.585976243019104
-0.6467887759208679 8.40875244140625 0.0781785249710083
-0.42731529474258423 8.671269416809082 -0.03074483945965767
-0.409716933965683 8.49942684173584 0.1730382889509201
-0.8472334146499634 7.796223163604736 0.6700032949447632
-0.5593739151954651 8.190471649169922 0.36799854040145874
-0.4254915118217468 8.52269458770752 0.29500728845596313
-0.7570479512214661 8.56899356842041 0.8734834790229797
-0.9523002505302429 8.662806510925293 0.7961380481719971
0.17766694724559784 9.766073226928711 1.0432039499282837
-1.1011388301849365 8.256372451782227 0.5553451180458069
-0.5470064878463745 8.496641159057617 0.6582344770431519
-0.05618477985262871 9.765938758850098 1.1785553693771362
-0.5025657415390015 9.218208312988281 0.8268895149230957
-0.2905450761318207 8.597220420837402 0.24516203999519348
-0.7818734645843506 8.714876174926758 -0.0032184896990656853
-0.5550883412361145 8.839665412902832 -0.06439484655857086
-0.8232433795928955 8.728242874145508 0.19622069597244263
-0.6403364539146423 8.688506126403809 0.8114084005355835
-0.8347489833831787 9.016931533813477 0.08630774915218353
-0.06444285809993744 8.875306129455566 0.096202053129673
-0.06223412603139877 8.970487594604492 0.008669069036841393
-0.6386386156082153 8.982380867004395 0.2733224928379059
0.2627195715904236 9.681449890136719 1.104853630065918
-0.806082546710968 8.959789276123047 0.7309763431549072
-0.713080883026123 9.137988090515137 0.6962605714797974
-0.5934838056564331 8.877223014831543 0.9397234320640564
-0.5993920564651489 8.8428316116333 0.7438843250274658
-0.12096100300550461 8.883381843566895 0.07353086024522781
-0.17719784379005432 9.702893257141113 0.9804437756538391
-0.5838862061500549 9.161628723144531 0.05523211136460304
0.15999816358089447 9.622276306152344 1.217824935913086
-0.74608314037323 9.071797370910645 -0.014185892418026924
0.062086593359708786 9.141395568847656 -0.04291044548153877
-0.02240283042192459 9.69261360168457 0.7543253898620605
0.009689712896943092 9.899805068969727 1.3500245809555054
-0.628050684928894 9.208792686462402 0.913727879524231
-0.2595261037349701 9.966514587402344 1.0132853984832764
-0.6388301253318787 9.218525886535645 0.9943106770515442
-0.8325521945953369 9.22954273223877 0.05789179727435112
0.2841685712337494 9.799959182739258 1.2783093452453613
-0.24085943400859833 9.880707740783691 1.0873695611953735
0.3660167455673218 9.954607009887695 1.0566076040267944
-0.20265744626522064 9.963960647583008 0.7327153086662292
-0.8726291656494141 10.156272888183594 -0.10592161864042282
0.20146609842777252 10.135976791381836 1.2217004299163818
-0.7255293726921082 10.217408180236816 -0.08441343903541565
0.12034230679273605 10.008570671081543 0.763444721698761
0.3123633861541748 10.031224250793457 0.3837366998195648
0.18666929006576538 10.248527526855469 -0.2770318388938904
-0.7491776347160339 10.221358299255371 0.053908102214336395
0.09106656908988953 10.280279159545898 0.7857389450073242
-0.050690069794654846 10.385236740112305 0.8654606342315674
-0.2456853985786438 10.305867195129395 0.7314687371253967
-0.8897634148597717 10.343579292297363 -0.013759613037109375
0.1235983669757843 10.03899097442627 0.7336028814315796
-0.49207454919815063 10.12587833404541 0.7648695111274719
0.22847874462604523 10.080596923828125 0.9557518362998962
-0.9679917693138123 10.32969856262207 -0.14852792024612427
-0.2974925935268402 10.127596855163574 0.7547499537467957
-0.6592686772346497 10.33515739440918 0.016696413978934288
-0.20587998628616333 10.37749195098877 0.5773760676383972
-0.38740304112434387 10.604784965515137 -0.021184297278523445
-0.5379537343978882 10.761153221130371 -0.20458541810512543
-0.5236217975616455 10.548428535461426 0.0067922258749604225
-0.8054146766662598 10.545184135437012 0.016673710197210312
-0.35373327136039734 10.431791305541992 0.49642860889434814
-1.1246259212493896 10.763145446777344 1.4502726793289185
-0.488491415977478 10.740622520446777 0.1085876002907753
-0.5259349942207336 10.977764129638672 0.0017896611243486404
-0.9617444276809692 10.834983825683594 0.7981469035148621
-0.2416519671678543 10.938769340515137 0.027308475226163864
-0.810866117477417 10.832938194274902 0.6788622736930847
-0.10768360644578934 10.672882080078125 0.9879230260848999
0.0950494110584259 11.052016258239746 -0.08379257470369339
-0.22021326422691345 11.02404499053955 -0.19045570492744446
-0.7973232269287109 10.827597618103027 0.7766939401626587
-0.10251253843307495 10.901522636413574 -0.1010243147611618
-0.16377338767051697 11.236727714538574 -0.22365719079971313
-0.34386610984802246 10.892212867736816 0.3849320411682129
-0.7216506600379944 11.09789752960205 -0.2513964772224426
-1.2808148860931396 10.962778091430664 1.529171347618103
-0.13728131353855133 11.085043907165527 0.688057005405426
-0.5205378532409668 11.109827041625977 -0.22814059257507324
0.07753387093544006 11.12834358215332 1.231695294380188
0.20872506499290466 11.167315483093262 -0.11608751118183136
-0.1564081311225891 11.203208923339844 0.12077541649341583
-1.3220317363739014 11.113848686218262 0.5014267563819885
-0.6048732399940491 11.100505828857422 0.07210904359817505
-0.1800241321325302 11.22868537902832 1.0012441873550415
0.19520269334316254 11.170005798339844 -0.09493982791900635
-0.8173676133155823 11.302241325378418 -0.4397956132888794
-0.1865416318178177 11.236432075500488 1.0905036926269531
0.34716975688934326 11.390592575073242 0.5480958223342896
-0.21277444064617157 11.35490894317627 1.134813666343689
-0.32355427742004395 11.357948303222656 0.06143985688686371
0.0018798168748617172 11.376391410827637 -0.29670649766921997
-0.9833012223243713 11.414078712463379 -0.2479856312274933
-0.4029950797557831 11.385663032531738 -0.27079683542251587
0.25359708070755005 11.38627815246582 0.880546510219574
-0.9735059142112732 11.440492630004883 0.20940616726875305
0.1287497878074646 11.479936599731445 -0.1396075189113617
-0.695135772228241 11.458747863769531 0.961708128452301
-0.19359208643436432 11.458260536193848 -0.4277452826499939
-0.24516290426254272 11.522783279418945 0.042026087641716
-0.575469434261322 11.492304801940918 0.724793553352356
-0.4536862373352051 11.514924049377441 -0.12656576931476593
0.4058576226234436 11.532309532165527 0.3778156340122223
-0.8950523734092712 11.56277084350586 -0.13265861570835114
0.12717238068580627 11.552295684814453 1.2210148572921753
-0.05562661215662956 11.572539329528809 0.9431806802749634
-0.12378358095884323 11.577621459960938 0.32520103454589844
