1591
-2.3863744735717773 0.2845063805580139 1.5952157974243164
-2.386474609375 0.28460657596588135 -0.7601861953735352
-2.3863744735717773 0.47563448548316956 0.6930962204933167
0.9211299419403076 0.2846066951751709 -0.8528435230255127
-2.097277879714966 0.284606397151947 -0.0007739769644103944
-1.3416097164154053 0.2846062183380127 -1.205398678779602
-0.4485510289669037 0.284606397151947 1.2756837606430054
-0.9777764678001404 0.284606397151947 -0.9120874404907227
-0.9750707149505615 0.2846064567565918 -1.2053987979888916
0.9210314750671387 0.2845063805580139 -1.2053430080413818
-2.386474609375 0.2846064567565918 -0.2638075351715088
-2.386474609375 0.28460657596588135 0.280911922454834
-2.386474609375 0.28460657596588135 -0.48623335361480713
-1.7897363901138306 0.28460609912872314 2.141308307647705
-2.386474609375 0.2846064567565918 -0.011353254318237305
-2.3863754272460938 0.2845063805580139 0.6884851455688477
0.6647754907608032 0.2845063805580139 -1.205300211906433
-0.5538337230682373 0.2846064567565918 -1.2053989171981812
-2.0796213150024414 0.284606397151947 1.3169063329696655
0.1157969981431961 0.2846064567565918 2.141308307647705
0.9211299419403076 0.2846062183380127 -0.8982753753662109
0.9211299419403076 0.2846064567565918 -0.7525169849395752
-2.386474609375 0.28460657596588135 0.1130533218383789
-1.6054996252059937 0.284606397151947 1.874333143234253
-0.44063258171081543 0.2846064567565918 -1.2053989171981812
-2.379810333251953 0.2846062183380127 2.141308307647705
-2.386474609375 0.28460633754730225 -0.14256596565246582
0.9211299419403076 0.2846062183380127 -1.008298397064209
-2.1584672927856445 0.284606397151947 1.7112562656402588
-1.0916407108306885 0.2846064567565918 -1.205398678779602
0.9211300611495972 0.2846064567565918 1.37107515335083
0.9210300445556641 0.4832916557788849 1.5697178840637207
-1.9051389694213867 0.284606397151947 1.7162853479385376
-2.3863744735717773 0.2845063805580139 1.8749256134033203
-2.186163902282715 0.2845063805580139 2.141206741333008
0.9210320711135864 0.2845063805580139 -0.6741171479225159
-2.386474609375 0.2846064567565918 -0.6474791765213013
0.9211001992225647 0.28460627794265747 -1.2053993940353394
-2.386474609375 0.2846066355705261 -0.8696698546409607
-1.9565191268920898 0.2845063805580139 2.141206741333008
0.9210283756256104 0.2845063805580139 0.881103515625
-1.4480342864990234 0.2845063805580139 -1.205301284790039
0.3174455761909485 0.284606397151947 1.5893374681472778
-0.5732831358909607 0.284606397151947 -0.9137951731681824
0.38468682765960693 0.2846064567565918 -1.2053991556167603
-2.386474370956421 0.2845652103424072 2.1412081718444824
-2.3863754272460938 0.2845063805580139 1.0079631805419922
-0.39986175298690796 0.284606397151947 -0.816779613494873
-2.386474609375 0.5738961100578308 -1.2052984237670898
-2.386474609375 0.28460633754730225 -1.2053500413894653
-1.7583837509155273 0.284606397151947 -0.6178364753723145
-1.499135971069336 0.284606397151947 -0.9046940207481384
-2.3863754272460938 0.2845063805580139 1.6928339004516602
-2.103442668914795 0.284606397151947 -0.7351776361465454
0.9210300445556641 0.2845063805580139 2.042776107788086
-1.8909376859664917 0.284606397151947 1.359371304512024
0.38384827971458435 0.284606397151947 -0.9326431751251221
-1.539215087890625 0.2845063805580139 -1.205301284790039
-2.386474609375 0.2846064567565918 0.5168721675872803
-1.7045131921768188 0.284606397151947 -0.7974739074707031
-0.07928681373596191 0.2845063805580139 -1.205299735069275
-1.2590281963348389 0.284606397151947 -0.920661449432373
-1.8729066848754883 0.2845063805580139 -1.2052993774414062
-2.386436700820923 0.2846064567565918 -1.2053983211517334
0.9210300445556641 0.2845063805580139 1.7765235900878906
-2.0654807090759277 0.284606397151947 1.8786691427230835
0.9210309982299805 0.2845063805580139 1.1001710891723633
-0.10657596588134766 0.2845063805580139 2.141206741333008
-2.386474609375 0.2846064567565918 -0.37434279918670654
0.569489598274231 0.2846064567565918 2.141308307647705
0.9210300445556641 0.28456154465675354 2.141308307647705
-2.386474370956421 0.2846066951751709 1.489185094833374
0.9210309982299805 0.2845063805580139 1.6767663955688477
0.7701396942138672 0.2845063805580139 2.141207695007324
-1.2289705276489258 0.2845063805580139 -1.205301284790039
-1.9708681106567383 0.284606397151947 -0.14353610575199127
0.9210281372070312 0.2845063805580139 1.4698572158813477
0.9211300611495972 0.2846066355705261 1.5745223760604858
-1.883480191230774 0.284606397151947 1.1612563133239746
-2.124737501144409 0.284606397151947 0.7932256460189819
-1.3106508255004883 0.2845063805580139 2.141207695007324
0.9210319519042969 0.2845063805580139 -0.5798484086990356
0.9210300445556641 0.2845063805580139 2.141251564025879
-2.386474370956421 0.2846064567565918 0.9319889545440674
-1.7715330123901367 0.2845063805580139 -1.205301284790039
-1.345421314239502 0.284606397151947 -0.7489440441131592
0.9211300611495972 0.2846065163612366 1.887434959411621
-0.10789402574300766 0.6731400489807129 2.1412081718444824
-0.3764467239379883 0.2845063805580139 2.141207695007324
-0.006508827209472656 0.2845063805580139 -1.2052967548370361
-1.6741008758544922 0.2845063805580139 -1.205301284790039
-2.033189535140991 0.284606397151947 -0.9193146824836731
-1.934760570526123 0.4942912459373474 -1.2052985429763794
0.5202467441558838 0.284606397151947 0.5276910066604614
-1.461403489112854 0.2846059799194336 2.141308307647705
-1.958069086074829 0.2846064567565918 -1.205398440361023
-0.667719841003418 0.2845063805580139 2.141207695007324
-2.386474370956421 0.6711709499359131 2.141207695007324
-2.386474370956421 0.2846064567565918 1.3032329082489014
-0.7741899490356445 0.2845063805580139 2.141207695007324
0.9210329055786133 0.2845063805580139 0.6558429598808289
-2.3863754272460938 0.2845063805580139 1.9268512725830078
-2.085681915283203 0.284606397151947 1.1239466667175293
0.9210318326950073 0.2845063805580139 0.03888466954231262
-2.365950345993042 0.2846064567565918 -1.2053983211517334
-2.3863744735717773 0.45574843883514404 1.292889952659607
-0.6986563205718994 0.2845063805580139 -1.2052972316741943
-0.8817052841186523 0.2845063805580139 2.141207695007324
-2.386474370956421 0.2846066951751709 1.1835711002349854
-0.9751376509666443 0.284606397151947 1.7592244148254395
-2.3863747119903564 0.7905528545379639 -1.2053983211517334
0.9211300015449524 0.2846064567565918 0.1316828727722168
-2.1299002170562744 0.284606397151947 0.43436115980148315
-1.686995506286621 0.2845063805580139 2.141207695007324
-2.386474609375 0.28460633754730225 -1.018306016921997
-2.1569392681121826 0.2846064567565918 -1.205398440361023
-2.3863744735717773 0.2845063805580139 1.0706195831298828
0.9210299849510193 0.5025734305381775 -0.5467779040336609
-0.6183262467384338 0.284606397151947 1.8951300382614136
-1.3386189937591553 0.284606397151947 1.847818374633789
-1.8075000047683716 0.284606397151947 -0.9365866184234619
-2.386373519897461 0.2845063805580139 -0.9481143951416016
-2.1154274940490723 0.284606397151947 -0.27571046352386475
-1.8174570798873901 0.284606397151947 1.8682291507720947
-0.8946802616119385 0.2846064567565918 -1.2053987979888916
-2.0377676486968994 0.2846064567565918 -1.205398440361023
0.05647081136703491 0.5442094206809998 -1.2052991390228271
0.40477293729782104 0.28460636734962463 2.141308307647705
0.9210302233695984 0.7580861449241638 -1.2053993940353394
-1.5746440887451172 0.2845063805580139 2.1412057876586914
-2.3863720893859863 0.8993651270866394 -1.2053983211517334
-2.059345245361328 0.2845063805580139 2.141207695007324
-0.3522639274597168 0.28460657596588135 -1.2053989171981812
0.9211300611495972 0.28460657596588135 1.2057377099990845
0.5982471108436584 0.284606397151947 -0.11535608023405075
0.9210302233695984 0.5261077284812927 -1.2053993940353394
-2.027620792388916 0.284606397151947 0.6173105835914612
0.9210300445556641 0.2845063805580139 -0.25675323605537415
0.2759944200515747 0.28460633754730225 -1.2053991556167603
-0.8095386028289795 0.2846062183380127 -1.2053987979888916
-0.0022365301847457886 0.2846064567565918 2.141308307647705
-0.26636815071105957 0.28460657596588135 -1.2053990364074707
0.8275914192199707 0.2845063805580139 -1.2053000926971436
0.5830573439598083 0.284606397151947 -0.9018165469169617
-0.8533613681793213 0.284606397151947 1.9398185014724731
0.9210306406021118 0.2845063805580139 0.24796143174171448
-1.082366943359375 0.2845063805580139 2.141206741333008
0.29163074493408203 0.2845063805580139 2.141207695007324
0.45207440853118896 0.284606397151947 1.27676260471344
0.10709178447723389 0.28460657596588135 -1.2053990364074707
-2.386375665664673 0.8885203003883362 2.141308307647705
-1.6074943542480469 0.2845063805580139 -1.2053003311157227
0.9211300015449524 0.2846064567565918 0.5526440143585205
-0.26074063777923584 0.284606397151947 1.7446328401565552
-1.871462106704712 0.28460609912872314 2.141308307647705
-0.6251168847084045 0.2845063805580139 -1.2052980661392212
0.5495654344558716 0.2846066951751709 -1.2053992748260498
0.34669607877731323 0.284606397151947 1.9137487411499023
-0.5801643133163452 0.2846064567565918 2.141308307647705
-0.4864654541015625 0.2845063805580139 2.141206741333008
0.4697859287261963 0.2845063805580139 -1.2052974700927734
-0.16383671760559082 0.284606397151947 1.0199785232543945
0.6521819233894348 0.284606397151947 -0.2965497076511383
0.18967163562774658 0.2845063805580139 -1.2052966356277466
0.08500060439109802 0.284606397151947 -0.02858089469373226
-0.11918219178915024 0.284606397151947 1.8827033042907715
0.921029269695282 0.2845063805580139 -0.06028786674141884
0.9210289716720581 0.2845063805580139 0.7808142304420471
0.15421514213085175 0.284606397151947 -0.9052900075912476
0.9210296869277954 0.2845063805580139 -0.4778253138065338
-1.830141544342041 0.284606397151947 0.26285359263420105
-2.3863744735717773 0.2845063805580139 0.40019989013671875
0.9211300015449524 0.2846064567565918 -0.3683431148529053
0.23991024494171143 0.284606397151947 -0.5909900665283203
0.6619734764099121 0.284606397151947 1.4935129880905151
-0.22914573550224304 0.284606397151947 -0.7028409242630005
-1.5346838235855103 0.284606397151947 -0.7110769748687744
0.21006764471530914 0.284606397151947 1.7244468927383423
-0.002720581367611885 0.284606397151947 1.6899352073669434
0.6256043910980225 0.284606397151947 -0.7101072072982788
0.9210336208343506 0.2845063805580139 0.4318402111530304
-0.24463142454624176 0.284606397151947 -0.8985546827316284
0.635076105594635 0.284606397151947 -0.5302127599716187
-1.3788862228393555 0.284606397151947 -0.5652866959571838
-2.0651118755340576 0.284606397151947 0.22576168179512024
-1.9099979400634766 0.284606397151947 0.790773332118988
-0.6483831405639648 0.6041520237922668 2.1412081718444824
-2.102283477783203 0.284606397151947 1.5239579677581787
0.5925868153572083 0.284606397151947 1.817118525505066
-2.386474609375 0.28460633754730225 -0.5690183639526367
-2.1072072982788086 0.284606397151947 -0.5388771295547485
0.9211300611495972 0.28460657596588135 1.2847964763641357
0.03031521663069725 0.284606397151947 -0.5755881071090698
-1.9239784479141235 0.284606397151947 1.552858591079712
-2.3863821029663086 0.2845063805580139 2.141207695007324
-1.8311474323272705 0.284606397151947 0.9729058742523193
0.48899078369140625 0.2845063805580139 2.1412086486816406
0.9211301207542419 0.8230476379394531 2.1412084102630615
-2.3863744735717773 0.6979385018348694 1.902894377708435
-2.3863754272460938 0.2845063805580139 0.8430509567260742
-0.8461276292800903 0.284606397151947 -0.5067594051361084
-0.2742652893066406 0.2845063805580139 2.141207695007324
-1.9055415391921997 0.284606397151947 -0.7617841958999634
-2.386474609375 0.43586796522140503 -1.2052981853485107
-1.720139503479004 0.284606397151947 1.680550456047058
-2.3863744735717773 0.4899085760116577 -0.34699729084968567
-2.3863744735717773 0.5760316252708435 -0.8830116391181946
-1.5432597398757935 0.284606397151947 1.323062539100647
-1.4824155569076538 0.284606397151947 1.125213861465454
-2.386474370956421 1.1364847421646118 -1.2053120136260986
-2.3863754272460938 0.2845063805580139 0.19519329071044922
-0.670491635799408 0.5687294602394104 -1.205298900604248
-1.9591522216796875 0.284606397151947 -0.374774307012558
-1.8015962839126587 0.284606397151947 -0.24472351372241974
-2.3863744735717773 0.6133705377578735 1.1276307106018066
-1.9289427995681763 0.284606397151947 0.09660732001066208
-1.9283835887908936 0.284606397151947 -0.5842435956001282
-0.753632128238678 0.284606397151947 1.7330158948898315
0.4398864209651947 0.284606397151947 -0.7386494278907776
-1.5717058181762695 0.284606397151947 -0.5284751653671265
0.9211299419403076 0.6429538726806641 -1.2052991390228271
-1.727539300918579 0.284606397151947 1.2686342000961304
-1.9480668306350708 0.284606397151947 0.41451162099838257
0.5902718305587769 0.4767502546310425 -1.2052992582321167
0.1629580855369568 0.284606397151947 -0.28390246629714966
0.2043355405330658 0.2846064269542694 2.141308307647705
0.9210300445556641 0.2845063805580139 0.989532470703125
0.31818971037864685 0.284606397151947 0.4844341278076172
-2.3863744735717773 1.0135506391525269 -1.2053983211517334
-1.1634976863861084 0.2846064567565918 -1.205398678779602
-0.9848308563232422 0.2845063805580139 2.141206741333008
-0.9340633153915405 0.284606397151947 -0.7706553936004639
-1.3325295448303223 0.284606397151947 1.655490517616272
-2.3863754272460938 0.2845063805580139 -0.07828235626220703
0.9211299419403076 0.38151121139526367 -1.2052991390228271
-1.9028807878494263 0.6775693297386169 2.1412081718444824
-1.1941633224487305 0.284606397151947 1.3924490213394165
-2.386474370956421 0.5570228099822998 2.141207695007324
-1.7631785869598389 0.284606397151947 -0.4194640517234802
0.9211301207542419 0.47470298409461975 2.141207695007324
-1.5022013187408447 0.284606397151947 1.721369981765747
0.07524852454662323 0.284606397151947 0.4299701750278473
-1.1745412349700928 0.284606397151947 0.9066101908683777
-2.3863744735717773 0.7771955132484436 -0.9649494886398315
-1.020392894744873 0.284606397151947 1.5503748655319214
-2.386474609375 0.6868137717247009 -1.2052984237670898
-2.3863744735717773 0.4386364221572876 2.141308307647705
-2.386474370956421 1.114011287689209 2.1412081718444824
-2.386474370956421 0.7813620567321777 2.1412081718444824
-0.4644836187362671 0.6338996291160583 2.1412081718444824
-0.18780000507831573 0.5328665375709534 -1.2052990198135376
0.9210300445556641 0.4948749244213104 1.0217230319976807
-2.386474609375 0.28460657596588135 0.6173529624938965
0.9211301207542419 0.6034494638442993 2.1412081718444824
0.6941344141960144 0.7042956352233887 -1.2052993774414062
-0.18868255615234375 0.2845063805580139 2.141207695007324
0.9210300445556641 0.29251325130462646 1.8517850637435913
0.9211300015449524 0.2846064567565918 0.34426379203796387
-2.3863744735717773 0.678950309753418 0.0009837175020948052
-0.9288128018379211 0.284606397151947 0.06833244115114212
-1.9991716146469116 0.7290672659873962 -1.2052984237670898
-2.3863744735717773 0.4883020222187042 -0.6246679425239563
-1.1924723386764526 0.284606397151947 1.582506775856018
-1.3708964586257935 0.284606397151947 -0.38001886010169983
-2.386474370956421 0.2846062183380127 1.3953502178192139
-0.025178952142596245 0.284606397151947 -0.40255433320999146
0.4836782217025757 0.284606397151947 -0.35973501205444336
0.09104172140359879 0.284606397151947 1.8966175317764282
-0.49969929456710815 0.284606397151947 -0.6638786792755127
-1.805091142654419 0.284606397151947 -0.05880714952945709
0.9211301207542419 0.9239744544029236 2.141209602355957
-0.8863182067871094 0.5137819051742554 -1.2052987813949585
0.9210300445556641 0.47105833888053894 0.7649966478347778
-1.6984412670135498 0.284606397151947 1.0794415473937988
-2.0127885341644287 0.4857389032840729 2.1412081718444824
-2.3863744735717773 0.5565797686576843 0.9241304397583008
-1.3850822448730469 0.2845063805580139 2.141206741333008
-2.3863744735717773 0.559889018535614 -0.14405940473079681
-1.3910876512527466 0.284606397151947 1.4782493114471436
-2.155287742614746 0.5789287090301514 -1.2052984237670898
-0.5740336775779724 0.6970197558403015 2.8090503215789795
-0.6446979641914368 0.284606397151947 1.5840202569961548
-0.3431948721408844 0.284606397151947 -0.14382942020893097
0.5905048847198486 0.5625234842300415 2.1412081718444824
0.9210386276245117 0.8710136413574219 -1.2053993940353394
0.9210386276245117 0.9767608046531677 -1.2053993940353394
0.9210299849510193 0.46614953875541687 -0.25372374057769775
0.9210301041603088 0.6663331985473633 1.932228922843933
-2.3863744735717773 0.45667409896850586 0.39923936128616333
0.9210299253463745 0.562065064907074 -0.7911147475242615
0.9210300445556641 0.6230709552764893 1.7342473268508911
0.9210299849510193 0.47473153471946716 0.15949782729148865
-1.2363735437393188 0.284606397151947 -0.24972814321517944
0.4431777894496918 0.284606397151947 -0.03423810750246048
-2.3863744735717773 0.5358384847640991 1.7763683795928955
0.6306514739990234 0.284606397151947 1.2450785636901855
0.08981054276227951 0.284606397151947 1.5404441356658936
0.3242737352848053 0.543114185333252 2.1412081718444824
0.9210299253463745 0.6925657391548157 -0.9608820080757141
-2.131838798522949 0.6968721151351929 2.1412081718444824
-1.2356598377227783 0.2846078872680664 2.141308307647705
0.9210300445556641 0.7198600172996521 2.141308307647705
-0.14503897726535797 0.2851405143737793 2.69254732131958
-1.7603970766067505 0.284606397151947 0.4361266493797302
0.692408561706543 0.2845063805580139 2.1412086486816406
0.9210300445556641 0.5523500442504883 1.2708182334899902
0.9210299849510193 0.6468067169189453 0.3447454869747162
0.9210300445556641 0.8757475018501282 1.8692551851272583
-2.0642497539520264 0.8683202862739563 2.1412081718444824
-2.3863744735717773 0.37852147221565247 1.6252226829528809
-1.3511298894882202 0.284606397151947 1.2559722661972046
-0.8602986931800842 0.284606397151947 1.5875917673110962
-2.3863744735717773 0.6631086468696594 1.4211713075637817
-2.3863744735717773 0.663968026638031 1.5902104377746582
-2.3863744735717773 0.6652261018753052 -0.7031122446060181
-1.1456499099731445 0.2845063805580139 2.141207695007324
0.0486038438975811 0.5483126044273376 2.1412081718444824
-0.6673216819763184 0.284606397151947 -0.7805123925209045
-1.7426389455795288 0.284606397151947 1.4926235675811768
-2.3863744735717773 0.7719414234161377 1.041308879852295
-1.7214419841766357 0.284606397151947 0.10979057103395462
-1.4131768941879272 0.5674874186515808 2.1412081718444824
-0.3775709867477417 0.284606397151947 1.9223666191101074
-0.8537335395812988 0.7498397827148438 2.6047616004943848
-1.419582486152649 0.284606397151947 0.3172634243965149
-1.1393834352493286 0.284606397151947 -0.7658527493476868
-1.2223966121673584 0.8045957088470459 2.1412081718444824
-0.44203823804855347 0.5057982802391052 -1.2052990198135376
-1.3117345571517944 0.5403198599815369 -1.205298662185669
-2.3863744735717773 0.8683282732963562 1.4743387699127197
-2.143681049346924 0.8572013974189758 -1.2052984237670898
-2.3863744735717773 0.9125052690505981 1.8673663139343262
0.704612672328949 0.284606397151947 0.6366037130355835
-0.28210029006004333 0.5932669043540955 2.1412081718444824
0.02448255941271782 0.284606397151947 -0.7320947647094727
-0.010909751057624817 0.7497397065162659 2.572503089904785
0.29954177141189575 0.519593358039856 -1.2052992582321167
-2.3863744735717773 0.6434067487716675 0.5700104236602783
0.9210315942764282 0.2845063805580139 -0.16596445441246033
0.23702885210514069 0.9132651686668396 2.1412081718444824
-2.0305302143096924 1.1168622970581055 0.06385032832622528
-1.5157380104064941 0.5672136545181274 -1.205298662185669
0.6552092432975769 0.284606397151947 0.09243899583816528
-0.15031087398529053 0.2845063805580139 -1.205299735069275
-0.631274938583374 0.284606397151947 2.692443370819092
0.9210299849510193 0.4778333008289337 0.49846789240837097
-2.026228427886963 0.902143120765686 1.7894666194915771
-1.1791598796844482 0.284606397151947 0.2948620617389679
-2.0690596103668213 0.9129663705825806 -0.3102697432041168
-1.591083288192749 0.648007869720459 2.1412081718444824
0.4650728106498718 0.284606397151947 1.468984842300415
0.49019908905029297 0.8259125351905823 -1.2052992582321167
-2.3706324100494385 1.4449292421340942 -1.2052984237670898
-1.6599293947219849 0.284606397151947 0.6045989990234375
-1.8362371921539307 0.284606397151947 0.6155750155448914
-1.6324809789657593 0.284606397151947 -0.10610216110944748
-0.8931310772895813 0.5623790621757507 2.1412081718444824
-1.7096474170684814 0.284606397151947 0.8168978095054626
-1.7614562511444092 0.7676632404327393 2.1412081718444824
-2.3863744735717773 0.8185831308364868 -0.14949160814285278
0.4351772964000702 0.284606397151947 -0.5648975372314453
-1.5325140953063965 0.284606397151947 0.13939741253852844
-2.3863744735717773 0.950050413608551 -0.9017770290374756
0.444179892539978 0.6541226506233215 -1.2052992582321167
-1.740921139717102 0.5072095394134521 2.1412081718444824
0.9210299849510193 0.6914175748825073 0.12446679174900055
0.9210299849510193 0.5943511724472046 -0.06243893504142761
-1.5584486722946167 0.284606397151947 1.541896104812622
-2.0174450874328613 0.284606397151947 0.967867910861969
0.5648166537284851 0.284606397151947 1.6293197870254517
-2.3863744735717773 0.7065752744674683 0.8206862211227417
-0.8550134897232056 0.749839723110199 2.506406545639038
-0.46032312512397766 0.28460636734962463 2.6924242973327637
-0.8513210415840149 0.284606397151947 1.2309885025024414
0.4551022946834564 0.284606397151947 0.33696937561035156
-2.019784927368164 0.6841664910316467 -0.6604097485542297
-1.7654998302459717 0.5922178626060486 -1.2052985429763794
-2.3863744735717773 0.69256591796875 -0.5051808953285217
-1.1880253553390503 0.5790741443634033 2.1412081718444824
-2.3863744735717773 0.5258389115333557 0.13226813077926636
-1.3037303686141968 0.284606397151947 0.14554569125175476
-1.4519485235214233 0.7666517496109009 -1.205298662185669
-1.2958403825759888 0.284606397151947 0.46327781677246094
-0.4080352187156677 0.52851402759552 2.9017016887664795
-2.3863744735717773 0.7698996663093567 1.2705121040344238
-1.5101372003555298 0.284606397151947 0.7366094589233398
-2.0847890377044678 0.9582134485244751 1.2219493389129639
0.4142228662967682 0.284606397151947 1.7457014322280884
0.6713096499443054 0.9182244539260864 -1.2052993774414062
-1.533153772354126 0.284606397151947 0.9508164525032043
-1.4005796909332275 0.9641755223274231 1.862380862236023
-0.5136932134628296 0.284606397151947 1.7222731113433838
-2.048851490020752 0.8497636318206787 -0.8031719923019409
-2.3863744735717773 1.2586623430252075 -1.2053983211517334
-1.5203783512115479 0.284606397151947 4.133071422576904
-0.1731135994195938 0.284606397151947 4.673994064331055
-1.0444945096969604 0.7204718589782715 2.1412081718444824
-2.0286145210266113 1.2003129720687866 1.6705635786056519
-1.834542155265808 0.7046350240707397 1.8018361330032349
-1.611088752746582 0.284606397151947 0.33765435218811035
0.5730926990509033 0.7284016609191895 2.1412081718444824
-0.29251885414123535 0.28461194038391113 2.6924242973327637
0.9211301207542419 1.1364636421203613 2.141209602355957
0.3523935079574585 0.284606397151947 1.0876539945602417
-1.4215238094329834 0.284606397151947 -0.18994249403476715
0.3539302945137024 0.7079089283943176 2.1412081718444824
-0.5507250428199768 0.284606397151947 -0.3692953288555145
0.6833693385124207 0.284606397151947 0.9708839654922485
0.9210300445556641 0.6489486694335938 1.5033241510391235
-1.4033265113830566 0.34049808979034424 3.072003126144409
-2.3863744735717773 0.8088408708572388 1.6852880716323853
0.6180577874183655 0.8761430382728577 2.1412081718444824
-0.1444137543439865 0.284606397151947 1.601122260093689
-0.9826005101203918 0.284606397151947 4.611184597015381
-0.3471495807170868 0.6895171999931335 -1.2052990198135376
0.9210300445556641 1.052581548690796 1.8001528978347778
0.9210300445556641 0.6922000050544739 0.7643964290618896
0.9210300445556641 1.0325983762741089 2.141308307647705
0.9210299849510193 0.8440726399421692 0.25901952385902405
-2.3863744735717773 0.8165605664253235 0.11952695995569229
-0.28598931431770325 0.284606397151947 1.4516346454620361
0.9210300445556641 0.6956759691238403 0.9639670848846436
-0.059830088168382645 0.7057772278785706 -1.2052991390228271
-1.8930275440216064 0.9895338416099548 -0.8760296106338501
0.9211299419403076 1.078065276145935 -1.2052992582321167
-0.09096400439739227 0.284606397151947 3.878044366836548
0.9210299849510193 0.6729986071586609 -0.366655558347702
-2.386375665664673 0.9925283789634705 2.141308307647705
0.9210299849510193 0.6890205144882202 0.5644211769104004
-2.3863744735717773 0.8237705230712891 -0.7276947498321533
-2.09028697013855 1.0804327726364136 -1.2052984237670898
0.9210300445556641 0.8837838768959045 1.2737668752670288
0.9211301207542419 1.2718019485473633 2.141209602355957
0.35067296028137207 0.9143900871276855 2.110504627227783
-1.6558175086975098 0.7400932908058167 -1.2052985429763794
-0.8307176232337952 0.711043119430542 -1.205298900604248
-2.3863744735717773 0.6672967076301575 0.2919357419013977
0.47014909982681274 0.8626238703727722 -0.874360978603363
-0.19449906051158905 0.8179238438606262 -1.2052990198135376
-1.8528245687484741 0.7907732725143433 -1.2052985429763794
-2.3863744735717773 0.770651638507843 0.4436992406845093
-2.040764093399048 1.0545272827148438 2.1412081718444824
-1.4737956523895264 0.284606397151947 0.5272267460823059
-1.8573685884475708 0.6467382907867432 -0.8220057487487793
-1.8221709728240967 0.6091290712356567 -0.577424943447113
0.25680020451545715 0.284606397151947 1.2360223531723022
-0.9960452318191528 0.284606397151947 1.3401607275009155
0.9210300445556641 0.7023952007293701 1.187157392501831
0.7226458787918091 0.284606397151947 3.772078514099121
-1.4300934076309204 0.284606397151947 -0.010749696753919125
0.9210299253463745 0.6934136152267456 -0.5948840975761414
-2.3863744735717773 0.7225505113601685 -0.30856743454933167
-0.9015136957168579 0.284606397151947 0.6542500853538513
-1.916263222694397 0.9579960107803345 -1.2052985429763794
-1.2284997701644897 0.284606397151947 -0.057031068950891495
-2.3863744735717773 0.9271896481513977 1.1780366897583008
0.9211299419403076 1.1895960569381714 -1.2052993774414062
-1.1996537446975708 0.284606397151947 -0.578995943069458
-1.104775071144104 0.5786861181259155 -1.2052987813949585
-2.3863744735717773 0.9456787109375 -0.29552537202835083
-2.3863744735717773 0.975217342376709 -0.6739645600318909
0.28105446696281433 0.284606397151947 -0.4222968816757202
-2.3863744735717773 0.8833356499671936 -0.4892112910747528
-0.9929959774017334 1.5573278665542603 -1.3399611711502075
-0.5712295770645142 0.7226219177246094 -1.205298900604248
-1.1257286071777344 0.312978059053421 4.522568225860596
-2.496380090713501 1.532952070236206 -0.9249861240386963
0.9210300445556641 1.3659216165542603 2.141308307647705
-1.6975274085998535 0.9299026131629944 -1.2052985429763794
-1.1026804447174072 0.284606397151947 0.4817964732646942
0.9210300445556641 0.914534330368042 1.5540237426757812
-2.3863744735717773 0.954993486404419 -0.016026776283979416
0.25973984599113464 0.284606397151947 -0.08248009532690048
-0.3778418302536011 0.284606397151947 -0.5452777743339539
0.9210299253463745 0.7743737697601318 -0.7533750534057617
-1.5794942378997803 0.284606397151947 -0.30754923820495605
0.9210300445556641 0.8613390922546387 1.062272548675537
-1.01519775390625 0.284606397151947 -0.5885854959487915
0.9210299253463745 1.0901180505752563 -0.8605911731719971
-0.060862280428409576 0.284606397151947 -0.8764142394065857
-2.3863744735717773 1.0919851064682007 1.5255264043807983
-2.3863744735717773 1.152455449104309 -0.8645700216293335
0.4692111313343048 0.2950352430343628 2.886880874633789
-1.1525949239730835 0.284606397151947 1.1785873174667358
0.5989294052124023 0.284606397151947 4.092306137084961
-1.024821162223816 0.7518342137336731 -1.2052987813949585
0.5031704902648926 1.1220364570617676 -0.8345403671264648
0.9210300445556641 0.799770712852478 1.6865487098693848
0.9210299849510193 0.8210100531578064 -0.045927874743938446
0.2609337270259857 0.284606397151947 -0.7597579956054688
-0.7945399880409241 0.284606397151947 -0.689437210559845
-1.2673282623291016 0.743839681148529 -1.205298662185669
0.49907976388931274 1.0298850536346436 -1.2052992582321167
-2.0582358837127686 1.2609795331954956 -0.6879808306694031
-0.8693442940711975 0.284606397151947 -0.11412616819143295
-1.0976316928863525 0.284606397151947 -0.3891592025756836
-1.8024005889892578 1.2428370714187622 -0.875573456287384
0.4978662431240082 0.29410403966903687 3.649949789047241
0.2800101637840271 0.284606397151947 4.436934471130371
-0.7210676670074463 0.284606397151947 -0.2797532379627228
-2.3863744735717773 1.065325379371643 1.3257265090942383
0.9210300445556641 0.8755772113800049 0.8516125679016113
-0.033551570028066635 0.284606397151947 0.5698192119598389
-0.36825117468833923 0.284606397151947 -0.3443068265914917
0.10528110712766647 0.7581049799919128 2.1412081718444824
-1.8506113290786743 1.3872032165527344 -1.2052985429763794
0.7412025332450867 0.31403377652168274 3.615539312362671
-1.268096685409546 0.8753805756568909 -0.846899688243866
-2.3863744735717773 0.9221916198730469 0.9289858341217041
-2.3863744735717773 1.3236135244369507 2.141308307647705
-2.0239858627319336 0.8549748659133911 1.478446125984192
-2.068493366241455 1.2050825357437134 0.891664981842041
-0.0028037226293236017 0.9855654835700989 -1.2052991390228271
-2.3863744735717773 1.1763499975204468 1.8360490798950195
-1.2986520528793335 0.284606397151947 1.0535612106323242
-1.4757342338562012 0.9338145852088928 -1.205298662185669
-1.8771015405654907 0.6120988130569458 1.5870888233184814
-0.3144604563713074 0.9707598686218262 -0.8757658004760742
0.2345617115497589 0.7179210186004639 -1.2052991390228271
-1.7573624849319458 0.865242063999176 -0.7886301279067993
-1.8669458627700806 0.91761314868927 2.1412081718444824
-0.7956454157829285 0.28476688265800476 2.69256329536438
-2.3863744735717773 0.9407511353492737 0.5363178253173828
0.6519732475280762 0.284606397151947 0.33814120292663574
0.9210299253463745 0.8933010697364807 -0.9123693108558655
-0.7579501271247864 0.8671380877494812 -1.205298900604248
-1.9956738948822021 0.6805418729782104 1.2048019170761108
-2.0297176837921143 0.8265994787216187 -0.06520534306764603
-1.408666968345642 0.7680925726890564 2.1412081718444824
-1.8286460638046265 1.0643233060836792 1.8514735698699951
0.9210299849510193 1.0574431419372559 0.44016775488853455
0.9211299419403076 1.3006484508514404 -1.2052992582321167
-2.0393788814544678 0.7690626978874207 0.22883278131484985
-2.3863742351531982 1.2180167436599731 2.141308307647705
0.06856021285057068 0.8323344588279724 -1.2052991390228271
-1.358834981918335 1.2443897724151611 -1.205298662185669
0.9210299849510193 0.934327244758606 -0.2653096914291382
-1.5895099639892578 0.8842717409133911 2.1412081718444824
-1.5740700960159302 0.29597535729408264 3.96223521232605
0.27479755878448486 0.284606397151947 1.4294304847717285
-2.3863744735717773 1.1185020208358765 -0.1733522266149521
0.3603479564189911 0.647750735282898 -0.8303727507591248
-1.5855700969696045 0.7951787114143372 1.7504446506500244
-2.0430257320404053 0.7327678203582764 1.647839069366455
-1.3525986671447754 0.284606397151947 0.8473442792892456
-2.0393941402435303 0.8592526912689209 0.9615076184272766
0.3680066764354706 0.284606397151947 -0.2301606982946396
0.023190751671791077 1.0384434461593628 2.1412081718444824
0.08626217395067215 0.5618386268615723 3.2725133895874023
-0.9316574335098267 0.284606397151947 2.7053985595703125
0.9210299253463745 1.4167841672897339 -0.9641731977462769
-1.9386003017425537 1.1036895513534546 -0.6592878699302673
-2.3863744735717773 1.3504763841629028 -1.2053983211517334
-1.3813062906265259 0.3032691180706024 4.317987442016602
-1.987753987312317 0.8472799062728882 -0.5229040384292603
-2.3863744735717773 0.8267264366149902 0.6974899172782898
0.9185040593147278 1.4060262441635132 -1.2041741609573364
-0.24907945096492767 0.975386917591095 -1.2052990198135376
-1.5765161514282227 1.1300641298294067 -1.205298662185669
-1.1865261793136597 0.9013062119483948 -1.2052987813949585
0.9210299849510193 0.851840615272522 -0.46769455075263977
-1.5160889625549316 0.8175877332687378 -0.8541639447212219
-1.9814646244049072 1.2386184930801392 2.1412081718444824
-2.0577733516693115 1.036149024963379 0.3915717601776123
-2.3863744735717773 0.9948879480361938 1.6766653060913086
-0.9769363403320312 0.9258304238319397 -1.2052987813949585
0.3104175627231598 0.8727543950080872 -1.2052992582321167
0.4892725646495819 1.3431209325790405 2.1410303115844727
-1.1345168352127075 0.284606397151947 1.800109624862671
-0.4350026547908783 0.8749332427978516 -1.2052990198135376
0.40718233585357666 0.284606397151947 0.8913911581039429
0.9210299253463745 0.9369434118270874 -0.6692129969596863
-2.3863744735717773 1.1155941486358643 -0.5612452626228333
-0.7763890624046326 0.284606397151947 0.3472827672958374
-1.3817410469055176 0.9657187461853027 2.1412081718444824
-2.3863744735717773 1.0189464092254639 0.7429282665252686
-2.3863744735717773 0.8890237808227539 0.29133132100105286
-2.0052011013031006 1.2594820261001587 -1.2052985429763794
-1.79150390625 1.1422903537750244 -1.2052985429763794
-2.3863744735717773 1.2804917097091675 -0.6976747512817383
0.4724414348602295 0.284606397151947 0.15429580211639404
-1.308445692062378 1.0420407056808472 -1.205298662185669
0.5680902004241943 0.7144412994384766 -0.7505217790603638
-0.02504265122115612 0.30405959486961365 4.62699031829834
0.5243771076202393 0.284606397151947 1.0651628971099854
-0.18554992973804474 0.284606397151947 -0.28874629735946655
-0.843401312828064 1.0656476020812988 -1.205298900604248
0.5585410594940186 0.284606397151947 0.7887020707130432
-1.113233208656311 0.284606397151947 0.0972241759300232
-0.2675945460796356 0.284606397151947 1.2521960735321045
-0.3589114546775818 0.284606397151947 1.6029853820800781
0.07636383920907974 1.2151163816452026 -1.2052991390228271
-1.61649751663208 0.2877616286277771 3.5250067710876465
-2.0282115936279297 1.5580195188522339 -0.8362316489219666
-1.2820146083831787 0.7260288596153259 1.8059155941009521
-0.10287418961524963 0.284606397151947 1.2025179862976074
-0.834523618221283 0.284606397151947 1.0296447277069092
-2.3863744735717773 1.3405582904815674 1.7023741006851196
-0.5973039865493774 0.9591952562332153 -1.205298900604248
0.47804418206214905 1.0053354501724243 2.1412081718444824
-1.724982738494873 1.0532118082046509 2.1412081718444824
0.742442786693573 0.30691105127334595 3.4634439945220947
-0.7896722555160522 0.2901972532272339 4.6786394119262695
-2.0358028411865234 0.8006154894828796 0.7215948700904846
-2.3845877647399902 1.4181817770004272 -0.927919864654541
-2.3863744735717773 1.4005494117736816 -0.29114431142807007
-1.8390936851501465 0.9607150554656982 1.6414016485214233
-2.3697400093078613 1.4557267427444458 -0.606086254119873
0.25927186012268066 1.040568232536316 -1.2052991390228271
0.9210299849510193 1.1299079656600952 0.23904840648174286
-0.8200883269309998 0.7751497626304626 2.363982677459717
-1.9847540855407715 0.6570664048194885 -0.24148252606391907
0.9210300445556641 1.0513476133346558 1.2238506078720093
0.9210300445556641 1.0798956155776978 1.5913403034210205
0.5782309174537659 1.2224868535995483 -1.2052992582321167
-2.3863744735717773 1.2311700582504272 0.8177416920661926
-2.2130353450775146 1.4710992574691772 2.2175111770629883
-1.4913835525512695 1.1326757669448853 -0.8401537537574768
0.6141864657402039 0.9188045859336853 -0.6408889293670654
0.9210300445556641 1.3130285739898682 1.8526068925857544
0.3962467610836029 0.2920939028263092 4.339544773101807
0.2358093410730362 0.5746394991874695 3.024625301361084
0.6552450060844421 1.5458533763885498 -0.9426624178886414
-1.3863160610198975 0.31592345237731934 3.6268200874328613
0.9210300445556641 1.0880742073059082 0.7094085812568665
-0.6477527618408203 0.28751978278160095 4.721117973327637
-1.6326760053634644 0.3103308081626892 3.67680025100708
0.08105075359344482 0.8477687835693359 -0.868065357208252
0.9210299849510193 1.0616894960403442 -0.06533436477184296
-2.3863744735717773 1.0688410997390747 0.2403908669948578
0.5022674202919006 0.313651442527771 4.230845928192139
-2.002925395965576 1.302207589149475 1.394748330116272
-0.8922274112701416 0.8227083683013916 -0.8446901440620422
-2.3863744735717773 1.113053560256958 1.0192171335220337
-2.3863744735717773 1.1892695426940918 -0.3761252164840698
-1.1425186395645142 0.9678077697753906 2.1412081718444824
-1.8906141519546509 1.587188482284546 2.0432934761047363
-2.1806552410125732 1.6050527095794678 1.3843275308609009
-0.5000794529914856 0.284606397151947 1.4953385591506958
-2.3863744735717773 1.3093534708023071 1.476102590560913
-1.2685325145721436 0.3046003580093384 4.427315711975098
0.9210300445556641 1.0443586111068726 0.9627484083175659
-1.0560697317123413 0.284606397151947 -0.16440075635910034
-0.5493026375770569 0.284606397151947 0.3197275996208191
-1.4913592338562012 0.29720404744148254 3.194679021835327
0.2051008641719818 0.284606397151947 0.9800229668617249
-0.695341169834137 0.284606397151947 -0.05031483992934227
-1.2482279539108276 1.159706950187683 2.1412081718444824
0.8927496075630188 1.4685496091842651 2.277012825012207
-0.4808806777000427 0.30887120962142944 4.727762222290039
0.06996829807758331 0.284606397151947 1.1328710317611694
0.9210299253463745 1.2018303871154785 -0.6997535228729248
0.3265936076641083 0.33758652210235596 2.6933460235595703
-0.6514245867729187 0.284606397151947 -0.5460360050201416
0.9210299849510193 1.0673987865447998 -0.5003244876861572
-2.3863744735717773 1.2481542825698853 1.2088059186935425
0.12022645771503448 0.28721168637275696 4.546599388122559
-1.5742114782333374 0.28526678681373596 3.365532636642456
-0.042336899787187576 1.4326257705688477 -1.2052991390228271
-1.7764432430267334 1.260303258895874 2.1412081718444824
-2.3863744735717773 1.137243628501892 0.4875698685646057
-1.3599469661712646 0.28859442472457886 3.8760926723480225
0.19493143260478973 0.284606397151947 0.6148106455802917
-0.8650608062744141 0.284606397151947 4.51723051071167
-1.8270190954208374 0.6768632531166077 1.376753568649292
-0.32488924264907837 0.29105710983276367 4.708370208740234
0.9210300445556641 0.7974671721458435 1.426457166671753
-1.1260675191879272 0.6916364431381226 -0.7945175766944885
0.6580404043197632 0.31393685936927795 3.0947837829589844
-0.7625846266746521 0.284606397151947 0.16475191712379456
0.8063158988952637 1.4697949886322021 -1.201712965965271
-1.6271947622299194 0.6879410743713379 -0.6818496584892273
0.026233160868287086 0.284606397151947 2.6925384998321533
-0.5376490354537964 0.284606397151947 -0.15229880809783936
-1.0030317306518555 0.284606397151947 0.8569299578666687
-1.506229043006897 1.1567622423171997 2.1412081718444824
-2.1207311153411865 1.460084319114685 -1.2009084224700928
-0.7884337306022644 0.284606397151947 1.4329266548156738
-0.5130068063735962 0.3002290725708008 4.548123359680176
-2.3863744735717773 1.177392601966858 0.05844125151634216
0.9210299849510193 1.2376186847686768 0.5390399694442749
-1.1079379320144653 1.1389145851135254 -1.2052987813949585
0.7143227458000183 0.29501259326934814 3.295639753341675
-0.2917593717575073 0.284606397151947 0.8696194291114807
-1.5815647840499878 1.3622572422027588 -1.205298662185669
0.9210299849510193 0.7548097372055054 -0.20731087028980255
0.9210300445556641 1.356406807899475 1.683330774307251
-2.44270658493042 1.5368192195892334 -0.42669394612312317
-0.9393124580383301 0.7135717868804932 2.8888206481933594
-2.0785748958587646 1.4013324975967407 -0.04357285797595978
-2.3688125610351562 1.522922396659851 -0.08661520481109619
0.3321366310119629 1.2157080173492432 -1.2052992582321167
0.4028119146823883 0.284606397151947 0.674502968788147
-1.0151028633117676 0.284606397151947 1.0667058229446411
-2.3790409564971924 1.466347336769104 1.288377285003662
0.26977410912513733 0.284606397151947 0.30551591515541077
0.9210299849510193 1.1618497371673584 -0.29841381311416626
0.3116290867328644 0.7223876714706421 1.8228121995925903
0.6964158415794373 0.31479108333587646 3.9370272159576416
-0.0904092788696289 0.284606397151947 1.4369839429855347
-2.3854644298553467 1.4306039810180664 2.1339914798736572
-2.006118059158325 1.4723503589630127 2.3202931880950928
-1.9896678924560547 1.5416512489318848 1.8082634210586548
-1.3855403661727905 0.6187757253646851 -0.756422758102417
-0.12148532271385193 1.1814448833465576 -1.2052990198135376
-2.364189386367798 1.4874074459075928 1.5433416366577148
-1.4092193841934204 0.29546114802360535 4.165335178375244
-2.356034755706787 1.4607458114624023 1.8774243593215942
0.9210299849510193 0.8410654664039612 0.4408532381057739
0.9210300445556641 1.22210693359375 1.4821562767028809
-2.5299675464630127 1.5300977230072021 0.5440376996994019
-1.106210470199585 0.2969902455806732 4.308996677398682
-0.3992097079753876 0.6964171528816223 -0.8192310929298401
-0.5241145491600037 0.284606397151947 1.0604019165039062
0.4593594968318939 1.4896835088729858 2.300431489944458
0.6066623330116272 1.191785216331482 2.1412081718444824
0.5472397804260254 0.8611529469490051 1.7958345413208008
-0.18950285017490387 0.284606397151947 0.46104317903518677
0.27445128560066223 0.284606397151947 0.11637275665998459
0.946954071521759 1.5428111553192139 1.5907025337219238
0.9089928865432739 1.4191157817840576 -0.7992949485778809
-0.8400028347969055 0.2968326508998871 4.302281379699707
-0.18867869675159454 0.3125251829624176 4.460704326629639
-1.6130260229110718 0.31409141421318054 3.8228254318237305
-0.028421221300959587 0.32293495535850525 4.180463790893555
-0.9067723155021667 0.284606397151947 -0.3095076084136963
0.3596656918525696 0.2913207709789276 3.567173957824707
-1.300852656364441 0.284606397151947 0.6690385341644287
0.8984497785568237 1.3873628377914429 0.3595031201839447
0.8843117356300354 1.4713281393051147 2.02618145942688
0.08120182901620865 0.284606397151947 4.3762407302856445
-0.16843770444393158 0.284606397151947 -0.5525647401809692
-0.5929139852523804 1.14482843875885 -1.205298900604248
0.9210300445556641 0.880741536617279 0.6446777582168579
0.2261904925107956 0.4276852309703827 3.284771203994751
-1.894545555114746 0.6442931890487671 0.015221734531223774
-0.026241132989525795 0.284606397151947 -0.18586012721061707
0.2038440853357315 0.284606397151947 2.6924421787261963
0.06358639895915985 0.284606397151947 1.3243119716644287
0.48802486062049866 0.4356279671192169 3.998967170715332
-0.2802889347076416 0.29418662190437317 4.274684906005859
-0.9768906831741333 0.284606397151947 0.28462207317352295
0.046826764941215515 0.284606397151947 0.7710217833518982
-1.254990577697754 0.3081282377243042 3.482116222381592
0.5352003574371338 1.5467734336853027 -0.7295209169387817
-0.9245105981826782 1.2584166526794434 -1.2052987813949585
-1.7213438749313354 1.2788761854171753 1.7944062948226929
0.28067660331726074 0.9934478998184204 -0.79386967420578
0.26041626930236816 1.412898302078247 2.076296329498291
0.2334209531545639 0.29001355171203613 4.161531448364258
-1.6613646745681763 0.6412903666496277 1.5987263917922974
-0.567712128162384 0.284606397151947 0.12552739679813385
-0.640933632850647 0.888626217842102 -0.876179039478302
-1.8079732656478882 0.7032365202903748 -0.3481133282184601
-1.2180616855621338 1.537471890449524 -1.346105933189392
-0.4846898913383484 0.31814703345298767 3.9256067276000977
-2.2469897270202637 1.5768274068832397 -0.7049694657325745
-0.6184380054473877 0.284606397151947 1.3391131162643433
-0.06537072360515594 0.666104257106781 -0.8175802826881409
-1.0103340148925781 0.5270962119102478 3.0517592430114746
0.6021358370780945 1.2287129163742065 -0.605368435382843
-2.048774480819702 1.379909873008728 0.5051252841949463
-1.880765676498413 1.167628288269043 0.9827921986579895
0.14718322455883026 1.4608044624328613 -1.197643518447876
0.5776408910751343 1.4681792259216309 -1.1862821578979492
-0.3007263243198395 0.5798627734184265 3.4167394638061523
-1.3810126781463623 1.362966537475586 -0.42763152718544006
-1.7290124893188477 1.5384774208068848 -1.317004919052124
-0.7642414569854736 0.4757402539253235 3.7888355255126953
-1.993514895439148 1.5376286506652832 -1.101333498954773
-0.36698707938194275 1.539574384689331 -1.3011428117752075
-1.786610722541809 1.4367564916610718 -0.7574801445007324
0.023002658039331436 1.5154871940612793 2.3281235694885254
-0.6321046948432922 1.2362381219863892 2.494054079055786
-0.05428360030055046 1.094706654548645 -0.8504979014396667
-2.3863744735717773 1.3492119312286377 -0.03964080289006233
-0.3593049943447113 1.1527808904647827 -1.2052990198135376
-2.0716545581817627 1.6262978315353394 -0.4900478720664978
-1.6089587211608887 1.5588533878326416 -1.0069206953048706
0.9210299849510193 0.9516407251358032 0.1011234000325203
0.10593464225530624 1.5858670473098755 -0.9469937086105347
-1.4635112285614014 1.5374480485916138 -1.2935906648635864
0.9210300445556641 1.2378644943237305 0.9835267663002014
0.9210299849510193 1.2755714654922485 -0.09641458839178085
-1.7980095148086548 1.6162941455841064 -0.7158985137939453
0.8960455060005188 1.4221282005310059 1.3553370237350464
-2.014901876449585 1.664684534072876 -0.036335378885269165
-2.088534355163574 1.3715137243270874 -0.38104063272476196
0.9210299849510193 1.3207354545593262 0.1835319548845291
-1.8690810203552246 0.9380111694335938 1.2015827894210815
0.3777051568031311 0.6217726469039917 -0.6084176301956177
0.9210300445556641 1.2469351291656494 1.2487506866455078
-0.23329800367355347 0.30419084429740906 4.062263488769531
-1.1471819877624512 0.333078533411026 3.8338069915771484
-1.0900471210479736 1.0969476699829102 -0.8636800646781921
-2.139366865158081 1.65472412109375 1.128319263458252
-0.8523926734924316 0.9890595078468323 2.5829501152038574
-1.2841577529907227 1.5676168203353882 1.9303401708602905
-1.4385626316070557 1.4657834768295288 2.285808801651001
0.9210299849510193 1.3336913585662842 -0.5306645035743713
-0.7329561114311218 0.3333468735218048 3.870621681213379
-2.1981866359710693 1.6769212484359741 0.7410248517990112
-0.34610840678215027 0.284606397151947 1.0538607835769653
-1.1176464557647705 0.284606397151947 0.6825231909751892
0.6370497941970825 0.2999820113182068 3.041189193725586
-1.7210980653762817 1.5768704414367676 1.8553916215896606
-1.095467448234558 1.302098035812378 1.526488184928894
-1.5412755012512207 1.600583553314209 1.7132608890533447
-1.7247180938720703 1.6649212837219238 -0.44006288051605225
-2.3863744735717773 1.361760139465332 1.0091389417648315
0.4947053790092468 0.6471437215805054 1.6673349142074585
-1.705938696861267 1.4556734561920166 2.294658660888672
-2.2601583003997803 1.569031000137329 1.8336782455444336
-1.08378005027771 0.3790551722049713 3.471468687057495
-0.17726629972457886 0.284606397151947 -0.046976085752248764
-1.6304680109024048 1.38126802444458 1.3096598386764526
-2.0040879249572754 0.8105710744857788 0.4982641935348511
-0.849863588809967 1.146818995475769 -0.5069624781608582
-2.362501859664917 1.4847757816314697 0.34482914209365845
-1.4794474840164185 0.9669921398162842 -0.6254954934120178
-1.8958637714385986 1.6457933187484741 0.218291237950325
-1.1133626699447632 0.2918979823589325 2.920480728149414
0.14256493747234344 0.31461378931999207 3.718113660812378
-2.430582284927368 1.57155442237854 1.1123729944229126
-1.3994401693344116 1.4216924905776978 2.042166233062744
-1.4918252229690552 1.6609790325164795 -0.6123942732810974
-2.149043560028076 1.6505171060562134 -0.23523631691932678
-0.2910424470901489 0.284606397151947 0.6666828393936157
-0.6741365194320679 0.29420116543769836 4.2052812576293945
0.6036657094955444 0.9032865762710571 -0.24486620724201202
-0.6385166645050049 0.284606397151947 0.9256468415260315
-1.7939300537109375 0.9993730783462524 -0.5468257069587708
-1.8503235578536987 1.1419683694839478 1.4785012006759644
-1.2823318243026733 0.3139256536960602 2.9733541011810303
-0.6409777402877808 1.3104525804519653 -1.205298900604248
-0.8554333448410034 0.6067633628845215 -0.7541578412055969
-1.9370604753494263 1.1360759735107422 -0.2612912952899933
-0.5001240372657776 0.284606397151947 0.6221087574958801
0.3061596155166626 0.43488460779190063 2.915426015853882
-1.5797232389450073 1.5124455690383911 2.130269765853882
-0.9139846563339233 0.9640882611274719 2.0922605991363525
-0.8096292614936829 0.284606397151947 0.8403005003929138
0.377204030752182 1.4144619703292847 -1.2052992582321167
-0.24661119282245636 0.7780663371086121 3.1683974266052246
-1.8995479345321655 0.6291504502296448 0.5564575791358948
0.3640066385269165 0.9718044996261597 0.6885974407196045
0.4380296468734741 0.28973108530044556 3.8906521797180176
-1.1494203805923462 0.31978797912597656 4.075756072998047
0.34731605648994446 1.5506632328033447 -1.1094396114349365
-0.28581371903419495 1.3450185060501099 -1.2052990198135376
-1.2602089643478394 1.3699657917022705 -0.91350257396698
0.0355425700545311 0.4970063269138336 4.021815299987793
0.9122735261917114 1.4233003854751587 0.01904609240591526
-1.0436433553695679 1.4700706005096436 2.278198719024658
-2.071427345275879 1.6130409240722656 1.6195849180221558
-0.2552921772003174 0.3027323782444 3.3099098205566406
0.4197760820388794 1.332811951637268 -0.737773597240448
-1.8489091396331787 0.9382332563400269 0.10535076260566711
-0.44381919503211975 1.08694326877594 2.7658464908599854
-0.9776253700256348 1.1872215270996094 2.1412081718444824
0.9106290936470032 1.3994182348251343 -0.29728806018829346
0.24943478405475616 1.1491633653640747 2.1310365200042725
-1.4355218410491943 0.3310091197490692 3.317337989807129
0.5752685070037842 1.2017428874969482 1.6756396293640137
0.5551435351371765 0.3620253801345825 3.3903005123138428
-1.8302075862884521 1.3885432481765747 -0.47073888778686523
-0.9775235056877136 0.3053819239139557 4.00705099105835
0.590471088886261 1.480710744857788 1.8805670738220215
-0.8001333475112915 0.3497309982776642 4.038815021514893
0.21831321716308594 1.3734875917434692 -0.860823929309845
-1.4949619770050049 0.697318971157074 -0.49516761302948
-0.673486590385437 0.5331807732582092 3.5551350116729736
-2.0823974609375 1.4827145338058472 0.9155245423316956
-0.23720772564411163 0.8215144872665405 -0.7353844046592712
-1.7855864763259888 1.4063905477523804 1.5858776569366455
-2.255770206451416 1.6460658311843872 0.18902020156383514
0.058219801634550095 0.6522834897041321 2.922569513320923
-0.4830051064491272 0.4160255193710327 3.7071473598480225
-0.47636058926582336 0.33232155442237854 4.146539211273193
0.5335013270378113 0.6927090287208557 -0.11130930483341217
0.5966773629188538 0.8611747622489929 0.6955011487007141
-0.9560700058937073 0.40108218789100647 3.13318133354187
0.5930904150009155 0.8308090567588806 1.5793426036834717
-0.6665347814559937 0.2873828113079071 3.070875883102417
0.25154271721839905 0.284606397151947 0.7959902882575989
-1.2102981805801392 1.474923014640808 2.3432211875915527
0.08470339328050613 0.284606397151947 0.2320067286491394
-0.6266254186630249 0.2935664653778076 3.463757038116455
-0.41300535202026367 0.284606397151947 0.04043573513627052
-1.4688371419906616 1.1408617496490479 1.707974910736084
-1.8564473390579224 0.6285892128944397 0.2625606060028076
-0.021995332092046738 0.7701020836830139 2.796421527862549
-1.249152660369873 0.6937882304191589 -0.6099879741668701
-0.6315351128578186 0.6307411789894104 -0.774103045463562
-0.6753814816474915 0.8294844627380371 2.0898401737213135
0.8523329496383667 1.5372601747512817 -0.3480789363384247
-0.348370224237442 0.31773918867111206 2.9860544204711914
-0.3576103448867798 0.284606397151947 0.28815004229545593
-1.3500345945358276 0.6370229721069336 1.6271198987960815
-1.4690788984298706 1.5927776098251343 -0.8307582139968872
0.15050683915615082 0.6901785135269165 -0.7098188996315002
0.5393675565719604 0.7514322400093079 -0.5004225373268127
-1.927093267440796 1.3065991401672363 1.1857603788375854
0.19611585140228271 0.33167925477027893 3.8988265991210938
-1.483954668045044 1.3230111598968506 -0.708257257938385
-1.2148600816726685 0.36824309825897217 2.839771032333374
-0.12172999978065491 0.8653045296669006 2.3899331092834473
0.5978814363479614 0.8648105263710022 1.1040401458740234
0.05565279349684715 0.35617101192474365 3.4001917839050293
0.7132151126861572 1.4850127696990967 1.6721065044403076
-1.9139115810394287 0.6549837589263916 0.957586407661438
-1.056007981300354 0.3179812431335449 3.2937614917755127
-1.7173597812652588 0.671534538269043 -0.14671988785266876
-0.019066222012043 0.2976045310497284 3.0802602767944336
-0.5075554847717285 0.3344372510910034 4.370287895202637
0.8913193345069885 1.4905048608779907 -0.6387537717819214
-1.9853925704956055 1.3406800031661987 0.24637733399868011
-0.10858006775379181 0.284606397151947 0.30632418394088745
-1.8294200897216797 1.2888777256011963 -0.19497212767601013
-1.642579436302185 0.954207181930542 1.4826881885528564
-1.8533519506454468 1.6287360191345215 1.4483013153076172
-0.8358690142631531 1.3475821018218994 -0.8986026048660278
-2.4368278980255127 1.5959819555282593 0.638648271560669
-2.3863744735717773 1.2744402885437012 0.618201494216919
0.35690128803253174 0.9424378871917725 -0.5953501462936401
-0.12387201189994812 0.7099819779396057 3.2645463943481445
-0.3790965974330902 0.284606397151947 0.48075416684150696
-1.7907426357269287 0.6953429579734802 1.1117219924926758
0.5454965233802795 0.7988001704216003 1.325604796409607
0.34213995933532715 0.985407829284668 1.771746277809143
-1.3025091886520386 1.3586221933364868 1.7385332584381104
-2.4869742393493652 1.5348758697509766 0.8572676181793213
0.44647204875946045 1.3115413188934326 -0.1299256533384323
-2.502722978591919 1.5303176641464233 0.16129113733768463
-1.5714055299758911 0.7398821711540222 1.2558625936508179
-0.7022541761398315 0.8321021199226379 3.0600738525390625
-0.8708394765853882 1.503015160560608 1.8127923011779785
-1.0532151460647583 0.361996054649353 3.6990504264831543
0.005100345239043236 0.679365873336792 1.7560334205627441
0.5925390720367432 0.8838825225830078 0.03737720102071762
-2.3863744735717773 1.2659183740615845 0.2988259196281433
0.9210300445556641 1.3199020624160767 0.7587360739707947
-0.2685251235961914 0.30080410838127136 3.730648994445801
0.45710861682891846 0.33118247985839844 3.187211513519287
-0.6822452545166016 0.284606397151947 0.6885083317756653
-0.8571085929870605 0.6569521427154541 3.153805732727051
0.9204632043838501 1.5314356088638306 1.1767345666885376
-0.21739476919174194 1.603355884552002 -1.1614073514938354
-1.0874090194702148 1.1770930290222168 1.8440086841583252
-1.7961572408676147 0.9034305214881897 0.36243537068367004
0.2465847283601761 1.5995733737945557 -0.3256077766418457
-0.2161489874124527 1.1786582469940186 -0.4030131697654724
0.49662408232688904 1.5889567136764526 -0.3675805628299713
-1.2154370546340942 1.236467719078064 -0.6815986633300781
-0.0038390946574509144 1.5843868255615234 -0.5917381644248962
-1.6141122579574585 0.878175675868988 -0.335256427526474
-1.4144892692565918 0.9544754028320312 -0.2492440938949585
-0.7524096369743347 1.3125693798065186 2.301068067550659
-0.5871561765670776 0.9699695110321045 -0.6862048506736755
-1.8032282590866089 0.9635022282600403 -0.16233158111572266
0.3492560386657715 1.4007846117019653 -0.4939981997013092
-0.27974337339401245 1.5713611841201782 -0.5664704442024231
0.33636900782585144 1.4879125356674194 1.8638834953308105
0.1531108319759369 1.4647616147994995 2.2776598930358887
0.24912644922733307 1.5785335302352905 -0.657951295375824
-1.9715068340301514 1.1567540168762207 0.6230128407478333
-0.8700277805328369 1.5747032165527344 -1.0735434293746948
0.2112807184457779 0.4993656277656555 3.5285868644714355
-1.3292292356491089 0.6739934682846069 -0.34542322158813477
-0.25361311435699463 0.284606397151947 0.14315921068191528
-0.5199413299560547 0.38231950998306274 3.21928334236145
-0.18257540464401245 0.5714480876922607 -0.643342912197113
-0.8851264715194702 0.36953550577163696 3.5838077068328857
-1.4463720321655273 0.8147457242012024 1.5290186405181885
-1.5976060628890991 1.2127646207809448 -0.4915224015712738
-1.7946345806121826 0.6606578230857849 0.7719564437866211
0.4999174475669861 0.623201310634613 0.48273682594299316
-0.3076631724834442 1.2945774793624878 -0.6296818852424622
-0.8808943629264832 1.1598855257034302 -0.7493627667427063
-0.6775583624839783 0.284606397151947 1.156855821609497
-0.10166346281766891 1.301904559135437 -0.768761396408081
-0.03125494718551636 0.36261215806007385 3.618527412414551
-1.677018165588379 0.7253033518791199 0.12718626856803894
0.13316918909549713 1.183883786201477 -0.6447156667709351
-0.9407252669334412 0.6618499159812927 -0.5971895456314087
-0.02394358441233635 0.9584540128707886 1.9363311529159546
-1.0070995092391968 0.7779933214187622 1.8392819166183472
0.44788941740989685 1.0728256702423096 -0.37475794553756714
0.5884780883789062 1.2220114469528198 1.2127156257629395
0.43329912424087524 0.6586528420448303 -0.32693079113960266
0.43149828910827637 1.0481938123703003 0.028673941269516945
-0.02256523258984089 0.8728200197219849 2.795456647872925
-0.18417997658252716 0.49021679162979126 3.590128183364868
0.4838411509990692 1.1819514036178589 1.4594390392303467
0.2979613244533539 0.6255893707275391 1.5747044086456299
0.31900477409362793 1.284403681755066 1.726333737373352
0.6154094338417053 1.3961467742919922 -0.31441330909729004
-0.034465670585632324 0.9583117365837097 -0.640134334564209
-1.4680119752883911 0.6281289458274841 -0.13844828307628632
0.10232377052307129 0.6750558614730835 -0.5089936256408691
0.3682843744754791 0.8692403435707092 1.5005568265914917
0.5143852233886719 0.7082451581954956 0.21569521725177765
-0.509896457195282 1.2570687532424927 -0.8663985729217529
-1.842563271522522 0.9263059496879578 0.7963361740112305
-0.6459908485412598 0.284606397151947 0.48709627985954285
-0.3253816068172455 0.5433556437492371 3.9095373153686523
-1.0562583208084106 0.6481470465660095 -0.3784213662147522
-0.06440307199954987 0.9653744101524353 2.670790433883667
0.2944614291191101 0.6393458247184753 -0.1925772726535797
-1.7221568822860718 0.7485566735267639 0.49329471588134766
0.39348724484443665 0.8193851113319397 0.45702919363975525
-0.05178457126021385 0.284606397151947 0.09792482852935791
-0.9042758345603943 0.284606397151947 0.4849923849105835
-0.5126545429229736 0.36979642510414124 3.362196683883667
0.4949735701084137 0.6550277471542358 0.9828400611877441
-0.5564464330673218 0.6428514122962952 -0.6034458875656128
0.1927996426820755 0.8959498405456543 -0.38495999574661255
-0.32332125306129456 0.6717627048492432 -0.47386547923088074
-0.007547494024038315 0.284606397151947 0.9442439675331116
0.35866931080818176 0.907927930355072 -0.2062881588935852
-1.8124655485153198 1.207876443862915 0.19383400678634644
-0.47096604108810425 0.8140267133712769 2.577709436416626
-1.5634708404541016 0.94917231798172 -0.027745122089982033
-1.1168696880340576 0.6525790095329285 1.5874022245407104
-1.7202228307724 1.0380841493606567 1.1623265743255615
-0.8226221799850464 0.6418585181236267 1.721276044845581
-1.7664932012557983 1.3748409748077393 0.667464017868042
-0.04404454678297043 0.5901340842247009 -0.2623627483844757
0.38372915983200073 0.6419605016708374 1.3065606355667114
-1.5460209846496582 0.6846498847007751 1.040013074874878
-1.2528773546218872 0.9730564951896667 -0.6005966067314148
-0.2381831705570221 0.8212870955467224 2.720867395401001
-0.9406265616416931 0.9182044863700867 -0.6366142630577087
-1.9095500707626343 1.6774336099624634 1.0747555494308472
-0.6949754357337952 0.5981874465942383 -0.3013927638530731
-1.451068639755249 0.6481475830078125 0.1655370444059372
-1.7876503467559814 1.6569972038269043 -0.19942767918109894
-1.2392876148223877 0.9469122886657715 1.652429461479187
0.34456464648246765 0.5966776013374329 0.082892507314682
-0.6156895160675049 1.241801381111145 -0.46145808696746826
-1.3640004396438599 0.7160418033599854 1.3437654972076416
-1.0550415515899658 1.244364619255066 -0.35390183329582214
-0.130729079246521 0.284606397151947 0.7413805723190308
-0.4752334952354431 0.284606397151947 0.8287018537521362
0.12234663218259811 0.8561804890632629 1.6632658243179321
-0.12106207013130188 0.8082116842269897 -0.46603626012802124
-0.8570882678031921 0.5229748487472534 3.345571279525757
-1.301591157913208 0.6366332769393921 0.9833086133003235
-0.37848544120788574 1.2417677640914917 2.4025909900665283
-2.0561819076538086 1.6481096744537354 0.4383541941642761
-0.37619873881340027 1.122358798980713 -0.6833539605140686
-1.6261353492736816 0.8731732964515686 0.8121223449707031
-1.0781441926956177 1.3554128408432007 -0.5776250958442688
-0.6330811381340027 1.0139778852462769 2.4391419887542725
-1.481934905052185 1.264358639717102 1.5048913955688477
-1.454261302947998 0.882256805896759 1.04118812084198
-1.1499557495117188 0.920971691608429 -0.3746738135814667
-1.6812273263931274 1.28233802318573 -0.03468115255236626
-0.7045650482177734 1.322229027748108 -0.6728826761245728
-1.2689896821975708 1.182236909866333 -0.26196378469467163
0.08190649002790451 0.6991090178489685 -0.12115330994129181
0.4071024954319 0.6906421780586243 0.8014246821403503
-0.31766533851623535 0.8285124897956848 1.9985557794570923
-0.6121603846549988 0.5551686882972717 -0.006643759086728096
-0.24217474460601807 0.5720155239105225 0.43981626629829407
-1.2827274799346924 0.7578526139259338 -0.14336392283439636
-0.7690173387527466 1.0919066667556763 1.5859994888305664
-0.640816330909729 0.804244875907898 -0.5182324051856995
-1.7572928667068481 1.0984601974487305 0.5114126801490784
0.2642063498497009 0.6455098986625671 0.35136425495147705
-1.6274737119674683 1.3543471097946167 0.40934470295906067
-0.9258386492729187 0.5813321471214294 0.114266537129879
-0.4192551076412201 0.6732958555221558 1.661283254623413
-0.9506596326828003 0.8405484557151794 1.377596378326416
-1.6040235757827759 1.3404854536056519 1.0936708450317383
-0.19150051474571228 0.72862708568573 1.7285284996032715
-0.3205038905143738 0.5920237898826599 -0.21340052783489227
-0.4024535119533539 0.631426990032196 1.327532410621643
0.2818867862224579 0.8205668330192566 0.04759269580245018
-1.2772506475448608 0.795432448387146 0.06747003644704819
-1.5179858207702637 0.6683741211891174 0.7501696944236755
-0.04108233377337456 0.6459639072418213 1.0472759008407593
-0.14909231662750244 1.2498395442962646 2.124640941619873
0.322501540184021 0.6584975123405457 1.093691110610962
0.4129789471626282 0.931755542755127 0.9777770042419434
-0.07668311148881912 0.5694758892059326 0.12594592571258545
-0.5527874827384949 0.7628362774848938 1.8838894367218018
-0.4853147864341736 0.8117609024047852 3.2208147048950195
-0.7502372860908508 0.566692054271698 0.7670516967773438
-0.08443550765514374 0.8112853169441223 -0.23348501324653625
-1.49354887008667 0.6477799415588379 0.47520747780799866
-0.9291375279426575 0.926267683506012 1.7058498859405518
0.59303218126297 1.491492509841919 1.1834791898727417
-1.056153416633606 0.6024244427680969 -0.13249900937080383
-1.1518605947494507 0.6278998851776123 1.2684928178787231
-1.4289346933364868 1.0473294258117676 1.3004611730575562
-0.36771100759506226 0.9586890935897827 -0.4792722463607788
0.06870748847723007 1.2902270555496216 -0.43675366044044495
-0.2455577701330185 1.3281066417694092 2.3393304347991943
-0.8598700165748596 0.8013603687286377 -0.3689168095588684
0.39945077896118164 1.3110114336013794 1.2153353691101074
-0.21592029929161072 1.0960719585418701 2.6838862895965576
0.4179460108280182 1.6160212755203247 -0.04697711765766144
0.00819612666964531 1.0756772756576538 -0.3477000594139099
-1.3473342657089233 0.7461949586868286 0.6998992562294006
0.4055821895599365 1.0084072351455688 0.30122116208076477
-0.7137176394462585 1.0680981874465942 1.9081768989562988
0.015516667626798153 1.421957015991211 2.0826025009155273
-1.1578428745269775 0.9933761358261108 1.485600471496582
-0.6878215670585632 1.0158734321594238 -0.33809134364128113
0.5795212984085083 1.2433409690856934 0.11545119434595108
0.06998784095048904 0.6649680137634277 1.4078254699707031
-0.42859286069869995 1.5012024641036987 2.1407060623168945
0.5498058199882507 1.4681415557861328 1.4651025533676147
-1.2747752666473389 0.6322407126426697 0.28302961587905884
-0.6727129817008972 1.069361686706543 2.8142216205596924
0.33042120933532715 0.9439120888710022 1.2134661674499512
-0.5218377113342285 0.7146363258361816 -0.2447495460510254
-0.9561656713485718 0.7787265777587891 -0.17246346175670624
-0.6107466816902161 0.5708250999450684 0.3913560211658478
-0.5730410814285278 1.2531676292419434 1.997309923171997
-0.6322279572486877 0.8206588625907898 2.768277883529663
-0.8888649344444275 0.6935688853263855 1.5064369440078735
0.7620330452919006 1.5803613662719727 -0.08212462067604065
-0.06808112561702728 0.6145763397216797 0.7396131753921509
0.10935303568840027 0.744503378868103 0.22301329672336578
-0.18191039562225342 1.6030960083007812 -0.9261073470115662
-0.2752903997898102 1.0013104677200317 2.2757821083068848
0.8470066785812378 1.5830587148666382 0.34534236788749695
-0.6347616910934448 0.8987162709236145 1.748127818107605
-0.30458179116249084 0.6574824452400208 -0.002231242600828409
0.3030902147293091 0.637533962726593 0.6252841949462891
-0.30438634753227234 1.6219305992126465 -0.7480887770652771
-0.21997208893299103 0.754134476184845 1.5309491157531738
0.8703356385231018 1.5159167051315308 0.7842892408370972
-0.9028220772743225 0.6289984583854675 1.1879559755325317
-0.6839867830276489 1.4346436262130737 2.117750644683838
-0.5738359093666077 1.4771558046340942 -1.1820558309555054
0.0406491719186306 1.4561246633529663 1.7773834466934204
-0.6608878970146179 0.7038632035255432 1.4936888217926025
0.6080923080444336 0.9272990226745605 0.40311720967292786
-0.9672772288322449 1.6444367170333862 -0.8856217265129089
-1.1824101209640503 1.4545376300811768 -1.203413486480713
-0.6085818409919739 0.6318374276161194 1.1394850015640259
-0.0010243854485452175 0.9200218319892883 1.4540119171142578
0.2875880002975464 1.4750258922576904 1.5915838479995728
-0.8838313817977905 1.3061097860336304 1.7162712812423706
-0.630462646484375 1.669153094291687 -0.8006390929222107
-0.9824320077896118 1.479577898979187 2.0931849479675293
-0.18870726227760315 1.554226040840149 1.8869962692260742
-0.4588564336299896 0.9453616142272949 2.252413272857666
-0.5521128177642822 0.6597146987915039 0.15384997427463531
-0.05251278355717659 0.7840707302093506 0.06524702161550522
-0.7695448398590088 1.5717947483062744 -1.3117586374282837
-0.10258231312036514 0.982420027256012 1.7156072854995728
0.09047083556652069 0.7950789928436279 1.1891332864761353
-0.8266450762748718 1.659842610359192 -0.5943977236747742
-0.33601468801498413 0.9997155666351318 1.8348803520202637
-1.2171422243118286 1.5994184017181396 -0.9651923179626465
0.7019254565238953 1.6532970666885376 0.5873497724533081
0.2302967607975006 1.1074365377426147 1.574102520942688
-0.538935124874115 1.573742389678955 -0.9754074811935425
-0.4726440906524658 0.9647992253303528 1.5832340717315674
-0.5978174209594727 1.646872878074646 -0.544346809387207
-0.8872495293617249 1.3917338848114014 -0.35208040475845337
0.9152035713195801 1.4607852697372437 0.6180332899093628
0.26311859488487244 1.2018345594406128 -0.2180669903755188
0.13800984621047974 0.7529356479644775 0.8030603528022766
0.018693216145038605 0.6740038394927979 0.48474016785621643
0.19539539515972137 1.1378811597824097 -0.004256880842149258
-0.27778133749961853 0.6289580464363098 1.080878496170044
-1.1300183534622192 1.643701195716858 -0.6915375590324402
-1.8809518814086914 1.6323333978652954 0.4868190884590149
-0.46888071298599243 0.9381622076034546 1.389528512954712
-0.14811061322689056 0.8049585223197937 1.2923475503921509
-1.2471942901611328 0.8281657099723816 1.180491328239441
-0.2874647378921509 1.1811776161193848 1.7475435733795166
0.7093654274940491 1.62887442111969 0.15211008489131927
-0.5420389771461487 1.5724523067474365 1.7563648223876953
-1.0475049018859863 1.5244038105010986 1.5236620903015137
-0.2580941319465637 0.7089340090751648 0.27707070112228394
-0.5704870820045471 1.2287172079086304 1.6224045753479004
-1.48167884349823 0.8837642669677734 0.235713928937912
0.5411739349365234 1.2303624153137207 0.4438938796520233
-1.3371399641036987 1.646068811416626 -0.18714791536331177
0.9013966917991638 1.4631389379501343 1.0053850412368774
0.5871431827545166 1.1487236022949219 0.8656750321388245
-1.722936987876892 1.599258303642273 1.1871180534362793
-0.44789496064186096 0.5897799134254456 0.6950147747993469
-0.856045663356781 0.7031782865524292 1.0090769529342651
-1.4378522634506226 1.5893077850341797 1.2647485733032227
-0.9207197427749634 1.6904140710830688 -0.4092646539211273
-1.7041826248168945 1.5828713178634644 0.8068978190422058
-0.4405880570411682 0.8781982064247131 -0.23375046253204346
-1.6787054538726807 1.6274194717407227 0.026374779641628265
-1.5452630519866943 1.6921354532241821 -0.24475602805614471
-1.9154136180877686 1.6334495544433594 0.7216910123825073
-0.9044021964073181 1.2877228260040283 1.289820909500122
-1.4368706941604614 1.571146011352539 1.4987035989761353
-1.3035200834274292 1.7191216945648193 -0.4679274559020996
-0.6738475561141968 1.5615848302841187 1.5837337970733643
-1.1466034650802612 1.554134488105774 1.7051399946212769
-0.2368243783712387 0.7371506094932556 0.8789180517196655
-1.1576526165008545 1.3145313262939453 1.3008393049240112
-1.6543147563934326 1.5314521789550781 0.24274973571300507
-1.0911723375320435 0.7836280465126038 0.10335341095924377
-1.0922951698303223 1.655330777168274 -0.3354370892047882
-0.8013994097709656 0.6543742418289185 0.5001765489578247
0.4794093072414398 1.3100638389587402 0.6234450340270996
0.016912728548049927 0.8424279689788818 0.3594875931739807
0.332517147064209 1.2168183326721191 0.282611608505249
-1.4801136255264282 0.8726065754890442 0.4806402921676636
-0.7827466130256653 1.0192286968231201 1.329079270362854
-0.7316693067550659 0.7272099256515503 -0.03218293935060501
-1.0579923391342163 1.0637013912200928 -0.13471153378486633
-0.5424365401268005 0.8450987935066223 0.19187985360622406
-1.1749217510223389 0.7176812291145325 0.8898885846138
-1.0394402742385864 0.8920158743858337 1.1107673645019531
-0.8067966103553772 0.8969805240631104 -0.006785024888813496
-1.4871793985366821 1.1460305452346802 0.6510836482048035
-1.0954281091690063 0.6475341320037842 0.4106996953487396
-1.6883563995361328 1.2645200490951538 0.8260766267776489
-1.0951035022735596 0.612406313419342 0.6600829362869263
-0.5983214378356934 0.8941570520401001 1.2429139614105225
0.5076751708984375 1.5872440338134766 0.9343501925468445
0.1477544605731964 0.8628576397895813 1.0096172094345093
-1.2997260093688965 1.253050446510315 1.1390665769577026
-1.2899445295333862 1.015651822090149 0.918799638748169
-1.438399076461792 1.2450693845748901 0.031588319689035416
-1.262034296989441 1.050527811050415 0.10198533535003662
-1.4437189102172852 1.3243868350982666 0.8959118723869324
-0.4869391918182373 0.7603947520256042 0.39607253670692444
0.26731956005096436 1.1259055137634277 0.5529365539550781
-1.2453393936157227 0.8181296586990356 0.47368183732032776
-1.469188928604126 1.2153434753417969 0.2822144031524658
-0.054444488137960434 1.5333434343338013 1.6301344633102417
-0.24233582615852356 0.9965028166770935 1.3169715404510498
-0.5981632471084595 0.7157164812088013 0.8737279176712036
-0.9689944386482239 0.714852511882782 0.750794529914856
-0.33539074659347534 1.5704432725906372 1.8174779415130615
-0.4293827414512634 1.5086724758148193 1.4715031385421753
-1.3352186679840088 1.4254403114318848 -0.10960084944963455
0.47954168915748596 1.5203694105148315 0.21642683446407318
-0.6578842401504517 0.7513042688369751 0.6367111802101135
0.3035617768764496 1.7320268154144287 0.7824199199676514
-0.33071252703666687 0.8454497456550598 1.1250556707382202
-1.5275119543075562 1.2216500043869019 -0.27547892928123474
-0.20500005781650543 0.9195252060890198 -0.12274505198001862
-0.8726269006729126 0.8064398169517517 0.41578102111816406
0.36664217710494995 1.2057528495788574 0.8213335275650024
0.356705904006958 1.6214580535888672 0.2537016272544861
-0.9052364230155945 0.7207527756690979 0.269258588552475
0.4346191883087158 1.7411555051803589 0.48349902033805847
-0.18364660441875458 1.215477466583252 1.4881930351257324
-0.24914582073688507 0.8919140696525574 0.9221572279930115
0.47468116879463196 1.6778212785720825 0.7179068922996521
0.006984095089137554 0.8610554337501526 0.6925579905509949
-0.2562856078147888 0.7507041692733765 0.5687590837478638
-0.03269856423139572 0.9882599115371704 0.4827674627304077
-1.261961579322815 1.0559008121490479 0.4985951781272888
0.07671444118022919 1.03826904296875 0.8856697678565979
-0.2574835419654846 1.583669900894165 1.393523097038269
-1.0915579795837402 0.9235206842422485 0.8066770434379578
-1.1536948680877686 1.4699251651763916 1.2155823707580566
-1.293244481086731 1.3795517683029175 0.7897754907608032
0.1699104607105255 1.6548157930374146 0.9584835171699524
0.349683940410614 1.4598345756530762 1.1006075143814087
-0.06542046368122101 1.490700125694275 1.3130964040756226
-0.5965302586555481 1.4001644849777222 1.2244219779968262
-0.7514312863349915 0.8865046501159668 1.0513147115707397
-0.4003277122974396 0.8585048913955688 0.6948210597038269
-0.026634521782398224 1.2189503908157349 1.1947085857391357
0.13028645515441895 1.441452980041504 0.8957411646842957
-1.4063323736190796 1.3853079080581665 0.5358909964561462
0.14856956899166107 1.1605733633041382 1.3590993881225586
-1.291565179824829 1.5724883079528809 0.10063216090202332
-0.4039932191371918 1.0791282653808594 0.9076958894729614
-0.45436641573905945 1.4510923624038696 -0.4507782459259033
0.23620259761810303 1.2816612720489502 1.0323418378829956
-0.08114743232727051 1.1946580410003662 0.9082207679748535
-0.20693795382976532 1.293404459953308 1.156864881515503
-0.819365382194519 0.9710589647293091 0.44057849049568176
-0.588423490524292 1.094094157218933 -0.1567414402961731
-0.09677034616470337 1.5741386413574219 1.1141526699066162
-0.762823760509491 1.2221801280975342 0.09502071142196655
-1.4741322994232178 1.5070379972457886 0.9274744987487793
-0.6599169969558716 1.4788076877593994 1.3763868808746338
-1.1874545812606812 1.2868186235427856 0.6524113416671753
-0.9439708590507507 1.152614951133728 -0.08222179114818573
0.12476202100515366 1.4009929895401 1.4407001733779907
-1.127039909362793 1.3699581623077393 0.8963806629180908
-0.9106761813163757 1.3784013986587524 1.139743447303772
-1.0932424068450928 1.0276339054107666 0.3347833454608917
0.24537700414657593 1.4522311687469482 -0.0584377720952034
0.24182184040546417 1.3534209728240967 0.5601860284805298
-0.41710364818573 1.5114248991012573 1.1651638746261597
-0.1447090208530426 0.9757757186889648 0.10843832790851593
-1.2415103912353516 1.357731580734253 0.15239015221595764
-0.0863686203956604 1.156294822692871 0.12338785082101822
-1.4265625476837158 1.4850273132324219 0.3246382474899292
-0.8348921537399292 1.2932662963867188 0.7545647025108337
0.0037790779024362564 1.5051207542419434 -0.36062151193618774
-0.08704552054405212 1.3637114763259888 0.6935738921165466
-0.9742040634155273 1.2477664947509766 0.5031079649925232
-0.7446159720420837 1.197170615196228 1.1098699569702148
-0.5376327037811279 1.073694109916687 1.0565271377563477
-0.40711188316345215 1.0873020887374878 0.07029396295547485
-0.5354814529418945 1.4262361526489258 -0.0020907102152705193
-0.21959619224071503 1.0854599475860596 0.44677022099494934
-0.44420745968818665 1.0196892023086548 0.5026006102561951
-0.5194565653800964 1.2686233520507812 0.8421306610107422
-0.8397048711776733 1.3288733959197998 0.9955682754516602
0.010553911328315735 1.270206332206726 0.46641188859939575
-0.058945946395397186 1.4195226430892944 0.14792998135089874
-0.366769015789032 1.3694279193878174 0.6552631855010986
-0.9506382346153259 1.0443977117538452 0.8014698028564453
0.0831354558467865 1.329817533493042 0.19661322236061096
-0.16172347962856293 1.237059473991394 -0.1494457721710205
-0.5230540633201599 1.3699398040771484 -0.16852283477783203
-0.6637256741523743 1.9131717681884766 0.9715369939804077
-0.6298102140426636 1.897824764251709 1.157802700996399
-0.556933581829071 1.9586973190307617 1.3341885805130005
-0.8004328012466431 1.4491822719573975 -0.08691338449716568
-0.579898476600647 1.1037551164627075 0.22509074211120605
-0.37508347630500793 2.023977756500244 1.3608087301254272
-0.6789238452911377 1.1076024770736694 0.6043568253517151
-0.9635927081108093 1.3816523551940918 0.5279189348220825
-0.3168625235557556 1.3869026899337769 -0.16868242621421814
-0.13464729487895966 1.402903437614441 -0.0860433354973793
-0.39633020758628845 1.9156577587127686 1.1616722345352173
-0.3280507028102875 1.3392717838287354 0.8410964012145996
-0.9970815181732178 1.3522781133651733 0.15015636384487152
-0.1655164659023285 1.3885494470596313 0.3831556737422943
-0.47952860593795776 1.9192194938659668 0.9317092299461365
-0.7885403633117676 1.9779207706451416 1.2021552324295044
-0.3189413547515869 1.98634672164917 0.9492923021316528
-0.32502734661102295 2.1684932708740234 1.4334520101547241
-0.985409140586853 1.4465968608856201 0.26262757182121277
-0.7070145606994629 1.3699675798416138 0.693131685256958
-0.7998562455177307 2.136775255203247 0.7830763459205627
-0.701513946056366 2.011061429977417 0.8320443034172058
-0.16170676052570343 2.328059434890747 1.1191011667251587
-0.4611510634422302 1.367648959159851 0.4245459735393524
-0.6268720030784607 1.3842743635177612 0.26729461550712585
-0.27537858486175537 2.3585762977600098 1.395412564277649
-0.19569511711597443 2.202117443084717 0.9348351359367371
-0.37910664081573486 2.1108388900756836 0.7712989449501038
-0.2238771617412567 2.0581626892089844 1.1642470359802246
-0.6624388694763184 2.110879421234131 1.4370439052581787
-0.8839816451072693 2.6100270748138428 0.7533379197120667
-1.009284257888794 2.934235095977783 0.9913090467453003
-0.6254509687423706 2.9959802627563477 1.1749736070632935
-0.5505151748657227 2.7959203720092773 1.2031244039535522
-0.5256554484367371 2.3917226791381836 0.6468594670295715
-0.9004555940628052 2.100452184677124 1.1805511713027954
-0.9060367941856384 2.4045028686523438 1.2844610214233398
-0.983007550239563 2.482870578765869 1.0348776578903198
-0.9159154295921326 2.3140761852264404 0.8106654286384583
-0.2739545702934265 2.5485408306121826 1.0896759033203125
-0.49013733863830566 3.0738844871520996 1.0077760219573975
-0.45729121565818787 2.5994489192962646 1.3195390701293945
-0.972054123878479 2.715423107147217 1.0769497156143188
-0.9502430558204651 2.207831859588623 1.022094964981079
-0.7731378674507141 2.2913804054260254 1.426401138305664
-0.5835399031639099 2.4248063564300537 1.4611797332763672
-0.9290595054626465 2.7457597255706787 0.7220402956008911
-0.6375899314880371 2.877195358276367 0.6715863943099976
-0.5393657088279724 3.0334272384643555 0.696648359298706
-0.5096558928489685 2.2034945487976074 0.6831068396568298
-0.38709014654159546 2.548647880554199 0.8875095248222351
-0.7109240889549255 2.5005948543548584 0.6846596002578735
-0.49815312027931213 3.212223768234253 0.8089964985847473
-0.5228185057640076 4.471460819244385 1.1873091459274292
-0.7007123827934265 3.3606982231140137 0.9303692579269409
-0.6961199045181274 4.672972679138184 1.5756930112838745
-0.8293358683586121 3.1108009815216064 1.125491976737976
-0.650641679763794 4.45046329498291 1.316384196281433
0.29828813672065735 4.104673385620117 -0.2552206516265869
-0.9595690369606018 2.9344482421875 0.6990326046943665
-0.7634081840515137 4.496379852294922 1.1620173454284668
-0.46634671092033386 2.746636152267456 0.8450047969818115
-0.5583827495574951 4.538440704345703 1.4883683919906616
-0.8032817244529724 3.1023623943328857 0.6103812456130981
-0.817535936832428 2.6754369735717773 1.2589675188064575
-0.6859967708587646 5.019493103027344 0.9009574055671692
-0.7664981484413147 4.823481559753418 0.8977735042572021
-0.3315581977367401 4.597377300262451 1.1371580362319946
-0.4073665738105774 4.592623233795166 1.4393043518066406
-0.49957475066185 4.583008766174316 0.9761274456977844
-0.984674870967865 3.1810150146484375 0.9234797954559326
-0.8964940309524536 4.707790851593018 1.0570772886276245
-0.6924906373023987 4.598782062530518 0.9692415595054626
-0.8395033478736877 3.2840514183044434 0.7150653600692749
-0.8665856122970581 4.7214765548706055 1.4953505992889404
-0.9355246424674988 4.657097816467285 1.2684723138809204
-0.30726516246795654 4.674331188201904 1.350710153579712
0.1944044977426529 5.6704630851745605 -0.26800090074539185
-0.301987886428833 4.821937084197998 0.9166882038116455
-0.5185829997062683 4.885238170623779 1.5410209894180298
-0.4893508553504944 4.869542121887207 0.8423349261283875
-0.22734268009662628 5.022979736328125 1.2220656871795654
-0.9026334881782532 5.463623523712158 0.3182399868965149
-0.8749509453773499 5.381868839263916 0.16788527369499207
-0.7713739275932312 4.503421306610107 1.3934955596923828
-0.4830363094806671 5.270905494689941 1.153317928314209
-0.25430116057395935 4.978435516357422 0.8852315545082092
-0.22274309396743774 4.755505561828613 1.1265405416488647
-0.7966194748878479 5.656943321228027 0.3690822720527649
-0.20262257754802704 5.23883581161499 1.1810214519500732
-0.7417489290237427 5.099230766296387 1.2605081796646118
-0.7807508707046509 5.468888282775879 -0.06068934500217438
-0.1882753223180771 5.4013543128967285 1.0554554462432861
-0.23084746301174164 5.204232692718506 0.9775043725967407
-0.9013087749481201 4.955700874328613 1.2786962985992432
-1.1080293655395508 5.685832500457764 -0.14712418615818024
-0.9628322720527649 5.3837890625 0.04184025153517723
-1.0728888511657715 5.5074872970581055 -0.09042520821094513
-0.04234464839100838 5.568877220153809 0.9977830052375793
-0.5016241669654846 5.084897041320801 1.3907272815704346
0.1294957846403122 5.7916107177734375 -0.3573574721813202
-1.1359853744506836 5.7961201667785645 0.00897202454507351
-1.1901808977127075 5.543331623077393 0.16775625944137573
-1.0859757661819458 5.415865898132324 0.10249320417642593
0.17529475688934326 5.7388482093811035 -0.21938616037368774
0.1378459632396698 5.812068939208984 -0.3318953514099121
0.12881353497505188 5.78090238571167 -0.2681850790977478
-0.04167856276035309 6.1171875 0.936199963092804
-0.02429359219968319 5.823414325714111 0.9880321621894836
-0.04106396809220314 5.653896331787109 1.0948028564453125
-0.4336698055267334 6.981954097747803 0.7928192615509033
-0.07133472710847855 6.918252468109131 1.0217875242233276
-0.7908437252044678 5.695675373077393 -0.10891543328762054
0.07105479389429092 6.410851955413818 0.8582777380943298
-0.12612564861774445 6.458415508270264 0.8120543360710144
-1.0635900497436523 5.568647861480713 0.34295013546943665
-0.03300634026527405 6.27537727355957 0.9215248227119446
-0.6803656220436096 5.543375492095947 0.2161218523979187
0.0700259581208229 6.511406421661377 0.684141993522644
-0.2957362234592438 6.739654541015625 0.8710736632347107
-0.4026886224746704 7.262231349945068 1.0842984914779663
-0.5004701614379883 7.141189098358154 0.568659782409668
-0.6749634146690369 5.506356716156006 0.041703853756189346
-0.09617765247821808 6.462923049926758 0.9768435955047607
0.18841704726219177 6.6687912940979 0.7056482434272766
-0.1513889729976654 6.923659801483154 0.448380708694458
-0.30034151673316956 6.745707035064697 0.6521819829940796
0.04363049939274788 6.697633266448975 1.031130313873291
0.17763634026050568 6.868704795837402 0.865428626537323
-0.49217256903648376 7.0782151222229 0.9171175360679626
-0.7005160450935364 7.351249694824219 1.0128827095031738
-0.12424996495246887 6.633089065551758 0.6069290637969971
0.1776033192873001 6.941183090209961 0.6504262685775757
0.031131282448768616 6.899377346038818 0.49641016125679016
-0.023071864619851112 7.249636173248291 0.8508890271186829
-0.3852633237838745 7.826984405517578 0.29961279034614563
-0.3134097158908844 7.870485305786133 0.6023025512695312
-0.2955089211463928 6.916140556335449 0.5217302441596985
-0.6039147973060608 7.210761070251465 0.9537025690078735
-0.2593657076358795 7.651780128479004 0.38451001048088074
-0.3902479410171509 7.206340789794922 0.4781714379787445
-0.8012519478797913 7.33315896987915 0.8779628872871399
-0.052832648158073425 7.818070411682129 0.4560631811618805
-0.35216495394706726 8.552751541137695 0.00751546211540699
-0.26758432388305664 7.5116353034973145 0.48206645250320435
-0.2263627052307129 6.995920658111572 1.0185627937316895
-0.5446794033050537 7.421398162841797 0.6646655201911926
-0.38112208247184753 8.171683311462402 0.11084739863872528
-0.2533668577671051 7.416439056396484 0.984769880771637
0.012309412471950054 7.275487899780273 0.6168341636657715
-0.12853536009788513 7.20875358581543 0.4428524374961853
-0.649081289768219 7.395954132080078 1.103662133216858
-0.7067480087280273 7.822788238525391 0.5902267694473267
-0.7434245944023132 7.9641313552856445 0.6567549109458923
-0.5623859763145447 7.75516414642334 0.8542651534080505
-0.694076418876648 7.564603805541992 0.629876434803009
-0.1243278756737709 7.818291664123535 0.5861958861351013
-0.3649193048477173 8.024627685546875 0.19371244311332703
-0.5449495911598206 8.302572250366211 0.15294405817985535
-0.213722363114357 8.965642929077148 0.11832578480243683
-0.1324360966682434 7.511658668518066 0.7186204791069031
-0.8406044840812683 7.593959331512451 0.9677950739860535
-0.15855515003204346 7.790042400360107 0.2943264842033386
-0.6028061509132385 8.64951229095459 0.0904899537563324
-0.7832082509994507 7.446303367614746 0.6643074154853821
-0.35283273458480835 8.718624114990234 0.21962428092956543
0.05466664582490921 8.752585411071777 1.0318992137908936
-0.38370877504348755 8.190616607666016 0.3781094551086426
-0.23790813982486725 9.02135944366455 0.25725337862968445
-0.6405565142631531 8.794829368591309 -0.05871124193072319
0.068499855697155 8.762167930603027 1.0746033191680908
-0.3377783000469208 8.688592910766602 -0.04513237252831459
-0.2173614650964737 8.118562698364258 0.13698500394821167
-0.7333659529685974 8.98617935180664 0.09217362105846405
0.0426749587059021 8.829976081848145 1.0164457559585571
-0.517738401889801 8.466292381286621 0.24491801857948303
-0.6353465914726257 8.253015518188477 0.5334324836730957
-0.199807271361351 9.075469017028809 -0.15348419547080994
-0.06178887560963631 9.060775756835938 -0.1181020438671112
-0.6056631207466125 8.175789833068848 0.5361112356185913
-0.06499337404966354 9.047768592834473 -0.012362849898636341
-0.7286249995231628 8.149100303649902 0.4395693838596344
-0.5744597911834717 8.883966445922852 -0.18613146245479584
-0.601428210735321 8.959101676940918 0.05212786793708801
-0.4999520778656006 9.199172019958496 -0.25435319542884827
-0.2073524445295334 9.190346717834473 0.30700498819351196
-1.0192770957946777 9.703852653503418 1.1215379238128662
-0.7341574430465698 9.102590560913086 -0.1956261843442917
-0.15485863387584686 9.255853652954102 -0.030681133270263672
-0.7241731882095337 9.132966995239258 0.1582987755537033
-1.0523139238357544 9.738134384155273 1.1804170608520508
-0.7478327751159668 9.365478515625 -0.12229526042938232
-0.12725003063678741 10.098470687866211 0.8478516340255737
-0.4795054793357849 9.386641502380371 0.12090921401977539
-0.5695139169692993 9.3027925491333 0.24507668614387512
-0.036226786673069 9.365155220031738 0.1459292471408844
-0.0035557011142373085 10.168009757995605 1.2197725772857666
0.14858201146125793 9.977560043334961 0.5519710183143616
-0.631552517414093 9.474257469177246 0.01784355379641056
-0.21482664346694946 9.419203758239746 0.11926437169313431
0.10444048047065735 9.955729484558105 0.576448917388916
-0.08256001025438309 9.971561431884766 0.9483468532562256
-0.8612089157104492 9.721988677978516 1.0380374193191528
0.013659711927175522 9.93425178527832 0.8032091856002808
0.17116113007068634 9.95362377166748 0.6361497044563293
-0.9210255146026611 10.024517059326172 -0.216965913772583
-0.1610499769449234 10.14232063293457 1.1648437976837158
-0.3120008111000061 10.025407791137695 1.2687135934829712
-0.16137613356113434 10.115750312805176 1.3856501579284668
-0.7060659527778625 9.521987915039062 -0.033900294452905655
0.16832235455513 10.054916381835938 0.8980529308319092
0.1649722158908844 10.521570205688477 -0.2058964967727661
-0.2437559813261032 10.140938758850098 1.3657069206237793
-0.18948164582252502 10.269379615783691 1.3680685758590698
-0.8991883993148804 10.090113639831543 1.0967206954956055
-0.8871455788612366 10.494479179382324 -0.11807037144899368
0.27287599444389343 10.414474487304688 -0.20325426757335663
-1.2349259853363037 10.509406089782715 0.43280643224716187
0.12737014889717102 10.576866149902344 -0.2572939991950989
0.013650774955749512 10.23724365234375 0.7730312943458557
-1.232827067375183 10.530532836914062 0.37764933705329895
-1.1246066093444824 10.342041015625 1.0956872701644897
0.1074611246585846 10.251470565795898 0.29034507274627686
0.20531870424747467 10.297684669494629 0.32478323578834534
-0.8956007361412048 10.717850685119629 -0.23075875639915466
0.12660621106624603 10.540767669677734 -0.317787766456604
-0.7774291038513184 10.83868408203125 -0.1552262306213379
-0.9569731950759888 10.660977363586426 -0.2196289449930191
0.20278652012348175 10.583608627319336 -0.26094409823417664
-1.0470353364944458 10.69681453704834 0.9442518353462219
0.04902925342321396 10.375866889953613 0.7226355671882629
-1.1561439037322998 10.785980224609375 0.8346115350723267
-0.6987740397453308 10.932619094848633 -0.144216388463974
-0.9380919933319092 10.863039016723633 -0.0744231715798378
0.42907196283340454 10.917196273803711 1.076008915901184
-0.8760201930999756 10.955333709716797 -0.11671889573335648
-0.9009426236152649 10.915830612182617 -0.31625059247016907
-0.5964350700378418 10.978227615356445 0.13199463486671448
0.5138234496116638 11.109435081481934 1.3135937452316284
-1.2004708051681519 11.005023956298828 0.5899233222007751
-0.24018606543540955 11.024682998657227 0.809788167476654
0.4590132534503937 11.06680965423584 1.1076253652572632
0.09161218255758286 10.798619270324707 -0.08247248828411102
0.28533896803855896 11.087865829467773 1.3397178649902344
-1.053821325302124 11.098060607910156 0.46480509638786316
0.43082964420318604 11.168642044067383 0.9894791841506958
-1.1986732482910156 11.283064842224121 1.4595866203308105
-0.9140632748603821 11.289900779724121 1.3551313877105713
0.3570100963115692 11.268966674804688 0.283132940530777
-0.23537173867225647 11.319611549377441 1.4836369752883911
-0.17065183818340302 11.217653274536133 0.2922273278236389
-0.11515676230192184 11.232736587524414 0.3180043399333954
-0.3147723972797394 11.314812660217285 0.4807146489620209
-0.8964082598686218 11.242097854614258 0.35688516497612
-1.0504307746887207 11.19909954071045 -0.21797838807106018
-0.794105052947998 11.305832862854004 1.3336853981018066
-1.1215476989746094 11.400946617126465 1.4276779890060425
0.08178737759590149 11.370463371276855 1.1174283027648926
-0.6521955132484436 11.349268913269043 0.0389111265540123
-0.9153010249137878 11.37199878692627 0.056512072682380676
-0.5397775769233704 11.456116676330566 0.011422203853726387
0.19576998054981232 11.47872257232666 0.7181323170661926
-0.5657150745391846 11.482637405395508 -0.0875726118683815
-0.6548150181770325 11.502582550048828 1.4204145669937134
-0.9961151480674744 11.51519775390625 1.0907704830169678
0.5530581474304199 11.50248908996582 0.26492825150489807
0.30281537771224976 11.51545238494873 -0.3907889127731323
-0.8348250389099121 11.526263236999512 -0.12531213462352753
-0.2815568745136261 11.552495956420898 -0.15279023349285126
-0.5278720855712891 11.54669189453125 1.4040049314498901
-0.2588209807872772 11.574131965637207 -0.43057188391685486
0.10662692040205002 11.57849407196045 -0.35864949226379395
