1030
-2.3863725662231445 0.2845063805580139 1.5953941345214844
-2.386474609375 0.2846064567565918 -0.7578442096710205
-2.3863744735717773 0.5517817735671997 0.637744128704071
0.9210299253463745 0.5705022215843201 -0.8487046360969543
-2.1142148971557617 0.284606397151947 0.02277747169137001
-1.3422186374664307 0.2846064567565918 -1.205398678779602
-0.42361217737197876 0.284606397151947 0.9005944132804871
-0.9469918012619019 0.284606397151947 -0.9199665188789368
-0.9597575664520264 0.2846064567565918 -1.2053987979888916
0.9210302829742432 0.2845063805580139 -1.2053344249725342
-2.386474609375 0.2846064567565918 -0.26584017276763916
-2.386474609375 0.2846064567565918 0.26592326164245605
-2.386474609375 0.2846066951751709 -0.5013642311096191
-1.8027164936065674 0.28460609912872314 2.141308307647705
-2.386474609375 0.2846064567565918 -0.016623735427856445
-2.3863754272460938 0.2845063805580139 0.6760950088500977
0.6512794494628906 0.2845063805580139 -1.2052973508834839
-0.5561802387237549 0.2846064567565918 -1.2053989171981812
-2.1626904010772705 0.284606397151947 1.3334429264068604
0.13038161396980286 0.2846064269542694 2.141308307647705
0.9211299419403076 0.2846064567565918 -0.8918163776397705
0.9211299419403076 0.2846066951751709 -0.7358369827270508
-2.386474609375 0.2846064567565918 0.12975573539733887
-1.5411176681518555 0.284606397151947 1.8604837656021118
-0.43006110191345215 0.2846064567565918 -1.2053989171981812
-2.369067668914795 0.28460800647735596 2.141308307647705
-2.386474609375 0.28460657596588135 -0.13640034198760986
0.9211299419403076 0.2846064567565918 -0.9947617053985596
-2.1287167072296143 0.284606397151947 1.6880489587783813
-1.093803882598877 0.2846064567565918 -1.205398678779602
0.9211300611495972 0.28460657596588135 1.3600821495056152
0.9210300445556641 0.5239199995994568 1.5234272480010986
-1.8904616832733154 0.284606397151947 1.693562388420105
-2.3863744735717773 0.570052981376648 1.7516212463378906
-2.1790637969970703 0.2845063805580139 2.141207695007324
0.92103111743927 0.2845063805580139 -0.6783056855201721
-2.386474609375 0.2846066355705261 -0.6298123598098755
0.9211108684539795 0.28460633754730225 -1.2053993940353394
-2.386474609375 0.284606397151947 -0.8716132044792175
-1.9422426223754883 0.2845063805580139 2.141207695007324
0.9210294485092163 0.2845063805580139 0.882084846496582
-1.4535026550292969 0.2845063805580139 -1.205301284790039
0.2363579273223877 0.284606397151947 1.5201150178909302
-0.5840837955474854 0.284606397151947 -0.9319462180137634
0.3932185173034668 0.2846062183380127 -1.2053991556167603
-2.386474370956421 0.2845909595489502 2.141207695007324
-2.0836901664733887 0.284606397151947 0.9221075773239136
-0.425767719745636 0.284606397151947 -0.7475190758705139
-2.386474609375 0.5911452174186707 -1.2052984237670898
-2.3863742351531982 0.3073587417602539 -1.2053983211517334
-1.6986134052276611 0.284606397151947 -0.5365458130836487
-1.488716721534729 0.284606397151947 -0.9107816219329834
-2.3863754272460938 0.2845063805580139 1.6866798400878906
-1.9824144840240479 0.284606397151947 -0.6829015612602234
0.9210309982299805 0.2845063805580139 2.0399961471557617
-1.9329453706741333 0.284606397151947 1.330377221107483
0.3410892188549042 0.284606397151947 -0.9047108292579651
-1.5357608795166016 0.2845063805580139 -1.2053003311157227
-2.386474609375 0.28460657596588135 0.5202910900115967
-1.6641291379928589 0.284606397151947 -0.7237741947174072
-0.0800006315112114 0.284606397151947 -1.0077897310256958
-1.212384581565857 0.284606397151947 -0.9402958750724792
-1.8807334899902344 0.2845063805580139 -1.2052984237670898
-2.386418581008911 0.2846062183380127 -1.2053983211517334
0.9210329055786133 0.2845063805580139 1.773167610168457
-2.386474370956421 0.2846064567565918 1.7947001457214355
-2.010798931121826 0.284606397151947 1.8516584634780884
0.9210281372070312 0.2845063805580139 1.108830451965332
-0.12433242797851562 0.2845063805580139 2.141207695007324
-2.386474609375 0.28460633754730225 -0.37993478775024414
0.5433773398399353 0.28460636734962463 2.141308307647705
0.9210397601127625 0.28460636734962463 2.141308307647705
-2.386474370956421 0.2846064567565918 1.4843549728393555
0.9210300445556641 0.2845063805580139 1.678121566772461
0.6253620386123657 0.284606397151947 1.8119213581085205
-1.2232599258422852 0.2845063805580139 -1.205301284790039
-1.9543029069900513 0.284606397151947 -0.15151149034500122
0.9210281372070312 0.2845063805580139 1.4612741470336914
0.9211300611495972 0.2846064567565918 1.5726079940795898
-1.835127353668213 0.284606397151947 1.1802587509155273
-2.094043493270874 0.284606397151947 0.6906111836433411
-1.3282899856567383 0.2845063805580139 2.141207695007324
0.9210295677185059 0.2845063805580139 -0.5875721573829651
0.9210491180419922 0.2845063805580139 2.141207695007324
-2.386474370956421 0.2846064567565918 0.9321589469909668
-1.7745542526245117 0.2845063805580139 -1.205301284790039
-1.3280597925186157 0.284606397151947 -0.7953216433525085
0.9211300611495972 0.284606397151947 1.876716136932373
0.24497461318969727 0.8180652856826782 2.1412081718444824
-0.36934566497802734 0.2845063805580139 2.141207695007324
-0.011280417442321777 0.2845063805580139 -1.2052977085113525
-1.6799402236938477 0.2845063805580139 -1.205301284790039
-1.947257161140442 0.284606397151947 -0.9491499066352844
-2.3863754272460938 0.2845063805580139 0.7834329605102539
-1.7852107286453247 0.5854782462120056 -1.2052985429763794
0.5915935039520264 0.284606397151947 0.3914515972137451
-1.4425568580627441 0.2846081256866455 2.141308307647705
-2.0048930644989014 0.37301409244537354 -1.2052984237670898
-0.6558771133422852 0.2845063805580139 2.1412086486816406
-2.386474370956421 0.6828842163085938 2.1412086486816406
-2.386474370956421 0.2846062183380127 1.3138155937194824
-0.769627571105957 0.2845063805580139 2.141207695007324
0.9210298657417297 0.2845063805580139 0.6502134203910828
-2.3863744735717773 0.2845063805580139 1.9131526947021484
-2.0760340690612793 0.284606397151947 1.137042760848999
0.9210295677185059 0.2845063805580139 0.04087117314338684
-2.3581888675689697 0.2846062183380127 -1.2053983211517334
-2.3863744735717773 0.5040018558502197 1.2365360260009766
-0.6979751586914062 0.2845063805580139 -1.2052981853485107
-0.8812713623046875 0.2845063805580139 2.141207695007324
0.6710290908813477 0.2845063805580139 2.1412086486816406
-2.386474370956421 0.2846062183380127 1.1829917430877686
-0.9092899560928345 0.284606397151947 1.7490283250808716
-2.3863744735717773 0.8338991403579712 -1.2019524574279785
0.9211300015449524 0.28460657596588135 0.1242227554321289
-2.1096785068511963 0.284606397151947 0.4708840250968933
-1.6933107376098633 0.2845063805580139 2.141206741333008
-2.386474609375 0.2846065163612366 -1.0025986433029175
-2.1417040824890137 0.2846062183380127 -1.205398440361023
-2.3863773345947266 0.2845063805580139 1.0583620071411133
0.9210299849510193 0.5649214386940002 -0.5609613656997681
-0.5238677859306335 0.284606397151947 1.8681647777557373
-1.2837673425674438 0.284606397151947 1.887500524520874
-1.710917592048645 0.284606397151947 -0.9433524012565613
-2.133577346801758 0.284606397151947 -0.8517454266548157
-2.157848596572876 0.284606397151947 -0.220852330327034
-1.770215392112732 0.284606397151947 1.8624694347381592
-0.8965721130371094 0.2846064567565918 -1.2053987979888916
-2.0138497352600098 0.2846066951751709 -1.205398440361023
0.09346020221710205 0.6071799993515015 -1.2052991390228271
0.41397058963775635 0.2846064567565918 2.141308307647705
0.9210299253463745 0.7756134867668152 -1.2053993940353394
-1.5700263977050781 0.2845063805580139 2.141207695007324
-2.3036868572235107 0.8878586292266846 -1.2052984237670898
-2.0441980361938477 0.2845063805580139 2.141206741333008
-0.35004568099975586 0.28460657596588135 -1.2053989171981812
0.9211300611495972 0.28460657596588135 1.2248775959014893
0.6033834218978882 0.284606397151947 -0.17572982609272003
0.9210302233695984 0.5371696352958679 -1.2053993940353394
-1.9005756378173828 0.284606397151947 0.5950091481208801
0.9210292100906372 0.2845063805580139 -0.2526552975177765
0.26571667194366455 0.2846064567565918 -1.2053991556167603
-0.8226993083953857 0.2846064567565918 -1.2053987979888916
-0.011319518089294434 0.28460636734962463 2.141308307647705
-0.27558016777038574 0.28460657596588135 -1.2053989171981812
0.8256785869598389 0.2845063805580139 -1.2052972316741943
0.5573558211326599 0.284606397151947 -0.9413741230964661
-0.7551872730255127 0.284606397151947 1.8708889484405518
0.9210314154624939 0.2845063805580139 0.2530893385410309
-1.0784368515014648 0.2845063805580139 2.141207695007324
0.28046321868896484 0.2845063805580139 2.141207695007324
0.44937562942504883 0.284606397151947 1.187112808227539
0.12081789970397949 0.28460657596588135 -1.2053991556167603
-2.2669875621795654 0.892318069934845 2.1412081718444824
-1.5644888877868652 0.5838004350662231 -1.205298662185669
0.9211300015449524 0.2846064567565918 0.5547468662261963
-0.27850639820098877 0.284606397151947 1.6145002841949463
-1.9252415895462036 0.30599987506866455 2.1412081718444824
-0.5667482018470764 0.5010377168655396 -1.205298900604248
0.5280169248580933 0.2846064567565918 -1.2053992748260498
0.40716004371643066 0.284606397151947 1.8551303148269653
-0.5827845335006714 0.2846064269542694 2.141308307647705
-0.4959421157836914 0.2845063805580139 2.141207695007324
0.4685366153717041 0.2845063805580139 -1.2052974700927734
-0.07237429171800613 0.284606397151947 0.7567406892776489
0.6559675335884094 0.284606397151947 -0.35418280959129333
0.18720602989196777 0.2845063805580139 -1.205297589302063
-0.012751584872603416 0.284606397151947 0.1141798347234726
-1.2050790786743164 0.2845063805580139 2.141207695007324
-0.12368842959403992 0.284606397151947 1.8780943155288696
0.9210314750671387 0.2845063805580139 -0.0568183995783329
0.9210299253463745 0.2845063805580139 0.7863999009132385
0.12624715268611908 0.284606397151947 -0.9018828868865967
0.921029806137085 0.2845063805580139 -0.48268142342567444
-1.8397971391677856 0.284606397151947 0.2214927077293396
-2.3863744735717773 0.2845063805580139 0.39929962158203125
0.9211300015449524 0.2846064567565918 -0.3703043460845947
0.25092175602912903 0.284606397151947 -0.5603780746459961
0.6037613749504089 0.284606397151947 1.3472951650619507
0.9210299849510193 0.3291703462600708 2.141308307647705
-0.3010379374027252 0.284606397151947 -0.6165527105331421
-1.472092628479004 0.284606397151947 -0.667644202709198
-0.7668260335922241 0.284606397151947 -0.8487052917480469
0.00644003925845027 0.284606397151947 1.5868921279907227
-0.032674793154001236 0.284606397151947 1.7315565347671509
0.6651244163513184 0.284606397151947 -0.7852798104286194
0.9210287928581238 0.2845063805580139 0.42011672258377075
-0.3424329459667206 0.284606397151947 -0.9119966626167297
-0.10297104716300964 0.284606397151947 -0.6627184748649597
0.6291652321815491 0.284606397151947 -0.5777119398117065
-1.2734103202819824 0.284606397151947 -0.6073770523071289
-2.065430164337158 0.284606397151947 0.24552015960216522
-1.8862454891204834 0.284606397151947 0.7922261953353882
-1.1004210710525513 0.5237309336662292 2.1412081718444824
-2.027580499649048 0.284606397151947 1.5226942300796509
0.6506056785583496 0.284606397151947 1.5840020179748535
-2.3841395378112793 0.3120553195476532 -0.5785753130912781
-2.1338846683502197 0.284606397151947 -0.5849846601486206
0.9169632792472839 0.31091824173927307 1.252673625946045
-0.0024217271711677313 0.284606397151947 -0.5250990986824036
-1.8176860809326172 0.284606397151947 1.5098567008972168
-2.38645601272583 0.28460419178009033 2.141308307647705
-1.7302201986312866 0.284606397151947 0.9279505014419556
0.48333072662353516 0.2845063805580139 2.1412057876586914
0.9172390699386597 0.8313220143318176 2.1386985778808594
-2.3863744735717773 0.7848269939422607 1.9179664850234985
-2.3863754272460938 0.2845063805580139 0.8572158813476562
-0.7132138013839722 0.284606397151947 -0.3283950090408325
-0.26238346099853516 0.2845063805580139 2.141207695007324
-1.8417812585830688 0.284606397151947 -0.7780514359474182
-2.386474609375 0.45064014196395874 -1.2052981853485107
-1.6728568077087402 0.284606397151947 1.6623188257217407
-2.3863744735717773 0.5998359322547913 -0.38185229897499084
-2.3863744735717773 0.5676617622375488 -0.8341558575630188
-1.4331145286560059 0.284606397151947 1.2868634462356567
-1.3668639659881592 0.284606397151947 1.0677921772003174
-2.361267328262329 0.9330403804779053 -0.8862292766571045
-1.2460647821426392 0.49014076590538025 -1.205298662185669
-2.3863754272460938 0.2845063805580139 0.1929636001586914
-0.5271116495132446 0.6892268657684326 -1.205298900604248
-2.0241127014160156 0.284606397151947 -0.388790488243103
-1.8328584432601929 0.284606397151947 -0.2919579744338989
-2.3863744735717773 0.5725165009498596 1.0114809274673462
-1.9146815538406372 0.284606397151947 0.05156611651182175
-1.868336796760559 0.284606397151947 -0.524014413356781
-0.7496269941329956 0.284606397151947 1.6124907732009888
0.4633408486843109 0.284606397151947 -0.7183566093444824
-1.4979406595230103 0.284606397151947 -0.4687418043613434
0.9211299419403076 0.6549746990203857 -1.2052996158599854
-1.6672825813293457 0.284606397151947 1.2194663286209106
-1.9168154001235962 0.284606397151947 0.4027020037174225
0.5255817174911499 0.6085695028305054 -1.2052992582321167
0.07432770729064941 0.284606397151947 -0.1578381061553955
0.2038044035434723 0.2846065163612366 2.141308307647705
0.9210309982299805 0.2845063805580139 0.9915904998779297
0.33568650484085083 0.284606397151947 0.4634794592857361
-2.2036447525024414 0.9541542530059814 -1.2051774263381958
-1.040480136871338 0.6130989789962769 -1.2052987813949585
-0.9846038818359375 0.2845063805580139 2.141206741333008
-0.8637149333953857 0.284606397151947 -0.6775173544883728
-1.234581708908081 0.284606397151947 1.6859804391860962
-2.3863744735717773 0.5050181746482849 -0.15351122617721558
0.9211299419403076 0.40259456634521484 -1.2052998542785645
-1.7551559209823608 0.7391567230224609 2.1412081718444824
-1.0038083791732788 0.284606397151947 1.2000442743301392
-2.386474370956421 0.5665242671966553 2.1412081718444824
-1.6635609865188599 0.284606397151947 -0.2731577157974243
0.9211301207542419 0.49030354619026184 2.1412084102630615
-1.4250199794769287 0.284606397151947 1.7105838060379028
0.1420886069536209 0.284606397151947 0.3462947607040405
-0.8973991274833679 0.284606397151947 0.8123378753662109
-2.3863744735717773 0.7875460982322693 -0.8994885087013245
-0.950049638748169 0.284606397151947 1.512032389640808
-2.386474609375 0.7031704783439636 -1.2052984237670898
-2.3863720893859863 0.45949697494506836 2.141308307647705
-2.355355739593506 0.952943742275238 1.872455358505249
-2.3863742351531982 0.8051161170005798 2.1397271156311035
-0.4591749608516693 0.5105319023132324 2.1412081718444824
-0.1094970628619194 0.6196935772895813 -1.2052990198135376
0.9210300445556641 0.5746467113494873 0.9892164468765259
-2.3863744735717773 0.4487810730934143 0.41154780983924866
0.9211301207542419 0.6208637952804565 2.1412081718444824
0.6718692183494568 0.8506016135215759 -1.2052993774414062
-0.18944358825683594 0.2845063805580139 2.141207695007324
0.9210300445556641 0.5501542687416077 1.7659152746200562
0.9211300015449524 0.2846064567565918 0.3455331325531006
0.9210295677185059 0.2845063805580139 -0.16343340277671814
-2.3863744735717773 0.6534878611564636 -0.03131641075015068
-0.743903398513794 0.284606397151947 0.15964697301387787
-1.8275084495544434 0.8383283019065857 -1.2052985429763794
-2.3863744735717773 0.6420914530754089 -0.6375229358673096
-1.1399264335632324 0.284606397151947 1.363934874534607
-1.304158329963684 0.284606397151947 -0.39750534296035767
-2.3863744735717773 0.44145241379737854 1.4892948865890503
-0.05266963690519333 0.284606397151947 -0.33608245849609375
0.4271673858165741 0.284606397151947 -0.32636362314224243
0.14178813993930817 0.284606397151947 1.8582310676574707
-0.5090723037719727 0.284606397151947 -0.55918949842453
-1.753530740737915 0.284606397151947 -0.05616523325443268
0.9210301041603088 0.9073960185050964 2.1277525424957275
-0.813568651676178 0.5940808057785034 -1.205298900604248
0.9210300445556641 0.5298508405685425 0.7123998999595642
-1.5468425750732422 0.284606397151947 1.0776901245117188
-1.9787839651107788 0.6362303495407104 2.1412081718444824
-2.3863744735717773 0.6758876442909241 0.7938522100448608
-1.404994010925293 0.41875511407852173 2.1412081718444824
-2.3863744735717773 0.791759729385376 -0.24651211500167847
-1.30909264087677 0.284606397151947 1.4755537509918213
-1.985840916633606 0.6693717837333679 -1.2052985429763794
-0.8112335801124573 0.5455985069274902 2.1412081718444824
-0.574360191822052 0.284606397151947 1.502264142036438
-0.3653692603111267 0.284606397151947 0.09470442682504654
0.6284432411193848 0.6687395572662354 2.1412081718444824
0.90528404712677 0.9199421405792236 -1.1982367038726807
0.9210299253463745 0.9021575450897217 -1.084449052810669
0.9210299849510193 0.6606817841529846 -0.37799277901649475
0.9210300445556641 0.7626684308052063 1.8067439794540405
-2.3863744735717773 0.6760373711585999 0.3817533254623413
0.9210299253463745 0.6992475390434265 -0.6659556031227112
0.9210300445556641 0.7421179413795471 1.5893601179122925
0.9210299849510193 0.5885728597640991 0.11311179399490356
-1.1404016017913818 0.284606397151947 -0.31620264053344727
0.35470637679100037 0.284606397151947 -0.1218985989689827
-2.3863744735717773 0.8515927195549011 1.6741642951965332
0.6564435362815857 0.284606397151947 1.1319348812103271
0.04010382294654846 0.284606397151947 1.416383147239685
0.4349803924560547 0.5676419138908386 2.1412081718444824
0.9210299253463745 0.8758009076118469 -0.8066087961196899
-2.052082061767578 0.872404158115387 2.1412081718444824
-1.3139166831970215 0.6498520374298096 2.1412081718444824
0.9210300445556641 0.7435171604156494 2.141308307647705
-0.12431638687849045 0.749839723110199 2.6669702529907227
-1.7232543230056763 0.284606397151947 0.434268593788147
0.4638271927833557 0.284606397151947 1.6620323657989502
0.9210300445556641 0.6880263090133667 1.1573002338409424
0.9210299849510193 0.7596462368965149 0.29369470477104187
0.9208678007125854 0.9518070220947266 1.6836694478988647
-1.8767778873443604 0.8853557705879211 2.1375837326049805
-2.3863744735717773 0.6607675552368164 1.5374938249588013
-1.2342674732208252 0.284606397151947 1.1954573392868042
-0.8113206624984741 0.284606397151947 1.4103020429611206
-2.3863744735717773 0.7065666913986206 1.2462947368621826
-2.3863744735717773 0.881093442440033 1.4925944805145264
-2.3863744735717773 0.8597873449325562 -0.6600447297096252
-1.047065258026123 0.284606397151947 1.8806418180465698
0.1848597228527069 0.5431302189826965 2.1412081718444824
-0.6345234513282776 0.284606397151947 -0.6966127157211304
-1.6463818550109863 0.284606397151947 1.429377555847168
-2.3863744735717773 0.8304815292358398 0.9052401781082153
-1.676120638847351 0.284606397151947 0.1730143129825592
-1.5169727802276611 0.690093994140625 2.1412081718444824
-0.3134794533252716 0.284606397151947 1.7824738025665283
-0.8549387454986572 0.749839723110199 2.5121524333953857
-1.3032714128494263 0.284606397151947 0.31207332015037537
-1.0691763162612915 0.284606397151947 -0.7726931571960449
-1.0898761749267578 0.9860392212867737 2.1283657550811768
-0.42835482954978943 0.284606397151947 1.1807546615600586
-0.3009377419948578 0.6081339120864868 -1.2052990198135376
-1.2295433282852173 0.7640727758407593 -1.2052987813949585
-2.384664297103882 0.9122495651245117 1.301422357559204
-1.9976929426193237 0.8941704034805298 -1.1896758079528809
-2.1780595779418945 1.0139154195785522 1.6746670007705688
0.7286934852600098 0.284606397151947 0.5520816445350647
0.006973693612962961 0.6850878000259399 2.1412081718444824
0.07506681233644485 0.284606397151947 -0.7206066846847534
-0.010952779091894627 0.749839723110199 2.548374652862549
0.3159969449043274 0.6203309893608093 -1.2052992582321167
-2.3772757053375244 0.876244306564331 0.4725548028945923
0.9210299849510193 0.5765722990036011 -0.1886003464460373
0.4050902724266052 0.8263986110687256 1.836915135383606
-2.0079259872436523 0.6949243545532227 0.1228492259979248
-1.3945727348327637 0.6740458607673645 -1.205298662185669
0.6815916895866394 0.284606397151947 0.033391572535037994
-0.14073006808757782 0.285604327917099 -1.2024753093719482
-0.7359535694122314 0.754416286945343 2.692023515701294
0.9210299849510193 0.5743745565414429 0.4176778495311737
-1.9004390239715576 0.6722477078437805 1.7629576921463013
-0.9748969674110413 0.284606397151947 0.26121628284454346
-1.9744346141815186 0.6704892516136169 -0.1495668888092041
-1.5665589570999146 0.8880299925804138 2.138550281524658
0.3286902606487274 0.284606397151947 1.31132972240448
0.5146759152412415 0.9179654121398926 -1.1846011877059937
-1.5606967210769653 1.108803153038025 -0.6626802086830139
-1.5375936031341553 0.284606397151947 0.5276547074317932
-1.7154067754745483 0.284606397151947 0.6632365584373474
-1.553322196006775 0.284606397151947 -0.061823271214962006
-1.1446571350097656 0.7849268317222595 2.1412081718444824
-1.564517855644226 0.284606397151947 0.83362877368927
-1.7055529356002808 1.0111631155014038 2.0787782669067383
-2.3818836212158203 0.8639798760414124 -0.055395323783159256
0.440639466047287 0.284606397151947 -0.5139009356498718
-1.486725926399231 0.284606397151947 0.13182656466960907
-2.2151601314544678 1.0233960151672363 -0.7366272807121277
0.3523213267326355 0.8920384645462036 -1.2052992582321167
-1.7299606800079346 0.5465913414955139 2.1412081718444824
0.9210299849510193 0.7301976680755615 -0.04225694388151169
0.9210299849510193 0.8341947793960571 -0.2600219249725342
-1.48846435546875 0.284606397151947 1.534240484237671
-1.901990294456482 0.284606397151947 1.006262183189392
0.4408169686794281 0.284606397151947 1.4830642938613892
-2.3863744735717773 0.8463308811187744 0.6538455486297607
-0.8553321957588196 0.7531735897064209 2.4742345809936523
-0.5326385498046875 0.4418436586856842 2.697122573852539
-0.704352855682373 0.284606397151947 0.9070619344711304
0.3739120662212372 0.284606397151947 0.3002915680408478
-1.9469135999679565 0.6568332314491272 -0.4268341660499573
-1.6440874338150024 0.8059194087982178 -1.2052985429763794
-2.383371114730835 0.8197445869445801 -0.4712987244129181
-1.3274730443954468 0.8933571577072144 2.1393909454345703
-2.3863744735717773 0.6480280160903931 0.1658490151166916
-1.190304160118103 0.284606397151947 0.14546772837638855
-1.132557988166809 0.923034131526947 -1.183237075805664
-1.147748351097107 0.284606397151947 0.4330241084098816
-0.23830822110176086 0.6558231115341187 2.1300578117370605
-2.3706867694854736 0.893859326839447 1.115202784538269
-1.4364960193634033 0.284606397151947 0.6868036389350891
-1.975253939628601 0.6644446849822998 0.7485482692718506
0.25300735235214233 0.284606397151947 1.6877491474151611
0.4059387743473053 1.126076340675354 -0.879672646522522
-1.3533114194869995 0.284606397151947 0.8739770650863647
-1.210165023803711 0.5949187874794006 1.6405564546585083
-0.5452699661254883 0.284606397151947 1.6787453889846802
-1.9981939792633057 0.7165268063545227 -0.7326995134353638
-2.000262498855591 1.0079560279846191 -0.9730897545814514
-0.6592745780944824 0.7656630277633667 2.6393697261810303
-0.4130527973175049 0.636626124382019 2.7794618606567383
-1.1335605382919312 0.7753958106040955 1.8255482912063599
-1.9956040382385254 0.7316838502883911 1.2826398611068726
-1.6668329238891602 0.6485615968704224 1.7114486694335938
-1.4883931875228882 0.284606397151947 0.34072262048721313
0.46063530445098877 0.8065568804740906 2.1412081718444824
-0.2866866886615753 0.7343516945838928 2.754889726638794
0.6298774480819702 0.9262004494667053 2.13765025138855
0.3226741552352905 0.284606397151947 0.9413064122200012
-1.301550030708313 0.284606397151947 -0.1704818606376648
0.39169448614120483 0.9785332679748535 2.1217195987701416
-0.5024358630180359 0.284606397151947 -0.35945719480514526
0.667715847492218 0.284606397151947 0.9008250832557678
0.9210300445556641 0.7107367515563965 1.3869829177856445
-0.9225502610206604 0.9083660244941711 2.1353678703308105
-2.1927802562713623 1.051434874534607 1.4555188417434692
0.5236674547195435 1.058842420578003 1.9066705703735352
-0.15651895105838776 0.284606397151947 1.4886513948440552
-0.39523380994796753 0.8172475099563599 2.5873191356658936
-0.16911903023719788 0.8569425940513611 -1.1998143196105957
0.9076645374298096 0.953723669052124 1.4593133926391602
0.9210299849510193 0.75046706199646 0.5804707407951355
0.9071522355079651 0.9656919240951538 1.9167026281356812
0.9210299849510193 0.9215788841247559 0.07787837088108063
-2.3547909259796143 0.9765385985374451 0.06935807317495346
-0.24612995982170105 0.284606397151947 1.2937989234924316
0.9210300445556641 0.755981981754303 0.847674548625946
0.08254937082529068 0.8350909948348999 -1.2052991390228271
-1.4956096410751343 0.6830101609230042 -0.8029075264930725
0.9143383502960205 1.0257542133331299 -0.9855901598930359
-0.011217987164855003 0.7554078102111816 2.520491361618042
0.9110299348831177 0.9902958273887634 -0.4021344482898712
-2.162410020828247 1.0264369249343872 1.9941961765289307
0.9104096293449402 0.967850387096405 0.49697229266166687
-2.3394949436187744 0.9655834436416626 -0.4095560312271118
-1.8245339393615723 1.036085844039917 -0.8774643540382385
0.9210300445556641 0.9758852124214172 0.9524421095848083
0.7656350135803223 1.0751385688781738 1.7334316968917847
0.5704023838043213 0.6575335264205933 1.645442008972168
-1.4505208730697632 0.9164971709251404 -1.1999554634094238
-0.7034579515457153 0.809634804725647 -1.205298900604248
-2.379796266555786 0.8744705319404602 0.24451613426208496
0.3938646912574768 0.7240321040153503 -0.909778356552124
-0.16126754879951477 1.0233540534973145 -1.1452053785324097
-1.6760209798812866 0.9981546998023987 -1.1718058586120605
-2.300508975982666 1.0467305183410645 0.35648611187934875
-1.9388824701309204 1.0415384769439697 1.852391242980957
-1.3121753931045532 0.284606397151947 0.5415874123573303
-1.8377121686935425 0.6535427570343018 -0.7263383865356445
-1.6343461275100708 0.6714415550231934 -0.3872968554496765
0.2480776160955429 0.284606397151947 1.0505748987197876
-0.809733510017395 0.284606397151947 1.1884825229644775
0.9210300445556641 0.9005776643753052 1.1651344299316406
-0.06271300464868546 0.9333080053329468 2.29426646232605
-1.33428955078125 0.284606397151947 0.028837664052844048
0.9210299849510193 0.9098033905029297 -0.5721476674079895
-2.2442705631256104 1.0399237871170044 -0.2309129536151886
-0.5990614295005798 0.284606397151947 0.5322122573852539
-1.5709495544433594 1.084022045135498 -0.9006848335266113
-1.1266955137252808 0.284606397151947 -0.08404838293790817
-2.3535118103027344 0.9906766414642334 0.9339574575424194
0.6068136096000671 1.0913071632385254 -1.095410943031311
-1.0944130420684814 0.284606397151947 -0.5931238532066345
-0.9277276992797852 0.8074371218681335 -1.2052987813949585
-1.8732625246047974 1.016669750213623 -0.05393413081765175
-2.0369865894317627 1.0369659662246704 -0.6221341490745544
0.19442787766456604 0.284606397151947 -0.3940749168395996
-2.0386569499969482 1.0797322988510132 -0.36688947677612305
-0.4626075327396393 0.8181988596916199 -0.9220651984214783
-0.40774428844451904 0.8865602612495422 -1.203646183013916
-0.7453261613845825 0.5998367667198181 1.7570407390594482
-1.6707968711853027 0.7187814712524414 -0.6768123507499695
0.6853619813919067 1.1344294548034668 1.5243855714797974
-1.3712170124053955 1.0977815389633179 -1.1533112525939941
-0.9239975810050964 0.284606397151947 0.4590654969215393
0.7125393152236938 1.1457244157791138 1.1165770292282104
-2.102060079574585 1.076706886291504 -0.013957476243376732
0.23862989246845245 0.284606397151947 0.09656127542257309
-0.24730902910232544 0.284606397151947 -0.44159743189811707
0.8888000845909119 1.0432026386260986 -0.7007778882980347
-1.4602851867675781 0.284606397151947 -0.24204757809638977
0.9074087738990784 0.9937552213668823 0.7445208430290222
-0.20835991203784943 1.058212399482727 2.0065224170684814
0.8858875036239624 1.0210692882537842 0.21310576796531677
-0.9567997455596924 0.284606397151947 -0.4884047210216522
0.5840623378753662 0.7423413991928101 -0.5600505471229553
-0.1568170189857483 0.284606397151947 -0.815300464630127
-2.116048812866211 1.0694890022277832 0.9941823482513428
-1.8099497556686401 1.0713481903076172 -0.6135578155517578
0.1369694173336029 0.9863285422325134 2.1281049251556396
-0.9006551504135132 0.284606397151947 1.01447594165802
-0.22259415686130524 0.8588114380836487 2.4356024265289307
-0.7553613185882568 1.0049227476119995 -1.1288032531738281
0.5516550540924072 0.6978991031646729 -0.7571290731430054
0.9097001552581787 1.0287364721298218 1.243649959564209
0.9115365147590637 1.013590931892395 -0.12876173853874207
0.4088548421859741 1.1465492248535156 1.3416870832443237
0.2835744321346283 0.284606397151947 -0.7238323092460632
-0.7427083253860474 0.284606397151947 -0.5282518267631531
-1.0110938549041748 1.022368311882019 -1.1763908863067627
0.22014938294887543 0.8286067843437195 -0.8484201431274414
-1.8309515714645386 0.8061218857765198 -0.37258195877075195
-0.7574572563171387 0.284606397151947 -0.07554373890161514
-0.9451574683189392 0.284606397151947 -0.30700716376304626
-1.1823829412460327 0.6965382099151611 -0.8157050609588623
0.16997617483139038 1.1159459352493286 1.6174794435501099
-0.4452943503856659 0.9485200047492981 2.293475866317749
-0.5759116411209106 0.284606397151947 -0.16222676634788513
-1.7628463506698608 1.041991949081421 0.793055534362793
0.8209003806114197 1.140329122543335 0.6685186624526978
-0.08661296218633652 0.284606397151947 0.45417293906211853
-0.2613171339035034 0.284606397151947 -0.2389734387397766
0.3128659129142761 0.5850828886032104 1.782851219177246
-0.8676376938819885 0.7634824514389038 -0.8738051056861877
-0.14304742217063904 0.9274135231971741 2.0106942653656006
-0.6493863463401794 0.6071205735206604 -0.7606507539749146
-2.2782437801361084 1.0468710660934448 0.6675320267677307
-1.740852952003479 1.0227020978927612 1.4818602800369263
-1.9641156196594238 0.6808373928070068 1.0555704832077026
-2.020446538925171 0.7278629541397095 0.4814850091934204
-1.4247517585754395 1.019270420074463 1.9979472160339355
-0.10305562615394592 0.7660151720046997 -0.9038032293319702
-2.0288608074188232 1.049329161643982 1.281351089477539
-1.1069103479385376 0.284606397151947 1.0140748023986816
-1.2493737936019897 1.1070832014083862 -0.9247710108757019
-1.7773141860961914 0.6892644762992859 1.4474343061447144
-0.20336882770061493 0.6371430158615112 -0.7537859678268433
0.1692117303609848 0.9846364259719849 -1.1843971014022827
-1.3120816946029663 0.6608573794364929 -0.529912531375885
-1.6927087306976318 1.0333675146102905 1.7546888589859009
-0.6936597228050232 0.8863693475723267 2.3808228969573975
-2.042168617248535 1.0828757286071777 0.2841351628303528
0.5535501837730408 0.284606397151947 0.21503043174743652
0.7420641183853149 1.1396106481552124 -0.47989943623542786
-0.5194650888442993 1.0240651369094849 -1.14266037940979
-1.792407751083374 0.7021135687828064 0.9733970165252686
-1.7968865633010864 0.6831173300743103 -0.05398860573768616
-1.213667392730713 1.0337468385696411 1.8330464363098145
-1.5001989603042603 0.759780764579773 1.696128010749817
0.7719117999076843 1.128440022468567 0.389729768037796
0.6237902641296387 1.1172469854354858 -0.7844215035438538
-1.7163307666778564 0.7125360369682312 0.30219438672065735
-1.9181759357452393 0.9586877226829529 1.5784662961959839
0.14542797207832336 1.1225026845932007 -1.0415313243865967
-0.5585893392562866 0.8016553521156311 -0.7159690260887146
0.5301135778427124 1.1825932264328003 -0.09651082754135132
-1.458259105682373 1.0301517248153687 1.6608610153198242
-0.820388674736023 0.8071967959403992 1.947605848312378
0.15201012790203094 0.284606397151947 1.2162243127822876
-1.9631356000900269 0.9418823719024658 0.8168922662734985
-1.6095128059387207 1.1055036783218384 0.07362046092748642
0.3268754482269287 0.6459675431251526 -0.6751260757446289
-1.4370498657226562 0.6622008085250854 1.3523955345153809
-1.9486463069915771 0.6351521015167236 1.5706984996795654
-1.1940562725067139 0.29913413524627686 0.8298553228378296
-1.7852015495300293 0.6626304388046265 0.6350179314613342
0.23033000528812408 0.284606397151947 -0.22902069985866547
0.43122076988220215 0.6177521347999573 1.357184648513794
0.30049633979797363 1.0939782857894897 1.8000198602676392
-0.8099597096443176 1.0167386531829834 2.0129647254943848
0.5512080788612366 0.6981332898139954 -0.2745106518268585
-1.41939377784729 0.7472490072250366 -0.31287553906440735
-1.5125410556793213 1.1151673793792725 -0.44967085123062134
-0.5827906727790833 0.8164198398590088 2.2197132110595703
-1.5618784427642822 0.679530680179596 -0.09068132191896439
-1.9901686906814575 1.0743314027786255 0.5628846287727356
0.39723673462867737 1.1181151866912842 -0.6325772404670715
-0.19785082340240479 1.1645958423614502 -0.7998107075691223
-1.0075926780700684 1.0971426963806152 -0.5605014562606812
-0.9783840179443359 1.1167690753936768 -0.8762325048446655
0.758660078048706 1.1428368091583252 -0.1542511284351349
-0.9837162494659424 0.6839166283607483 -0.7111889123916626
-1.4658899307250977 1.0182008743286133 1.369686484336853
-1.8869515657424927 0.7200504541397095 0.27226129174232483
-1.886555552482605 1.0109288692474365 1.0948938131332397
-0.7063865065574646 1.1176046133041382 -0.9339289665222168
0.06456790119409561 1.1497207880020142 -0.7789800763130188
0.6125693917274475 0.7725799679756165 1.1818821430206299
-1.0934890508651733 0.284606397151947 1.5939865112304688
-0.32031282782554626 1.1126207113265991 -1.0165560245513916
0.37335091829299927 0.284606397151947 0.7155972123146057
0.5222136378288269 1.1527653932571411 -0.3496667146682739
-1.7785851955413818 1.0727795362472534 -0.2510686218738556
-0.7201247215270996 0.284606397151947 0.34821411967277527
-1.2311025857925415 1.0841755867004395 1.384691834449768
-1.705210566520691 1.0747621059417725 0.5209651589393616
-1.828231692314148 1.075580358505249 0.22282208502292633
-1.350459098815918 0.767487645149231 -0.7009187936782837
-1.2735669612884521 1.0876189470291138 -0.6643503308296204
-1.5217257738113403 1.0819470882415771 -0.21851906180381775
0.45318979024887085 0.284606397151947 0.028599344193935394
-0.8031969666481018 1.0612139701843262 -0.5813516974449158
0.3997553288936615 0.7402990460395813 -0.4781442880630493
-0.2739638388156891 0.6505419611930847 1.8719885349273682
0.4948979318141937 0.3802313804626465 0.9649468660354614
-0.06503002345561981 0.3152253031730652 -0.10015970468521118
-0.6304147839546204 1.110506534576416 -0.6481771469116211
0.572571873664856 0.284606397151947 0.6717552542686462
-0.9613673090934753 0.284606397151947 0.07101460546255112
-0.21103252470493317 0.3065660893917084 0.8825937509536743
-0.3932797312736511 0.284606397151947 1.4792993068695068
0.07674448192119598 0.9170821905136108 -0.64061039686203
-0.7952266931533813 1.0871901512145996 1.7458806037902832
-1.068271279335022 0.7768353819847107 -0.5126185417175293
-1.0431437492370605 0.6162949204444885 1.3068007230758667
-0.15359532833099365 0.284606397151947 1.1080617904663086
-0.6024046540260315 0.3065754175186157 0.7787095308303833
-1.580621361732483 1.071216106414795 0.9198518395423889
-0.37664180994033813 1.1108596324920654 -0.62618088722229
0.5038056373596191 0.9929760694503784 1.5344640016555786
-1.34956693649292 0.8055326342582703 1.5378879308700562
0.02742372825741768 0.7839891314506531 1.798000693321228
-0.5356887578964233 1.0689849853515625 1.9249993562698364
-1.51699960231781 0.6215392351150513 0.3353826403617859
-1.2150799036026 1.0942491292953491 -0.374923437833786
-1.3077034950256348 1.0907526016235352 -0.0139138363301754
-1.079819679260254 0.284606397151947 0.6519407629966736
-1.4470881223678589 0.6551093459129333 1.0598535537719727
-1.101945161819458 1.0189058780670166 -0.23163317143917084
0.009321540594100952 1.1313738822937012 -0.4984547793865204
0.4723877012729645 1.126482605934143 0.19620604813098907
-1.0730531215667725 1.0659832954406738 1.6515089273452759
-1.2444472312927246 0.6592897176742554 -0.19095183908939362
0.679423987865448 0.7778857946395874 0.5590534210205078
0.6517702341079712 1.1067544221878052 0.8762591481208801
0.23674291372299194 1.1436350345611572 -0.33703261613845825
-1.4308284521102905 1.0803710222244263 0.4289441406726837
-1.341978907585144 1.0880845785140991 1.0429089069366455
-0.8346695899963379 0.6518356800079346 -0.4943127930164337
0.39025869965553284 0.5234482288360596 -0.08790569007396698
0.6021489500999451 0.9155355095863342 0.83835369348526
-0.10490921139717102 1.1186519861221313 1.7532322406768799
0.34954026341438293 0.6735453605651855 1.5846234560012817
0.12643499672412872 0.6627278327941895 -0.44834741950035095
-0.901515781879425 0.8156945705413818 1.3842425346374512
-0.30395159125328064 1.0139061212539673 -0.5105689764022827
0.637846052646637 0.9592800140380859 0.3457266688346863
-0.4875275194644928 0.902081310749054 1.9889575242996216
-0.9356767535209656 0.7363199591636658 1.6477774381637573
-0.05470187962055206 0.6676061153411865 -0.6404092311859131
0.6600840091705322 0.6854215264320374 0.10473741590976715
-1.5366712808609009 0.9848579168319702 0.26649942994117737
-0.26057252287864685 0.7926947474479675 1.5923839807510376
-1.1693564653396606 0.5502457022666931 0.7263810038566589
-0.4051538109779358 0.6801881790161133 -0.5975038409233093
-1.632591962814331 0.8121975660324097 0.6085461378097534
-1.3661781549453735 0.895182728767395 0.0027692895382642746
-1.1620101928710938 0.8247349262237549 1.4278125762939453
-1.3349690437316895 0.8332720994949341 1.122437834739685
-1.4280779361724854 0.7001592516899109 0.5938671827316284
-0.6329132914543152 0.3103972375392914 1.3157137632369995
-1.423304557800293 0.9358888864517212 0.7882761359214783
-0.6418830752372742 0.7934929132461548 1.70793616771698
0.5025139451026917 1.163256287574768 0.4115237295627594
-0.9480544328689575 0.2950560450553894 -0.1545589119195938
-0.37323513627052307 0.284606397151947 0.36907222867012024
-0.7946774959564209 1.1557611227035522 1.4327088594436646
0.20766128599643707 0.284606397151947 0.6936820149421692
-0.5564652681350708 0.33264827728271484 0.01613328792154789
-1.0921545028686523 1.0636752843856812 1.111557960510254
0.512496829032898 1.028664231300354 1.2099660634994507
-0.4322284162044525 1.1421011686325073 1.6362897157669067
0.03858686611056328 0.284606397151947 0.9406021237373352
0.32173600792884827 0.8940711617469788 -0.30030831694602966
0.16087469458580017 0.8001859784126282 1.5529296398162842
-0.42610251903533936 0.426978200674057 -0.3316406011581421
0.42664989829063416 1.0415359735488892 -0.04037162661552429
-1.2498215436935425 1.1235514879226685 0.5959471464157104
-0.36965787410736084 0.734241247177124 1.711320161819458
-0.03780307248234749 1.1169999837875366 1.5727897882461548
-0.8632926940917969 1.176742672920227 1.1732107400894165
-0.08869348466396332 0.83971107006073 -0.3374139964580536
-1.1184191703796387 1.1491599082946777 0.8799463510513306
-1.167212724685669 0.849461019039154 0.2618992030620575
-0.5634179711341858 1.1872060298919678 1.3570927381515503
-1.3782954216003418 0.6994519233703613 0.1654137820005417
0.0172092504799366 0.3266439437866211 0.6078129410743713
-0.6388033628463745 0.8701629638671875 1.4297809600830078
-1.2887688875198364 0.7073634266853333 0.8877775073051453
-0.3289468586444855 1.1540288925170898 1.4545793533325195
0.43378111720085144 0.7489405274391174 1.059658169746399
-0.5610672235488892 0.848085880279541 -0.36006560921669006
0.21980297565460205 0.9912303686141968 1.3611361980438232
-0.5957910418510437 0.38947051763534546 0.16296547651290894
0.16763527691364288 0.7350029945373535 -0.20517295598983765
-0.8762844204902649 0.6097139716148376 -0.1335773766040802
-0.0658487007021904 0.696295440196991 1.5192981958389282
-0.25083455443382263 0.39109504222869873 -0.08783098310232162
-0.8216730952262878 0.32601436972618103 0.5999477505683899
-1.007714033126831 0.7498375177383423 1.0553885698318481
-0.9444795846939087 0.8550682067871094 -0.20052407681941986
-0.6522362232208252 0.35201704502105713 1.1178228855133057
-0.5834779739379883 0.6747857928276062 1.4494001865386963
-1.1539357900619507 1.0451372861862183 0.36204418540000916
0.3960302770137787 0.9264827370643616 0.1845136135816574
-0.5519105792045593 1.012915015220642 -0.37333083152770996
-0.2322738915681839 0.45235416293144226 1.0328432321548462
-0.26005202531814575 0.36099109053611755 0.6895284652709961
-0.8362013101577759 0.9933836460113525 -0.33425721526145935
0.4676859974861145 0.7020476460456848 0.02633453905582428
0.45309004187583923 0.7192612886428833 0.615439772605896
-0.9072747230529785 0.9560717940330505 0.02168821543455124
-0.8730036020278931 1.1033917665481567 0.8460736870765686
-1.0855830907821655 0.5355745553970337 0.22151997685432434
-1.1062953472137451 0.9619397521018982 0.043641045689582825
-0.02013050764799118 1.0487266778945923 -0.3226933777332306
0.45080557465553284 0.4095454216003418 0.6092557907104492
-0.5108255743980408 0.49843209981918335 0.42011141777038574
-1.0057393312454224 0.9414359927177429 0.5290242433547974
0.21305103600025177 0.38091591000556946 0.1805480420589447
0.1984732449054718 1.0231609344482422 -0.08125116676092148
0.24203673005104065 0.6174414753913879 1.0250815153121948
-0.14201490581035614 0.7626491785049438 1.317686915397644
0.04249492287635803 0.3311728835105896 1.2367563247680664
-1.702128529548645 0.8385714888572693 1.279644250869751
-1.1063562631607056 0.9926919937133789 0.6376875638961792
-0.889901340007782 0.5755419135093689 0.7113927006721497
-0.6956433653831482 0.7782343626022339 -0.20660556852817535
-0.24683129787445068 0.8687233924865723 -0.2889575958251953
-1.0971662998199463 0.7441678643226624 0.7020171880722046
-0.7942842245101929 0.9886016249656677 1.1175000667572021
-1.63186514377594 0.7324897050857544 1.059514045715332
0.3807123601436615 0.707050085067749 0.3364117741584778
0.21707545220851898 0.7810364365577698 0.6309962868690491
-1.0002145767211914 0.7700343728065491 0.24075406789779663
-0.4222789704799652 0.8635445833206177 1.2254382371902466
-0.31838303804397583 0.5748836994171143 -0.22297285497188568
-0.42124682664871216 0.39209291338920593 0.7107949256896973
-0.05657224357128143 0.60194331407547 0.47211557626724243
0.2751964032649994 0.9239542484283447 1.131544589996338
0.1786535382270813 0.651606559753418 0.8056739568710327
-0.2172473818063736 0.40850239992141724 0.26672089099884033
-0.10288779437541962 0.8310443162918091 0.10572134703397751
0.40152060985565186 0.9344857335090637 0.7341957688331604
-0.029725713655352592 0.6931929588317871 0.06739705801010132
-0.5731501579284668 0.6798095703125 0.7507479786872864
-0.35541483759880066 0.7674838304519653 0.9880720376968384
-0.696201741695404 0.7873273491859436 1.165278673171997
-0.029340945184230804 0.860278844833374 1.211472988128662
-0.5414085984230042 0.7720967531204224 0.015376053750514984
0.17608043551445007 0.8128868341445923 0.977087140083313
-0.5837801694869995 0.6142982244491577 0.35427868366241455
0.14238739013671875 0.7994393706321716 0.23481887578964233
0.04970499873161316 0.7830780744552612 0.5576188564300537
-0.3770933449268341 0.4549733102321625 1.2891476154327393
-0.3141322433948517 0.8474133610725403 -0.053566429764032364
-0.22187122702598572 2.027677536010742 -0.27694299817085266
-0.07681626826524734 1.662756323814392 0.27865612506866455
-0.22445429861545563 0.7206258773803711 0.4421553909778595
-0.7484937906265259 0.7980908751487732 0.2298009991645813
-0.15776172280311584 0.3325680196285248 0.1595802754163742
-0.11388992518186569 0.7162119150161743 1.0966211557388306
-0.38509854674339294 1.5812088251113892 0.4243490993976593
-0.13587284088134766 0.7337126135826111 0.8113521933555603
-0.48259222507476807 0.7951397895812988 0.713531494140625
-0.5236296653747559 0.802825927734375 0.28129279613494873
-0.5574756264686584 2.231178045272827 0.5557184219360352
-0.6953734755516052 0.7146540284156799 1.040498971939087
-0.06541119515895844 1.6288607120513916 0.08577607572078705
-0.2625144422054291 1.770458698272705 -0.25593137741088867
-0.7487514615058899 0.8016655445098877 0.6034684777259827
-0.07001467794179916 1.7234793901443481 -0.12349484115839005
-0.22207751870155334 1.645033359527588 0.4150589108467102
-0.4937790334224701 1.701195240020752 0.5617575645446777
-0.6127282977104187 1.5990207195281982 0.43870383501052856
-0.359698623418808 1.4998438358306885 0.19832243025302887
-0.3372749090194702 1.5489046573638916 -0.058671414852142334
-0.5792403221130371 1.4927316904067993 0.24644997715950012
-0.5302242636680603 1.8200196027755737 -0.2570555508136749
-0.3302287459373474 2.1314024925231934 0.5685768723487854
-0.7839824557304382 1.6345441341400146 0.031713712960481644
-0.6219640374183655 2.168940782546997 0.6136206388473511
-0.21048717200756073 1.5599340200424194 0.023106135427951813
-0.7478577494621277 1.7375918626785278 0.5044613480567932
0.07618516683578491 1.7939612865447998 0.12705117464065552
-0.7902100086212158 1.6339001655578613 0.315053790807724
-0.8088445067405701 1.9170743227005005 0.5105333924293518
-0.014102831482887268 1.935422420501709 -0.18122921884059906
0.07261160761117935 2.080389976501465 -0.07822111994028091
-0.0752963274717331 1.8538318872451782 0.4595356285572052
-0.4049963057041168 2.191649913787842 -0.18402037024497986
-0.4669904112815857 1.5657436847686768 -0.13615037500858307
-0.33964550495147705 1.8270164728164673 0.5988292694091797
-0.6297168731689453 1.6527774333953857 -0.14498987793922424
-0.22623209655284882 2.337637186050415 -0.13775216042995453
-0.6384580731391907 1.525498628616333 0.0915350541472435
0.11990915238857269 1.9513757228851318 0.2779618501663208
-0.9118208289146423 4.493314266204834 0.907626748085022
-0.2904587686061859 2.1461293697357178 0.3120771646499634
-0.8774862885475159 1.7373886108398438 0.14171425998210907
-0.38951849937438965 2.499363899230957 0.09154466539621353
-0.783523678779602 1.9262158870697021 -0.060829851776361465
-0.5691925287246704 2.032027244567871 -0.21328622102737427
-0.3235774636268616 2.483447790145874 0.3783567249774933
-0.042090702801942825 2.4051132202148438 -0.05986457318067551
-0.45078974962234497 2.3371212482452393 0.07665983587503433
0.07501862198114395 2.45780873298645 0.3230777680873871
0.14840716123580933 2.374256134033203 0.10192887485027313
-0.7160944938659668 2.152773141860962 0.1794845312833786
-0.09859190881252289 2.311340808868408 0.5072427988052368
-0.8783347606658936 4.2946295738220215 0.19143055379390717
-0.8714339733123779 1.9806716442108154 0.2716553211212158
0.163462296128273 2.1191444396972656 0.14517347514629364
-0.7508144378662109 4.014753818511963 0.5398619174957275
-0.13841703534126282 2.5979385375976562 0.19927935302257538
0.06818868219852448 2.177936315536499 0.39718231558799744
-0.5951507687568665 4.096154689788818 0.7288017272949219
-0.6848319172859192 4.302140235900879 0.9202278852462769
-0.5059624910354614 4.158735275268555 0.42439013719558716
-1.0260202884674072 4.124629974365234 0.3340076506137848
-0.8990116715431213 4.03952169418335 0.7450462579727173
-1.1835342645645142 4.485254764556885 0.7399937510490417
-1.118009328842163 4.229592323303223 0.8222676515579224
-0.38277655839920044 4.382767677307129 0.45329657196998596
-0.7801657319068909 4.140295505523682 0.8689324855804443
-0.8073169589042664 4.079318046569824 0.33259889483451843
-0.33525264263153076 5.168964385986328 0.5190953612327576
-0.6162392497062683 4.054993629455566 0.5353447794914246
-0.45379558205604553 4.283647060394287 0.6941733956336975
-1.1043874025344849 4.102982044219971 0.4975757598876953
-0.9216221570968628 4.679116249084473 0.6094117164611816
-1.1825841665267944 4.538231372833252 0.4809114933013916
-0.6242510676383972 4.247549057006836 0.2448960393667221
-1.1727211475372314 4.319497585296631 0.3147260546684265
-0.14316536486148834 5.310068607330322 0.6701446175575256
-0.947105884552002 4.002012729644775 0.5666089653968811
-1.2250444889068604 4.297396183013916 0.6508254408836365
-0.35848185420036316 5.288061141967773 0.8511698246002197
-0.16555361449718475 5.3352742195129395 0.4972541928291321
-1.0806363821029663 4.530656814575195 0.2865985333919525
-0.4899212718009949 5.255073070526123 0.7766743302345276
-0.5086871385574341 4.440164566040039 0.23113447427749634
-0.7203252911567688 4.750859260559082 0.5260639786720276
-0.41715118288993835 5.440418243408203 0.4642013609409332
-0.8223313093185425 4.538833141326904 0.17108625173568726
-1.034976601600647 4.136044979095459 0.8415249586105347
-0.16102679073810577 5.387852668762207 0.8509961366653442
-0.5418571829795837 5.388045310974121 0.7838160395622253
-0.6572626233100891 4.556064128875732 0.8260167837142944
-0.6246428489685059 4.646318435668945 0.21492087841033936
-0.9678499698638916 6.465415954589844 0.15211357176303864
-0.4501309096813202 4.549201011657715 0.6499032378196716
-0.2233343869447708 5.521360874176025 0.9692651033401489
-0.09601669758558273 5.481044292449951 0.44644883275032043
-0.8356765508651733 6.135649681091309 0.28378772735595703
-0.3907611668109894 4.782284259796143 0.48615941405296326
-0.5011685490608215 5.564713478088379 0.9008041024208069
-0.41890794038772583 5.755455493927002 0.923890233039856
-0.4098217785358429 4.749013423919678 0.34823572635650635
-0.6660521030426025 6.266564846038818 0.23673170804977417
-0.5133570432662964 5.698920726776123 0.5964990854263306
-0.48324939608573914 5.019780158996582 0.5662077069282532
-0.04322612285614014 5.654603004455566 0.8471590280532837
-1.0555830001831055 6.3055572509765625 0.4629265367984772
-1.0125367641448975 6.163140296936035 0.35426515340805054
-0.7674993872642517 6.166736125946045 0.4564206898212433
-0.06904291361570358 5.649264335632324 0.4243215024471283
0.028857596218585968 5.743988990783691 0.740947961807251
-1.0059679746627808 6.159315586090088 0.24054718017578125
0.026271412149071693 6.110600471496582 0.6430726647377014
-0.306305855512619 6.208038806915283 0.8868966698646545
-0.43933695554733276 6.399505138397217 0.8605599403381348
-0.22846099734306335 6.0154595375061035 0.42330285906791687
-0.3261680603027344 6.149267196655273 0.4715312123298645
-0.3085993826389313 5.8029608726501465 0.4153912365436554
-0.07578232139348984 6.595588207244873 0.9325485825538635
0.03546565771102905 5.810682773590088 0.5221831202507019
-0.35608041286468506 5.970966815948486 0.856694757938385
-1.0519505739212036 6.503166198730469 0.3663320243358612
-0.3676164150238037 6.529075622558594 0.3250103294849396
-0.19334231317043304 6.489621162414551 0.9533340930938721
-0.1977771818637848 6.367287635803223 0.45611894130706787
-0.9026971459388733 6.146029949188232 0.18616004288196564
-0.08420145511627197 5.9699859619140625 0.8911107182502747
-0.614831805229187 6.449626445770264 0.5880401730537415
-0.1687086671590805 6.672378063201904 0.46327531337738037
-0.07947676628828049 6.244340896606445 0.881089448928833
-0.6871943473815918 6.250600337982178 0.5045369267463684
-0.03581914305686951 6.506941318511963 0.6769416928291321
-0.09349840134382248 6.846972465515137 0.9561035633087158
-0.6254615783691406 6.60490083694458 0.28125956654548645
-0.3477221429347992 6.713280200958252 0.9790500998497009
-0.0556674525141716 6.88922119140625 0.7332433462142944
-0.5065386891365051 6.531929016113281 0.7630659937858582
-0.2217324674129486 6.834511756896973 0.38188305497169495
-0.2942391633987427 7.359772682189941 0.45183950662612915
-0.4991115629673004 6.844395637512207 0.8408812880516052
-0.7229405641555786 6.729296684265137 0.45700743794441223
-0.304890513420105 7.055452823638916 0.3788367211818695
-0.6139939427375793 7.094499111175537 0.594269335269928
-0.6212617754936218 6.825468063354492 0.6684322953224182
-0.5259788036346436 6.951645374298096 0.3961954414844513
-0.045139651745557785 7.129694938659668 0.7331840395927429
-0.22238804399967194 7.0482988357543945 0.9595161080360413
-0.2356991469860077 7.309510707855225 0.8843357563018799
-0.10287652164697647 7.499964714050293 0.6026748418807983
-0.11214132606983185 7.1411919593811035 0.5511367321014404
-0.4389626383781433 7.210272789001465 0.8564186692237854
0.024889230728149414 8.378637313842773 0.17383836209774017
-0.459815114736557 7.5045013427734375 0.8422845602035522
-0.1065177321434021 8.05374813079834 0.3566969037055969
-0.5731117129325867 7.3169636726379395 0.6000908017158508
-0.038680654019117355 8.225075721740723 0.15831711888313293
-0.2728852331638336 7.566868305206299 0.8695930242538452
-0.1590462625026703 7.906933784484863 0.5351288914680481
-0.35603198409080505 7.5287675857543945 0.439627468585968
-0.44928044080734253 8.193634033203125 0.2822938561439514
-0.19478891789913177 7.748003005981445 0.7224358320236206
-0.28102752566337585 8.151664733886719 0.16137705743312836
-0.3087388277053833 8.993850708007812 0.7273825407028198
-0.2690686881542206 7.986551761627197 0.3304506242275238
0.006715796887874603 8.643288612365723 -0.0047043729573488235
-0.030871007591485977 8.201762199401855 0.3715175688266754
-0.32583707571029663 7.81996488571167 0.6535562872886658
-0.4346143901348114 8.672802925109863 0.6382660269737244
-0.5087818503379822 8.855690002441406 0.5017644166946411
-0.18842904269695282 8.287287712097168 0.025395438075065613
-0.289246141910553 8.961921691894531 0.45851024985313416
-0.6387835144996643 8.760608673095703 0.9004570841789246
-0.5173821449279785 8.678512573242188 0.8369433879852295
-0.3530931770801544 8.352519989013672 0.05188063159584999
-0.3490363657474518 8.971245765686035 1.1537845134735107
-1.3665257692337036 9.64164924621582 -0.021744489669799805
-0.5039138197898865 8.72075080871582 1.0096945762634277
-0.1325145661830902 8.985804557800293 0.7991569638252258
-0.07052378356456757 8.536834716796875 0.38951724767684937
-0.4005903899669647 8.616652488708496 0.7415407299995422
-0.4792676270008087 8.463661193847656 0.258712500333786
-0.4754151701927185 8.227907180786133 0.4258439242839813
-0.5407916903495789 9.325482368469238 0.6922327280044556
-0.2252303957939148 8.881336212158203 1.0551098585128784
-0.5154514312744141 8.864785194396973 1.0329855680465698
-0.10517941415309906 8.58401870727539 -0.040270403027534485
-0.6037982106208801 9.060587882995605 0.6448112726211548
-0.12487366795539856 9.803237915039062 0.20796263217926025
-0.303853303194046 8.66245174407959 0.2125411182641983
-0.5251815915107727 9.00770378112793 1.1724512577056885
-1.2478889226913452 9.602663040161133 -0.1217484176158905
-0.28476643562316895 8.774657249450684 0.20312508940696716
-1.1955689191818237 9.545169830322266 -0.028421130031347275
-1.0832854509353638 9.598093032836914 -0.11462286859750748
-0.11962065100669861 9.764907836914062 0.07669945061206818
-0.12804408371448517 9.210261344909668 1.0239427089691162
-0.12032530456781387 9.16498851776123 0.7697538733482361
-0.19032925367355347 9.260021209716797 1.0115913152694702
-0.06568856537342072 9.639334678649902 0.047502756118774414
0.027339322492480278 9.644707679748535 0.11418308317661285
-0.5091100931167603 9.274707794189453 0.8632742166519165
-1.2979741096496582 9.85767936706543 -0.13814666867256165
0.06226285919547081 9.527020454406738 1.3242602348327637
0.12416427582502365 9.903489112854004 0.08225758373737335
-1.187317967414856 9.755195617675781 0.006489017978310585
-1.0780950784683228 9.854938507080078 1.0018579959869385
-1.050951361656189 10.209333419799805 0.8950632810592651
-1.0352636575698853 9.880243301391602 1.044495940208435
-1.1269532442092896 9.837672233581543 1.0025813579559326
-0.17951485514640808 10.064992904663086 0.2568585276603699
-0.11420802772045135 9.849310874938965 -0.037104249000549316
-0.9880226850509644 9.721343994140625 -0.02616424858570099
0.1615513116121292 10.02939510345459 0.12459532916545868
-0.957768440246582 9.94936752319336 0.8995290994644165
-0.39529135823249817 10.261656761169434 0.15750733017921448
-0.9092535376548767 10.203852653503418 -0.17045439779758453
0.07123987376689911 9.470004081726074 1.1915068626403809
0.20665495097637177 10.422545433044434 0.11967793107032776
-0.2044876664876938 10.031179428100586 0.008060664869844913
-0.37747544050216675 10.4639310836792 1.1627724170684814
-0.39313122630119324 10.432628631591797 1.0823261737823486
-0.0037270374596118927 10.250751495361328 0.11176125705242157
-0.6461082100868225 10.472073554992676 -0.1341022104024887
0.10547275841236115 10.329492568969727 0.0906674787402153
-0.6725205779075623 10.415349006652832 -0.09853146970272064
-0.9300352931022644 10.182136535644531 0.030071750283241272
-0.5561880469322205 10.477351188659668 -0.039164770394563675
-0.512898862361908 10.428618431091309 1.0368318557739258
-1.1376796960830688 10.324140548706055 1.1545275449752808
-0.07052773982286453 10.502315521240234 0.20837436616420746
-0.036303989589214325 10.570357322692871 0.3272053301334381
0.2977699637413025 10.518564224243164 0.049429066479206085
-0.7368749380111694 10.537505149841309 -0.19168995320796967
0.20646932721138 10.52263069152832 0.33814793825149536
0.44256776571273804 10.584402084350586 0.004867561161518097
0.2300388365983963 10.727958679199219 0.1409836709499359
-1.1363842487335205 10.73788833618164 1.1221773624420166
-1.0743273496627808 10.558981895446777 -0.12929444015026093
-0.17383481562137604 10.87345027923584 0.631611168384552
-0.19904035329818726 10.91086196899414 0.5617525577545166
0.17386776208877563 10.791068077087402 0.38291361927986145
-1.040547251701355 10.825190544128418 1.2627750635147095
0.016412990167737007 10.916365623474121 0.25002533197402954
-0.15787765383720398 11.013553619384766 0.8646405935287476
-0.6292005181312561 11.117716789245605 0.7257322669029236
0.08866076171398163 10.904979705810547 0.4850539565086365
-0.5394163131713867 10.905340194702148 -0.18170326948165894
-0.45835641026496887 11.027873992919922 0.6595445275306702
0.1519780457019806 11.051125526428223 -0.01904408261179924
-0.8045552968978882 11.024991035461426 -0.1429290920495987
-0.6349013447761536 10.957767486572266 -0.24572552740573883
0.13577359914779663 11.08880615234375 0.03529633581638336
-0.01350619737058878 11.129190444946289 0.26164329051971436
-0.28636303544044495 11.211127281188965 0.8327826261520386
-0.6858280301094055 11.10896110534668 0.9565216898918152
0.623418390750885 11.266433715820312 -0.42538779973983765
-0.6271750330924988 11.276498794555664 0.27024903893470764
0.4304080307483673 11.266027450561523 1.0965509414672852
-0.5812724828720093 11.263405799865723 0.7115756869316101
-1.191956639289856 11.34963321685791 0.5561577081680298
0.06768625229597092 11.334159851074219 0.5991838574409485
0.029209543019533157 11.283466339111328 -0.1407947838306427
-0.24387326836585999 11.399431228637695 0.5694990754127502
-0.0704084038734436 11.374823570251465 1.1155163049697876
-0.3697899580001831 11.389235496520996 1.3058339357376099
0.15919259190559387 11.406289100646973 1.1116358041763306
0.06582813709974289 11.396169662475586 -0.3439899682998657
0.024460870772600174 11.413378715515137 0.30391719937324524
0.06917152553796768 11.473933219909668 0.8638827800750732
-1.0557053089141846 11.485209465026855 0.9311447143554688
-0.8125070929527283 11.52956771850586 0.6511937379837036
-0.4380955398082733 11.49341869354248 0.4566385746002197
0.568596601486206 11.522286415100098 1.0927046537399292
0.012320482172071934 11.534146308898926 -0.45647522807121277
0.28958791494369507 11.560973167419434 0.21918770670890808
-0.7032754421234131 11.56129264831543 -0.33473411202430725
-0.7078689932823181 11.5703763961792 -0.024876877665519714
-0.6349897980690002 11.581917762756348 0.8519633412361145
