774
-2.386474370956421 0.2846064567565918 1.601970911026001
-2.3863754272460938 0.2845063805580139 -0.7585334777832031
-2.356224775314331 0.600841760635376 0.6692410707473755
0.9210299253463745 0.5354931354522705 -0.8437272906303406
-2.104936122894287 0.284606397151947 0.060218799859285355
-1.3373899459838867 0.2845063805580139 -1.205301284790039
-0.15714287757873535 0.284606397151947 1.1803932189941406
-2.38637638092041 0.2876633405685425 2.141308307647705
-0.8298169374465942 0.284606397151947 -1.0118403434753418
-0.9480171203613281 0.2845063805580139 -1.2052983045578003
0.9210906028747559 0.2845063805580139 -1.2052972316741943
-2.3863754272460938 0.2845063805580139 -0.26826000213623047
-2.3863754272460938 0.2845063805580139 0.26436328887939453
-2.3863744735717773 0.2845063805580139 -0.5013399124145508
-1.8017139434814453 0.2845063805580139 2.141207695007324
-2.38637638092041 0.2845063805580139 -0.01827526092529297
-2.386474609375 0.28460657596588135 0.6849653720855713
0.6492652893066406 0.2846064567565918 -1.2053992748260498
-0.553493082523346 0.2845063805580139 -1.2052980661392212
-2.0871195793151855 0.284606397151947 1.2803902626037598
0.14548492431640625 0.2845063805580139 2.141207695007324
0.9210323095321655 0.2845063805580139 -0.899062991142273
0.921029806137085 0.2845063805580139 -0.7297868728637695
-2.3863754272460938 0.2845063805580139 0.1336212158203125
-1.4164420366287231 0.284606397151947 1.8264623880386353
-0.4250712990760803 0.2845063805580139 -1.2052979469299316
-2.367656707763672 0.2845063805580139 2.141207695007324
-2.3863754272460938 0.2845063805580139 -0.1357126235961914
0.9210324287414551 0.2845063805580139 -0.99351966381073
-2.0601747035980225 0.284606397151947 1.6151729822158813
-1.0928504467010498 0.2845063805580139 -1.2052963972091675
0.9210300445556641 0.2845063805580139 1.3645620346069336
0.9210300445556641 0.5383502840995789 1.5303475856781006
-1.7913353443145752 0.284606397151947 1.6374768018722534
-2.3809874057769775 0.6102874875068665 1.5760854482650757
-2.1795361042022705 0.2846043109893799 2.141308307647705
0.9171383380889893 0.605144202709198 -0.6548900604248047
-2.3863754272460938 0.2845063805580139 -0.6273260116577148
0.9210305213928223 0.2845063805580139 -1.2053582668304443
-2.3863744735717773 0.2845063805580139 -0.8708267211914062
-1.9465665817260742 0.28460800647735596 2.141308307647705
0.9211300611495972 0.2846066951751709 0.8800727128982544
-1.4383918046951294 0.284606397151947 -0.9623232483863831
0.32490405440330505 0.284606397151947 1.5894949436187744
-0.4562867283821106 0.284606397151947 -1.0001120567321777
0.3943014144897461 0.2845063805580139 -1.2053003311157227
-2.3863754272460938 0.2845063805580139 2.1384267807006836
-2.0730600357055664 0.284606397151947 0.8812134861946106
-0.34656232595443726 0.284606397151947 -0.8186904788017273
-2.1918272972106934 0.5517652630805969 -1.194560170173645
-2.386474609375 0.33031338453292847 -1.2052981853485107
-1.4245109558105469 0.284606397151947 -0.49636080861091614
-1.3392575979232788 0.284606397151947 -0.7836740016937256
-2.3817930221557617 0.2847844958305359 1.6819175481796265
-1.9221326112747192 0.284606397151947 -0.5667561292648315
0.9211301207542419 0.2846066951751709 2.048224925994873
-1.837525725364685 0.284606397151947 1.2228033542633057
0.36290961503982544 0.284606397151947 -0.9941226840019226
-1.5354692935943604 0.2846064567565918 -1.2053985595703125
-2.3863754272460938 0.2845063805580139 0.5162267684936523
-1.5250847339630127 0.284606397151947 -0.6691513657569885
0.03640810772776604 0.284606397151947 -0.9929927587509155
-1.1621843576431274 0.284606397151947 -0.9837850332260132
-1.8760089874267578 0.2846064567565918 -1.205398440361023
-2.3863744735717773 0.2845063805580139 -1.1966304779052734
0.9211300611495972 0.28460657596588135 1.7730567455291748
-2.3862595558166504 0.284606397151947 1.790277123451233
-1.9298371076583862 0.284606397151947 1.8047813177108765
0.9211300611495972 0.2846064567565918 1.1096385717391968
-0.1333584487438202 0.2846064269542694 2.141308307647705
-2.3549675941467285 0.284606397151947 -0.37734222412109375
-0.15366291999816895 0.28460657596588135 -1.2053990364074707
0.5302696228027344 0.2845063805580139 2.141207695007324
0.9211301207542419 0.28455814719200134 2.1412081718444824
-2.3863744735717773 0.2845063805580139 1.4938716888427734
0.9210300445556641 0.2914140522480011 1.681493878364563
0.558462381362915 0.284606397151947 1.7504255771636963
-1.223381519317627 0.2846064567565918 -1.205398678779602
-1.8127013444900513 0.284606397151947 -0.13359889388084412
0.9211300611495972 0.284606397151947 1.4612047672271729
0.9210300445556641 0.2845063805580139 1.5743951797485352
-1.7325067520141602 0.284606397151947 1.08211088180542
-2.048877239227295 0.284606397151947 0.6516936421394348
-1.3296802043914795 0.2846083641052246 2.141308307647705
0.9211299419403076 0.2846062183380127 -0.5829596519470215
0.9130220413208008 0.2845063805580139 2.141207695007324
-2.3863744735717773 0.2845063805580139 0.9256381988525391
-1.7729079723358154 0.2846062183380127 -1.2053985595703125
-1.0944089889526367 0.284606397151947 -0.7978858351707458
0.9210329055786133 0.2845063805580139 1.8752317428588867
0.23815131187438965 0.7697635293006897 2.137430191040039
-0.36585843563079834 0.28460636734962463 2.141308307647705
-0.004215240478515625 0.2846062183380127 -1.2053990364074707
-1.6868433952331543 0.2846064567565918 -1.2053985595703125
-1.8444758653640747 0.284606397151947 -0.8546090126037598
-2.386474370956421 0.28460633754730225 0.788219690322876
-1.4923994541168213 0.5921396017074585 -1.1864919662475586
0.6844440698623657 0.284606397151947 0.48216408491134644
-1.4403810501098633 0.2845063805580139 2.141207695007324
-1.753697156906128 0.5693590641021729 -1.2052985429763794
-0.6480835676193237 0.2846062183380127 2.141308307647705
-2.3785040378570557 0.6066740155220032 1.7980557680130005
-2.386474370956421 0.2846064567565918 1.3118159770965576
-0.7662945985794067 0.28669750690460205 2.1396937370300293
0.9211300015449524 0.28460657596588135 0.6451637744903564
-2.386474370956421 0.2846064567565918 1.9090774059295654
-2.020188331604004 0.284606397151947 1.0827467441558838
0.9211300015449524 0.2846066951751709 0.04548025131225586
-2.356475830078125 0.2845063805580139 -1.2052984237670898
-2.3782925605773926 0.6193784475326538 1.2425779104232788
-0.7028427124023438 0.28460657596588135 -1.2053987979888916
-0.8818219900131226 0.2846062183380127 2.141308307647705
0.6532378792762756 0.307204931974411 2.1412081718444824
-2.386474370956421 0.2846064567565918 1.1814088821411133
-0.80975341796875 0.284606397151947 1.695367455482483
-2.3832077980041504 0.5627818703651428 -0.8046397566795349
0.9210308790206909 0.2845063805580139 0.11816166341304779
-2.0964581966400146 0.284606397151947 0.42873620986938477
-1.6948070526123047 0.2846062183380127 2.141308307647705
-2.3863744735717773 0.2887066602706909 -1.0013062953948975
-2.139887809753418 0.2845063805580139 -1.2052984237670898
-2.386474370956421 0.2846062183380127 1.0546934604644775
0.9210299849510193 0.5753486752510071 -0.4508659243583679
-0.3926779329776764 0.284606397151947 1.872331142425537
-1.1230970621109009 0.29089099168777466 1.8432483673095703
-1.6472737789154053 0.284606397151947 -0.8714874386787415
-2.021749258041382 0.284606397151947 -0.7903997302055359
-2.0527002811431885 0.284606397151947 -0.1631891429424286
-1.6844538450241089 0.284606397151947 1.8148322105407715
-0.6989583373069763 0.5877819061279297 -1.205298900604248
-2.0125865936279297 0.2845063805580139 -1.2052984237670898
0.2912743091583252 0.725338876247406 -1.1687350273132324
0.4177868068218231 0.2879693806171417 2.1373326778411865
0.8639447689056396 0.747434675693512 -0.8588563203811646
-1.5701420307159424 0.2846062183380127 2.141308307647705
-1.9529390335083008 0.5635443329811096 -1.2043476104736328
-2.041271686553955 0.29652294516563416 2.138112783432007
-0.20575401186943054 0.5641087293624878 -1.2052990198135376
0.9210300445556641 0.2845063805580139 1.225022315979004
0.6395370960235596 0.284606397151947 -0.11745743453502655
0.8314300179481506 0.5994586944580078 -1.2052993774414062
-1.8150113821029663 0.284606397151947 0.6396762132644653
0.917741060256958 0.2907881736755371 -0.2514336407184601
0.2592223882675171 0.2845063805580139 -1.2052994966506958
-0.8311893939971924 0.2845063805580139 -1.2052972316741943
-0.014562606811523438 0.2845063805580139 2.141207695007324
-0.2852897047996521 0.2845063805580139 -1.2052998542785645
0.8314073085784912 0.2846065163612366 -1.2053992748260498
0.5242881774902344 0.284606397151947 -0.880784273147583
-0.6831430196762085 0.284606397151947 1.8446965217590332
0.9211300015449524 0.2846064567565918 0.25965094566345215
-1.0710482597351074 0.2846059799194336 2.141308307647705
0.2701581120491028 0.2846064567565918 2.141308307647705
0.44384998083114624 0.284606397151947 1.1043779850006104
0.13378214836120605 0.2845063805580139 -1.2052977085113525
-1.9951332807540894 0.683091938495636 2.0894525051116943
-1.3147605657577515 0.6130151748657227 -1.1932997703552246
0.9210287928581238 0.2845063805580139 0.5563099384307861
-0.12020275741815567 0.284606397151947 1.566083550453186
-1.8000032901763916 0.5833909511566162 2.1400554180145264
-0.4286710321903229 0.6475838422775269 -1.1886731386184692
0.5228289365768433 0.2845063805580139 -1.2053003311157227
0.3613157570362091 0.284606397151947 1.8714324235916138
-0.5511547923088074 0.454215407371521 2.1412081718444824
-0.5036187767982483 0.29011237621307373 2.1412081718444824
0.521713376045227 0.5683548450469971 -1.2017171382904053
0.20419786870479584 0.284606397151947 0.8689855337142944
0.7005042433738708 0.284606397151947 -0.3498605787754059
0.26568159461021423 0.5264801979064941 -1.2052991390228271
0.5014088749885559 0.284606397151947 0.30674728751182556
-1.203993558883667 0.2846062183380127 2.141308307647705
-0.0949469655752182 0.284606397151947 1.7774574756622314
0.9137775897979736 0.284606397151947 -0.13400623202323914
0.9211300611495972 0.28460657596588135 0.7915741205215454
0.24708674848079681 0.284606397151947 -0.8388770818710327
0.9211300015449524 0.2846062183380127 -0.48174118995666504
-1.7328128814697266 0.284606397151947 0.29330259561538696
-2.386474609375 0.2846064567565918 0.3993964195251465
0.92103111743927 0.2845063805580139 -0.37216588854789734
0.3484203517436981 0.284606397151947 -0.46963831782341003
0.5466545820236206 0.284606397151947 1.2792155742645264
0.9211301207542419 0.3382883369922638 2.1412084102630615
-0.1296125203371048 0.284606397151947 -0.7212374210357666
-1.2342239618301392 0.284606397151947 -0.620510995388031
-0.6331252455711365 0.284606397151947 -0.8410705327987671
0.1567971557378769 0.284606397151947 1.4836549758911133
0.06495777517557144 0.284606397151947 1.7932623624801636
0.6737895607948303 0.284606397151947 -0.7662115693092346
0.9211300015449524 0.28460657596588135 0.40799713134765625
-0.2049519568681717 0.284606397151947 -0.9747754335403442
0.020041141659021378 0.284606397151947 -0.7948011159896851
0.5935525298118591 0.284606397151947 -0.6306772828102112
-1.0192712545394897 0.284606397151947 -0.5519343614578247
-1.9919661283493042 0.284606397151947 0.24910126626491547
-1.8610907793045044 0.284606397151947 0.8499673008918762
-0.85933518409729 0.6599069237709045 2.1271727085113525
-1.9361845254898071 0.284606397151947 1.4568473100662231
0.5950509309768677 0.284606397151947 1.5169835090637207
-2.38083553314209 0.5541666150093079 -0.35956135392189026
-2.090848922729492 0.284606397151947 -0.5288975834846497
0.9200395941734314 0.54287189245224 1.2400552034378052
0.18166665732860565 0.284606397151947 -0.4593518078327179
-1.6452689170837402 0.284606397151947 1.4618339538574219
-2.329759359359741 0.5211238265037537 2.138154983520508
-1.5344276428222656 0.284606397151947 0.9300321340560913
0.434052973985672 0.5493751764297485 2.1412081718444824
0.6842544078826904 0.650894284248352 2.1412081718444824
-2.144045829772949 0.685776948928833 1.774532437324524
-2.3779585361480713 0.5910428762435913 0.881394624710083
-0.4306941330432892 0.284606397151947 -0.04017820209264755
-0.2568787634372711 0.3120172321796417 2.1412081718444824
-1.7509970664978027 0.284606397151947 -0.6371739506721497
-2.3811378479003906 0.534574568271637 -1.0882940292358398
-1.463928461074829 0.284606397151947 1.625244379043579
-2.368558168411255 0.5736125111579895 -0.1357618123292923
-2.3667547702789307 0.5497105717658997 -0.59212327003479
0.015137705951929092 0.6011731028556824 -1.2031859159469604
-1.2596242427825928 0.284606397151947 1.3235899209976196
-1.1608219146728516 0.284606397151947 1.1055302619934082
-1.8513127565383911 0.6807817816734314 -0.4810633957386017
-1.1265156269073486 0.6205246448516846 -1.2028669118881226
-2.3838748931884766 0.5793139934539795 0.2730766534805298
-0.3616138994693756 0.7902854084968567 -1.1566208600997925
-1.9233330488204956 0.284606397151947 -0.3168967664241791
-1.617318034172058 0.284606397151947 -0.20637167990207672
-2.3715460300445557 0.6138906478881836 1.0711753368377686
-1.8644139766693115 0.284606397151947 0.07221989333629608
-1.6919887065887451 0.284606397151947 -0.42728716135025024
-0.5487052202224731 0.284606397151947 1.6779247522354126
0.41053059697151184 0.284606397151947 -0.7184389233589172
-1.2151052951812744 0.284606397151947 -0.3135393559932709
0.8886587619781494 0.6728229522705078 -1.0602864027023315
-1.4840401411056519 0.284606397151947 1.2121518850326538
-1.8613178730010986 0.3009698688983917 0.4493683874607086
0.5904521346092224 0.7344576716423035 -1.1567145586013794
0.24775171279907227 0.284606397151947 -0.04103570803999901
0.2226785123348236 0.4156164526939392 2.123490571975708
0.9210300445556641 0.30252715945243835 1.0074018239974976
0.45360496640205383 0.3101150691509247 0.8000878691673279
-1.7789310216903687 0.6498178243637085 -0.7476333975791931
-0.7037114500999451 0.7392433285713196 -1.1650898456573486
-1.002922773361206 0.32785192131996155 2.1412081718444824
-0.7033344507217407 0.284606397151947 -0.6503864526748657
-1.0205252170562744 0.284606397151947 1.6757763624191284
-2.375486373901367 0.5788078904151917 0.06464160978794098
0.9143993258476257 0.5245523452758789 -1.192012906074524
-1.414005994796753 0.6352517604827881 2.114833116531372
-0.6878291964530945 0.284606397151947 1.1572153568267822
-2.0769104957580566 0.6064621806144714 2.1318607330322266
-1.4351872205734253 0.284606397151947 -0.20045055449008942
0.8878897428512573 0.5289125442504883 2.1410529613494873
-1.2507902383804321 0.284606397151947 1.6607930660247803
0.44795453548431396 0.284606397151947 0.6372614502906799
-0.554635763168335 0.284606397151947 0.9464297294616699
-2.0596089363098145 0.6254489421844482 -0.6902077794075012
-0.7244032621383667 0.284606397151947 1.5227917432785034
-2.014273166656494 0.636442244052887 -0.916203498840332
-2.3758978843688965 0.6005040407180786 2.0981006622314453
-1.708101511001587 0.6892289519309998 1.6077853441238403
-1.8301680088043213 0.6897125244140625 1.8208880424499512
-0.34377631545066833 0.6651397347450256 2.1240434646606445
0.02923869527876377 0.8074296712875366 -1.1645625829696655
0.9209577441215515 0.6021018624305725 0.9737684726715088
-2.37585186958313 0.5700149536132812 0.47664961218833923
0.9155282974243164 0.6716518402099609 2.1146693229675293
-0.942751407623291 0.6348900198936462 -1.1948281526565552
0.6042104959487915 0.8456282615661621 -1.0557700395584106
-0.05211924389004707 0.4862852394580841 2.1412081718444824
0.9172923564910889 0.6571099758148193 1.680432677268982
0.9210299849510193 0.2972325086593628 0.349001407623291
0.9210299849510193 0.5737543702125549 -0.11157132685184479
-2.1123530864715576 0.6897279024124146 0.24245478212833405
-0.41113829612731934 0.284606397151947 0.5141212940216064
-1.3770594596862793 0.7418031692504883 -0.9430854320526123
-2.1207423210144043 0.6435405611991882 -0.3376329243183136
-0.8504589796066284 0.284606397151947 1.3726394176483154
-0.9478070139884949 0.31185728311538696 -0.31426867842674255
-2.3827784061431885 0.5960919260978699 1.4096248149871826
0.02265278808772564 0.284606397151947 -0.22974003851413727
0.46122971177101135 0.284606397151947 -0.2543061077594757
0.2478165328502655 0.2880226969718933 1.7247482538223267
-0.3654479384422302 0.284606397151947 -0.6810607314109802
-1.6096011400222778 0.284606397151947 0.10159208625555038
0.8988227844238281 0.7119485139846802 1.9119577407836914
-0.5416787266731262 0.8910573124885559 -0.9935418963432312
0.912443220615387 0.5929166078567505 0.7358687520027161
-1.3763079643249512 0.284606397151947 1.0598350763320923
-1.6148872375488281 0.6231071352958679 2.128291368484497
-2.1621012687683105 0.7041684985160828 0.8613101243972778
-1.2278434038162231 0.6295427680015564 2.1298348903656006
-2.0665602684020996 0.6932203769683838 -0.0031757736578583717
-1.040191650390625 0.284606397151947 1.4922000169754028
-1.6225117444992065 0.6759669184684753 -1.0557197332382202
-0.5842783451080322 0.6858680248260498 2.122209310531616
-0.44477078318595886 0.284606397151947 1.5091962814331055
-0.08585060387849808 0.284606397151947 0.43131521344184875
0.6354835033416748 0.7622520327568054 2.112013339996338
0.6445675492286682 0.8921240568161011 -0.8283034563064575
0.836107075214386 0.8715633749961853 -0.6871349811553955
0.8976958394050598 0.7028278112411499 -0.2901904881000519
0.7953487038612366 0.753718912601471 1.6340413093566895
-2.1050002574920654 0.6913770437240601 0.5253347158432007
0.8983559608459473 0.857319712638855 -0.48439860343933105
0.7660691142082214 0.7581098675727844 1.426285982131958
0.9003910422325134 0.667589545249939 0.14672954380512238
-0.7569047808647156 0.3206876516342163 -0.1716194748878479
0.4743685722351074 0.2949017882347107 0.02195112779736519
-1.993335485458374 0.6831699013710022 1.5644875764846802
0.6838704943656921 0.29253169894218445 1.115416407585144
0.16424864530563354 0.284606397151947 1.1576813459396362
0.421032190322876 0.7910972237586975 2.0766642093658447
0.7081469297409058 0.9502037763595581 -0.48379990458488464
-1.5596107244491577 0.7056040167808533 1.914212942123413
-1.0166412591934204 0.6597322225570679 2.1353983879089355
0.766543447971344 0.8026643395423889 1.9171878099441528
-0.19959339499473572 0.7710980772972107 2.1980295181274414
-1.6053894758224487 0.284606397151947 0.5018122792243958
0.46600261330604553 0.4134213626384735 1.704973578453064
0.7721228003501892 0.7935847043991089 0.910997748374939
0.888084888458252 0.7632303833961487 0.21186140179634094
-1.3919470310211182 0.6713007092475891 -0.48563143610954285
0.560695230960846 0.8529528379440308 1.2422040700912476
-1.358375072479248 0.7504666447639465 1.7892745733261108
-2.067950963973999 0.7023111581802368 1.3170442581176758
-0.9933664202690125 0.3067897856235504 1.215146780014038
-0.5932797193527222 0.2886412739753723 1.3301178216934204
-1.987514615058899 0.7520188689231873 1.0620687007904053
-1.8084793090820312 0.7620989084243774 1.1904096603393555
-1.901925802230835 0.6927945017814636 -0.24369944632053375
-0.9029814004898071 0.5200637578964233 1.6992355585098267
0.0957745760679245 0.6687387228012085 2.1265807151794434
-0.523114800453186 0.3391796052455902 -0.4936775267124176
-1.4811166524887085 0.36114534735679626 1.3821762800216675
-1.9421463012695312 0.7395735383033752 0.8213862776756287
-1.4412691593170166 0.284606397151947 0.3550317883491516
-1.1396484375 0.7498836517333984 1.9345476627349854
-0.27978429198265076 0.3548557460308075 1.7563960552215576
-0.7119826674461365 0.7600876688957214 2.0285089015960693
-1.2168306112289429 0.32202133536338806 0.6669501066207886
-0.9515164494514465 0.31626516580581665 -0.7288711667060852
-0.7591212391853333 0.7354100942611694 1.207573413848877
-0.2848382294178009 0.2990097403526306 1.350196123123169
-0.19846105575561523 0.8388209342956543 -1.0199673175811768
-0.7783625721931458 0.859675943851471 -0.9378889203071594
-1.6092532873153687 0.7604246139526367 1.071134090423584
-1.5523669719696045 0.751736044883728 -0.7320539951324463
-1.512590765953064 0.6710883975028992 1.2380189895629883
0.6870405077934265 0.29847705364227295 0.7462490797042847
0.10531219840049744 0.8456841111183167 1.7358908653259277
0.262559175491333 0.3475073575973511 -0.6724207997322083
-0.13590551912784576 0.7356434464454651 2.0049993991851807
0.2739429771900177 0.838590681552887 -1.041914939880371
-1.5114808082580566 0.9499154090881348 0.6159849762916565
0.8978721499443054 0.8286972641944885 -0.16995614767074585
0.412252813577652 0.8621854186058044 1.3470370769500732
-1.5186718702316284 0.5040943622589111 0.26838380098342896
-1.0278352499008179 0.8152920007705688 -1.008999228477478
0.7645500898361206 0.32231560349464417 0.11545834690332413
-0.11298465728759766 0.9091210961341858 -0.9807842969894409
-0.42806342244148254 0.7568445801734924 1.8665815591812134
0.9091424942016602 0.6591076254844666 0.5001101493835449
-1.8210726976394653 0.5091736912727356 1.466444492340088
-1.0197679996490479 0.3239772915840149 0.6734600067138672
-1.36432683467865 0.493832528591156 0.06908819079399109
-1.1717466115951538 0.7299712896347046 1.640297293663025
0.3657335937023163 0.30197349190711975 1.3319354057312012
0.44941088557243347 0.8369279503822327 -0.7896473407745361
-0.4824967086315155 0.4082447290420532 0.22743451595306396
-1.422218680381775 0.29776066541671753 0.6543396711349487
-1.6279613971710205 0.32582345604896545 0.7467833757400513
-1.2339870929718018 0.284606397151947 -0.06832484155893326
-0.8444905877113342 0.7781661748886108 1.8097211122512817
-1.345630168914795 0.31030499935150146 0.8544644117355347
-1.9054850339889526 0.717459499835968 0.5875569581985474
-1.163560152053833 0.7766802310943604 1.4255090951919556
-1.7384079694747925 0.8543331027030945 0.21794168651103973
0.5311750173568726 0.3367043733596802 -0.4877389967441559
-1.0987615585327148 0.284606397151947 0.2427438199520111
-1.5845086574554443 0.8114174604415894 -0.20186780393123627
0.2168877124786377 0.8384154438972473 -0.8122900128364563
-1.4072223901748657 0.883853018283844 1.978165864944458
0.7747013568878174 0.9336755871772766 0.09455284476280212
0.646365761756897 0.8761913180351257 0.004802029579877853
-1.1740353107452393 0.5971569418907166 1.3093924522399902
-1.7230921983718872 0.5400252342224121 0.9683222770690918
0.47507601976394653 0.3447713553905487 1.4917690753936768
-1.7353761196136475 0.9027060270309448 0.6261233687400818
-0.6650813817977905 0.756132960319519 1.7361443042755127
-0.4968286156654358 0.8306589722633362 1.550491452217102
-0.40915539860725403 0.32728782296180725 1.2129137516021729
0.5118107199668884 0.33431100845336914 0.4925793707370758
-1.580246090888977 0.501185953617096 -0.045044779777526855
-1.1958106756210327 0.8220654726028442 -0.8399484753608704
-1.8390538692474365 0.7641963958740234 -0.024919599294662476
-0.8777989149093628 0.7908863425254822 1.53445303440094
-1.8805694580078125 0.7742677330970764 0.35591813921928406
-0.7329956293106079 0.284606397151947 0.3934599757194519
-0.7083837985992432 0.5375961065292358 -0.8650920391082764
-0.8528393507003784 0.284606397151947 1.0153164863586426
-0.023456623777747154 0.5967460870742798 1.6867152452468872
-1.6230132579803467 0.8378586173057556 0.8839062452316284
-1.1583257913589478 0.36378905177116394 0.8414180874824524
-1.366357684135437 0.7630341649055481 0.8718060851097107
0.14341431856155396 0.3477538228034973 1.3389194011688232
-0.26308396458625793 0.3174530267715454 0.18134331703186035
-1.0078125 0.35821402072906494 0.9301019310951233
-0.9025692343711853 0.5463283061981201 1.2009745836257935
-0.40786728262901306 0.45658496022224426 1.6127281188964844
-1.6240108013153076 0.7833831906318665 -0.44897937774658203
-1.3085472583770752 0.9072430729866028 -0.6018310189247131
-0.4929409623146057 0.8848294019699097 1.3897219896316528
-0.2270856648683548 0.7831342220306396 1.7602664232254028
-0.8492369055747986 0.9360138773918152 1.344224452972412
-1.1985995769500732 0.8534885048866272 0.9683786034584045
-1.0573053359985352 0.8317933082580566 1.1692066192626953
-1.2627580165863037 0.33469289541244507 0.4932675361633301
0.2311311662197113 0.7976136207580566 1.8490227460861206
-0.20993991196155548 0.876714825630188 1.5447698831558228
0.5148786902427673 0.801559329032898 1.7644550800323486
0.36734822392463684 0.3427782952785492 0.9398690462112427
-0.7577109336853027 0.3519478738307953 0.12311738729476929
0.14155663549900055 0.8717030882835388 1.5703421831130981
-0.1904846727848053 0.38298743963241577 -0.08019950240850449
0.6096976399421692 0.3040107786655426 0.9286189675331116
0.9066168069839478 0.6849669218063354 1.267318844795227
-0.6309362053871155 0.9019820094108582 1.3698869943618774
-1.1332051753997803 0.8045939803123474 0.9970614910125732
0.20971722900867462 0.9315362572669983 1.3568084239959717
-0.06662975996732712 0.30419862270355225 1.4570389986038208
-0.3229980766773224 0.6263076066970825 1.410669207572937
-0.01763039082288742 0.7624108195304871 -0.7047947645187378
0.5777899622917175 0.864861249923706 1.0278851985931396
0.8850059509277344 0.7494786381721497 0.7064892649650574
0.44807901978492737 0.7842984199523926 1.5749247074127197
0.5233559608459473 0.6845579147338867 0.42191973328590393
-1.3629335165023804 0.7342389822006226 0.434177041053772
0.023105662316083908 0.34577473998069763 1.2349574565887451
0.6565608382225037 0.907566249370575 0.6578376293182373
0.10408081114292145 0.8302261233329773 -0.7303828597068787
-0.7765489816665649 0.7162136435508728 -0.6777281165122986
0.5627008080482483 0.8519388437271118 -0.3876118063926697
-0.08749762177467346 0.9270979166030884 1.4295403957366943
0.6247299313545227 0.6344998478889465 0.14426957070827484
-1.4954590797424316 0.6738625764846802 1.584856629371643
0.7241384983062744 0.883147656917572 0.4115579128265381
-1.70915949344635 0.7899223566055298 0.08279916644096375
-1.2899709939956665 0.5149279236793518 -0.2925892770290375
0.5659307241439819 0.8464234471321106 0.5411568880081177
0.31924739480018616 0.8772901296615601 1.1057538986206055
0.4386422634124756 0.5755147337913513 1.1165659427642822
-0.786373496055603 0.793732225894928 -0.7283670902252197
-0.37408697605133057 0.8386747241020203 -0.870812177658081
-1.6895095109939575 0.8954212665557861 0.4562835395336151
0.3866826593875885 0.7488723993301392 -0.4726546108722687
0.019398290663957596 0.573178768157959 -0.6170283555984497
-1.2136688232421875 0.8596905469894409 -0.739004909992218
-1.3259320259094238 0.83260577917099 0.6680369973182678
-1.330986499786377 0.5944986343383789 1.4799885749816895
-0.7825407385826111 0.3918399512767792 0.7488598823547363
-1.4021484851837158 0.7639189958572388 -0.3419027030467987
-0.940130352973938 0.4927350878715515 0.07469373196363449
0.1322418600320816 0.31348666548728943 1.0578480958938599
-0.45570603013038635 0.43880727887153625 1.1610376834869385
0.5025230646133423 0.8581240773200989 0.8683404326438904
0.058562587946653366 0.7234709858894348 1.3516513109207153
-1.0368844270706177 0.4619196951389313 0.3276018798351288
0.5766150951385498 0.7581117749214172 -0.1730913519859314
-1.326197862625122 0.6855185627937317 0.18125738203525543
-0.16784551739692688 0.46438416838645935 0.5260648727416992
-0.6807824969291687 0.38617584109306335 -0.11102825403213501
-0.6326923966407776 0.5344005227088928 0.5550324320793152
-1.0506373643875122 0.7527095675468445 0.8207941055297852
0.30255967378616333 0.8097176551818848 -0.06361538171768188
-0.9487899541854858 0.32152554392814636 -0.5124425888061523
-0.3876096308231354 0.625125527381897 -0.5952399969100952
-0.7361063957214355 0.4673455059528351 0.613469123840332
-1.1850157976150513 0.5752302408218384 -0.05764885991811752
0.3918810188770294 0.34325355291366577 -0.23303982615470886
-0.9512104392051697 0.6210060119628906 0.46254658699035645
-0.08918063342571259 0.4382689893245697 -0.49827343225479126
-0.28956860303878784 0.593986988067627 -0.5952893495559692
-0.47543367743492126 0.2927796244621277 0.8680005073547363
-1.0111141204833984 0.5895828604698181 -0.2979154884815216
-0.1777866929769516 0.3018549084663391 0.7927061319351196
-0.6959566473960876 0.46517157554626465 -0.49030035734176636
-0.36126676201820374 0.46481165289878845 0.7085359692573547
0.09107022732496262 0.401416540145874 0.6994463801383972
-1.1624300479888916 0.4918222725391388 0.4064106345176697
0.5059958100318909 0.3478102684020996 0.201213538646698
0.11593849956989288 0.6099016666412354 -0.4256548285484314
-0.16934558749198914 0.4796616733074188 -0.041583091020584106
0.11232031136751175 0.4074951410293579 0.11495374888181686
-1.0504069328308105 0.42303335666656494 -0.04369219392538071
0.366931289434433 0.5397099852561951 0.5146944522857666
-0.014270085841417313 0.43719303607940674 0.949815571308136
0.1332767903804779 0.46161726117134094 0.38649681210517883
-0.5672028660774231 0.47744154930114746 -0.05797428637742996
0.1620294451713562 0.471795916557312 0.17081427574157715
-0.038414813578128815 0.3473600447177887 -0.22326186299324036
-0.7418574094772339 0.6392935514450073 0.7455503940582275
-0.738710343837738 0.5944267511367798 0.2695082426071167
0.003604542464017868 0.6120724678039551 1.009915828704834
-0.49530309438705444 0.5308283567428589 0.9809869527816772
-0.37241119146347046 0.6355847716331482 1.036077857017517
-0.3207349479198456 0.30056440830230713 -0.19538775086402893
0.30970627069473267 0.4822917580604553 -0.17956632375717163
0.23836681246757507 0.5276784300804138 0.5837192535400391
0.2130948305130005 0.6396125555038452 0.42838215827941895
0.10783892869949341 0.6817482709884644 0.8362453579902649
0.014263693243265152 0.574196457862854 0.12850318849086761
-0.4037977159023285 0.5557321906089783 0.0528474897146225
-0.3816602826118469 0.28521162271499634 -0.3482440710067749
-0.07071416079998016 0.641231894493103 0.21764510869979858
-0.6651436686515808 0.6870281100273132 0.5484252572059631
-0.37717321515083313 0.7440683245658875 0.5030279159545898
-0.49025392532348633 0.6290460824966431 0.2596226930618286
-0.6574475169181824 0.5155683755874634 -0.37729111313819885
-0.09414295852184296 0.7217381000518799 0.9137142300605774
-0.3748941421508789 0.7307013869285583 0.9760152101516724
-0.2625386118888855 0.6742610335350037 0.2771970331668854
-0.5319569706916809 0.7288264632225037 0.755798876285553
0.11658288538455963 0.6987667679786682 0.5182677507400513
-0.019606446847319603 0.7501801252365112 0.5521150827407837
-0.1966056376695633 2.7382190227508545 0.12946391105651855
-0.24864807724952698 0.770809531211853 0.7583332061767578
-0.28401830792427063 2.7449564933776855 -0.18362346291542053
-0.4805523753166199 4.194601058959961 0.7397585511207581
-0.39552581310272217 3.1098697185516357 -0.04061797633767128
-1.2737139463424683 2.592524290084839 0.907918393611908
-0.8020634055137634 4.363123893737793 0.7747328877449036
-1.3602964878082275 2.720168113708496 1.1314771175384521
-1.1397809982299805 2.52252459526062 0.8474235534667969
-1.0734562873840332 2.778006076812744 1.3160829544067383
-0.11910372972488403 2.7073099613189697 -0.21272693574428558
-1.2413896322250366 2.968658924102783 1.0332304239273071
-0.9392768740653992 2.489701271057129 0.9269112944602966
-0.4112267792224884 2.8727245330810547 -0.1397535502910614
-0.819754958152771 2.956557035446167 0.9354884624481201
-0.10995624214410782 2.6717958450317383 -0.031258560717105865
-0.01582394540309906 2.8709614276885986 -0.3280126452445984
-0.3558040261268616 2.7969813346862793 0.05514854937791824
-1.143414855003357 2.5378267765045166 1.1780626773834229
-0.7469178438186646 2.669528007507324 0.9994507431983948
-1.2094916105270386 2.6790757179260254 0.7329601049423218
-0.01023060642182827 2.7492098808288574 0.12693728506565094
0.16648811101913452 3.0137979984283447 -0.10903353989124298
-0.23522041738033295 2.9476397037506104 -0.34149447083473206
-0.8272740840911865 4.210023403167725 0.6667656898498535
-0.955703854560852 2.6093602180480957 0.7541151642799377
-0.8537877798080444 2.8989038467407227 1.2062097787857056
-0.6274153590202332 4.104533672332764 0.6648194789886475
-0.00413114670664072 2.963386058807373 0.22508256137371063
0.07918725907802582 2.7721192836761475 -0.17525562644004822
-0.8359915018081665 2.850196599960327 0.7421221733093262
-1.05699622631073 2.470553398132324 1.0094228982925415
-0.09700490534305573 3.1896748542785645 -0.22645245492458344
-0.28920650482177734 2.9532339572906494 0.20903106033802032
0.11526685953140259 2.7855355739593506 0.015210567973554134
-1.0068715810775757 2.5459938049316406 1.2190544605255127
-0.8436485528945923 2.588967800140381 1.1828864812850952
-0.43870967626571655 4.089558124542236 0.4849211871623993
-1.0827161073684692 2.888615608215332 0.7045468688011169
-0.4269099235534668 5.187679767608643 0.48480746150016785
-0.0976308211684227 3.2036867141723633 0.0940776839852333
-0.3380410671234131 4.914854049682617 0.5278403759002686
-1.323130488395691 2.6949214935302734 1.1378722190856934
-0.5929495692253113 4.059003829956055 0.5086348056793213
-0.7845200300216675 4.1185221672058105 0.47236692905426025
-0.27296826243400574 4.342911720275879 0.3348355293273926
-0.2561943829059601 4.316808223724365 0.5708606839179993
-0.33599111437797546 4.369997501373291 0.7311476469039917
-0.5506721138954163 4.399235248565674 0.8479297161102295
-0.35008880496025085 4.154507160186768 0.3505922853946686
-0.708585262298584 4.194823741912842 0.18973425030708313
-0.7874235510826111 4.341507911682129 0.12993858754634857
-0.4384756088256836 4.745508670806885 0.5890801548957825
-0.6151007413864136 4.09871768951416 0.31017839908599854
-0.9420544505119324 4.523045539855957 0.4463938772678375
-0.21987660229206085 4.762476444244385 0.26800337433815
-0.12422320991754532 4.936029434204102 0.18732790648937225
-0.38150134682655334 5.376408576965332 0.28478094935417175
-0.4893316328525543 4.7501540184021 0.013600542210042477
-0.08860260248184204 5.044683933258057 0.3234237730503082
-0.4973636567592621 4.320957183837891 0.11163245886564255
-0.5659035444259644 4.674160957336426 0.7296614050865173
-0.9210799932479858 4.310666084289551 0.38569414615631104
-0.8548808097839355 4.572831630706787 0.690555214881897
-0.3174368739128113 4.830560207366943 0.06727463006973267
0.03957877308130264 5.291470050811768 0.19973963499069214
-0.20210137963294983 4.516524314880371 0.3664356768131256
-1.0663368701934814 4.538667678833008 1.5227200984954834
-0.40514564514160156 4.483179092407227 0.07962020486593246
-0.13872165977954865 6.522425651550293 0.7746618390083313
0.039071518927812576 5.1624016761779785 0.30764126777648926
-0.8369261622428894 4.536787986755371 0.11124701797962189
-0.49987420439720154 6.256115913391113 0.5053375363349915
-0.2448171079158783 5.293052673339844 0.6139526963233948
-0.7492621541023254 4.773828029632568 0.516819179058075
-0.8100897669792175 4.751850605010986 0.19347670674324036
-0.6186351776123047 4.624905109405518 0.034620147198438644
-0.39568811655044556 5.118395805358887 0.11528528481721878
-0.6429184079170227 4.9892754554748535 0.26133015751838684
-0.20037445425987244 6.381393909454346 0.641101598739624
-0.37409085035324097 6.718486785888672 0.26924219727516174
-0.11026894301176071 6.558104515075684 0.41757670044898987
-0.07531879097223282 5.147544860839844 0.5197234749794006
-0.0056293318048119545 5.476583957672119 0.5810877084732056
-0.21263496577739716 6.4236650466918945 0.4233689606189728
-0.0834524855017662 5.465178966522217 0.1699216514825821
0.06814993172883987 5.3100810050964355 0.4855133891105652
-0.5751531720161438 6.482598304748535 0.35006698966026306
-0.4456002116203308 6.26295804977417 0.6994357109069824
-0.557113766670227 6.461811065673828 0.9625529646873474
-0.00649496354162693 5.607479095458984 0.34432512521743774
-0.5720997452735901 6.618810176849365 1.1134573221206665
-0.4007807970046997 6.443277359008789 0.3656066656112671
-0.7197542190551758 6.44969367980957 0.9242214560508728
-0.327848345041275 6.326695919036865 0.7778751254081726
-0.63060063123703 6.33206844329834 0.7854964733123779
-0.9313194751739502 6.768486499786377 0.8076040148735046
-0.19369660317897797 6.822000980377197 0.3058493137359619
-0.20352394878864288 6.812175750732422 0.9541662335395813
-0.8052072525024414 6.720271110534668 0.9953383207321167
-0.28624632954597473 6.570412635803223 0.9617653489112854
-0.4375503957271576 6.836114883422852 1.0968230962753296
-0.685502290725708 6.349172592163086 0.5735803842544556
-0.2121962159872055 5.548983573913574 0.5197752118110657
-0.638523519039154 6.6932477951049805 0.3410792648792267
-0.826116681098938 6.471956253051758 0.7476398944854736
-0.7218027710914612 7.016744613647461 0.8173922300338745
-0.4902895390987396 6.964017391204834 0.383679062128067
-0.07725535333156586 6.851182460784912 0.4685969352722168
0.01931370049715042 6.862840175628662 0.599058985710144
-0.6496274471282959 6.91519021987915 1.0648547410964966
-0.4835186302661896 7.109668254852295 0.6158271431922913
-0.04297710582613945 6.680997848510742 0.7804054617881775
-0.04306617006659508 7.066862106323242 0.8967828750610352
0.013064885511994362 7.061650276184082 0.6462042927742004
-0.8162628412246704 6.576369285583496 0.5434768795967102
-0.9554461240768433 7.062093257904053 0.8137763738632202
-0.015473533421754837 8.154568672180176 0.33576700091362
-0.19213174283504486 7.490176677703857 0.8666672706604004
0.10777457058429718 8.520293235778809 0.011977076530456543
-0.17548605799674988 6.9614973068237305 1.0597740411758423
-0.14802977442741394 7.3679327964782715 1.0890218019485474
-0.008806385099887848 8.220429420471191 0.3417169451713562
-0.6738443374633789 7.311058521270752 0.7460889220237732
-0.3002582788467407 7.146644115447998 0.48733949661254883
0.10060100257396698 8.504447937011719 0.05060529336333275
-0.275787889957428 7.100468158721924 1.0859012603759766
-0.5055230259895325 7.267500400543213 0.9063771367073059
-0.212184339761734 7.31263542175293 0.651658296585083
-0.0318237766623497 7.33609676361084 0.8743035197257996
-0.8087292909622192 6.9149885177612305 0.5700868964195251
-0.2727181911468506 7.562768459320068 1.0174778699874878
-0.37794649600982666 8.01008415222168 0.900867223739624
-0.004807721823453903 8.168874740600586 0.3738040626049042
-0.929142951965332 6.970620632171631 0.5843237042427063
-0.5365490913391113 8.394774436950684 0.4609672427177429
-0.6090649366378784 8.401339530944824 0.9064367413520813
-0.5075433254241943 8.174015045166016 0.7174111604690552
-0.4279937148094177 8.07602596282959 0.6646283864974976
-0.4268900156021118 8.324270248413086 0.9853069186210632
-0.6325064301490784 8.315607070922852 0.6881012916564941
-0.45351338386535645 8.536942481994629 1.0242080688476562
0.1878402680158615 8.503131866455078 0.06556724011898041
-0.3034593164920807 8.525705337524414 0.4462314546108246
-0.23572427034378052 8.05965518951416 0.8701262474060059
-0.523341715335846 8.7748384475708 1.0959713459014893
-0.028444768860936165 8.334912300109863 0.6647846102714539
-0.29406774044036865 8.151898384094238 0.6319721937179565
-1.0413639545440674 9.050505638122559 -0.015220209956169128
-0.1030421108007431 8.713245391845703 0.6639317870140076
-0.21259526908397675 8.36028003692627 0.5907372236251831
-0.40098631381988525 8.819619178771973 1.103573203086853
-0.1427089124917984 8.370030403137207 0.88039630651474
0.2853192090988159 8.72558307647705 -0.2854304909706116
-0.08541134744882584 8.68807315826416 0.888093113899231
-0.3347401022911072 8.834586143493652 0.49364328384399414
0.2871161997318268 9.00610637664795 -0.2038298398256302
-0.5180392861366272 8.715337753295898 0.5459114909172058
-0.20106615126132965 8.518289566040039 0.9978851675987244
-0.17483457922935486 8.90406322479248 1.0572242736816406
-0.5775204300880432 9.050764083862305 1.0249838829040527
-0.23890240490436554 9.757365226745605 0.15224675834178925
-0.603815495967865 8.688300132751465 0.73631751537323
-0.4676268696784973 9.789482116699219 0.4005475342273712
-0.41628777980804443 9.09988784790039 1.1124660968780518
-0.9747747182846069 8.996512413024902 0.16603833436965942
0.23888461291790009 9.36295223236084 -0.07393909245729446
-0.3649064302444458 8.983628273010254 0.6561585664749146
-0.8306633830070496 8.980851173400879 0.04885990917682648
-0.15940721333026886 9.137832641601562 0.89677894115448
0.21152850985527039 9.35676383972168 -0.03949464485049248
-0.589661717414856 9.852669715881348 0.2992684841156006
-0.17257797718048096 8.871537208557129 0.6731173992156982
-0.36037319898605347 9.735920906066895 0.37962934374809265
-0.09844037890434265 9.780036926269531 0.18558809161186218
0.12079362571239471 9.341751098632812 -0.06353703141212463
-0.28968626260757446 9.173474311828613 0.8077252507209778
-0.5245691537857056 9.788725852966309 0.14904797077178955
-0.3290189206600189 9.805435180664062 0.5646264553070068
-0.3685937523841858 9.977293014526367 0.6470233798027039
-0.8351004123687744 9.956498146057129 0.4537970721721649
-0.331915944814682 9.248859405517578 0.743893027305603
-0.19158954918384552 10.006623268127441 0.3605579733848572
-0.8349961638450623 9.964309692382812 0.45575475692749023
-0.013754501938819885 10.155030250549316 0.3510235846042633
-0.46977269649505615 10.037882804870605 0.03538050130009651
0.19315820932388306 10.434248924255371 1.0103769302368164
0.022073743864893913 9.909860610961914 0.3108616769313812
-0.6712705492973328 10.019195556640625 0.14148364961147308
0.06219809502363205 9.994126319885254 0.23542310297489166
0.3866405487060547 10.460718154907227 1.1089190244674683
-0.5728232264518738 10.47530746459961 0.04333539307117462
-0.44895195960998535 10.229715347290039 0.5307376980781555
0.1782536506652832 9.851712226867676 0.18547609448432922
-0.6766168475151062 10.220868110656738 0.22535598278045654
-0.3468286395072937 10.294193267822266 0.11732511222362518
0.22557763755321503 10.243269920349121 0.3135063946247101
0.2971581816673279 10.401386260986328 1.1053217649459839
-0.7023780345916748 10.484026908874512 -0.04908693581819534
0.2860676348209381 10.654815673828125 1.100412368774414
-0.04907241091132164 10.343890190124512 0.24338673055171967
0.09462806582450867 10.383917808532715 0.8516466021537781
0.24243327975273132 10.482346534729004 1.2477513551712036
0.2993605434894562 10.438673973083496 0.330614298582077
-1.4277361631393433 10.771828651428223 1.2477717399597168
-0.5452523827552795 10.337482452392578 0.32352474331855774
0.19536273181438446 10.6498441696167 1.1259864568710327
-0.6894516944885254 10.659178733825684 -0.053038083016872406
-0.34044331312179565 10.684340476989746 0.29042547941207886
0.20604360103607178 10.717337608337402 0.33862027525901794
0.23242159187793732 10.726545333862305 0.28566303849220276
-1.3953959941864014 10.688334465026855 1.2720186710357666
-0.07634826749563217 10.942829132080078 1.3742668628692627
-0.7792026996612549 10.873528480529785 -0.24165940284729004
-0.44674167037010193 10.762282371520996 0.41455021500587463
-0.14125671982765198 10.95361614227295 1.3880140781402588
0.27402085065841675 10.807615280151367 0.3009622097015381
-0.43969905376434326 10.887186050415039 0.5250339508056641
-0.8979789614677429 11.016136169433594 -0.09323335438966751
-0.2198166698217392 10.951271057128906 1.371403694152832
-0.8094742894172668 10.922740936279297 -0.17671921849250793
0.32242488861083984 10.992379188537598 0.24095770716667175
-1.0813254117965698 11.095915794372559 0.7412187457084656
-0.47537750005722046 11.113078117370605 1.343437910079956
-0.863391101360321 11.137938499450684 0.11476697027683258
-0.5688157677650452 11.17317008972168 0.45098578929901123
-0.6647669672966003 11.198569297790527 0.6088353395462036
0.16276511549949646 10.986952781677246 1.2581555843353271
-0.41654133796691895 11.16296100616455 1.4045177698135376
-0.41021060943603516 11.291677474975586 -0.14517493546009064
-0.7866122126579285 11.318674087524414 1.3428336381912231
-0.7193520069122314 11.242826461791992 -0.24611487984657288
-0.5321662425994873 11.307186126708984 0.18240049481391907
-0.7076411247253418 11.34662914276123 0.5405939817428589
0.2638085186481476 11.227681159973145 0.18029913306236267
-1.1629135608673096 11.380096435546875 0.009849445894360542
0.3916564881801605 11.33263111114502 0.6651952862739563
0.2976706326007843 11.426058769226074 1.0255439281463623
-0.7627777457237244 11.4258394241333 0.8293858170509338
-1.3086005449295044 11.392655372619629 -0.10970564186573029
-1.2230738401412964 11.420442581176758 1.3386660814285278
-0.3290918469429016 11.465971946716309 1.3631179332733154
-0.15536163747310638 11.5073881149292 -0.24289561808109283
-0.6224273443222046 11.48697566986084 0.7564092874526978
-1.1759296655654907 11.526622772216797 -0.20855101943016052
-0.20504745841026306 11.51091194152832 0.19014064967632294
-0.418701171875 11.521896362304688 -0.39613866806030273
-0.3146037459373474 11.53658676147461 1.3720616102218628
0.0394994392991066 11.559706687927246 0.5207287669181824
0.5510448217391968 11.559941291809082 1.3036847114562988
-0.383550226688385 11.572711944580078 0.8529830574989319
