1345
-2.3863744735717773 0.2845063805580139 1.594991683959961
-2.386474609375 0.28460633754730225 -0.7614970207214355
-2.3863744735717773 0.5462976098060608 0.6157218813896179
0.9210299253463745 0.5125322341918945 -0.8801888227462769
-2.14709734916687 0.284606397151947 0.025628721341490746
-1.3400132656097412 0.2846064567565918 -1.205398678779602
-0.43514373898506165 0.284606397151947 1.2795161008834839
-1.0268198251724243 0.284606397151947 -0.9603400230407715
-0.9715044498443604 0.2846062183380127 -1.2053987979888916
0.9210305213928223 0.2845063805580139 -1.2053391933441162
-2.386474609375 0.2846064567565918 -0.26314306259155273
-2.386474609375 0.2846064567565918 0.27524542808532715
-2.386474609375 0.28460657596588135 -0.4912456274032593
-1.793708086013794 0.2846081256866455 2.141308307647705
-2.386474609375 0.2846066951751709 -0.016589045524597168
-2.3863754272460938 0.2845063805580139 0.6810407638549805
0.6595004796981812 0.2845063805580139 -1.205300211906433
-0.5590574741363525 0.2846064567565918 -1.2053989171981812
-2.111215114593506 0.284606397151947 1.343049168586731
0.12090367078781128 0.28460636734962463 2.141308307647705
0.9211299419403076 0.2846064567565918 -0.8918366432189941
0.9211299419403076 0.2846066951751709 -0.7498362064361572
-2.386474609375 0.2846064567565918 0.11673903465270996
-1.5736122131347656 0.284606397151947 1.8932851552963257
-0.4385077953338623 0.28460633754730225 -1.2053989171981812
-2.37394380569458 0.28460800647735596 2.141308307647705
-2.386474609375 0.28460657596588135 -0.1361311674118042
0.9211299419403076 0.2846066951751709 -1.000326156616211
-2.178717851638794 0.284606397151947 1.7065205574035645
-1.096797227859497 0.2846064567565918 -1.205398678779602
0.9211300611495972 0.28460657596588135 1.3674471378326416
0.9210300445556641 0.5319922566413879 1.5333830118179321
-1.9373468160629272 0.284606397151947 1.7296478748321533
-2.3863744735717773 0.547643780708313 1.7910041809082031
-2.183011054992676 0.2845063805580139 2.141207695007324
0.9210300445556641 0.2845063805580139 -0.6772509217262268
-2.386474609375 0.284606397151947 -0.6422313451766968
0.9211072325706482 0.284606397151947 -1.2053993940353394
-2.386474609375 0.2846065163612366 -0.8759475946426392
-1.951411247253418 0.2845063805580139 2.141206741333008
0.9210295677185059 0.2845063805580139 0.8814668655395508
-1.4508256912231445 0.2845063805580139 -1.205301284790039
0.30432265996932983 0.284606397151947 1.5700454711914062
-0.5762543678283691 0.284606397151947 -1.0003020763397217
0.3867744207382202 0.2846064567565918 -1.2053991556167603
-2.386474370956421 0.28458428382873535 2.1412081718444824
-2.2626614570617676 0.284606397151947 0.9847893118858337
-0.4390275478363037 0.284606397151947 -0.8475041389465332
-2.386474609375 0.5796007513999939 -1.2052984237670898
-2.386474609375 0.2846066355705261 -1.2053511142730713
-1.7557964324951172 0.284606397151947 -0.5854055881500244
-1.5247032642364502 0.284606397151947 -0.9633147716522217
-2.3863754272460938 0.2845063805580139 1.6908540725708008
-2.0327532291412354 0.284606397151947 -0.71045982837677
0.9210281372070312 0.2845063805580139 2.0358924865722656
-1.9101897478103638 0.284606397151947 1.3578535318374634
0.3391304016113281 0.284606397151947 -0.9218350052833557
-1.5403366088867188 0.2845063805580139 -1.205301284790039
-2.386474609375 0.2846064567565918 0.5200290679931641
-1.6968801021575928 0.284606397151947 -0.7750973701477051
-0.07899785041809082 0.2845063805580139 -1.205299735069275
-1.2842069864273071 0.284606397151947 -1.0277529954910278
-1.8745346069335938 0.2845063805580139 -1.2052984237670898
-2.386444330215454 0.2846066951751709 -1.2053983211517334
0.9210300445556641 0.2845063805580139 1.775620460510254
-2.386474370956421 0.2846064567565918 1.8008763790130615
-2.0583126544952393 0.284606397151947 1.901437520980835
0.9210300445556641 0.2845063805580139 1.1028814315795898
-0.11206531524658203 0.2845063805580139 2.141206741333008
-2.386474609375 0.2846064567565918 -0.3757917881011963
0.5613555312156677 0.28460636734962463 2.141308307647705
0.9210299849510193 0.2845812439918518 2.141308307647705
-2.386474370956421 0.2846064567565918 1.486414909362793
0.9210300445556641 0.2845063805580139 1.6777620315551758
0.7127389907836914 0.29088717699050903 2.1317591667175293
-1.2218694686889648 0.2845063805580139 -1.205301284790039
-2.0036072731018066 0.284606397151947 -0.1534290313720703
0.9210300445556641 0.2845063805580139 1.4671611785888672
0.9211300611495972 0.284606397151947 1.5741499662399292
-1.892452597618103 0.284606397151947 1.148884892463684
-2.1467294692993164 0.284606397151947 0.7472374439239502
-1.3158960342407227 0.2845063805580139 2.141207695007324
0.9210309982299805 0.2845063805580139 -0.583314061164856
0.9211063385009766 0.2845063805580139 2.141207695007324
-2.386474370956421 0.2846064567565918 0.9382622241973877
-1.7705841064453125 0.2845063805580139 -1.2053003311157227
-1.3338096141815186 0.284606397151947 -0.8252967000007629
0.9211300611495972 0.2846066355705261 1.8805816173553467
0.20123563706874847 0.7541466951370239 2.1412081718444824
-0.3741416931152344 0.2845063805580139 2.1412057876586914
-0.012398600578308105 0.2845063805580139 -1.2052977085113525
-1.6734809875488281 0.2845063805580139 -1.205301284790039
-1.9960917234420776 0.284606397151947 -0.910818874835968
-1.8772002458572388 0.5513681173324585 -1.2052985429763794
0.6133021712303162 0.284606397151947 0.49000340700149536
-1.453786015510559 0.2846062183380127 2.141308307647705
-1.9560837745666504 0.2846064567565918 -1.205398440361023
-0.6644363403320312 0.2845063805580139 2.141207695007324
-2.386474370956421 0.6762268543243408 2.1412086486816406
-2.386474370956421 0.2846064567565918 1.3064234256744385
-0.7732658386230469 0.2845063805580139 2.141207695007324
0.9210293292999268 0.2845063805580139 0.653669536113739
-2.3863744735717773 0.2845063805580139 1.9193077087402344
-2.085327386856079 0.284606397151947 1.1584371328353882
0.9210309982299805 0.2845063805580139 0.04049542546272278
-2.362230062484741 0.2846064567565918 -1.2053983211517334
-2.3863744735717773 0.5065717697143555 1.247214674949646
-0.6943093538284302 0.2845063805580139 -1.2052981853485107
-0.8819646835327148 0.2845063805580139 2.141207695007324
-2.386474370956421 0.2846062183380127 1.1810312271118164
-0.9711499214172363 0.284606397151947 1.7218950986862183
-2.3863747119903564 0.794867992401123 -1.2053983211517334
0.9211300015449524 0.2846064567565918 0.1297621726989746
-2.171492576599121 0.284606397151947 0.47092312574386597
-1.688735008239746 0.2845063805580139 2.141206741333008
-2.386474609375 0.2846064567565918 -1.0070478916168213
-2.1515793800354004 0.2846064567565918 -1.205398440361023
-2.3863754272460938 0.2845063805580139 1.0610771179199219
0.9210299253463745 0.5167005062103271 -0.557661771774292
-0.6236821413040161 0.284606397151947 1.9024006128311157
-1.3150346279144287 0.284606397151947 1.8694697618484497
-1.7704286575317383 0.284606397151947 -0.9590244293212891
-2.252371072769165 0.284606397151947 -0.8708170652389526
-2.23160719871521 0.284606397151947 -0.22783547639846802
-1.806594967842102 0.284606397151947 1.8628019094467163
-0.8954057693481445 0.2846064567565918 -1.2053987979888916
-2.0290374755859375 0.2846064567565918 -1.205398440361023
0.07053834944963455 0.5956396460533142 -1.2052991390228271
0.4077741503715515 0.28460636734962463 2.141308307647705
0.9210302233695984 0.7647034525871277 -1.2053993940353394
-1.5727481842041016 0.2845063805580139 2.141206741333008
-2.3863723278045654 0.9047396779060364 -1.2053982019424438
-2.053774833679199 0.2845063805580139 2.141206741333008
-0.35166049003601074 0.2846064567565918 -1.2053989171981812
0.9211300611495972 0.28460633754730225 1.212349772453308
0.6107696890830994 0.284606397151947 -0.12474095076322556
0.9210299253463745 0.5308641791343689 -1.2053993940353394
-1.9879357814788818 0.284606397151947 0.619346559047699
0.9210315942764282 0.2845063805580139 -0.2567608654499054
0.2718465328216553 0.28460633754730225 -1.2053991556167603
-0.8122663497924805 0.2846064567565918 -1.2053987979888916
-0.005198642611503601 0.2846064567565918 2.141308307647705
-0.2682068347930908 0.28460633754730225 -1.2053990364074707
0.8259129524230957 0.2845063805580139 -1.2052972316741943
0.5401092767715454 0.284606397151947 -0.9055326581001282
-0.8599857091903687 0.284606397151947 1.941241979598999
0.92103111743927 0.2845063805580139 0.2497495710849762
-1.0830869674682617 0.2845063805580139 2.141207695007324
0.2878293991088867 0.2845063805580139 2.141207695007324
0.4519824981689453 0.284606397151947 1.2290948629379272
0.10973000526428223 0.2846064567565918 -1.2053990364074707
-2.386375665664673 0.8954997062683105 2.141308307647705
-1.6415594816207886 0.512358546257019 -1.2052985429763794
0.9211300015449524 0.28460657596588135 0.5529005527496338
-0.28516852855682373 0.284606397151947 1.738950490951538
-1.870579481124878 0.28460800647735596 2.141308307647705
-0.6413792967796326 0.45605313777923584 -1.205298900604248
0.5422587394714355 0.28460633754730225 -1.2053992748260498
0.3887039124965668 0.284606397151947 1.8944648504257202
-0.5810749530792236 0.2846064269542694 2.141308307647705
-0.4888114929199219 0.2845063805580139 2.141206741333008
0.46929895877838135 0.2845063805580139 -1.2052993774414062
-0.1267056167125702 0.284606397151947 0.9750263094902039
0.6714215874671936 0.284606397151947 -0.3022190034389496
0.18761193752288818 0.2845063805580139 -1.2052994966506958
0.08193238079547882 0.284606397151947 0.0458885133266449
-1.2006263732910156 0.2845063805580139 2.141207695007324
-0.12314742803573608 0.284606397151947 1.883029580116272
0.9210298657417297 0.2845063805580139 -0.0584358312189579
0.9210289120674133 0.2845063805580139 0.782590925693512
0.11701962351799011 0.284606397151947 -0.9083062410354614
0.92103111743927 0.2845063805580139 -0.47955337166786194
-1.8991888761520386 0.284606397151947 0.25384432077407837
-2.38637638092041 0.2845063805580139 0.40011024475097656
0.9211300015449524 0.2846066951751709 -0.369220495223999
0.28458479046821594 0.284606397151947 -0.5947898626327515
0.6334540247917175 0.284606397151947 1.447844386100769
-0.26247963309288025 0.284606397151947 -0.7310354709625244
-1.5125924348831177 0.284606397151947 -0.7522462606430054
-0.7936232686042786 0.284606397151947 -0.9267324805259705
0.16244922578334808 0.284606397151947 1.6994128227233887
-0.03493637219071388 0.284606397151947 1.7116427421569824
0.6762937307357788 0.284606397151947 -0.7587064504623413
0.9210332632064819 0.2845063805580139 0.42786911129951477
-0.26770737767219543 0.284606397151947 -0.9285255074501038
-0.08595757186412811 0.284606397151947 -0.680662989616394
0.6412038803100586 0.284606397151947 -0.5358138680458069
-1.3854647874832153 0.284606397151947 -0.6161559224128723
-2.101638078689575 0.284606397151947 0.24682915210723877
-1.9361211061477661 0.284606397151947 0.8039040565490723
-0.9358630180358887 0.5579211711883545 2.1412081718444824
-2.082796335220337 0.284606397151947 1.5390205383300781
0.6712198853492737 0.284606397151947 1.6539537906646729
-2.386474609375 0.28460657596588135 -0.5697758197784424
-2.1112265586853027 0.284606397151947 -0.5617466568946838
0.9211300611495972 0.28460657596588135 1.2847992181777954
0.0612378753721714 0.284606397151947 -0.5535401701927185
-1.9065600633621216 0.284606397151947 1.5654141902923584
-2.386453151702881 0.2846081256866455 2.141308307647705
-1.819257378578186 0.284606397151947 0.9524472951889038
0.48717594146728516 0.2845063805580139 2.141206741333008
0.9211301207542419 0.8314777612686157 2.141209602355957
-2.3863744735717773 0.7638371586799622 1.880433201789856
-2.3863744735717773 0.2845063805580139 0.8521051406860352
-0.8386553525924683 0.284606397151947 -0.4919447898864746
-0.27082061767578125 0.2845063805580139 2.141207695007324
-1.86890709400177 0.284606397151947 -0.7600566744804382
-2.386474609375 0.4416753649711609 -1.2052981853485107
-1.7308545112609863 0.284606397151947 1.6952403783798218
-2.3863744735717773 0.5556158423423767 -0.3910934627056122
-2.3863744735717773 0.5883913040161133 -0.8973731994628906
-1.5596081018447876 0.284606397151947 1.3419716358184814
-1.5019675493240356 0.284606397151947 1.1522666215896606
-2.3863744735717773 1.1404258012771606 -1.193760871887207
-2.3863754272460938 0.2845063805580139 0.19313526153564453
-0.5949021577835083 0.7003232836723328 -1.205298900604248
-2.044287919998169 0.284606397151947 -0.3697565495967865
-1.8753546476364136 0.284606397151947 -0.2828444540500641
-2.3863744735717773 0.6090306043624878 1.0745365619659424
-1.9555414915084839 0.284606397151947 0.05599463731050491
-1.8996222019195557 0.284606397151947 -0.5302239060401917
-0.7818866968154907 0.284606397151947 1.7426607608795166
0.5017066597938538 0.284606397151947 -0.7072275876998901
-1.5786055326461792 0.284606397151947 -0.545238733291626
0.9211299419403076 0.6478285789489746 -1.205298900604248
-1.7490267753601074 0.284606397151947 1.2759326696395874
-1.9704856872558594 0.284606397151947 0.4289522171020508
0.5687699913978577 0.5356153249740601 -1.2052992582321167
0.1247863844037056 0.284606397151947 -0.26370662450790405
0.2042204886674881 0.28460633754730225 2.141308307647705
0.9210309982299805 0.2845063805580139 0.9904670715332031
0.33641529083251953 0.284606397151947 0.5198895931243896
-2.3863744735717773 1.0201365947723389 -1.2053983211517334
-1.1754283905029297 0.4667828381061554 -1.2052987813949585
-0.9854068756103516 0.2845063805580139 2.141207695007324
-0.9390597343444824 0.284606397151947 -0.7768311500549316
-1.3303320407867432 0.284606397151947 1.6733208894729614
-2.3863744735717773 0.4760020673274994 -0.10103335976600647
0.9211299419403076 0.39087772369384766 -1.2052991390228271
-1.8635696172714233 0.7136040925979614 2.1412081718444824
-1.1616097688674927 0.284606397151947 1.3210803270339966
-2.386474370956421 0.561208963394165 2.141207456588745
-1.7383415699005127 0.284606397151947 -0.3548031747341156
0.9211301207542419 0.4847193658351898 2.1412081718444824
-1.4979580640792847 0.284606397151947 1.729324460029602
0.1094716340303421 0.284606397151947 0.48956695199012756
-1.1985691785812378 0.284606397151947 0.912035346031189
-2.3863744735717773 0.828396201133728 -0.9033125042915344
-1.0322175025939941 0.284606397151947 1.5301430225372314
-2.386474609375 0.6922098994255066 -1.2052984237670898
-2.38637638092041 0.44707977771759033 2.141308307647705
-2.386474370956421 1.1218808889389038 2.1412081718444824
-2.386474370956421 0.7869265079498291 2.141207695007324
-0.4762229919433594 0.5871699452400208 2.1412081718444824
-0.15244048833847046 0.5522792935371399 -1.2052990198135376
0.9210300445556641 0.49699729681015015 0.9804428815841675
-2.386474609375 0.28460657596588135 0.6199312210083008
0.9211301207542419 0.6116870641708374 2.1412081718444824
0.6665765643119812 0.7303311824798584 -1.2052992582321167
-0.1890888214111328 0.2845063805580139 2.141207695007324
0.9210300445556641 0.5455772280693054 1.7604647874832153
0.9211300015449524 0.2846064567565918 0.3444960117340088
0.9210314750671387 0.2845063805580139 -0.16349634528160095
-2.3863744735717773 0.669696569442749 0.0075140041299164295
-0.9655539989471436 0.284606397151947 0.047493379563093185
-1.967397689819336 0.751644492149353 -1.2052985429763794
-2.3863744735717773 0.5451455116271973 -0.6583762168884277
-1.2242422103881836 0.284606397151947 1.4986718893051147
-1.378524661064148 0.284606397151947 -0.43405410647392273
-2.386474370956421 0.2846066951751709 1.3942039012908936
-0.023791830986738205 0.284606397151947 -0.3878961205482483
0.48235663771629333 0.284606397151947 -0.32235994935035706
0.10983280837535858 0.284606397151947 1.889037847518921
-0.4889020025730133 0.284606397151947 -0.6713352799415588
-1.8205134868621826 0.284606397151947 -0.08733738213777542
0.9211301207542419 0.9322361946105957 2.1412341594696045
-0.87837153673172 0.5586374998092651 -1.2052987813949585
0.9210300445556641 0.4857649803161621 0.7026970386505127
-1.70383620262146 0.284606397151947 1.0935900211334229
-2.001645803451538 0.5687882900238037 2.1412081718444824
-2.3863744735717773 0.5243455767631531 0.848042368888855
-1.3839435577392578 0.2845063805580139 2.141206741333008
-2.3863744735717773 0.6734201908111572 -0.2403385490179062
-1.4179527759552002 0.284606397151947 1.49996018409729
-2.1171841621398926 0.5957557559013367 -1.2052984237670898
-0.6982430815696716 0.604961633682251 2.1412081718444824
-0.6666754484176636 0.284606397151947 1.6067588329315186
-0.31924742460250854 0.284606397151947 -0.1594572216272354
0.5905131697654724 0.5681809782981873 2.1412081718444824
0.9210386276245117 0.8808363676071167 -1.2053993940353394
0.9210387468338013 0.9868770837783813 -1.2053993940353394
0.9210299849510193 0.5478636622428894 -0.33700916171073914
0.9210300445556641 0.7029531598091125 1.8730140924453735
-2.3863744735717773 0.5806400179862976 0.4086240530014038
0.9210299253463745 0.642246425151825 -0.7366750240325928
0.9210300445556641 0.7061699628829956 1.6519519090652466
0.9210299849510193 0.5077577829360962 0.20804019272327423
-1.2546656131744385 0.284606397151947 -0.2987549304962158
0.43868908286094666 0.284606397151947 -0.08439593762159348
-2.3863744735717773 0.7577866911888123 1.7023897171020508
0.6368623971939087 0.284606397151947 1.2127739191055298
0.0656047835946083 0.284606397151947 1.5386720895767212
0.40234270691871643 0.5996235013008118 2.1412081718444824
0.9210299253463745 0.7571932673454285 -0.9369797706604004
-2.094923734664917 0.7420626282691956 2.1412081718444824
-1.214538335800171 0.5553601980209351 2.1412081718444824
0.9210299849510193 0.7291160821914673 2.141308307647705
-0.16762375831604004 0.28459715843200684 2.6924242973327637
-1.794748067855835 0.284606397151947 0.4154416620731354
0.5868602991104126 0.284606397151947 1.8298137187957764
0.9210300445556641 0.5428014397621155 1.22128427028656
0.9210299849510193 0.7150315046310425 0.278049111366272
0.9210300445556641 0.8782489895820618 1.8157227039337158
-1.9986040592193604 0.9004656076431274 2.1412081718444824
-2.3863744735717773 0.5492047667503357 1.551100730895996
-1.365031123161316 0.284606397151947 1.2931268215179443
-0.8527014255523682 0.284606397151947 1.5464740991592407
-2.3863744735717773 0.6980233788490295 1.3202319145202637
-2.3863744735717773 0.733146071434021 1.5226130485534668
-2.3863744735717773 0.7271175384521484 -0.7431153059005737
-1.0997326374053955 0.284606397151947 1.8962159156799316
0.20823146402835846 0.5474370718002319 2.1412081718444824
-0.6464638113975525 0.284606397151947 -0.781601071357727
-1.7502769231796265 0.284606397151947 1.4895604848861694
-2.3863744735717773 0.7594720125198364 0.966901421546936
-1.782077670097351 0.284606397151947 0.12315253168344498
-1.4453508853912354 0.5716084837913513 2.1412081718444824
-0.3716239929199219 0.284606397151947 1.9019486904144287
-0.8541159629821777 0.749839723110199 2.575373411178589
-1.491211175918579 0.284606397151947 0.2804042398929596
-1.1531522274017334 0.284606397151947 -0.7891675233840942
-1.3278058767318726 1.0378519296646118 2.1412081718444824
-0.415535032749176 0.5575354099273682 -1.2052990198135376
-1.307914137840271 0.6277807354927063 -1.205298662185669
-2.3863744735717773 0.9301118850708008 1.4052060842514038
-2.106663227081299 0.8719080686569214 -1.2052984237670898
-2.3863744735717773 1.0190720558166504 1.8154317140579224
0.7395985126495361 0.284606397151947 0.6410929560661316
-0.07578767091035843 0.5640755295753479 2.1412081718444824
0.10369250178337097 0.284606397151947 -0.727562427520752
-0.010945126414299011 0.7497397065162659 2.5665342807769775
0.28363004326820374 0.5434675812721252 -1.2052991390228271
-2.3863744735717773 0.7583221197128296 0.5700708031654358
0.9210299849510193 0.5049007534980774 -0.11070510745048523
0.36097267270088196 1.1829177141189575 2.1412081718444824
-2.0889978408813477 0.9530758857727051 0.06835389137268066
-1.4830219745635986 0.6319137215614319 -1.205298662185669
0.6763480305671692 0.284606397151947 0.057020604610443115
-0.14272868633270264 0.2845063805580139 -1.205297827720642
-0.6491871476173401 0.284606397151947 2.692718982696533
0.9210299849510193 0.5214596390724182 0.47001248598098755
-1.9935946464538574 0.9072323441505432 1.7807496786117554
-1.2064210176467896 0.284606397151947 0.3059546649456024
-2.0948240756988525 0.9062588810920715 -0.25239723920822144
-1.6254853010177612 0.7155194282531738 2.1412081718444824
0.4578903317451477 0.284606397151947 1.4210736751556396
0.4862630367279053 0.8247664570808411 -1.2052992582321167
-2.0740630626678467 1.324573278427124 -1.1857661008834839
-1.6526259183883667 0.284606397151947 0.5955737233161926
-1.8177591562271118 0.284606397151947 0.639480471611023
-1.6576766967773438 0.284606397151947 -0.1076374351978302
-1.0313720703125 0.74785977602005 2.1412081718444824
-1.710972547531128 0.284606397151947 0.8158620595932007
-1.7780671119689941 0.8810473084449768 2.1412081718444824
-2.3863744735717773 0.8407438397407532 -0.1286037713289261
0.45475146174430847 0.284606397151947 -0.5186932682991028
-1.6219573020935059 0.284606397151947 0.1244434043765068
-2.3863744735717773 1.113755702972412 -0.9296035766601562
0.4119996726512909 0.6781419515609741 -1.2052992582321167
-1.7360330820083618 0.5519749522209167 2.1412081718444824
0.9210299849510193 0.6664604544639587 0.05008038133382797
0.9210299849510193 0.7131935358047485 -0.1881064623594284
-1.5857337713241577 0.284606397151947 1.5615203380584717
-2.0133845806121826 0.284606397151947 0.981717050075531
0.4952879250049591 0.284606397151947 1.618204951286316
-2.3863744735717773 0.7409845590591431 0.7643980979919434
-0.855146050453186 0.7498397827148438 2.496223211288452
-0.5005059242248535 0.2845253050327301 2.6925244331359863
-0.8445541262626648 0.284606397151947 1.1951897144317627
0.49407169222831726 0.284606397151947 0.3646467328071594
-2.0535995960235596 0.6988936066627502 -0.644246518611908
-1.7793320417404175 0.7168720364570618 -1.2052985429763794
-2.3863744735717773 0.7247083783149719 -0.5109385251998901
-1.34100341796875 0.7342813611030579 2.1412081718444824
-2.3863744735717773 0.5439502596855164 0.1958257555961609
-1.3501759767532349 0.284606397151947 0.15462443232536316
-1.4141099452972412 0.8361802101135254 -1.205298662185669
-1.380030632019043 0.284606397151947 0.4173690676689148
-0.2970682978630066 0.6206128001213074 2.1412081718444824
-2.3863744735717773 0.8363502621650696 1.2018351554870605
-1.489713430404663 0.284606397151947 0.7748223543167114
-2.0783309936523438 0.9245072603225708 1.072275996208191
0.3539523780345917 0.284606397151947 1.7398656606674194
0.5575426816940308 0.9817931056022644 -1.2052992582321167
-1.5445737838745117 0.284606397151947 0.9770105481147766
-1.3999687433242798 0.8341082334518433 1.8628599643707275
-0.5298683643341064 0.284606397151947 1.7334107160568237
-2.0531742572784424 0.8494613766670227 -0.824821949005127
-2.373335123062134 1.2313545942306519 -1.2052984237670898
-1.0074360370635986 0.2894424498081207 3.499629259109497
-0.32458463311195374 0.284606397151947 3.9889936447143555
-1.163413643836975 0.8672101497650146 2.1412081718444824
-2.058351755142212 0.9146395325660706 1.5288912057876587
-1.8774163722991943 0.7067089080810547 1.8236327171325684
-1.6443196535110474 0.284606397151947 0.3731140196323395
0.6167035102844238 0.7720933556556702 2.1412081718444824
-0.35467350482940674 0.284606397151947 2.6932222843170166
0.918371856212616 1.1361401081085205 2.1412081718444824
0.3374019265174866 0.284606397151947 1.0590100288391113
-1.4467320442199707 0.284606397151947 -0.19502387940883636
0.44301217794418335 0.7829737663269043 2.1412081718444824
-0.5332829356193542 0.284606397151947 -0.36931872367858887
0.7031427025794983 0.284606397151947 0.9771777391433716
0.9210300445556641 0.670656681060791 1.399528980255127
-0.9001738429069519 1.110098958015442 2.1412081718444824
-2.3863744735717773 0.9457417130470276 1.6116065979003906
0.5457479357719421 0.9923256635665894 2.1412081718444824
-0.17620500922203064 0.284606397151947 1.6002304553985596
-0.7649009227752686 0.28708937764167786 3.8610198497772217
-0.2541603744029999 0.7141298055648804 -1.2052990198135376
0.9210300445556641 1.0015263557434082 1.6675070524215698
0.9210300445556641 0.6846954822540283 0.7431048154830933
0.9210300445556641 1.0427322387695312 2.141308307647705
0.9210299849510193 0.8762581944465637 0.1875399500131607
-2.3863744735717773 0.8692370057106018 0.09239888191223145
-0.29345741868019104 0.284606397151947 1.444349765777588
0.9210300445556641 0.6985254883766174 0.935936689376831
-0.015127248130738735 0.753254771232605 -1.2052991390228271
-1.8354374170303345 0.8952659964561462 -0.8761356472969055
0.9211299419403076 1.082942008972168 -1.2052992582321167
-0.12340385466814041 0.30544665455818176 2.9534730911254883
0.9210299849510193 0.7719668745994568 -0.3771309554576874
-2.386375665664673 0.9985089898109436 2.141308307647705
0.9210299849510193 0.7318585515022278 0.4806426167488098
-2.3863744735717773 0.8758373260498047 -0.6644549369812012
-2.130209445953369 1.184548020362854 -1.2052984237670898
0.9210300445556641 0.9329159259796143 1.1756572723388672
0.9210301041603088 1.2314895391464233 2.1119306087493896
0.515731930732727 0.7944004535675049 1.8010934591293335
-1.6382253170013428 0.8094839453697205 -1.2052985429763794
-0.7797624468803406 0.7474503517150879 -1.205298900604248
-2.3863744735717773 0.7553150057792664 0.24297864735126495
0.43550851941108704 0.7907275557518005 -0.8966335654258728
-0.14492326974868774 0.8882579207420349 -1.2052990198135376
-1.878807783126831 0.9307531118392944 -1.2052985429763794
-2.3863744735717773 0.8495088219642639 0.40277066826820374
-2.177952527999878 1.1659373044967651 2.1412081718444824
-1.4577265977859497 0.284606397151947 0.6047784090042114
-1.9056470394134521 0.6743083596229553 -0.8267288208007812
-1.8403701782226562 0.6432848572731018 -0.5773677229881287
0.2567613422870636 0.284606397151947 1.206808090209961
-0.9491006731987 0.284606397151947 1.3467155694961548
0.9210300445556641 0.7172765135765076 1.1475046873092651
0.2368379533290863 0.3049412965774536 3.2954158782958984
-1.4690403938293457 0.284606397151947 -0.006158801261335611
0.9210299253463745 0.7406476736068726 -0.5843256711959839
-2.3863744735717773 0.87223219871521 -0.3289835453033447
-0.8778170347213745 0.284606397151947 0.6651192307472229
-1.877277135848999 1.1581976413726807 -1.2052985429763794
-1.2741434574127197 0.284606397151947 -0.09466496855020523
-2.3863744735717773 0.9687400460243225 1.0796725749969482
0.9194992780685425 1.185163974761963 -1.2039272785186768
-1.2032504081726074 0.284606397151947 -0.6049373149871826
-1.0595057010650635 0.668882429599762 -1.2052987813949585
-2.3863744735717773 1.1360585689544678 -0.33734744787216187
-2.3863744735717773 1.1395262479782104 -0.7200531959533691
0.252715140581131 0.284606397151947 -0.4113290309906006
-2.3863744735717773 0.9894541501998901 -0.5212795734405518
-0.7471371293067932 1.0926001071929932 -0.9040847420692444
-0.4477805197238922 0.7995980381965637 -1.2052990198135376
-0.7546477317810059 0.30706435441970825 3.747220754623413
-1.9459373950958252 1.2047749757766724 -0.7705367207527161
0.9210300445556641 1.2357916831970215 1.890626072883606
-1.6238006353378296 0.9974319934844971 -1.205298662185669
-1.0671123266220093 0.284606397151947 0.4603484570980072
0.9210300445556641 1.108966588973999 1.4311808347702026
-2.3863744735717773 1.0428376197814941 -0.05080803111195564
0.26025721430778503 0.284606397151947 -0.06509794294834137
-0.37014445662498474 0.284606397151947 -0.5610722303390503
0.9210299253463745 0.8433238863945007 -0.7870957255363464
-1.5582600831985474 0.284606397151947 -0.3296971619129181
0.9210300445556641 0.8939691781997681 0.9752554297447205
0.03511250019073486 0.3029007613658905 3.7864582538604736
-1.0147390365600586 0.284606397151947 -0.6119208931922913
0.9150308966636658 1.2414449453353882 -0.9126030802726746
-0.07654661685228348 0.284606397151947 -0.8757918477058411
-2.3863744735717773 1.1826359033584595 1.3245761394500732
-2.3830573558807373 1.3119713068008423 -0.9058008790016174
0.15306085348129272 0.4007899761199951 2.879227638244629
-1.1072893142700195 0.284606397151947 1.1488807201385498
0.17268188297748566 0.284606397151947 3.4438273906707764
-0.9348509311676025 0.8385487198829651 -1.2052987813949585
0.5862215161323547 0.9251609444618225 -0.7790400385856628
0.9210300445556641 0.8444576859474182 1.5582071542739868
0.9210299849510193 0.8765331506729126 -0.07076419144868851
0.5221015810966492 1.2421640157699585 2.097907543182373
0.3215053379535675 0.284606397151947 -0.757620096206665
-0.7925378680229187 0.284606397151947 -0.6667810082435608
-1.198119044303894 0.8070106506347656 -1.2052987813949585
0.43473508954048157 1.2179901599884033 -1.200671911239624
-2.052866220474243 0.9439561367034912 -0.5866522789001465
-0.9020580649375916 0.284606397151947 -0.14229470491409302
-1.1123340129852295 0.284606397151947 -0.4299287497997284
-1.573203444480896 0.9249585866928101 -0.8690486550331116
-0.049127526581287384 0.843214213848114 2.565103530883789
-0.0888911709189415 0.2990041971206665 3.8412060737609863
-0.7308683395385742 0.284606397151947 -0.30834975838661194
-2.3863744735717773 1.2147789001464844 1.1547809839248657
0.9210300445556641 0.969768762588501 0.7783138751983643
-0.057116247713565826 0.284606397151947 0.5827447772026062
-0.3342803418636322 0.284606397151947 -0.3623464107513428
0.30930402874946594 0.9136747717857361 2.105365753173828
-1.5774028301239014 1.3826814889907837 -1.0261261463165283
0.22171631455421448 0.3511161208152771 3.1435818672180176
-1.0678950548171997 0.8317761421203613 -0.9161654710769653
-2.3863744735717773 0.9546894431114197 0.86124587059021
-2.1989974975585938 1.3098962306976318 2.106781244277954
-2.0620670318603516 0.7838685512542725 1.2802886962890625
-2.086568593978882 0.9308592677116394 0.6375225782394409
-1.4830386638641357 0.8509305715560913 2.1412081718444824
0.017706703394651413 1.1559568643569946 -1.203589916229248
-2.3768696784973145 1.242505669593811 1.7320795059204102
-1.3040587902069092 0.284606397151947 1.1052416563034058
-1.3980351686477661 1.1281564235687256 -1.205298662185669
-1.8199788331985474 0.661849856376648 1.6295065879821777
-0.28232046961784363 0.8985101580619812 -0.9562917947769165
0.25046056509017944 0.7788375020027161 -1.2052991390228271
-1.700736403465271 0.7172402739524841 -0.7638936638832092
-1.9561052322387695 1.1698991060256958 2.1412081718444824
-0.8211112022399902 0.29062139987945557 2.6925244331359863
-2.3863744735717773 1.1020325422286987 0.438260555267334
0.6844763159751892 0.284606397151947 0.2792479991912842
0.9210299253463745 1.0107407569885254 -0.7610778212547302
-0.6673609614372253 0.9182133078575134 -1.205298900604248
-1.9991670846939087 0.6587671637535095 1.0244157314300537
-2.045619010925293 0.704039454460144 -0.10266704857349396
-1.587537169456482 1.0703909397125244 2.1412081718444824
-1.7261648178100586 0.8787686228752136 1.833648920059204
0.9210299849510193 1.1470285654067993 0.442789226770401
0.92094486951828 1.3023971319198608 -1.1931133270263672
-2.0154359340667725 0.7054520845413208 0.18715013563632965
-2.3863744735717773 1.227121353149414 1.9889129400253296
0.09824974089860916 0.9147681593894958 -1.2052991390228271
-1.176307201385498 1.3720266819000244 -1.1244815587997437
0.9210299849510193 1.1321462392807007 -0.27431628108024597
-1.7834776639938354 1.1664284467697144 2.1412081718444824
-1.1035141944885254 0.284606397151947 3.3844075202941895
0.27980709075927734 0.284606397151947 1.4058836698532104
-2.377804756164551 1.2468127012252808 -0.15471327304840088
0.35603564977645874 0.5967111587524414 -0.8080136179924011
-1.5768918991088867 0.6948233842849731 1.6961805820465088
-2.045955181121826 0.7072148323059082 1.6462522745132446
-1.3538661003112793 0.284606397151947 0.8823649287223816
-2.0549697875976562 0.7314230799674988 0.7834272980690002
0.3336036205291748 0.284606397151947 -0.2389051467180252
0.3224155604839325 1.2917046546936035 1.9327856302261353
0.19032271206378937 1.1020036935806274 2.1412081718444824
-1.004144310951233 0.2957615554332733 2.780931234359741
0.8584997057914734 1.3246153593063354 -0.8271229267120361
-1.8262434005737305 0.9589027166366577 -0.5989629030227661
-2.2195167541503906 1.4021708965301514 -0.9013339281082153
-1.0152171850204468 0.3253284692764282 3.63535213470459
-1.9792612791061401 0.7389591336250305 -0.38248223066329956
-2.3863744735717773 0.9749504327774048 0.6501674056053162
0.7028695344924927 1.256857991218567 -1.2003381252288818
-0.19299259781837463 1.1358352899551392 -1.2052990198135376
-1.5201634168624878 1.2704635858535767 -1.1896333694458008
-1.2108758687973022 0.9996705055236816 -1.2052987813949585
0.9210299849510193 0.9225701093673706 -0.5410718321800232
-1.4552979469299316 0.7014245390892029 -0.8703797459602356
-1.9483814239501953 1.3382419347763062 1.9777507781982422
-2.117617130279541 0.872478723526001 0.34239599108695984
-2.3863744735717773 1.2067296504974365 1.533578872680664
-0.9622852802276611 1.0115506649017334 -1.2052987813949585
0.31118589639663696 0.9916418194770813 -1.2052992582321167
0.5292961597442627 1.1568529605865479 1.633679747581482
-1.152599811553955 0.284606397151947 1.6810648441314697
-0.39697104692459106 0.9724624156951904 -1.2052990198135376
0.440655916929245 0.284606397151947 0.8343712091445923
0.912360429763794 1.2113168239593506 -0.6669966578483582
-2.3759751319885254 1.2614753246307373 -0.5823256373405457
-0.8239811062812805 0.284606397151947 0.37753191590309143
-1.5165045261383057 1.237892508506775 2.126297950744629
-2.3863744735717773 1.2071990966796875 0.666246771812439
-2.3863744735717773 1.086438775062561 0.2257019579410553
-1.878913402557373 1.3886290788650513 -1.0866297483444214
-1.7317157983779907 1.2544865608215332 -1.2052985429763794
-2.218214273452759 1.400437355041504 -0.5790796279907227
0.5011009573936462 0.284606397151947 0.12582765519618988
-1.21470046043396 1.2459231615066528 -1.2040274143218994
0.564602255821228 0.6867868304252625 -0.7176088690757751
-0.1756727397441864 0.31004634499549866 3.9356329441070557
0.5173057913780212 0.284606397151947 1.034072756767273
-0.1604660302400589 0.284606397151947 -0.25274112820625305
-0.7968860864639282 1.1962312459945679 -1.205298900604248
0.6139432191848755 0.284606397151947 0.7941741943359375
-1.165273904800415 0.284606397151947 0.07667277753353119
-0.2602088451385498 0.284606397151947 1.1972441673278809
-0.40443187952041626 0.284606397151947 1.5989983081817627
-0.0164063461124897 1.3005640506744385 -1.1864264011383057
-1.0659538507461548 0.33395928144454956 3.103827953338623
-1.642171025276184 1.1882857084274292 -0.7193924188613892
-1.3562034368515015 0.6542288064956665 1.6901863813400269
-0.09909038990736008 0.284606397151947 1.229740023612976
-0.7884177565574646 0.284606397151947 1.0161707401275635
-2.2974863052368164 1.3562647104263306 1.4660091400146484
-0.6203035116195679 1.1804977655410767 -1.195813775062561
0.7124294638633728 1.2789894342422485 2.1130025386810303
-1.7128794193267822 1.3386456966400146 1.9894933700561523
0.2216341346502304 0.34659987688064575 3.0085301399230957
-0.6675394177436829 0.3339681625366211 3.965754508972168
-1.9960193634033203 0.6450706124305725 0.5016546249389648
-1.9963823556900024 1.429715633392334 -0.7356283664703369
-2.0915215015411377 1.4272327423095703 -0.28925246000289917
-1.872077226638794 0.7610750794410706 1.4638488292694092
-1.8908957242965698 1.4241093397140503 -0.48100745677948
0.22941823303699493 1.2220263481140137 -1.1944975852966309
0.9210299849510193 1.1492125988006592 0.1673511564731598
-1.1078678369522095 1.1374634504318237 2.1412081718444824
-1.8505356311798096 0.6981016397476196 -0.2578273415565491
0.9139747619628906 1.1967594623565674 0.9651021361351013
0.9210300445556641 1.2065266370773315 1.2658206224441528
0.61167311668396 1.3235524892807007 -1.1626129150390625
-2.362651824951172 1.332478404045105 0.7195364832878113
-1.9519116878509521 1.3599761724472046 1.6759918928146362
-1.3132295608520508 0.9115622043609619 -0.8686267137527466
0.6022325754165649 0.8323311805725098 -0.5607331395149231
0.9129815101623535 1.2519968748092651 1.5396099090576172
0.12985669076442719 0.30136358737945557 3.6774919033050537
0.23077844083309174 0.745413064956665 1.8745782375335693
0.3283259868621826 1.0360443592071533 -0.8268822431564331
-0.835259199142456 0.7700253129005432 2.5840466022491455
-0.4372766613960266 1.2391737699508667 -1.1947463750839233
0.9210300445556641 1.1708351373672485 0.6414424777030945
-0.5091535449028015 0.33797627687454224 4.001047611236572
-0.9796195030212402 0.4523124396800995 3.122112274169922
0.06774169206619263 0.8461724519729614 -0.8878351449966431
0.9210299849510193 1.1612155437469482 -0.05635780841112137
-2.3863744735717773 1.2595957517623901 0.10335572063922882
0.18827137351036072 0.3986778259277344 3.5636098384857178
-1.8517934083938599 0.8671684861183167 1.0383225679397583
-0.6960312724113464 0.6871415376663208 -0.8848469257354736
-2.377227306365967 1.1994737386703491 0.9394111633300781
-2.344770908355713 1.3300621509552002 -0.344143807888031
-1.235434889793396 1.2342405319213867 2.1227328777313232
-1.8232885599136353 1.0440852642059326 1.623975157737732
-1.9660216569900513 1.0195597410202026 0.8578999042510986
-0.5292443037033081 0.284606397151947 1.4816508293151855
-2.1344780921936035 1.3917078971862793 1.2706817388534546
-0.9274027943611145 0.36654582619667053 3.7637710571289062
0.9195731282234192 1.2169790267944336 0.8003330826759338
-1.0979297161102295 0.284606397151947 -0.15586623549461365
-0.5813765525817871 0.284606397151947 0.3320159316062927
-0.9996663928031921 0.3707112967967987 2.89878249168396
0.11379557102918625 0.284606397151947 0.947669506072998
-0.7207790017127991 0.284606397151947 -0.07416575402021408
-1.3658374547958374 1.336594820022583 1.927123785018921
0.913632333278656 1.23227059841156 1.7084946632385254
-0.4369596838951111 0.3538910448551178 3.878192901611328
0.05518973991274834 0.284606397151947 1.1159744262695312
0.677593469619751 1.338036298751831 -0.5874578356742859
-0.013053172267973423 0.7847853899002075 2.2107503414154053
-0.6367321610450745 0.284606397151947 -0.5471517443656921
0.9129460453987122 1.2406762838363647 -0.5013593435287476
-2.313610076904297 1.3625868558883667 1.0115512609481812
-0.27872201800346375 0.3044387698173523 3.6896090507507324
-0.8361856341362 0.8291792869567871 2.6665382385253906
-0.21425071358680725 1.2730402946472168 -0.8095612525939941
-1.6686618328094482 1.3537272214889526 1.7277084589004517
-2.3690226078033447 1.2944682836532593 0.39337727427482605
-0.782941997051239 0.42803260684013367 3.0201187133789062
0.21476982533931732 0.284606397151947 0.6857914328575134
-0.67720627784729 0.3838388919830322 3.5369744300842285
-1.8749245405197144 0.6577112078666687 1.235625982284546
-0.3179236352443695 0.5051449537277222 3.580077886581421
0.9210300445556641 0.8562060594558716 1.3517100811004639
-1.020180344581604 0.6584256291389465 -0.7935695052146912
-0.03928029164671898 1.0684634447097778 2.3741064071655273
-0.7503926157951355 0.284606397151947 0.1595335602760315
0.5078153610229492 1.335886001586914 -0.8860870003700256
-1.5528141260147095 0.6647143363952637 -0.5940574407577515
0.0895119309425354 0.3245048522949219 2.705045700073242
-0.5314880609512329 0.284606397151947 -0.15813879668712616
-1.0334641933441162 0.284606397151947 0.8228159546852112
-1.4559496641159058 1.1735111474990845 1.7442240715026855
-1.7451722621917725 1.4211006164550781 -0.7791702151298523
-0.7224106788635254 0.284606397151947 1.4094856977462769
-0.4571933150291443 0.3779834806919098 3.4231302738189697
-2.3198299407958984 1.4085067510604858 -0.039077289402484894
0.8585939407348633 1.3128383159637451 0.4280455708503723
-0.977744460105896 1.2820217609405518 -1.1875419616699219
-0.0358530655503273 0.3251839578151703 2.941802740097046
-0.285627543926239 0.284606397151947 0.841772735118866
-1.3481982946395874 1.3920047283172607 -0.8964225053787231
0.8855582475662231 0.9500264525413513 -0.2678627669811249
0.660434365272522 1.2500886917114258 1.3217130899429321
-1.9928576946258545 1.2062740325927734 -0.31034010648727417
-0.9839160442352295 1.2983893156051636 2.0450150966644287
-1.9220678806304932 1.0399672985076904 -0.060347966849803925
-1.7921537160873413 1.4606908559799194 -0.1532547026872635
0.26205068826675415 1.341357707977295 -1.1036468744277954
0.45595651865005493 0.284606397151947 0.6428541541099548
-0.9906919598579407 0.284606397151947 1.0190753936767578
-2.019223213195801 1.4053465127944946 0.9678060412406921
0.35345178842544556 0.284606397151947 0.31182217597961426
0.9158665537834167 1.2629427909851074 -0.2996487617492676
0.4265750050544739 0.6349055767059326 1.6911648511886597
0.009418516419827938 0.347957044839859 3.268186569213867
-0.08669423311948776 0.284606397151947 1.4438313245773315
-2.188189744949341 1.3493576049804688 1.74980628490448
-1.7807927131652832 1.369106650352478 1.499015212059021
-1.8074300289154053 0.974258303642273 1.3158155679702759
-1.280026912689209 0.6086352467536926 -0.7501713037490845
-0.2718204855918884 1.2970945835113525 -1.1943508386611938
-1.9231904745101929 1.1760315895080566 1.1217412948608398
-0.6936678290367126 0.3792773187160492 3.3391764163970947
-1.979399561882019 1.2419427633285522 1.422542691230774
0.9210299849510193 0.9169155359268188 0.4294108748435974
0.9210300445556641 1.193716287612915 1.1131017208099365
-2.0316433906555176 1.2293497323989868 0.40336689352989197
-0.5854646563529968 0.7805852293968201 2.8036255836486816
-0.3350485563278198 0.6904956698417664 -0.8517284393310547
-0.5573137998580933 0.284606397151947 1.0855469703674316
0.5487557649612427 0.9708154797554016 1.3579096794128418
0.6570028066635132 1.3194694519042969 1.8155403137207031
0.5933692455291748 0.7398971319198608 1.6148521900177002
-0.14043410122394562 0.284606397151947 0.394279420375824
0.32510679960250854 0.284606397151947 0.11108851432800293
0.43751901388168335 1.338208794593811 1.097080111503601
0.4660566449165344 1.2553131580352783 -0.6046966314315796
-0.595666229724884 0.3342641592025757 3.2152249813079834
-0.42560234665870667 0.5264526009559631 3.0997071266174316
-1.1108205318450928 0.34494420886039734 3.3124043941497803
-0.2944863736629486 1.031063199043274 2.4199717044830322
-0.9538945555686951 0.284606397151947 -0.32357367873191833
0.027079114690423012 1.222244381904602 2.131629467010498
-1.26847505569458 0.284606397151947 0.594413161277771
0.8657547831535339 1.2404119968414307 0.2722611427307129
0.47401130199432373 1.3131426572799683 1.5951437950134277
-0.1510116010904312 0.32372140884399414 3.4004437923431396
-0.1833447366952896 0.284606397151947 -0.5301349759101868
-0.5586032271385193 1.3607254028320312 -1.1335029602050781
0.9026169180870056 0.8520580530166626 0.6553769111633301
0.27827000617980957 0.9773427844047546 1.7413510084152222
-1.8773072957992554 0.6679604649543762 0.01838763803243637
-0.006561351474374533 0.284606397151947 -0.1270143985748291
-0.11121533811092377 0.5332460403442383 2.8220694065093994
0.09222272038459778 0.284606397151947 1.3200796842575073
-0.08347874879837036 1.0509706735610962 2.127256155014038
-0.36817091703414917 0.4531722962856293 3.249998092651367
-0.994388997554779 0.284606397151947 0.24379931390285492
-0.006408534478396177 0.284606397151947 0.7945662140846252
-0.8939700126647949 0.8219618797302246 2.0303077697753906
0.2566052973270416 1.3791344165802002 -0.3884792923927307
-0.8264221549034119 1.3938562870025635 -1.0342075824737549
-1.5597858428955078 0.9422677755355835 1.6057486534118652
0.2781558632850647 0.7564780116081238 -0.7171109914779663
0.43916162848472595 0.9330307841300964 1.5681893825531006
-0.26064541935920715 0.5246538519859314 3.270838737487793
-1.6024260520935059 0.6946971416473389 1.4237475395202637
-0.5740949511528015 0.284606397151947 0.07362309843301773
-0.5553741455078125 0.8651227951049805 -0.8703535199165344
-1.6312952041625977 0.6100859045982361 -0.2535363733768463
-1.023056983947754 1.4408705234527588 -0.8058831095695496
-0.33850181102752686 0.8221775889396667 2.704824686050415
-1.7326633930206299 1.2027872800827026 -0.4352133274078369
-0.6298108100891113 0.284606397151947 1.236912488937378
-0.04349245876073837 0.6126697063446045 -0.8005902767181396
-1.1618255376815796 0.7667379379272461 1.8472779989242554
0.5650145411491394 0.9303046464920044 -0.3270301818847656
-1.9080809354782104 0.9595686197280884 0.40906307101249695
-1.8761059045791626 0.7466626167297363 0.701097846031189
0.03567788004875183 1.4087661504745483 -0.7539800405502319
0.3105767071247101 1.372521162033081 -0.7133487462997437
-0.08871537446975708 1.346705675125122 1.351060390472412
-0.8565605282783508 1.4119774103164673 -0.3709660470485687
-1.346535086631775 1.194700837135315 -0.7264915108680725
-0.3843756318092346 1.3124942779541016 1.6910593509674072
-1.5424273014068604 1.43941330909729 -0.656351625919342
-0.4401853084564209 1.4337406158447266 -0.6266148686408997
-1.510162353515625 0.946556806564331 -0.6185723543167114
0.22758342325687408 1.3484108448028564 1.2165358066558838
-0.8505287766456604 1.4316601753234863 1.3677129745483398
-0.13531465828418732 0.9009292721748352 -0.8059087991714478
-2.0138509273529053 1.4431806802749634 -0.04905853420495987
-0.2795772850513458 1.4052397012710571 -0.8810021877288818
-1.6015489101409912 1.4819730520248413 -0.3359648287296295
-1.1924940347671509 1.461824655532837 -0.6148298382759094
0.7863191962242126 0.879136323928833 0.035566482692956924
-0.11637438833713531 1.4093279838562012 -0.5026714205741882
-1.0524924993515015 1.1677608489990234 -0.8380631804466248
0.6331537365913391 1.3347526788711548 0.6333175897598267
0.6502306461334229 1.3125977516174316 -0.12794137001037598
-1.3907155990600586 1.4884698390960693 -0.43292418122291565
0.3762088119983673 1.3384485244750977 0.8693558573722839
-1.4608688354492188 1.4531744718551636 -0.05462881177663803
-1.799530029296875 0.9656672477722168 -0.27501651644706726
0.9066956639289856 1.2931530475616455 0.05171758309006691
-1.760299563407898 0.7681687474250793 0.9175570011138916
0.4373093545436859 0.6253085136413574 -0.5270170569419861
0.6195594668388367 1.2846136093139648 0.8778084516525269
-0.4713441729545593 0.7102271318435669 2.8103487491607666
-0.6207830309867859 1.1917004585266113 2.210944890975952
-0.8965564966201782 0.911825954914093 -0.7682180404663086
-1.568282961845398 1.4414355754852295 0.6677578687667847
-1.0628937482833862 1.394659399986267 1.409321904182434
-1.2393149137496948 1.406628131866455 1.2241029739379883
-1.416248083114624 1.3631134033203125 1.6428183317184448
0.5345186591148376 1.3548189401626587 -0.36681005358695984
-0.6554359793663025 1.3370879888534546 1.7977646589279175
-1.5169813632965088 1.3787990808486938 0.3793322741985321
-0.3309188783168793 0.284606397151947 1.037453532218933
-1.1056945323944092 0.284606397151947 0.6581233739852905
-0.013799735344946384 0.733563244342804 1.7966688871383667
-1.56669020652771 1.456283450126648 1.1750229597091675
-1.228542685508728 1.3723764419555664 1.0415239334106445
-1.3743594884872437 1.2376619577407837 0.9719233512878418
-1.2230217456817627 1.4452590942382812 -0.21680781245231628
-2.11287522315979 1.409765601158142 0.7312894463539124
0.5126272439956665 0.6561136245727539 1.406320333480835
-1.5412770509719849 1.4061146974563599 1.404421329498291
-1.8777626752853394 1.4144049882888794 1.2305344343185425
-0.9742451906204224 0.7089819312095642 1.7876638174057007
-0.14986036717891693 0.284606397151947 0.01787116378545761
-1.4968425035476685 1.316767930984497 0.6966711282730103
-1.8534069061279297 0.7570936679840088 0.30825647711753845
-0.6572794914245605 1.392764925956726 -0.4187563955783844
-1.8486225605010986 1.2481807470321655 0.23934346437454224
-1.2811397314071655 0.8188218474388123 -0.6471729874610901
-1.415489912033081 1.3637398481369019 0.10087881982326508
-0.9755116105079651 1.3395663499832153 1.784897804260254
-0.17271289229393005 0.7825172543525696 2.137162923812866
-1.8496333360671997 1.176332712173462 0.717901349067688
-1.3877289295196533 0.8492922186851501 1.5104167461395264
-1.102853536605835 1.3682767152786255 -0.27530211210250854
-1.6054515838623047 1.2336598634719849 -0.17055097222328186
-0.21670085191726685 0.284606397151947 0.6694846153259277
-0.5552389621734619 0.9859971404075623 2.534830331802368
0.5931019186973572 0.8031017184257507 -0.17869830131530762
-0.5503789186477661 0.284606397151947 0.8412806391716003
-1.517733097076416 0.848659336566925 -0.36746519804000854
-1.6672799587249756 0.7926478385925293 1.194856882095337
-0.6337509751319885 0.8031395673751831 2.3277173042297363
-0.6891409158706665 1.4437663555145264 -0.7901965379714966
-0.8175583481788635 0.6812441349029541 -0.6960138082504272
-1.7034344673156738 0.8531619310379028 -0.07207025587558746
-0.48615872859954834 0.284606397151947 0.6557226777076721
0.06730125844478607 1.282440423965454 1.8220245838165283
-1.4974164962768555 1.137370228767395 1.3729314804077148
-1.1636974811553955 0.7873872518539429 1.6234709024429321
-0.7991580963134766 0.284606397151947 0.8260810375213623
0.10878892987966537 1.2732529640197754 -0.8011854290962219
-0.08395228534936905 1.2941187620162964 1.1080620288848877
-1.7499490976333618 0.6762040257453918 0.5219855308532715
0.28549250960350037 1.1883124113082886 0.5436806678771973
-0.20794332027435303 0.7924509048461914 2.7635228633880615
-0.610424280166626 0.6169142723083496 3.03963565826416
0.037737153470516205 1.2193636894226074 -0.5422952771186829
-0.4916495084762573 1.182497501373291 -0.7540401220321655
-0.9125152826309204 1.3475977182388306 -0.6110873818397522
-0.204616516828537 1.2747981548309326 1.8676502704620361
0.529266893863678 1.3635402917861938 0.1719731241464615
-1.1806460618972778 1.0170254707336426 1.729048728942871
-1.643602967262268 1.2644850015640259 1.0390236377716064
-0.4564920961856842 0.7053358554840088 1.890132188796997
0.3728097677230835 0.9442747235298157 -0.6025603413581848
-1.693737268447876 0.7444223165512085 0.12887042760849
-0.27348390221595764 1.3422188758850098 1.2540565729141235
-1.2035958766937256 1.4055484533309937 1.6494460105895996
0.40331462025642395 1.2337559461593628 -0.16581805050373077
0.2794395685195923 1.3176735639572144 1.5737947225570679
-0.7846494913101196 1.282682180404663 2.104217529296875
0.631851315498352 0.905598521232605 1.136312484741211
-0.24253298342227936 1.071216344833374 1.9676457643508911
-1.3926584720611572 1.0494765043258667 -0.39399397373199463
-0.5384848713874817 1.0574729442596436 2.347482442855835
0.3590937554836273 1.204747200012207 1.1071873903274536
-0.7916359305381775 0.9446912407875061 1.9093748331069946
0.06317437440156937 0.8460002541542053 -0.6884083151817322
-1.356063961982727 0.6547262668609619 -0.3847407102584839
-0.6644641160964966 1.3602718114852905 1.4698814153671265
-1.7261327505111694 0.982437014579773 0.5383550524711609
-0.2996082901954651 0.7007408738136292 -0.6841636896133423
-1.5104776620864868 0.9813565611839294 1.0838757753372192
-0.8954400420188904 1.294215202331543 1.237289309501648
-1.6740607023239136 1.186537504196167 0.10984506458044052
0.13730323314666748 1.3568742275238037 1.4518728256225586
-0.4428289234638214 1.3694993257522583 1.4007538557052612
-0.4385761022567749 1.2352343797683716 2.02789306640625
0.5689584016799927 0.6585956811904907 0.0691714808344841
0.6619498133659363 0.7975967526435852 0.45369189977645874
-0.9357893466949463 1.2129446268081665 1.5947002172470093
0.5667601823806763 0.6415465474128723 1.1270568370819092
-0.6956051588058472 0.7414722442626953 1.8707664012908936
0.28852081298828125 0.284606397151947 0.8601421117782593
-1.1862127780914307 1.1932957172393799 1.3360415697097778
0.1894920915365219 0.284606397151947 0.28753817081451416
-0.4078223705291748 0.8317126631736755 2.223839282989502
-0.350648432970047 0.284606397151947 0.014754705131053925
-1.4458341598510742 0.7634689211845398 1.2493774890899658
-1.5454012155532837 0.6675628423690796 0.2806068956851959
0.20152029395103455 0.7608122229576111 1.6908445358276367
-1.0502896308898926 0.6234119534492493 -0.490180641412735
-0.5469844341278076 0.627605140209198 -0.6307441592216492
-0.88912034034729 0.6667929291725159 1.4447712898254395
0.43533891439437866 1.2001579999923706 0.10842467844486237
-0.15652626752853394 0.6489959359169006 1.676334023475647
-0.35667678713798523 0.284606397151947 0.32336845993995667
-1.2472220659255981 0.6997036933898926 1.4218401908874512
-1.0858092308044434 1.1316359043121338 -0.4919101893901825
0.06060512736439705 0.7168681621551514 -0.5553054213523865
0.49853527545928955 0.6406607031822205 -0.2833085358142853
-1.5488643646240234 0.9298864603042603 0.8008400797843933
-0.2174500972032547 0.7953819632530212 1.8218823671340942
-1.107947826385498 0.9093390107154846 -0.5974341630935669
-0.6923605799674988 1.1714386940002441 1.7193055152893066
0.2988910377025604 0.7385034561157227 1.4843437671661377
0.4900960922241211 0.6681277751922607 0.6770564913749695
-0.02977372705936432 1.2718995809555054 1.6573294401168823
0.5948578119277954 0.9357504844665527 0.8744709491729736
-1.6050570011138916 0.6797919273376465 0.7630783915519714
-0.844845712184906 0.7472419738769531 1.6699762344360352
-1.3811653852462769 0.570060133934021 0.07917187362909317
-0.24446183443069458 1.1166653633117676 1.6571104526519775
-0.48710259795188904 0.9654877185821533 1.8901423215866089
0.35149285197257996 1.0467424392700195 -0.3768981099128723
-1.5909124612808228 0.960446298122406 0.27876850962638855
-0.02997593581676483 0.284606397151947 0.22109052538871765
-1.4815044403076172 0.9669227004051208 -0.155958890914917
-1.4698021411895752 0.7267100214958191 1.0350687503814697
-1.644731879234314 1.4479707479476929 0.9224978685379028
-0.6361220479011536 0.9034093618392944 -0.6811168789863586
-1.727769374847412 1.434943675994873 0.36521297693252563
-2.122131824493408 1.4263042211532593 0.4707009792327881
0.3197758197784424 0.7079447507858276 -0.3355371952056885
-0.055122554302215576 0.597498893737793 1.2787177562713623
-0.3429640233516693 0.284606397151947 0.5013641715049744
-1.4044475555419922 0.6164985299110413 0.9048241972923279
0.6023197770118713 0.7260464429855347 0.8034494519233704
0.4054746627807617 0.786311686038971 1.2689498662948608
-1.2705979347229004 0.9983646273612976 1.1798768043518066
-1.86435866355896 1.428902506828308 0.6721702218055725
-0.5970385074615479 0.6957005262374878 1.6889796257019043
0.29154902696609497 1.4027044773101807 0.193812757730484
-1.9001038074493408 1.4456334114074707 0.16659194231033325
-1.1131210327148438 0.6706650853157043 0.8959237933158875
-0.7083523869514465 1.0163499116897583 1.4095295667648315
-0.48910269141197205 1.25442636013031 1.307914137840271
-0.5149049758911133 0.932155430316925 1.5824003219604492
0.029213637113571167 0.5759393572807312 1.0084774494171143
0.5703028440475464 0.908253014087677 0.2159396857023239
-2.2393057346343994 1.4111323356628418 0.21953824162483215
0.523508608341217 1.349934697151184 0.39523473381996155
-0.34083855152130127 0.7176584601402283 1.5857396125793457
0.050677768886089325 0.7267588973045349 1.5693237781524658
-0.6638005971908569 0.284606397151947 0.5627079010009766
-0.9951370358467102 0.9493091106414795 1.4821360111236572
0.43084755539894104 1.3403348922729492 0.5901222825050354
-0.20510020852088928 1.0203571319580078 -0.6383019685745239
-1.1488577127456665 0.7249282598495483 1.2722448110580444
-1.253265142440796 0.7418335676193237 0.36600491404533386
0.0386941023170948 1.405225157737732 -0.08436838537454605
-0.14086394011974335 1.3975845575332642 -0.20265831053256989
0.2734956443309784 1.3945001363754272 -0.12365654110908508
-0.8593129515647888 0.8100094199180603 -0.48122936487197876
-0.29884329438209534 1.4395673274993896 -0.32325971126556396
-1.2974351644515991 0.7350218296051025 -0.2191494107246399
-1.0956677198410034 0.7571761608123779 -0.09525351226329803
-1.0079989433288574 0.923458993434906 1.234282374382019
-0.37570810317993164 0.8356343507766724 -0.3735197186470032
-1.4350533485412598 0.819689154624939 0.014438971877098083
0.169178307056427 1.169950008392334 0.10122077167034149
-0.4240812361240387 1.3290948867797852 -0.3868613541126251
0.21916842460632324 1.272387981414795 0.8710594773292542
0.15056467056274414 1.056033968925476 1.4338972568511963
0.06652601808309555 1.1383854150772095 -0.23706452548503876
-1.5147663354873657 0.724294126033783 0.5097265243530273
-0.6760691404342651 1.1454041004180908 -0.5629308819770813
-0.014894403517246246 0.7719258069992065 1.3740952014923096
-0.9872094988822937 0.5580487847328186 -0.16510671377182007
-0.3119269907474518 0.3862227499485016 0.14812710881233215
-0.599456250667572 0.6544986963272095 1.353353500366211
-0.09661421179771423 0.648061215877533 -0.4618624448776245
-0.6968974471092224 0.8203467130661011 1.3969658613204956
-1.0544580221176147 0.6672006845474243 1.1420574188232422
-1.1377549171447754 0.9032331705093384 -0.33145347237586975
-1.2775051593780518 0.5513332486152649 0.6336849331855774
0.3785518705844879 0.6394818425178528 0.4735705852508545
-0.17095936834812164 1.1113046407699585 -0.24980080127716064
-0.7169144153594971 0.7624643445014954 -0.3300028443336487
-0.5494069457054138 0.3292705714702606 0.940327525138855
-0.18572750687599182 0.9328979253768921 -0.45155978202819824
-0.17729148268699646 1.0040619373321533 1.4615936279296875
-1.1150531768798828 0.6326588988304138 0.19880764186382294
0.11511355638504028 0.897584080696106 -0.3111336827278137
-0.6250821948051453 0.5371662974357605 -0.3240699768066406
0.19567278027534485 0.7967924475669861 1.1524348258972168
-0.8380192518234253 0.5573598146438599 1.1154918670654297
0.15671981871128082 0.8480846881866455 -0.1242956817150116
0.5188965201377869 0.9969052076339722 0.5482765436172485
0.378944456577301 0.6763032078742981 -0.00023197755217552185
0.340162068605423 0.9398643970489502 0.23565305769443512
0.07164063304662704 1.0701402425765991 1.1785460710525513
-0.31579071283340454 0.944438099861145 1.3013310432434082
0.3679518699645996 0.9126834869384766 0.7862951755523682
0.3607143759727478 0.6268137693405151 1.0408860445022583
0.4133646488189697 0.8823795914649963 1.0538828372955322
0.4178829789161682 0.9182873368263245 -0.06523138284683228
-0.14084592461585999 0.7287202477455139 -0.2902968227863312
-0.8368114829063416 0.5441545248031616 0.09625124931335449
0.06450594216585159 0.5986431837081909 -0.18708643317222595
0.23693709075450897 0.7621326446533203 0.8561224341392517
0.5039536952972412 0.6854396462440491 0.32843124866485596
-0.5397366285324097 0.8642662763595581 -0.4966592788696289
-0.8772562742233276 0.7081212997436523 0.5989823937416077
-0.5446879267692566 0.4755690395832062 0.533950686454773
-0.3751636743545532 0.7599196434020996 1.3699209690093994
-0.5305235981941223 0.5386098027229309 0.16038544476032257
-0.026163462549448013 0.8226581811904907 1.1375049352645874
0.09483494609594345 0.652315080165863 0.2290457934141159
-1.0333281755447388 0.47471287846565247 0.4505302608013153
0.34363794326782227 0.8432348966598511 0.49335187673568726
-0.006552182137966156 0.3843110501766205 0.21655619144439697
-0.8031938076019287 0.41118207573890686 0.5011084079742432
-0.3757685422897339 0.628339409828186 1.1950175762176514
0.20199424028396606 0.5550267696380615 0.6318438053131104
-0.44138550758361816 0.5388708710670471 -0.1705688089132309
0.0196172297000885 0.7781245708465576 0.018599536269903183
-0.21088209748268127 0.6706470847129822 -0.06350994855165482
-0.09920637309551239 0.5212895274162292 0.7145637273788452
0.2641330063343048 0.7445095777511597 0.15690037608146667
-1.2807040214538574 0.8641725182533264 0.14464782178401947
-0.3716162443161011 0.885391891002655 1.0119318962097168
-0.8416333198547363 0.7355186343193054 0.3206859230995178
-0.7130162715911865 0.6460241675376892 0.9525172710418701
-1.201485276222229 0.8345246911048889 0.836267352104187
-0.4305403530597687 0.7715604305267334 0.8073678612709045
-1.279466152191162 0.8236649036407471 0.5691624283790588
-0.16346322000026703 0.7477989196777344 0.332032173871994
0.07779109477996826 0.7173852324485779 0.7549901604652405
-0.6220486760139465 0.726938009262085 0.7020561099052429
-0.8354068398475647 0.8102641701698303 -0.19430850446224213
-0.2912914752960205 0.7104231715202332 1.0653538703918457
-0.5176848769187927 0.9648928046226501 -0.0037921927869319916
-1.4943560361862183 1.0956169366836548 0.6671853065490723
-0.35631197690963745 0.7508124709129333 0.20976370573043823
-0.5187957286834717 0.6756033897399902 0.4112832546234131
-1.284332036972046 1.179135799407959 -0.0965532660484314
-0.6901305913925171 1.0244182348251343 0.9110086560249329
-0.029307711869478226 0.646981954574585 0.4259284734725952
-0.5570997595787048 1.1528655290603638 -0.34584662318229675
-0.7888171672821045 0.8245421648025513 0.8452032804489136
-0.9578438401222229 1.201991081237793 -0.27153629064559937
-0.19604051113128662 0.7384028434753418 0.6192123293876648
-0.36697831749916077 0.598349392414093 0.6511145234107971
-0.010399196296930313 1.164315938949585 0.758985161781311
-0.14748352766036987 0.9455969333648682 0.14116062223911285
-0.7028759121894836 0.8624196648597717 1.2054128646850586
-0.4898339807987213 0.9952014088630676 0.616043746471405
-0.9689867496490479 1.0966312885284424 0.966819167137146
-1.4438058137893677 1.149100422859192 0.27586543560028076
-0.3450644314289093 0.8575804233551025 -0.1921018660068512
-0.7788164019584656 1.0051751136779785 0.6673352718353271
-0.8137357234954834 1.0635637044906616 -0.20613721013069153
-0.48256275057792664 1.06304132938385 0.9428493976593018
-1.0478087663650513 0.9316242337226868 0.9213588833808899
-1.3059000968933105 1.090806007385254 0.45384159684181213
-0.6504234671592712 0.7359881401062012 0.13062667846679688
-1.1064854860305786 0.977118730545044 0.07903160154819489
-0.4029526114463806 1.089591145515442 0.015496555715799332
-0.7251719832420349 1.0511893033981323 0.05583307892084122
0.04926534742116928 1.1581732034683228 0.37776893377304077
0.0373433493077755 0.998397707939148 0.5205056071281433
-0.09712791442871094 0.8772245645523071 0.8105299472808838
-0.2357521802186966 1.0469279289245605 0.4675178825855255
-0.25335079431533813 2.8294789791107178 0.5035510063171387
-0.5512065887451172 1.0314403772354126 0.3045670986175537
-1.2282040119171143 1.108235239982605 0.7029137015342712
-0.22469724714756012 1.1131163835525513 0.19008009135723114
-0.8863189220428467 1.0101734399795532 0.42393770813941956
0.041813988238573074 2.1975409984588623 0.4717353582382202
-0.7863368988037109 1.094300627708435 0.24664324522018433
-0.9614862203598022 1.0710804462432861 0.06784754991531372
-0.2511586844921112 1.1170859336853027 0.8281921148300171
-1.156630277633667 1.1377724409103394 0.2615100145339966
-1.0238865613937378 1.0453450679779053 0.5797421336174011
-0.25470641255378723 2.18269944190979 0.8556041717529297
-0.2890607416629791 2.2185258865356445 0.34617602825164795
-0.3292025625705719 2.129411220550537 0.6243040561676025
0.11440501362085342 2.341222047805786 0.35164570808410645
-0.5682935118675232 2.6863372325897217 0.266167551279068
-0.645156979560852 2.9082179069519043 0.6283016800880432
-0.12390897423028946 2.1476049423217773 0.7822290658950806
0.05910385772585869 2.304642677307129 0.903485894203186
0.037659902125597 2.1718554496765137 0.7190523743629456
0.16877463459968567 2.26963472366333 0.6452988386154175
-0.13753609359264374 2.127115488052368 0.49187803268432617
-0.4023646116256714 2.2423300743103027 0.924222469329834
-0.22311097383499146 2.3676185607910156 1.0579146146774292
-0.4831576347351074 2.213778018951416 0.5724639892578125
-0.1388619989156723 2.2968497276306152 0.25161468982696533
-0.6488309502601624 2.4377009868621826 0.48111316561698914
-0.5706552863121033 2.342036724090576 0.910612165927887
0.2623021602630615 2.424191474914551 0.6197317242622375
-0.48132383823394775 2.279682159423828 0.3696102797985077
-0.6073811054229736 2.2811787128448486 0.6760154962539673
-0.6949870586395264 2.481145143508911 0.8010492324829102
-0.23349246382713318 2.4671573638916016 0.16745825111865997
-0.0035059056244790554 2.5116472244262695 0.17172539234161377
-0.01552929449826479 2.435864210128784 1.0228965282440186
-0.47717753052711487 2.469254970550537 0.25185903906822205
0.27525246143341064 2.626681089401245 0.5354690551757812
-0.2895965874195099 2.696460247039795 1.084750771522522
0.005433563608676195 2.782090425491333 0.22210529446601868
-0.07245630770921707 2.9488441944122314 0.3529844284057617
-0.7078137397766113 2.663156270980835 0.4927569627761841
0.1830260157585144 2.5610809326171875 0.3173099160194397
-0.5390335917472839 2.7886478900909424 0.9413051009178162
0.15279966592788696 2.5731558799743652 0.89262455701828
-0.693146824836731 2.6802468299865723 0.8128454685211182
-0.31741663813591003 2.719974994659424 0.15704773366451263
0.6215835809707642 4.306676387786865 0.12264474481344223
-0.14556846022605896 3.0726072788238525 0.8780842423439026
-0.06766480952501297 2.7356061935424805 0.9662474989891052
0.2056141346693039 2.781365156173706 0.6631093621253967
-0.5574297904968262 3.1977715492248535 0.5664428472518921
-0.44330668449401855 2.4956071376800537 1.0560181140899658
0.03542919084429741 2.9203178882598877 0.7136971950531006
-0.4128345549106598 3.1328253746032715 0.3283291161060333
-0.5435675978660583 2.930988073348999 0.32016754150390625
-0.46544086933135986 3.473400354385376 0.5191283226013184
-0.9868025779724121 5.010732173919678 1.0313621759414673
-0.39261215925216675 2.9493050575256348 0.9289711117744446
-0.4665556252002716 3.1753995418548584 0.822894811630249
0.6544656753540039 4.346897602081299 0.16905130445957184
-0.2784002721309662 3.8658287525177 0.635286271572113
-0.034365296363830566 3.1359691619873047 0.40823790431022644
-0.5123836994171143 5.307088851928711 -0.4729706048965454
-0.28851523995399475 3.396331310272217 0.8504329919815063
0.5545481443405151 4.294691562652588 0.1725851148366928
-0.3702412545681 3.58967661857605 0.8905817270278931
-0.2672217786312103 3.432036876678467 0.45114317536354065
-0.11478299647569656 3.444391965866089 0.565435528755188
-0.5152639150619507 5.331995010375977 -0.29002076387405396
-0.21093501150608063 4.171144485473633 0.9206817746162415
0.49353721737861633 4.387643814086914 0.0844598039984703
-0.5118499994277954 3.5835323333740234 0.7178788781166077
-1.0351688861846924 4.964045524597168 1.1290897130966187
-0.7183619737625122 5.2278923988342285 -0.5206732749938965
-0.08062998205423355 3.245954990386963 0.7193812131881714
-0.4682757258415222 3.9726102352142334 0.9516075849533081
0.47077834606170654 4.473159313201904 0.0875733345746994
-0.8523160219192505 5.2356390953063965 -0.35896769165992737
-0.8920533061027527 5.330197334289551 -0.531696617603302
-0.5245099663734436 3.822338342666626 0.7586464285850525
-0.1728784292936325 3.7658982276916504 0.7688921093940735
-0.043826088309288025 5.844135761260986 0.7712709307670593
-1.036327600479126 4.991739749908447 1.072623610496521
-0.6579347252845764 5.210923194885254 -0.36199191212654114
-1.045419692993164 4.913984298706055 1.0564086437225342
-0.13415171205997467 5.659675598144531 0.8383157849311829
-0.3328757584095001 3.900106906890869 1.0176111459732056
-0.40411505103111267 5.609746932983398 0.5720977783203125
-0.23682020604610443 5.619748115539551 0.5155702233314514
-0.7331936359405518 5.440285682678223 -0.6424493193626404
-0.1737910509109497 3.920400619506836 0.940882682800293
-0.18164481222629547 5.5766706466674805 0.6725419759750366
-0.7821109890937805 5.263039588928223 -0.22181542217731476
-0.3284626603126526 4.152644157409668 1.0255262851715088
-0.9535521864891052 5.510041236877441 -0.47030407190322876
0.30003759264945984 6.867192268371582 0.25474345684051514
0.1908358931541443 6.557887554168701 0.30649831891059875
-0.5097035765647888 5.47754430770874 -0.5423699021339417
-0.5216487050056458 5.7194437980651855 0.6577680706977844
-0.6325430870056152 5.347954750061035 -0.16126127541065216
-0.6057611107826233 7.261125564575195 0.3056929111480713
0.39894118905067444 6.69320821762085 0.3381204307079315
-0.15276046097278595 5.719128608703613 0.47557616233825684
-0.40440523624420166 5.919958591461182 0.5095088481903076
-0.11861386150121689 5.918831825256348 0.4877781271934509
0.11331367492675781 6.614636421203613 0.27459222078323364
-0.37514790892601013 5.60098934173584 0.7657058835029602
-0.8938447833061218 5.4619221687316895 -0.2047300785779953
-1.1959611177444458 6.950724124908447 0.23771512508392334
-0.6926205158233643 6.776063919067383 0.5946018695831299
-0.29709547758102417 5.628945350646973 0.8892802000045776
-0.8792684078216553 6.69946813583374 0.3047497868537903
-0.24346081912517548 5.9948506355285645 0.8564121127128601
0.1696784496307373 6.549649715423584 0.1147480234503746
-0.48772668838500977 5.768707752227783 0.8617900013923645
-1.0249155759811401 6.847365856170654 0.6893555521965027
-0.6118852496147156 6.804708003997803 0.3920868933200836
-0.6120776534080505 6.887012004852295 0.6745398044586182
-0.9279931783676147 6.771328449249268 0.1971127837896347
0.46170419454574585 6.68684196472168 0.22418007254600525
-0.984567403793335 6.9010114669799805 0.12350273877382278
0.27493664622306824 6.514438152313232 0.2403648942708969
0.3367559015750885 6.528904914855957 0.15204332768917084
-1.2110222578048706 6.8964524269104 0.5220780372619629
-0.507168173789978 7.172260761260986 0.5570659041404724
-0.8025493621826172 6.717437744140625 0.43470579385757446
-1.082032561302185 6.759445667266846 0.37647584080696106
-0.6317377686500549 7.0384135246276855 0.20646359026432037
-1.1736578941345215 7.514434337615967 0.48834988474845886
-0.5181794762611389 7.082520961761475 0.408245325088501
-1.1696721315383911 7.192023754119873 0.1844293177127838
-1.1647560596466064 7.390623569488525 0.3211303949356079
-1.1995623111724854 7.230290412902832 0.3967374265193939
-0.9129504561424255 7.1875176429748535 0.7829580307006836
-1.1531691551208496 7.169336318969727 0.6261124610900879
-0.861354410648346 7.160060882568359 0.08875077217817307
-0.9142691493034363 6.731260299682617 0.5373291969299316
-0.9753483533859253 7.0502824783325195 0.761599063873291
0.12446893751621246 8.1467866897583 0.6290081143379211
-0.8975459933280945 7.5211262702941895 0.6414580941200256
-1.062031865119934 7.637938022613525 0.3523752689361572
-0.05277208983898163 8.1682767868042 0.40904751420021057
-0.7727602124214172 7.472706317901611 0.31178686022758484
0.09645228832960129 8.106508255004883 0.559426486492157
0.34021228551864624 8.2440824508667 0.6760244369506836
0.29653191566467285 8.183978080749512 0.4723537862300873
0.4191541075706482 8.350348472595215 0.36649781465530396
-0.9429789781570435 7.777928352355957 0.34029459953308105
-0.6147792339324951 7.170414447784424 0.6691591739654541
-0.6449440717697144 7.623183250427246 0.3866047263145447
0.09891532361507416 8.242206573486328 0.2484704703092575
0.25922971963882446 8.224656105041504 0.2996631860733032
-0.7898233532905579 7.478090763092041 0.6141118407249451
-0.604276716709137 8.088603973388672 0.3743124306201935
-0.05365302786231041 8.248051643371582 0.7144866585731506
0.21632497012615204 8.567706108093262 0.17593348026275635
-0.18457067012786865 8.336732864379883 0.4047059714794159
-0.5890517234802246 8.115255355834961 0.2541770040988922
-0.8278622031211853 8.06959342956543 0.3235293924808502
-0.7133745551109314 8.080524444580078 0.43421226739883423
0.17800885438919067 8.306512832641602 0.8254750967025757
0.3395828902721405 8.568026542663574 0.4508153200149536
0.19924309849739075 8.521306037902832 0.7945604920387268
-0.7137274146080017 8.374542236328125 0.4016152620315552
-0.05882475525140762 8.51904296875 0.711292564868927
-0.7513498663902283 8.187393188476562 0.08690473437309265
-0.08699500560760498 8.469796180725098 0.2832527756690979
-0.8788381814956665 8.26713752746582 0.22364290058612823
0.026901116594672203 9.022316932678223 0.20769870281219482
0.1314096450805664 9.075479507446289 0.18364951014518738
-0.07996848225593567 8.711444854736328 0.4616765081882477
-0.908380389213562 8.377541542053223 0.17051607370376587
-0.07907924056053162 9.222564697265625 1.2016993761062622
0.19849459826946259 9.296698570251465 1.2002463340759277
-0.15667299926280975 9.355183601379395 1.0077203512191772
-0.015600096434354782 8.67540168762207 0.6723203659057617
0.06371636688709259 9.261869430541992 1.3028932809829712
-0.05934963375329971 9.223103523254395 1.0747392177581787
-0.7719637155532837 8.517548561096191 0.15643450617790222
0.33109408617019653 8.62052059173584 0.26022398471832275
-0.9157633781433105 9.945276260375977 0.9319023489952087
0.1184559017419815 9.120553016662598 -0.054596222937107086
-0.555009663105011 8.3565034866333 0.0691835880279541
-0.04331984743475914 9.141203880310059 1.1450165510177612
-1.3499414920806885 9.528422355651855 -0.3092687129974365
-0.0008292980492115021 9.085050582885742 -0.04618256166577339
-0.7642793655395508 9.94063663482666 0.8777176737785339
0.07586436718702316 9.42878532409668 1.4161795377731323
0.11248348653316498 9.126781463623047 -0.16855397820472717
-0.004290115088224411 8.8748140335083 0.479365736246109
0.17891833186149597 9.310853004455566 -0.22505463659763336
0.4042157828807831 9.234761238098145 0.618186891078949
-0.8149443864822388 9.991567611694336 0.9844256639480591
0.2946373224258423 9.316062927246094 -0.2076602727174759
0.29612746834754944 9.363629341125488 1.0777822732925415
0.13831500709056854 9.523736000061035 0.9136056900024414
0.04520239681005478 9.309612274169922 -0.23697885870933533
-1.0408966541290283 10.049200057983398 0.718582272529602
-0.009061620570719242 9.623974800109863 1.2906486988067627
-0.7987845540046692 10.127894401550293 1.0726879835128784
-1.0794237852096558 9.904354095458984 0.7673740983009338
-1.2640483379364014 10.365023612976074 0.7621236443519592
-1.184006929397583 10.10159683227539 0.6310656070709229
0.1856599897146225 9.671161651611328 1.0305734872817993
0.4170614182949066 10.168922424316406 0.7275721430778503
0.35377776622772217 10.1402006149292 0.6286319494247437
-0.885633647441864 10.11446762084961 1.127264142036438
-1.1473309993743896 9.995766639709473 0.9511917233467102
-0.7984606027603149 10.286417961120605 0.5771476030349731
0.16195912659168243 10.330059051513672 0.6524679064750671
0.021572768688201904 9.640746116638184 1.0471657514572144
-1.1000287532806396 10.236175537109375 0.5750385522842407
0.18039844930171967 9.977010726928711 0.7272039651870728
-1.123255968093872 10.402617454528809 0.5063928365707397
-0.12834687530994415 10.4481840133667 -0.13332903385162354
-0.17119166254997253 10.620184898376465 -0.2432931810617447
0.1384023278951645 10.34252643585205 0.6433302760124207
0.01220215205103159 10.532598495483398 -0.22847279906272888
-0.7757574915885925 10.368993759155273 0.8757269382476807
-0.15358182787895203 10.477540969848633 -0.2585986256599426
-0.032629430294036865 10.506251335144043 -0.34403592348098755
-0.5879380106925964 10.516843795776367 1.0338375568389893
-1.2627993822097778 10.998639106750488 -0.2559400796890259
-1.206385612487793 10.537489891052246 0.7464142441749573
-0.9372696280479431 10.55918025970459 0.9187338352203369
-0.008619014173746109 10.826273918151855 1.2698029279708862
-0.15117217600345612 10.624821662902832 -0.0801130086183548
0.28041961789131165 10.400924682617188 0.6589829325675964
-0.576624870300293 10.735834121704102 1.1367114782333374
-0.8888869285583496 10.57349967956543 0.7869948148727417
-0.5739446878433228 10.724406242370605 1.1865234375
-0.19531545042991638 10.93519115447998 -0.050089653581380844
0.04134998470544815 10.700261116027832 -0.31743893027305603
-0.5231014490127563 10.822845458984375 1.2484155893325806
-0.16108737885951996 10.883550643920898 -0.12602710723876953
-1.152672290802002 10.846916198730469 0.6261827945709229
-0.11936049908399582 10.974865913391113 0.8103728294372559
-1.1544578075408936 10.827919006347656 0.7033740282058716
-1.2417356967926025 11.04385757446289 -0.32187050580978394
0.07157182693481445 10.935578346252441 -0.3026600182056427
-0.40073442459106445 11.070338249206543 0.45971593260765076
-1.227889060974121 11.10159683227539 -0.23703426122665405
-0.5376622080802917 11.112306594848633 1.1804970502853394
-0.32420051097869873 11.136913299560547 0.9250513315200806
-0.016809653490781784 11.122443199157715 0.597679615020752
-1.1908141374588013 11.23137092590332 0.33224406838417053
0.22542211413383484 11.200676918029785 0.5774632096290588
0.32570648193359375 11.282007217407227 0.6331517100334167
0.07237735390663147 11.284987449645996 0.5850408673286438
-0.6775956153869629 11.142431259155273 1.1864252090454102
-0.20019811391830444 11.2615327835083 0.30397406220436096
-0.595241129398346 11.321928977966309 -0.05473271384835243
0.4920460879802704 11.345186233520508 -0.13298335671424866
-0.10295359045267105 11.257040023803711 1.3003824949264526
-0.11632457375526428 11.390294075012207 0.09043844789266586
-0.31571581959724426 11.397830963134766 -0.015537278726696968
-1.2779422998428345 11.382758140563965 -0.03598250448703766
-0.8323363661766052 11.46159839630127 1.3559613227844238
-0.7412245273590088 11.431206703186035 1.3340134620666504
-1.044569492340088 11.456031799316406 0.7175382375717163
-1.0130572319030762 11.509998321533203 0.22437067329883575
-0.34826457500457764 11.472740173339844 -0.2727426588535309
-1.1243077516555786 11.528619766235352 1.2259809970855713
-0.414177805185318 11.50090217590332 0.6047530770301819
-1.1094905138015747 11.51556396484375 0.01705816388130188
0.3882802724838257 11.556915283203125 0.06803829222917557
0.1492719203233719 11.545095443725586 -0.03212287276983261
-0.9336473941802979 11.553694725036621 1.1876461505889893
-0.48104915022850037 11.572948455810547 0.40055885910987854
-0.7064799666404724 11.578391075134277 -0.413977712392807
