533
-2.1207275390625 0.4317408502101898 1.184952974319458
-2.1291441917419434 0.4048151671886444 -0.47148293256759644
-1.5992860794067383 0.7135540246963501 0.5824434161186218
0.4698088467121124 0.39872321486473083 -0.08311416953802109
-2.0024893283843994 0.3257397413253784 0.19254647195339203
-1.025121808052063 0.31605541706085205 -1.1889221668243408
-0.23295657336711884 0.284606397151947 0.6160191297531128
-1.926480770111084 0.42791780829429626 1.4822375774383545
-0.6549952030181885 0.305244505405426 -0.8892576694488525
-0.7075455784797668 0.38024404644966125 -1.1807730197906494
0.5822964906692505 0.46100345253944397 -0.7555827498435974
-2.131923198699951 0.5593691468238831 0.035626091063022614
-2.164874315261841 0.6296940445899963 0.4157116413116455
-2.218431234359741 0.3428204357624054 -0.19291159510612488
-1.2876520156860352 0.34889131784439087 1.730414867401123
-2.2497811317443848 0.28866127133369446 0.13348202407360077
-2.3514392375946045 0.3803914189338684 0.5611624121665955
0.36184731125831604 0.47266533970832825 -1.0673882961273193
-0.5783025622367859 0.29323288798332214 -1.1532422304153442
-1.9115874767303467 0.30678215622901917 1.033155083656311
0.06669852882623672 0.3286594748497009 1.8769910335540771
0.7870779633522034 0.38559582829475403 -0.4812799394130707
0.47210264205932617 0.47985684871673584 -0.3466056287288666
-2.3614776134490967 0.3608708381652832 0.29460468888282776
-1.0086742639541626 0.3215726613998413 1.2787773609161377
-0.4483605921268463 0.4215327501296997 -1.1776996850967407
-1.6825058460235596 0.3758830428123474 1.7498193979263306
-2.2783656120300293 0.3615332543849945 0.06270207464694977
0.7254312634468079 0.47147223353385925 -0.6264562606811523
-1.506990909576416 0.37849295139312744 1.201330542564392
-0.8223567605018616 0.28563371300697327 -1.1972229480743408
0.8225911259651184 0.3614997863769531 0.9764550924301147
0.512359082698822 0.6116869449615479 1.1306710243225098
-1.4772320985794067 0.5925602912902832 1.1524341106414795
-1.8341214656829834 0.657468318939209 1.086146593093872
-1.512601375579834 0.31423547863960266 1.7139546871185303
0.7243445515632629 0.3691067099571228 0.08933185040950775
-2.199359893798828 0.3539373576641083 -0.3215233087539673
0.5304021239280701 0.3458685278892517 -0.6407842636108398
-1.8886399269104004 0.2965735197067261 -0.5403723120689392
-1.4720476865768433 0.3286472260951996 1.8257763385772705
0.8119433522224426 0.3235698640346527 0.743571937084198
-0.9380063414573669 0.3189895749092102 -1.0085713863372803
0.2878405451774597 0.32810354232788086 1.1001306772232056
-0.39936041831970215 0.29259929060935974 -0.8347060680389404
0.05812308192253113 0.45286810398101807 -1.1584994792938232
-1.6701692342758179 0.627662181854248 1.3378841876983643
-2.022838830947876 0.32239633798599243 0.7223668694496155
-0.2811236083507538 0.308328777551651 -0.47947514057159424
-1.43056321144104 0.6790281534194946 -0.735528826713562
-1.831592082977295 0.4538328945636749 -0.8069807887077332
-0.8115712404251099 0.3301842510700226 -0.12000209838151932
-0.7454136610031128 0.2851276695728302 -0.6920442581176758
-1.786447286605835 0.3440585136413574 1.3123271465301514
-1.354884147644043 0.569987952709198 -0.4050355553627014
0.6691763997077942 0.2954254150390625 1.5447804927825928
-1.311100721359253 0.43164533376693726 0.9833973050117493
0.2624199390411377 0.2954537868499756 -0.7675183415412903
-1.1678128242492676 0.33891189098358154 -1.1950989961624146
-2.3568930625915527 0.3186284005641937 0.4439000189304352
-0.9358530640602112 0.33316320180892944 -0.46203163266181946
-0.06416592746973038 0.2886873781681061 -0.7830698490142822
-0.6730530261993408 0.4828244149684906 -0.7406741976737976
-1.4456431865692139 0.2946512699127197 -1.0536470413208008
-1.8258957862854004 0.31951287388801575 1.6375128030776978
-1.8852207660675049 0.31753110885620117 -0.7403064370155334
0.8640931844711304 0.5740452408790588 1.535422444343567
-2.117374897003174 0.41170307993888855 1.3585331439971924
-1.54422926902771 0.284606397151947 1.5211211442947388
0.8877808451652527 0.35573235154151917 0.9395852088928223
-0.20572426915168762 0.3495961129665375 1.9594272375106812
-1.968469500541687 0.31476160883903503 -0.10772126913070679
-0.01864636316895485 0.3371579945087433 -1.1066813468933105
0.33224549889564514 0.30976566672325134 1.6503158807754517
0.7927006483078003 0.4242612421512604 1.633450984954834
-2.220905065536499 0.40780988335609436 1.1992255449295044
0.83991938829422 0.5172780752182007 1.3375961780548096
0.4637761414051056 0.4935823678970337 1.3832051753997803
-0.9440953731536865 0.5484011173248291 -1.1695281267166138
-1.1622707843780518 0.336814820766449 -0.042671527713537216
0.7832005620002747 0.3000708818435669 1.0588746070861816
0.6395915150642395 0.3844391405582428 1.2035763263702393
-1.5222735404968262 0.2862674295902252 0.871886134147644
-1.9045815467834473 0.2951391041278839 0.4823472201824188
-0.8450484871864319 0.3366144895553589 1.9621632099151611
0.7771502733230591 0.31839418411254883 -0.37435707449913025
0.5743885040283203 0.5547139048576355 1.7332656383514404
-2.378309965133667 0.35926198959350586 0.6992283463478088
-1.2250885963439941 0.41050946712493896 -0.9628523588180542
-0.6880064010620117 0.3019789755344391 -0.39380425214767456
0.7490025162696838 0.6381624937057495 1.5471569299697876
-0.10497511923313141 0.33501726388931274 0.925383985042572
-0.3128739893436432 0.44033104181289673 2.0769712924957275
-0.11010580509901047 0.5961079001426697 -1.1861510276794434
-1.309292197227478 0.3527302145957947 -1.1288925409317017
-1.3477643728256226 0.3384626507759094 -0.7249271869659424
-2.0510098934173584 0.5598748922348022 0.6705796718597412
-0.7669197916984558 0.669134259223938 -0.6544116139411926
0.3142603635787964 0.3253103494644165 0.38471609354019165
-0.0705132782459259 0.5257030725479126 1.8853198289871216
-1.0268291234970093 0.39138907194137573 1.919760823249817
-1.0301921367645264 0.5815582871437073 -0.8824506998062134
-0.48874878883361816 0.6515137553215027 1.9699821472167969
-0.5775085091590881 0.47895148396492004 0.6825478672981262
-2.283036708831787 0.32791343331336975 1.0571080446243286
-0.4756053686141968 0.3520840108394623 2.014019250869751
0.34529367089271545 0.5096848011016846 0.6158531308174133
-1.9541345834732056 0.43387529253959656 1.5099024772644043
-1.7454845905303955 0.3855029344558716 0.9073106646537781
0.6358022689819336 0.4149555563926697 0.5292272567749023
-1.6930058002471924 0.29039403796195984 -0.9230197072029114
-1.9041285514831543 0.6362153887748718 0.7459604740142822
-0.4238700568675995 0.6832033395767212 -0.9319227933883667
-0.636094868183136 0.5242050886154175 2.04555082321167
0.4906512498855591 0.4828745424747467 1.6545943021774292
-2.383898973464966 0.4051114618778229 0.8415385484695435
-0.5314084887504578 0.33717724680900574 1.1775153875350952
-1.9227871894836426 0.5606966614723206 -0.3526400923728943
0.5224904417991638 0.3404134213924408 0.14834655821323395
-1.6934176683425903 0.4115627706050873 0.36094993352890015
-1.2507898807525635 0.3737882077693939 1.9162250757217407
-2.03163743019104 0.3086346685886383 -0.6251575350761414
-1.6421263217926025 0.3725186884403229 -0.9522451758384705
-2.3577752113342285 0.2890588045120239 0.914129376411438
0.24119797348976135 0.5477524399757385 0.32558831572532654
-0.1822417974472046 0.2861509621143341 1.7146563529968262
-0.7763342261314392 0.37445980310440063 1.5404640436172485
-1.0249271392822266 0.3490596413612366 -0.6799219846725464
-1.5735530853271484 0.3871820271015167 -0.45897161960601807
-1.576292634010315 0.3790682554244995 0.07635968923568726
-1.3297810554504395 0.5087727308273315 1.4527140855789185
-0.4714929759502411 0.5908326506614685 -0.7051867246627808
-1.5617845058441162 0.5288412570953369 -0.8595452308654785
0.04099258780479431 0.44705232977867126 -0.4210076332092285
0.2567276358604431 0.4323981702327728 1.8604768514633179
0.37754160165786743 0.4018605351448059 -0.10186444222927094
-1.0630203485488892 0.33187317848205566 1.6533162593841553
-0.973345935344696 0.5124756097793579 -0.5003474950790405
-1.2391494512557983 0.6528178453445435 1.6686657667160034
-0.14986547827720642 0.6730638146400452 -0.8392633199691772
0.5320687890052795 0.6339999437332153 0.8286463618278503
0.6017364263534546 0.6456305980682373 0.3026517629623413
0.25986582040786743 0.5254388451576233 -0.7157392501831055
-1.0963183641433716 0.35822752118110657 0.6226933002471924
0.5683560371398926 0.7109695076942444 0.14690306782722473
0.06484739482402802 0.6105759739875793 -1.1696233749389648
-0.4920312762260437 0.5739344954490662 -1.1243008375167847
-0.16602355241775513 0.5142972469329834 1.9546576738357544
-0.315504252910614 0.4062473773956299 -1.1293166875839233
0.4122179448604584 0.3143294155597687 -0.8778505325317383
0.43524011969566345 0.35827386379241943 -0.5242469310760498
-0.340542197227478 0.44669345021247864 1.6219898462295532
0.6591572165489197 0.7751806378364563 0.4089541435241699
-0.7297684550285339 0.360323041677475 1.794333815574646
0.17717315256595612 0.3518272042274475 1.7183958292007446
0.40431541204452515 0.29431578516960144 0.7433109879493713
0.09720142930746078 0.3401768207550049 -1.173517107963562
-0.7278255224227905 0.5615876317024231 1.1303044557571411
-0.5490192174911499 0.8230757117271423 -0.5083498954772949
0.6700377464294434 0.36989641189575195 0.6719028353691101
-0.10644681006669998 0.5419445633888245 1.2108088731765747
-0.8447030186653137 0.46380558609962463 1.8444111347198486
-0.4436880052089691 0.5619421601295471 -0.5074151754379272
0.30957621335983276 0.3653896749019623 -1.087890863418579
0.29264146089553833 0.47628897428512573 1.339203119277954
-0.3694896697998047 0.47548606991767883 1.2227779626846313
-0.5618324875831604 0.528076171875 1.6931365728378296
0.15854845941066742 0.39114663004875183 -0.4492686688899994
0.41096043586730957 0.40590906143188477 0.3115161061286926
0.5388973355293274 0.2961943447589874 -0.049114033579826355
0.038634978234767914 0.690268874168396 -0.4413430392742157
-0.015368795022368431 0.36660778522491455 0.4194651246070862
-0.7510582804679871 0.6554110646247864 1.9540990591049194
-0.11589919775724411 0.3829510807991028 1.5633728504180908
0.7558889389038086 0.3572006821632385 0.1290459781885147
0.6645998954772949 0.6956965327262878 0.5723559260368347
0.007902107201516628 0.34543246030807495 -0.6498890519142151
0.7657612562179565 0.38843265175819397 -0.2792559564113617
-0.9355915784835815 0.30076271295547485 0.24189859628677368
-1.8894312381744385 0.7006255388259888 0.5068546533584595
0.752650260925293 0.4406377077102661 -0.11828499287366867
0.07716665416955948 0.33347201347351074 0.1983276903629303
0.46166712045669556 0.38333871960639954 0.9379594326019287
0.32440048456192017 0.7400127649307251 1.138317584991455
-0.2642524242401123 0.3071400225162506 -0.27155110239982605
-0.8045583367347717 0.8214714527130127 -0.14907275140285492
-0.51187664270401 0.32729363441467285 -0.47048988938331604
0.0046656131744384766 0.3613073229789734 0.9539551138877869
0.10261283814907074 0.4088302254676819 1.4714010953903198
0.4891818165779114 0.3494320213794708 -0.38678064942359924
0.8348513245582581 0.4920056462287903 0.5873090624809265
-0.2371416538953781 0.5092501044273376 -0.7127901315689087
-0.12948712706565857 0.3939165472984314 -0.5542709231376648
0.2544892430305481 0.36276939511299133 -0.3044593036174774
-0.602827787399292 0.3990499973297119 -0.166155144572258
-1.2344964742660522 0.660358726978302 0.2908279299736023
-1.2091848850250244 0.6903257369995117 0.683201014995575
-0.431244432926178 0.8446875810623169 1.2390316724777222
-1.4937301874160767 0.710239589214325 0.9738707542419434
0.24261610209941864 0.5699586272239685 1.0196290016174316
-1.8924596309661865 0.5718873739242554 0.17548593878746033
-1.6853433847427368 0.39877772331237793 -0.16952118277549744
0.10662034153938293 0.4759093225002289 0.6819710731506348
-0.11521260440349579 0.45070838928222656 -0.07385551929473877
-1.1407852172851562 0.3561411201953888 1.1556072235107422
-0.8989601135253906 0.5810081958770752 1.5014405250549316
-0.879355788230896 0.3509237766265869 0.5940741896629333
0.039918288588523865 0.7578504085540771 1.3612228631973267
0.0725962445139885 0.5628914833068848 1.2671594619750977
-0.9709985256195068 0.4843141436576843 1.1620770692825317
-1.3452222347259521 0.5223546028137207 0.5556043386459351
-0.18577611446380615 0.40256401896476746 0.10334135591983795
-0.5360102653503418 0.7442148923873901 1.4393445253372192
-1.1566466093063354 0.41517528891563416 -0.37666937708854675
-1.65109121799469 0.5727947950363159 -0.4603343904018402
-0.6321752667427063 0.6066789031028748 0.9605985879898071
-0.5468728542327881 0.4560726583003998 0.4406736195087433
-0.8833790421485901 0.4074934124946594 0.045231595635414124
-0.061695169657468796 0.7227994203567505 -0.23135632276535034
-0.5510334968566895 0.46846282482147217 0.893639087677002
-0.8356586694717407 0.36337265372276306 0.9022685289382935
-0.847253680229187 0.41891348361968994 0.18447178602218628
-0.4265722930431366 0.6681933999061584 -0.30302950739860535
-0.9432892799377441 0.5466365814208984 0.432693749666214
-0.30028674006462097 0.5926769971847534 -0.0966716930270195
-1.4122965335845947 0.32427889108657837 -0.0497342050075531
-0.7303625345230103 0.5859646797180176 -0.05892416834831238
-0.8228655457496643 0.3381279706954956 0.5545681715011597
-1.0871940851211548 0.3824275732040405 0.2746477425098419
-1.0135650634765625 0.36316537857055664 -0.20751918852329254
-0.1858351081609726 0.45252177119255066 1.3005623817443848
0.08673566579818726 0.516922652721405 -0.2746806740760803
-0.4794073700904846 0.3727710247039795 0.3255437910556793
0.2807689309120178 0.5842054486274719 -0.08886291086673737
-1.021295189857483 0.6641820669174194 0.8914651870727539
-0.976197361946106 0.8459550738334656 0.3522303104400635
0.09690983593463898 0.5041499137878418 -0.08575886487960815
0.04705126956105232 0.5543286204338074 0.27494287490844727
-0.1903238296508789 0.7242392301559448 1.0283335447311401
0.4187757670879364 0.7700825333595276 0.6534096598625183
-0.1231544017791748 0.41218554973602295 0.5744741559028625
-0.5668322443962097 0.29961061477661133 -0.0074839238077402115
-0.3001791536808014 0.5269257426261902 0.2051512897014618
-0.7378264665603638 1.0511236190795898 1.5116212368011475
-0.34344980120658875 0.6798002123832703 -0.037645645439624786
-0.506619393825531 0.39722365140914917 0.9418312311172485
-0.6907703876495361 0.6501068472862244 0.5214192867279053
0.29158729314804077 0.7137868404388428 -0.12252937257289886
-0.7838606238365173 0.9757068753242493 1.481001377105713
-0.3910590708255768 1.4918712377548218 0.6095606684684753
-0.8677458167076111 0.9003618955612183 1.4629395008087158
-0.5427833795547485 0.6166960597038269 0.21476779878139496
0.09752827137708664 0.7422950863838196 0.8963274955749512
-0.8854622840881348 0.8942378759384155 1.3728702068328857
-0.23902219533920288 1.4926624298095703 0.5375023484230042
-0.24358947575092316 0.6181837916374207 0.5376728773117065
-1.21225905418396 0.5506936311721802 -0.36454543471336365
-0.40293389558792114 0.6622381210327148 0.7836873531341553
-1.279880166053772 0.5288180112838745 -0.3731008768081665
-0.9254798889160156 0.887546956539154 1.3668571710586548
-0.4955281615257263 1.5462371110916138 0.7269060015678406
-0.8057551383972168 0.8915337324142456 1.362053632736206
-0.2837536931037903 1.5562559366226196 0.8104191422462463
-0.2341708540916443 1.8663113117218018 0.16272397339344025
0.14030998945236206 0.7090754508972168 0.28775933384895325
0.07977411895990372 1.8723781108856201 0.6650006175041199
-0.6229874491691589 1.6167691946029663 0.6374024152755737
-0.09050395339727402 1.586761713027954 0.6738439798355103
-0.0208935234695673 1.7375378608703613 0.8008845448493958
-0.3748251497745514 1.6300344467163086 0.26018503308296204
-0.11436843127012253 1.6924560070037842 0.2836422324180603
-0.23584680259227753 1.6858357191085815 0.922538697719574
0.21837368607521057 0.7615048885345459 0.6928558349609375
-0.029157059267163277 1.6359925270080566 0.4765799939632416
0.06856594979763031 1.8357138633728027 0.3880429267883301
-0.6933132410049438 1.873982310295105 0.4141942858695984
-0.13870099186897278 0.6396178603172302 0.2601495683193207
-0.4744611084461212 1.7727800607681274 0.20476756989955902
-0.5927023887634277 1.6503753662109375 0.3951548635959625
-0.4642666280269623 1.8772566318511963 0.9803280234336853
-0.3840300738811493 2.1004257202148438 0.21052557229995728
-0.7142328023910522 1.7798237800598145 0.6964267492294312
-0.1445506066083908 2.133086919784546 0.21769404411315918
0.029322687536478043 2.046355724334717 0.31734979152679443
-0.07032531499862671 1.9919960498809814 0.8997775316238403
-0.3310772180557251 1.5416216850280762 0.4011732339859009
-0.6356412172317505 2.097407102584839 0.32284823060035706
-0.013168388046324253 2.369004726409912 0.46434032917022705
-0.04180871695280075 2.202521324157715 0.774348258972168
-0.3831815719604492 2.3395562171936035 0.2892589867115021
0.05304737016558647 2.145653009414673 0.5520105361938477
-0.716404378414154 2.011612892150879 0.6676833629608154
-0.5182132124900818 1.7129555940628052 0.907272458076477
-0.6231131553649902 2.2926549911499023 0.646592378616333
-0.45208269357681274 2.3293418884277344 0.908341109752655
-0.5450395941734314 2.347033977508545 0.45866554975509644
-0.5671980381011963 2.121797561645508 0.8637027144432068
-0.446370393037796 2.6712214946746826 0.40704119205474854
-0.3645888566970825 2.596024990081787 0.9142067432403564
-0.30168047547340393 2.029710054397583 0.9863351583480835
-0.09702074527740479 2.67879581451416 0.43526288866996765
-0.20541338622570038 2.386413335800171 0.9042904376983643
-0.22345072031021118 2.523700714111328 0.3393324911594391
-0.3084961771965027 2.9537436962127686 0.419188916683197
-0.29705941677093506 3.3318123817443848 0.4253697991371155
-0.1807263046503067 3.4904611110687256 0.6212072968482971
-0.5584967136383057 2.794543743133545 0.579526960849762
-0.48711255192756653 3.618180751800537 0.2750679850578308
-0.02767457254230976 2.452282667160034 0.7584100961685181
-0.2655041813850403 3.6171436309814453 0.39533329010009766
-0.6076053977012634 3.4774539470672607 0.3461923599243164
-0.4954072833061218 3.114840507507324 0.4548553228378296
-0.5769708156585693 2.545856475830078 0.7256563305854797
-0.06732059270143509 2.898743152618408 0.6692874431610107
-0.034838613122701645 2.66894793510437 0.7304940819740295
-0.23870033025741577 2.8516104221343994 0.8672806620597839
-0.4136401116847992 3.848446846008301 0.23629885911941528
-0.5580565333366394 3.1147611141204834 0.779021143913269
-0.5056591629981995 2.8476569652557373 0.802736222743988
-0.24027004837989807 3.254051446914673 0.8045057654380798
-0.45843932032585144 3.2863035202026367 0.8708608150482178
-0.6320316791534424 3.302604913711548 0.47635477781295776
-0.19245421886444092 3.6933889389038086 0.6701449155807495
-0.15056057274341583 3.1203453540802 0.6032772064208984
-0.2596243619918823 3.99874210357666 0.31458780169487
-0.6433066129684448 3.8576724529266357 0.22035107016563416
-0.1934896856546402 3.9322736263275146 0.49162790179252625
-0.7265572547912598 3.4763529300689697 0.750819742679596
-0.6732045412063599 3.2834224700927734 0.6798387169837952
-0.7519491910934448 4.242574214935303 0.4657236933708191
-0.45803898572921753 4.215091705322266 0.5890904664993286
-0.7684869170188904 3.6051173210144043 0.4304989278316498
-0.8458449244499207 3.8344802856445312 0.44514572620391846
-0.7359682321548462 4.177652359008789 0.19664083421230316
-0.7873572111129761 3.9622867107391357 0.6366103887557983
-0.40382179617881775 3.5465893745422363 0.8659899234771729
-0.47013819217681885 4.085219383239746 0.10245674103498459
-0.7999944090843201 3.6552650928497314 0.686041533946991
-0.8128440976142883 3.98028302192688 0.30860137939453125
-0.723970353603363 4.515487194061279 0.22768637537956238
-0.22795173525810242 5.4026384353637695 0.5923989415168762
-0.3968425393104553 3.8178892135620117 0.8049631118774414
-0.6237149238586426 3.799842119216919 0.8041782379150391
-0.82783043384552 6.003384113311768 0.41645100712776184
-0.8545829057693481 6.092006206512451 0.2610669732093811
-0.009250550530850887 5.556251525878906 0.5914762616157532
-0.6567866206169128 4.492073059082031 0.4341287314891815
-0.29133671522140503 4.611542701721191 0.10510444641113281
-0.4650477170944214 4.2464518547058105 0.050104863941669464
-0.34006649255752563 5.501489639282227 0.6721277236938477
-0.5839738845825195 4.4208879470825195 0.033598482608795166
-1.064595103263855 6.256857395172119 0.5965961217880249
-0.24714942276477814 4.2809247970581055 0.3606218695640564
-0.2930994927883148 4.043558597564697 0.6416659355163574
-0.15490001440048218 4.510132312774658 0.1766822636127472
-0.6784422993659973 5.991082668304443 0.4923785626888275
-0.633958101272583 6.025175094604492 0.33914846181869507
-0.4478127062320709 5.710809230804443 0.6022164821624756
-0.044265009462833405 5.5030012130737305 0.7059949040412903
-0.18432794511318207 5.472473621368408 0.7335548996925354
-1.0185785293579102 6.229812145233154 0.24730180203914642
-0.5535593628883362 4.643553256988525 0.08789713680744171
-0.26805174350738525 4.385006427764893 0.13681867718696594
-0.6860349774360657 6.220721244812012 0.17795529961585999
-0.5768888592720032 6.188528060913086 0.6864784359931946
-0.46989113092422485 6.21694803237915 0.5210803151130676
-0.9919482469558716 6.0933356285095215 0.4528733193874359
-0.1923770010471344 5.4172868728637695 0.5545158386230469
-0.3663690388202667 5.577028751373291 0.5088304877281189
-0.8659822940826416 6.605698108673096 0.8060089349746704
-0.4778292179107666 6.547784328460693 0.6182901263237
-0.5491452217102051 6.348374843597412 0.20898398756980896
-0.34454211592674255 7.195300579071045 0.5408017635345459
-1.0505954027175903 6.435574054718018 0.20284879207611084
-1.1592172384262085 6.943793773651123 0.4831484258174896
-0.825810968875885 6.587277412414551 0.1694684624671936
-0.7300411462783813 6.466832160949707 0.7679241895675659
-1.0670748949050903 6.624176025390625 0.661230742931366
-1.0894557237625122 6.992245674133301 0.363689124584198
-0.9020471572875977 6.25223970413208 0.7148830890655518
-1.060593843460083 6.618465423583984 0.2711789906024933
-0.16373136639595032 5.753939151763916 0.4929716885089874
-0.7236504554748535 6.642453193664551 0.08323866873979568
-0.6525161266326904 6.878939628601074 0.036814164370298386
-0.5337989926338196 6.697930335998535 0.2311783730983734
-0.7895042300224304 6.110382080078125 0.6728878021240234
-0.4269915223121643 6.428867816925049 0.40583285689353943
-0.44804811477661133 6.766299724578857 0.4908323287963867
-0.855434238910675 6.846031665802002 0.8001450300216675
-0.9891071915626526 6.924254894256592 0.6974392533302307
0.2767220437526703 8.319835662841797 0.9460975527763367
-1.1092796325683594 6.5141706466674805 0.5049762725830078
-0.4979199767112732 6.73079776763916 0.6999663710594177
-0.155648872256279 8.4107027053833 1.239560842514038
-0.38116756081581116 7.370035648345947 0.7379334568977356
-0.39995715022087097 6.864913463592529 0.35455676913261414
-0.8702167272567749 6.925449848175049 0.07104332745075226
-0.6717747449874878 7.08575439453125 -0.09867232292890549
-1.0872169733047485 7.045874118804932 0.2309974730014801
-0.5594173669815063 6.876237392425537 0.8453524708747864
-0.9655247330665588 7.2394208908081055 0.2271711826324463
-0.3632185757160187 7.059047222137451 0.16503441333770752
-0.39479419589042664 7.3256072998046875 0.14832518994808197
-0.6324848532676697 7.408418655395508 0.44039133191108704
0.20195727050304413 8.32925033569336 1.1312789916992188
-0.8837496638298035 7.216843128204346 0.6709303259849548
-0.6217858791351318 7.477226257324219 0.5835633873939514
-0.7164973020553589 7.058262825012207 0.8839853405952454
-0.3753789961338043 7.065470218658447 0.7112253904342651
-0.43240875005722046 6.943119525909424 0.04379775747656822
-0.11851125210523605 8.405590057373047 0.9812175631523132
-0.5449891686439514 7.4604902267456055 0.20202070474624634
0.0385453961789608 8.326775550842285 1.1513813734054565
-0.805736243724823 7.258453369140625 -0.025645200163125992
-0.43352705240249634 6.946855068206787 -0.03302451968193054
-0.04826776310801506 8.38963508605957 0.8715052604675293
-0.007249555550515652 8.50407886505127 1.349536418914795
-0.4295627176761627 7.3616943359375 0.8464047908782959
-0.2620254158973694 8.63238525390625 1.06556236743927
-0.4987449049949646 7.233067512512207 0.8902066349983215
-0.827482283115387 7.417113780975342 0.20379281044006348
0.194939985871315 8.402694702148438 1.256490707397461
-0.2261657863855362 8.594688415527344 1.2065722942352295
0.3747265934944153 8.513150215148926 1.0570156574249268
-0.122674860060215 8.452920913696289 0.7008617520332336
-0.6886244416236877 9.061665534973145 0.05118709057569504
0.10324307531118393 8.77751636505127 1.2416256666183472
-0.4986277222633362 8.990325927734375 -0.02868856117129326
0.20728148519992828 8.394453048706055 0.7369511127471924
0.2449805587530136 8.581582069396973 0.774612545967102
0.036427758634090424 8.847360610961914 -0.03404225781559944
-0.5206260085105896 8.997004508972168 0.094684898853302
0.1988021731376648 8.930150032043457 0.7918370366096497
-0.03206314891576767 8.979182243347168 0.9179336428642273
-0.23033295571804047 8.905726432800293 0.8490629196166992
-0.7462893128395081 9.158190727233887 -0.09574095904827118
0.22002683579921722 8.730324745178223 0.6768161654472351
0.016574017703533173 8.614013671875 0.49358507990837097
0.3566311299800873 8.78840160369873 1.0399442911148071
-0.4764825403690338 8.955556869506836 -0.10606801509857178
-0.20839868485927582 8.572001457214355 0.6495843529701233
-0.36509180068969727 9.01579761505127 0.0806577205657959
0.012429768219590187 8.869941711425781 0.5678066611289978
-0.3460739254951477 9.37906551361084 -0.05046261101961136
-0.5648002624511719 9.542412757873535 -0.07751189917325974
-0.43328115344047546 9.278167724609375 0.03707394376397133
-0.5824869871139526 9.2140474319458 0.2811596095561981
-0.15521454811096191 8.864648818969727 0.5246787071228027
-1.241437315940857 9.658279418945312 1.5169163942337036
-0.4245944321155548 9.43213939666748 0.17901331186294556
-0.6712867021560669 9.786893844604492 0.11432497203350067
-0.5903569459915161 9.573301315307617 0.5851107239723206
-0.23619936406612396 9.687825202941895 0.1868070811033249
-0.7049480676651001 9.56779670715332 0.622850239276886
-0.16169658303260803 9.065890312194824 0.5473697185516357
-0.17328688502311707 9.970816612243652 -0.15579046308994293
-0.31874769926071167 9.858002662658691 -0.20290236175060272
-0.7347360849380493 9.556380271911621 0.5713485479354858
-0.21500983834266663 9.758588790893555 0.05578523501753807
-0.19064168632030487 10.258157730102539 -0.3531491756439209
-0.4464959502220154 9.573135375976562 0.16707806289196014
-0.6059696078300476 10.014922142028809 0.05376075208187103
-1.140963077545166 9.545422554016113 1.4645051956176758
-0.3305058479309082 10.143930435180664 0.959828794002533
-0.5074662566184998 9.902705192565918 -0.20196114480495453
-0.37857675552368164 10.232754707336426 0.9223899245262146
-0.058045871555805206 10.145254135131836 0.06026709824800491
-0.24439367651939392 10.11271858215332 0.20516450703144073
-0.9353724718093872 9.749960899353027 0.6712822318077087
-0.4790545701980591 9.944297790527344 0.2239644080400467
-0.08924632519483566 10.209742546081543 0.9169630408287048
-0.06663171947002411 10.063653945922852 -0.08460039645433426
-0.5219681262969971 10.20472526550293 -0.07304004579782486
-0.22385258972644806 10.213534355163574 0.8762514591217041
-0.06947609782218933 10.618842124938965 0.5338053703308105
-0.26941531896591187 10.39305305480957 0.8447827696800232
-0.36230581998825073 10.343085289001465 0.2222796082496643
-0.002378697507083416 10.369812965393066 -0.1852148324251175
-0.5985345244407654 10.396988868713379 -0.14301760494709015
-0.42157888412475586 10.398469924926758 -0.26052960753440857
-0.08111464977264404 10.377124786376953 0.9521216154098511
-0.5908076167106628 10.419281005859375 -0.0748828649520874
0.04892662167549133 10.51612663269043 -0.14382009208202362
-0.43883267045021057 10.600809097290039 0.9199058413505554
-0.20765292644500732 10.48338794708252 -0.2546292245388031
-0.23554836213588715 10.747962951660156 -0.03845233470201492
-0.4586525857448578 10.554967880249023 0.9443414211273193
-0.4130033552646637 10.649417877197266 -0.03272724896669388
0.035712502896785736 10.639544486999512 0.204558327794075
-0.6711435914039612 10.59051513671875 -0.1959468424320221
-0.16187602281570435 10.539217948913574 1.0084091424942017
-0.0832531750202179 10.630680084228516 1.0403358936309814
-0.20464180409908295 10.665997505187988 0.169530987739563
0.0613214336335659 10.758200645446777 -0.027585919946432114
-0.6353102922439575 10.916955947875977 0.9445582628250122
-0.9137864112854004 10.885536193847656 -0.12515802681446075
-0.1227240115404129 10.948832511901855 0.217170849442482
0.022698653861880302 10.86665153503418 0.08193870633840561
-0.31174105405807495 10.82824993133545 0.27324771881103516
0.158839613199234 10.817999839782715 -0.1440008133649826
-0.628650426864624 11.048453330993652 1.0467568635940552
-0.263423353433609 10.955331802368164 0.8919433355331421
-0.1762675642967224 10.996566772460938 0.27975085377693176
-0.19986027479171753 10.994865417480469 1.1793588399887085
-0.9678546190261841 10.980195045471191 -0.22866176068782806
-0.7830184698104858 11.155797004699707 0.9773526191711426
-0.03615207225084305 11.035148620605469 0.6860876083374023
-0.8001654148101807 11.174461364746094 1.1019492149353027
-0.6826834082603455 11.062484741210938 0.8133341073989868
-1.1713420152664185 11.182799339294434 0.724050760269165
-0.7720641493797302 11.150601387023926 -0.45612403750419617
0.33790916204452515 11.131185531616211 -0.026687633246183395
-0.10447826236486435 11.202709197998047 1.108906626701355
-0.11143303662538528 11.242654800415039 1.035968542098999
-0.01970656029880047 11.238402366638184 1.3097351789474487
-0.2711733281612396 11.298912048339844 0.2674064040184021
0.11561580002307892 11.281241416931152 0.5589907169342041
-1.1008105278015137 11.30638313293457 -0.16877949237823486
0.09384089708328247 11.37612247467041 0.7110328078269958
-0.742655873298645 11.367082595825195 0.41870397329330444
-0.05146341025829315 11.44758129119873 0.6960367560386658
0.3078794479370117 11.407401084899902 0.4895852506160736
-1.0181868076324463 11.434614181518555 -0.4159836173057556
0.2176898717880249 11.430939674377441 1.3488606214523315
-0.896623432636261 11.456721305847168 0.98920077085495
0.46915751695632935 11.525542259216309 1.2791575193405151
-0.4286848306655884 11.506063461303711 1.2739546298980713
-0.31528961658477783 11.536332130432129 0.23238858580589294
0.16630566120147705 11.522371292114258 0.6210341453552246
0.18589620292186737 11.559989929199219 -0.3687994182109833
0.03392878174781799 11.56354808807373 0.9104878306388855
0.16287241876125336 11.572044372558594 -0.09808700531721115
-1.3365689516067505 11.576658248901367 0.1785801649093628
