1657
-2.3863754272460938 0.2845063805580139 1.593602180480957
-2.386474609375 0.28460627794265747 -0.7599633932113647
-2.3863744735717773 0.4320089519023895 0.7242891788482666
0.9211299419403076 0.2846066951751709 -0.8518648147583008
-2.0926549434661865 0.284606397151947 -0.026663580909371376
-1.341578483581543 0.2846064567565918 -1.205398678779602
-0.4437814950942993 0.284606397151947 1.231629490852356
-0.9440034031867981 0.284606397151947 -0.9448619484901428
-0.9757962226867676 0.2846064567565918 -1.2053987979888916
0.9210314750671387 0.2845063805580139 -1.2053430080413818
-2.386474609375 0.28460633754730225 -0.2640777826309204
-2.386474609375 0.28460657596588135 0.28125810623168945
-2.386474609375 0.28460657596588135 -0.48525941371917725
-1.7888212203979492 0.28460800647735596 2.141308307647705
-2.386474609375 0.2846064567565918 -0.009652376174926758
-2.3863754272460938 0.2845063805580139 0.6902847290039062
0.6662477254867554 0.2845063805580139 -1.205300211906433
-0.5519495010375977 0.28460633754730225 -1.2053989171981812
-2.0640251636505127 0.284606397151947 1.291211485862732
0.11463013291358948 0.2846064269542694 2.141308307647705
0.9211299419403076 0.2846066951751709 -0.9012794494628906
0.9211299419403076 0.2846064567565918 -0.7524003982543945
-2.386474609375 0.2846064567565918 0.11210763454437256
-1.5953304767608643 0.284606397151947 1.8660914897918701
-0.43990445137023926 0.28460633754730225 -1.2053989171981812
-2.3817641735076904 0.28460609912872314 2.141308307647705
-2.386474609375 0.2846064567565918 -0.14493393898010254
0.9211299419403076 0.2846064567565918 -1.0105948448181152
-2.083881139755249 0.284606397151947 1.6931055784225464
-1.090223789215088 0.2846062183380127 -1.205398678779602
0.9211300611495972 0.2846064567565918 1.3715744018554688
0.9210300445556641 0.4562336504459381 1.5614405870437622
-1.8770575523376465 0.284606397151947 1.700911283493042
-2.3863754272460938 0.2845063805580139 1.8736391067504883
-2.187234878540039 0.2845063805580139 2.141207695007324
0.9210320711135864 0.2845063805580139 -0.6731186509132385
-2.386474609375 0.2846064567565918 -0.6487979888916016
0.9211005568504333 0.2846066355705261 -1.2053993940353394
-2.386474609375 0.2846066355705261 -0.8680719137191772
-1.9574909210205078 0.2845063805580139 2.141207695007324
0.9210319519042969 0.2845063805580139 0.8817882537841797
-1.4466218948364258 0.2845063805580139 -1.205301284790039
0.3282588720321655 0.284606397151947 1.5667455196380615
-0.5651229023933411 0.284606397151947 -0.9244509935379028
0.38394129276275635 0.2846064567565918 -1.2053991556167603
-2.386474370956421 0.28455257415771484 2.1412086486816406
-2.3863754272460938 0.2845063805580139 1.0076971054077148
-0.38963767886161804 0.284606397151947 -0.8211415410041809
-2.386474609375 0.5725228190422058 -1.2052984237670898
-2.386474609375 0.28460633754730225 -1.2053500413894653
-1.7343624830245972 0.284606397151947 -0.6314893960952759
-1.4694724082946777 0.284606397151947 -0.9106937050819397
-2.3863754272460938 0.2845063805580139 1.6972265243530273
-2.0910425186157227 0.284606397151947 -0.7310503721237183
0.9210309982299805 0.2845063805580139 2.045548439025879
-1.8810545206069946 0.284606397151947 1.3360049724578857
0.3734285831451416 0.284606397151947 -0.9298637509346008
-1.5375003814697266 0.2845063805580139 -1.2053003311157227
-2.386474609375 0.2846064567565918 0.5171608924865723
-1.6728066205978394 0.284606397151947 -0.8069884181022644
-0.0802154541015625 0.2845063805580139 -1.205297827720642
-1.2444521188735962 0.284606397151947 -0.9278551340103149
-1.8727502822875977 0.2845063805580139 -1.2052984237670898
-2.386437177658081 0.2846064567565918 -1.2053983211517334
0.9210329055786133 0.2845063805580139 1.7744436264038086
-2.028841972351074 0.284606397151947 1.8781440258026123
0.9210281372070312 0.2845063805580139 1.099745750427246
-0.105682373046875 0.2845063805580139 2.141206741333008
-2.386474609375 0.28460633754730225 -0.3740527629852295
0.5705986022949219 0.2846064567565918 2.141308307647705
0.9210300445556641 0.2845611870288849 2.141308307647705
-2.386474370956421 0.2846064567565918 1.489095687866211
0.9210300445556641 0.2845063805580139 1.6757287979125977
0.7724981307983398 0.2845063805580139 2.141207695007324
-1.230926513671875 0.2845063805580139 -1.205301284790039
-1.9584306478500366 0.284606397151947 -0.16780699789524078
0.9210300445556641 0.2845063805580139 1.470022201538086
0.9211300611495972 0.2846066355705261 1.5741146802902222
-1.8852393627166748 0.284606397151947 1.1375205516815186
-2.1122586727142334 0.284606397151947 0.7815108299255371
-1.3111820220947266 0.2845063805580139 2.141206741333008
0.9210317134857178 0.2845063805580139 -0.5790644884109497
0.9210309982299805 0.2845063805580139 2.141249656677246
-2.386474370956421 0.2846064567565918 0.9306566715240479
-1.7724599838256836 0.2845063805580139 -1.205301284790039
-1.3133659362792969 0.284606397151947 -0.7553994059562683
0.9211300611495972 0.2846066355705261 1.8916010856628418
-0.16785849630832672 0.7626352906227112 2.2028207778930664
-0.3770637512207031 0.2845063805580139 2.141207695007324
-0.0057953596115112305 0.2845063805580139 -1.2052977085113525
-1.6760425567626953 0.2845063805580139 -1.2053003311157227
-2.0190229415893555 0.284606397151947 -0.9033064246177673
-1.928210973739624 0.491365522146225 -1.2052985429763794
0.5048241019248962 0.284606397151947 0.4780673682689667
-1.4639859199523926 0.2846081256866455 2.141308307647705
-1.958754062652588 0.2846064567565918 -1.205398440361023
-0.6682453155517578 0.2845063805580139 2.141207695007324
-2.386474370956421 0.6701440811157227 2.141207695007324
-2.386474370956421 0.2846062183380127 1.3024306297302246
-0.7740039825439453 0.2845063805580139 2.141206741333008
0.9210326075553894 0.2845063805580139 0.6558858752250671
-2.3863744735717773 0.2845063805580139 1.9295854568481445
-2.0867645740509033 0.284606397151947 1.1017652750015259
0.9210301637649536 0.2845063805580139 0.03846600651741028
-2.3672287464141846 0.2846062183380127 -1.2053983211517334
-2.3863744735717773 0.3977167308330536 1.282896876335144
-0.6998425722122192 0.2845063805580139 -1.2052981853485107
-0.8810005187988281 0.2845063805580139 2.141207695007324
-2.386474370956421 0.2846064567565918 1.1837742328643799
-0.9566571712493896 0.284606397151947 1.7370721101760864
-2.3863742351531982 0.7897689342498779 -1.2053983211517334
0.9211300015449524 0.28460657596588135 0.13200807571411133
-2.089866876602173 0.284606397151947 0.3864871859550476
-1.6866464614868164 0.2845063805580139 2.141206741333008
-2.386474609375 0.28460633754730225 -1.021003246307373
-2.1583974361419678 0.2846062183380127 -1.205398440361023
-2.3863754272460938 0.2845063805580139 1.0725746154785156
0.9210299253463745 0.5132820010185242 -0.5667620301246643
-0.617155909538269 0.284606397151947 1.8863673210144043
-1.3392596244812012 0.284606397151947 1.8333804607391357
-1.7962740659713745 0.284606397151947 -0.9297789335250854
-2.3863744735717773 0.2845063805580139 -0.9479875564575195
-2.10581636428833 0.284606397151947 -0.28288888931274414
-1.790457010269165 0.284606397151947 1.8529497385025024
-0.89447021484375 0.2846064567565918 -1.2053987979888916
-2.0399587154388428 0.2846062183380127 -1.205398440361023
0.054170217365026474 0.5534141659736633 -1.2052991390228271
0.40404003858566284 0.28460636734962463 2.141308307647705
0.9210299253463745 0.7566651701927185 -1.2053993940353394
-1.5753231048583984 0.2845063805580139 2.141207695007324
-2.3863723278045654 0.8983851671218872 -1.2053983211517334
-2.0607147216796875 0.2845063805580139 2.141206741333008
-0.3501009941101074 0.28460633754730225 -1.2053989171981812
0.9211300611495972 0.28460657596588135 1.2043514251708984
0.5958136320114136 0.284606397151947 -0.1296476572751999
0.9210299253463745 0.5248250365257263 -1.2053993940353394
-2.029172658920288 0.284606397151947 0.5917656421661377
0.9210313558578491 0.2845063805580139 -0.2571289837360382
0.27669453620910645 0.28460633754730225 -1.2053991556167603
-0.808887243270874 0.28460633754730225 -1.2053987979888916
-0.0018609613180160522 0.2846064567565918 2.141308307647705
0.8283712863922119 0.2845063805580139 -1.205296277999878
0.5754923224449158 0.284606397151947 -0.8921431303024292
-0.8618176579475403 0.284606397151947 1.917824149131775
0.9210321307182312 0.2845063805580139 0.247554212808609
-1.0800542831420898 0.2845063805580139 2.141206741333008
0.29252147674560547 0.2845063805580139 2.141207695007324
0.451333224773407 0.284606397151947 1.2575517892837524
0.10624134540557861 0.2846064567565918 -1.2053990364074707
-2.386375665664673 0.8869374990463257 2.141308307647705
-1.607527732849121 0.2845063805580139 -1.205301284790039
0.9211300015449524 0.2846064567565918 0.552778959274292
-0.2603840231895447 0.284606397151947 1.7334614992141724
-1.8714368343353271 0.2846043109893799 2.141308307647705
-0.6249241828918457 0.2845063805580139 -1.2052980661392212
0.5509841442108154 0.28460633754730225 -1.2053992748260498
0.3367918133735657 0.284606397151947 1.8998554944992065
-0.5797708630561829 0.28460636734962463 2.141308307647705
-0.4860239028930664 0.2845063805580139 2.141207695007324
0.46965622901916504 0.2845063805580139 -1.2052993774414062
-0.15695592761039734 0.284606397151947 0.9813376665115356
0.6222761273384094 0.284606397151947 -0.30403968691825867
0.1899789571762085 0.2845063805580139 -1.2052966356277466
0.05806190147995949 0.284606397151947 -0.0662853792309761
-0.12347716838121414 0.284606397151947 1.864810824394226
0.9210312366485596 0.2845063805580139 -0.060247812420129776
0.9210300445556641 0.2845063805580139 0.7808409333229065
0.14352232217788696 0.284606397151947 -0.9047662615776062
0.9210320711135864 0.2845063805580139 -0.47772422432899475
-1.813279390335083 0.284606397151947 0.23215433955192566
-2.386373519897461 0.2845063805580139 0.3993501663208008
0.9211300015449524 0.2846066951751709 -0.3688395023345947
0.2117578685283661 0.284606397151947 -0.6091901659965515
0.6446681022644043 0.284606397151947 1.4553344249725342
-0.23184649646282196 0.284606397151947 -0.7306140661239624
-1.501644253730774 0.284606397151947 -0.7212973833084106
0.2160419374704361 0.284606397151947 1.7078113555908203
-0.0017038682708516717 0.284606397151947 1.6832636594772339
0.6196439266204834 0.284606397151947 -0.7132697701454163
0.9210319519042969 0.2845063805580139 0.4322083294391632
-0.26181650161743164 0.284606397151947 -0.9567093253135681
0.6323570609092712 0.284606397151947 -0.5378574132919312
-1.358038306236267 0.284606397151947 -0.5734100341796875
-2.0624313354492188 0.284606397151947 0.18193621933460236
-1.8991097211837769 0.284606397151947 0.7604002356529236
-0.5739160180091858 0.6620998382568359 2.1412081718444824
-2.0864181518554688 0.284606397151947 1.5033929347991943
0.561856746673584 0.284606397151947 1.8244802951812744
-2.386474609375 0.2846064567565918 -0.5690180063247681
-2.093857765197754 0.284606397151947 -0.5380792021751404
0.9211300611495972 0.28460633754730225 1.2846224308013916
0.00841236300766468 0.284606397151947 -0.5871145129203796
-1.9109082221984863 0.284606397151947 1.530088186264038
-2.3863821029663086 0.2845063805580139 2.141207695007324
-1.8215992450714111 0.284606397151947 0.9447560906410217
0.4890737533569336 0.2845063805580139 2.141207695007324
0.9211301207542419 0.8214864730834961 2.1412084102630615
-2.3863744735717773 0.702450692653656 1.8925102949142456
-2.3863754272460938 0.2845063805580139 0.8413839340209961
-0.8330795764923096 0.284606397151947 -0.5215803980827332
-0.2751598358154297 0.2845063805580139 2.141207695007324
-1.8824033737182617 0.284606397151947 -0.7649693489074707
-2.386474609375 0.43419522047042847 -1.2052984237670898
-1.7021561861038208 0.284606397151947 1.6547874212265015
-2.3863744735717773 0.45257845520973206 -0.32890138030052185
-2.3863744735717773 0.5624015927314758 -0.8573374152183533
-1.532348394393921 0.284606397151947 1.2986414432525635
-1.481302261352539 0.284606397151947 1.105370044708252
-2.386474370956421 1.1340413093566895 -1.2053120136260986
-2.3863744735717773 0.2845063805580139 0.1950817108154297
-0.6290551424026489 0.5649967789649963 -1.205298900604248
-1.9454721212387085 0.284606397151947 -0.38004425168037415
-1.775104284286499 0.284606397151947 -0.2601228654384613
-2.3863744735717773 0.6169399619102478 1.1610397100448608
-1.9139095544815063 0.284606397151947 0.07297623157501221
-1.9240210056304932 0.284606397151947 -0.59588623046875
-0.7385014295578003 0.284606397151947 1.7235493659973145
0.425628662109375 0.284606397151947 -0.7476755380630493
-1.5449973344802856 0.284606397151947 -0.5384078025817871
0.9211299419403076 0.6417527198791504 -1.2052991390228271
-1.7260820865631104 0.284606397151947 1.2484686374664307
-1.9223942756652832 0.284606397151947 0.3792136013507843
0.5906108021736145 0.44309312105178833 -1.2052992582321167
0.14796748757362366 0.284606397151947 -0.30119162797927856
0.20438522100448608 0.28460636734962463 2.141308307647705
0.9210300445556641 0.2845063805580139 0.9896125793457031
0.29657450318336487 0.284606397151947 0.4347517490386963
-2.3863744735717773 1.0118099451065063 -1.2053983211517334
-1.163400411605835 0.2846066951751709 -1.205398678779602
-0.983367919921875 0.2845063805580139 2.141206741333008
-0.9231087565422058 0.284606397151947 -0.7724637985229492
-1.3123447895050049 0.284606397151947 1.6450344324111938
-2.386373519897461 0.2845063805580139 -0.07841205596923828
0.9211299419403076 0.37916016578674316 -1.2052996158599854
-1.886783242225647 0.666309654712677 2.1412081718444824
-1.193129301071167 0.284606397151947 1.4023268222808838
-2.386474370956421 0.5559408664703369 2.141207695007324
-1.7578697204589844 0.284606397151947 -0.4479726552963257
0.9211301207542419 0.4726644456386566 2.1412081718444824
-1.4861937761306763 0.284606397151947 1.6921172142028809
0.0582255944609642 0.284606397151947 0.3925340175628662
-1.1765183210372925 0.284606397151947 0.8913537859916687
-2.3863744735717773 0.7602771520614624 -0.9548601508140564
-1.0058248043060303 0.284606397151947 1.5226095914840698
-2.386474609375 0.685666024684906 -1.2052984237670898
-2.3863754272460938 0.4365518093109131 2.141308307647705
-2.386474370956421 1.111235499382019 2.1412081718444824
-2.386474370956421 0.7802150249481201 2.1412088871002197
-0.40959352254867554 0.7367758750915527 2.1412081718444824
-0.1869513839483261 0.4450035095214844 -1.2052990198135376
0.9210300445556641 0.48260560631752014 1.0396276712417603
-2.386474609375 0.28460657596588135 0.6170852184295654
0.9211301207542419 0.6015864610671997 2.1412081718444824
0.6763725876808167 0.7002927660942078 -1.2052993774414062
-0.1887359619140625 0.2845063805580139 2.141207695007324
0.9211300611495972 0.2846064567565918 1.849999189376831
0.9211300015449524 0.28460657596588135 0.34392595291137695
-2.3863744735717773 0.6822494268417358 0.01015892531722784
-0.9267705082893372 0.284606397151947 0.024030344560742378
-1.9968634843826294 0.722981870174408 -1.2052985429763794
-2.3863744735717773 0.4877009689807892 -0.6116588711738586
-1.1570730209350586 0.284606397151947 1.6070997714996338
-1.3628405332565308 0.284606397151947 -0.39464935660362244
-2.386474370956421 0.2846062183380127 1.3956000804901123
-0.022916646674275398 0.284606397151947 -0.41914573311805725
0.4661136567592621 0.284606397151947 -0.3771589398384094
0.092597596347332 0.284606397151947 1.873293161392212
-0.5177991390228271 0.284606397151947 -0.6937590837478638
-1.803475260734558 0.284606397151947 -0.0798695832490921
0.9211301207542419 0.9225541353225708 2.1412343978881836
-0.877052366733551 0.5340458154678345 -1.2052987813949585
0.9210300445556641 0.3248472809791565 0.7357943654060364
-1.699873685836792 0.284606397151947 1.0589110851287842
-2.0245752334594727 0.44900134205818176 2.1412081718444824
-2.3863744735717773 0.5729615688323975 0.9613884091377258
-1.386591911315918 0.2845063805580139 2.141207695007324
-2.3863744735717773 0.5659736394882202 -0.12508173286914825
-1.3749229907989502 0.284606397151947 1.4599357843399048
-2.156210422515869 0.5692653656005859 -1.2052984237670898
-0.6501643061637878 0.3576701879501343 3.134138345718384
-0.6417319774627686 0.284606397151947 1.5574419498443604
-0.35691511631011963 0.284606397151947 -0.18433167040348053
0.5526448488235474 0.5605496168136597 2.1412081718444824
0.9210385084152222 0.8688708543777466 -1.2053993940353394
0.9210387468338013 0.9745845794677734 -1.2053993940353394
0.9210299849510193 0.30410581827163696 -0.2775711417198181
0.9210301041603088 0.6516945362091064 1.976664662361145
-2.3863744735717773 0.2845063805580139 0.4488410949707031
0.9210299253463745 0.568390429019928 -0.7900127172470093
0.9210300445556641 0.6400792002677917 1.7383216619491577
0.9210299849510193 0.44207680225372314 0.14808759093284607
-1.222707748413086 0.284606397151947 -0.2612594664096832
0.43502750992774963 0.284606397151947 -0.054067615419626236
-2.3863744735717773 0.4955608546733856 1.7877256870269775
0.6278507113456726 0.284606397151947 1.211094617843628
0.09553128480911255 0.284606397151947 1.513803482055664
0.2823278307914734 0.5574982166290283 2.1412081718444824
0.9210299253463745 0.6943414211273193 -0.9524567723274231
-2.1306207180023193 0.6809410452842712 2.1412081718444824
-1.2352302074432373 0.2846081256866455 2.141308307647705
0.9210300445556641 0.7181453108787537 2.141308307647705
-0.11209958046674728 0.284606397151947 2.692552328109741
-1.7429779767990112 0.284606397151947 0.4150320887565613
0.6918869018554688 0.2845063805580139 2.1412086486816406
0.9210300445556641 0.5711014866828918 1.2942806482315063
0.9210299849510193 0.6280404329299927 0.335114449262619
0.9210300445556641 0.8872368335723877 1.858071208000183
-2.0541093349456787 0.8423210978507996 2.1412081718444824
-2.3863744735717773 0.2845063805580139 1.6673698425292969
-1.3433679342269897 0.284606397151947 1.239114761352539
-0.8423270583152771 0.284606397151947 1.579473614692688
-2.3863744735717773 0.6326178908348083 1.4447312355041504
-2.3863744735717773 0.6066552400588989 1.603649377822876
-2.3863744735717773 0.665165364742279 -0.6853455901145935
-1.1455869674682617 0.2845063805580139 2.141207695007324
-0.02093370072543621 0.5675604343414307 2.1412081718444824
-0.7066929936408997 0.284606397151947 -0.8428868651390076
-1.7326043844223022 0.284606397151947 1.469819188117981
-2.3863744735717773 0.7637059688568115 1.0471341609954834
-1.6996701955795288 0.284606397151947 0.08503556251525879
-1.3688534498214722 0.5821144580841064 2.1412081718444824
-0.37888357043266296 0.284606397151947 1.9033308029174805
-0.8536325097084045 0.749839723110199 2.6125245094299316
-1.3916428089141846 0.284606397151947 0.31377726793289185
-1.1137590408325195 0.284606397151947 -0.7952517867088318
-1.1597517728805542 0.7781370878219604 2.1412081718444824
-0.38620492815971375 0.37831437587738037 -1.2052990198135376
-1.315507411956787 0.5338491201400757 -1.205298662185669
-2.3863744735717773 0.8467143774032593 1.4945560693740845
-2.141482353210449 0.8559733033180237 -1.2052984237670898
-2.3863744735717773 0.9191079139709473 1.8910975456237793
0.6388617157936096 0.284606397151947 0.6059877872467041
-0.29781049489974976 0.5714430212974548 2.1412081718444824
-0.013098374009132385 0.284606397151947 -0.7444762587547302
-0.010896608233451843 0.7497397065162659 2.5747129917144775
0.30616146326065063 0.5320947170257568 -1.2052992582321167
-2.3863744735717773 0.595797061920166 0.5622432827949524
0.9210300445556641 0.2845063805580139 -0.16513857245445251
0.10863706469535828 0.9477521777153015 2.1412081718444824
-2.0474493503570557 1.2162413597106934 0.0009712781757116318
-1.5223119258880615 0.5777579545974731 -1.205298662185669
0.6426768898963928 0.284606397151947 0.07123230397701263
-0.15334808826446533 0.2845063805580139 -1.205299735069275
-0.6601190567016602 0.284606397151947 2.6924941539764404
0.9210299849510193 0.3218129277229309 0.48586657643318176
-2.0369203090667725 0.9420706033706665 1.822393536567688
-1.1653907299041748 0.284606397151947 0.28908202052116394
-2.059591054916382 0.9102871417999268 -0.3136557340621948
-1.5514534711837769 0.6304544806480408 2.1412081718444824
0.4646708369255066 0.284606397151947 1.4586081504821777
0.4928657114505768 0.8288517594337463 -1.2052992582321167
-2.3856732845306396 1.4777613878250122 -1.2050682306289673
-1.6516584157943726 0.284606397151947 0.5837498903274536
-1.8365271091461182 0.284606397151947 0.5883343815803528
-1.6081269979476929 0.284606397151947 -0.11567561328411102
-0.7701788544654846 0.5749356150627136 2.1412081718444824
-1.7078769207000732 0.284606397151947 0.7902102470397949
-1.7270467281341553 0.7569792866706848 2.1412081718444824
-2.3863744735717773 0.8170637488365173 -0.1584484726190567
0.4400434195995331 0.284606397151947 -0.5817671418190002
-1.4949952363967896 0.284606397151947 0.1255277395248413
-2.3863744735717773 0.9473164677619934 -0.8993862867355347
0.4615814983844757 0.6511273384094238 -1.2052992582321167
-1.7331808805465698 0.5118973255157471 2.1412081718444824
0.9210299849510193 0.67276531457901 0.11622218042612076
0.9210299849510193 0.5763892531394958 -0.08514230698347092
-1.5413743257522583 0.284606397151947 1.514708161354065
-2.0062477588653564 0.284606397151947 0.9452208280563354
0.5805474519729614 0.284606397151947 1.630353569984436
-2.3863744735717773 0.6796231269836426 0.8035604953765869
-0.854978621006012 0.749839723110199 2.509089231491089
-0.46761253476142883 0.28485628962516785 2.6925556659698486
-0.8645864129066467 0.284606397151947 1.1933605670928955
0.44090536236763 0.284606397151947 0.3019331991672516
-2.008183479309082 0.6557319164276123 -0.6624048352241516
-1.7512640953063965 0.5883013606071472 -1.2052985429763794
-2.3863744735717773 0.6919131875038147 -0.4971674382686615
-1.1113611459732056 0.5991333723068237 2.1412081718444824
-2.3863744735717773 0.5304641723632812 0.1377779245376587
-1.2847713232040405 0.284606397151947 0.13860684633255005
-1.446047067642212 0.7570456862449646 -1.205298662185669
-1.277164340019226 0.284606397151947 0.45993879437446594
-0.46033233404159546 0.31928884983062744 3.0920727252960205
-2.3863744735717773 0.758524477481842 1.3023970127105713
-1.4999098777770996 0.284606397151947 0.7187450528144836
-2.0751636028289795 1.0361229181289673 1.2327278852462769
0.4072732925415039 0.284606397151947 1.7175167798995972
0.6596930623054504 0.9270011186599731 -1.2052992582321167
-1.533893346786499 0.284606397151947 0.9283592104911804
-1.4363092184066772 1.0579739809036255 1.9233304262161255
-0.5158615112304688 0.284606397151947 1.7144182920455933
-2.0459976196289062 0.8720673322677612 -0.8059673309326172
-2.3863742351531982 1.255338191986084 -1.2053983211517334
-1.6621720790863037 0.284606397151947 4.2180609703063965
-0.1437043696641922 0.284606397151947 4.85386848449707
-0.9264543056488037 0.6904967427253723 2.1412081718444824
-2.032564163208008 1.361672282218933 1.7802473306655884
-1.8480640649795532 0.7241395115852356 1.8014830350875854
-1.589396595954895 0.284606397151947 0.3018217384815216
0.5260444283485413 0.7366341948509216 2.1412081718444824
-0.289944589138031 0.284606397151947 2.692502498626709
0.9211301207542419 1.1356620788574219 2.1412343978881836
0.34605586528778076 0.284606397151947 1.0559548139572144
-1.4058208465576172 0.284606397151947 -0.19921116530895233
0.32371002435684204 0.7118512988090515 2.1412081718444824
-0.5443115830421448 0.284606397151947 -0.3970317542552948
0.6520825624465942 0.284606397151947 0.9312788844108582
0.9210300445556641 0.656363844871521 1.5345550775527954
-1.6026209592819214 0.32153603434562683 3.101247549057007
-2.3863744735717773 0.7736160159111023 1.6824802160263062
0.6544444561004639 0.8457517623901367 2.1412081718444824
-0.1366395503282547 0.284606397151947 1.594326138496399
-1.0661073923110962 0.284606397151947 4.775651931762695
-0.32965341210365295 0.6494057774543762 -1.2052990198135376
0.9210300445556641 1.1070380210876465 1.8328883647918701
0.9210300445556641 0.6331554055213928 0.7503746747970581
0.9210300445556641 1.030765175819397 2.141308307647705
0.9210299849510193 0.8218752145767212 0.2522251307964325
-2.3863744735717773 0.8120510578155518 0.14092059433460236
-0.27357491850852966 0.284606397151947 1.4174480438232422
0.9210300445556641 0.6624464392662048 0.945624828338623
-0.06310893595218658 0.6804772615432739 -1.2052991390228271
-1.887539267539978 1.0779781341552734 -0.8641932010650635
0.9211299419403076 1.076801061630249 -1.2052992582321167
0.014994442462921143 0.284606397151947 4.116724491119385
0.9210299849510193 0.642483651638031 -0.3808620870113373
-2.386375665664673 0.9909725189208984 2.141308307647705
0.9210299849510193 0.6472049355506897 0.5659019947052002
-2.3863744735717773 0.8188038468360901 -0.7401015758514404
-2.093506097793579 1.0720025300979614 -1.2052984237670898
0.9210300445556641 0.883880078792572 1.2840485572814941
0.9211301207542419 1.2687222957611084 2.141209602355957
0.3045174479484558 0.8863882422447205 2.1412081718444824
-1.657954216003418 0.7646571397781372 -1.2052985429763794
-0.801922082901001 0.7048386335372925 -1.205298900604248
-2.3863744735717773 0.6102265119552612 0.30865517258644104
0.4748949110507965 0.8940476775169373 -0.8729501366615295
-0.18205180764198303 0.7921997308731079 -1.2052990198135376
-1.850389838218689 0.7723665237426758 -1.2052985429763794
-2.3863744735717773 0.7259968519210815 0.44821664690971375
-2.0584518909454346 1.0093207359313965 2.1412081718444824
-1.470563530921936 0.284606397151947 0.5021395683288574
-1.8716676235198975 0.6602211594581604 -0.8418558239936829
-1.8077056407928467 0.6011990308761597 -0.5871680378913879
0.2552143931388855 0.284606397151947 1.2133680582046509
-1.0112323760986328 0.284606397151947 1.30110764503479
0.9210300445556641 0.6997641921043396 1.1669979095458984
0.9109615087509155 0.284606397151947 3.909620523452759
-1.3989148139953613 0.284606397151947 -0.02741130068898201
0.9210299253463745 0.6999503970146179 -0.6023254990577698
-2.3863744735717773 0.6912612915039062 -0.3077089190483093
-0.9100077152252197 0.284606397151947 0.6249610185623169
-1.922354817390442 0.9526487588882446 -1.2052985429763794
-1.194533348083496 0.284606397151947 -0.06613058596849442
-2.3863744735717773 0.9080688953399658 1.189483880996704
0.9211299419403076 1.188212275505066 -1.2052993774414062
-1.1783268451690674 0.284606397151947 -0.5936170816421509
-1.10215425491333 0.5775848031044006 -1.2052987813949585
-2.3863744735717773 0.9301096200942993 -0.3025745153427124
-2.3863744735717773 0.9732564091682434 -0.6756671667098999
0.2777630388736725 0.284606397151947 -0.4659929871559143
-2.3863744735717773 0.8810732364654541 -0.5009075403213501
-1.021949052810669 1.5339809656143188 -1.3969985246658325
-0.5357682108879089 0.7053277492523193 -1.205298900604248
-1.2041306495666504 0.29338639974594116 4.696252822875977
-2.5559756755828857 1.5316029787063599 -0.8854563236236572
0.9210301637649536 1.366732120513916 2.141308307647705
-1.721614956855774 0.9492616653442383 -1.2052985429763794
-1.0778861045837402 0.284606397151947 0.4600232243537903
0.9210300445556641 0.9446872472763062 1.5413081645965576
-2.3863744735717773 0.9360558986663818 -0.016067180782556534
0.246358260512352 0.284606397151947 -0.11143403500318527
-0.38252192735671997 0.284606397151947 -0.5813316702842712
0.9210299253463745 0.7729196548461914 -0.7611057162284851
-1.569757103919983 0.284606397151947 -0.32044482231140137
0.9210300445556641 0.8460169434547424 1.0462315082550049
-1.004379391670227 0.284606397151947 -0.6059681177139282
0.9210299253463745 1.1282870769500732 -0.8957854509353638
-0.06704770028591156 0.284606397151947 -0.907397985458374
-2.3863744735717773 1.0941553115844727 1.5747944116592407
-2.3863744735717773 1.1497288942337036 -0.8840765357017517
0.6387141346931458 0.2864827811717987 2.923365354537964
-1.1601779460906982 0.284606397151947 1.1642088890075684
0.7713134288787842 0.284606397151947 4.2585883140563965
-1.0128556489944458 0.7435694336891174 -1.2052987813949585
0.49015650153160095 1.2334927320480347 -0.8337603211402893
0.9210300445556641 0.8103271126747131 1.6876726150512695
0.9210299849510193 0.8012818694114685 -0.06557949632406235
0.24640999734401703 0.284606397151947 -0.7675830721855164
-0.760537326335907 0.284606397151947 -0.6859493255615234
-1.2594720125198364 0.7291885018348694 -1.205298662185669
0.47904616594314575 1.03646719455719 -1.2052992582321167
-2.0855965614318848 1.3652275800704956 -0.7504709362983704
-0.8638414144515991 0.284606397151947 -0.13826945424079895
-1.0845158100128174 0.284606397151947 -0.4101235270500183
-1.8239376544952393 1.293778896331787 -0.8762264847755432
0.7692464590072632 0.2861171066761017 3.777808666229248
0.3699944317340851 0.284606397151947 4.611973285675049
-0.7119762301445007 0.284606397151947 -0.2959024906158447
-2.3863744735717773 1.0136191844940186 1.3679471015930176
0.9210300445556641 0.8348885178565979 0.8219922184944153
-0.05279860273003578 0.284606397151947 0.5556961297988892
-0.35422155261039734 0.284606397151947 -0.3867298364639282
0.05413182079792023 0.7560312747955322 2.1412081718444824
-1.9147835969924927 1.4336351156234741 -1.2052985429763794
0.9603739380836487 0.2924419343471527 3.743136405944824
-1.280226230621338 0.8785621523857117 -0.8358373641967773
-2.3863744735717773 0.8966478705406189 0.9276067614555359
-2.3863744735717773 1.3234351873397827 2.141308307647705
-2.048565149307251 0.9628461599349976 1.5166200399398804
-2.1188762187957764 1.314081072807312 0.9083276987075806
-0.007005376275628805 0.9787877202033997 -1.2052991390228271
-2.3863744735717773 1.1622098684310913 1.8399473428726196
-1.3035621643066406 0.284606397151947 1.0317093133926392
-1.4851206541061401 0.9213630557060242 -1.205298662185669
-1.890275478363037 0.6008335947990417 1.609233021736145
-0.3018895089626312 1.0169117450714111 -0.8635067939758301
0.23705066740512848 0.7065593004226685 -1.2052991390228271
-1.7764923572540283 0.8546403050422668 -0.8047933578491211
-1.863417625427246 0.8978978991508484 2.1412081718444824
-0.811651349067688 0.284606397151947 2.692556142807007
-2.3863744735717773 0.9170129299163818 0.5392115116119385
0.6294357180595398 0.284606397151947 0.3119242787361145
0.9210299253463745 0.901577353477478 -0.9174848794937134
-0.7417147755622864 0.8638490438461304 -1.205298900604248
-2.022432804107666 0.6880382299423218 1.2430893182754517
-2.032299518585205 0.8624424934387207 -0.06046115607023239
-1.374967098236084 0.7697572708129883 2.1412081718444824
-1.8340984582901 1.21388578414917 1.886078953742981
0.9210299849510193 0.9924828410148621 0.4215312600135803
0.9211299419403076 1.2994351387023926 -1.2052993774414062
-2.0399088859558105 0.8050877451896667 0.22858098149299622
-2.386373996734619 1.216218113899231 2.141308307647705
0.07789979875087738 0.8286743760108948 -1.2052991390228271
-1.3648754358291626 1.1902735233306885 -1.205298662185669
0.9210299849510193 0.8974748849868774 -0.28494206070899963
-1.5373022556304932 0.8756346106529236 2.1412081718444824
-1.7385518550872803 0.284606397151947 4.07741117477417
0.27180129289627075 0.284606397151947 1.403473973274231
-2.3863744735717773 1.0966078042984009 -0.1721290796995163
0.36608123779296875 0.6785764694213867 -0.8496715426445007
-1.6303775310516357 0.8210458159446716 1.7764149904251099
-2.052203416824341 0.7422280311584473 1.6298073530197144
-1.3579233884811401 0.284606397151947 0.8406862616539001
-2.029244899749756 0.92250657081604 1.009887456893921
0.35651254653930664 0.284606397151947 -0.2467648833990097
0.04384303838014603 0.7866447567939758 2.919326066970825
0.3644947409629822 0.4025918245315552 3.6325886249542236
-0.9501543641090393 0.284606397151947 2.6933109760284424
0.9210299253463745 1.4683775901794434 -0.9667086601257324
-1.9994022846221924 1.177219033241272 -0.6530319452285767
-2.3863744735717773 1.3503919839859009 -1.2053983211517334
-1.4713648557662964 0.28646257519721985 4.48498010635376
-2.003732204437256 0.8750094771385193 -0.582538366317749
-2.3863744735717773 0.8029641509056091 0.6877127289772034
0.9210300445556641 1.4234931468963623 -1.2053993940353394
-0.21480941772460938 0.9702635407447815 -1.2052990198135376
-1.5836697816848755 1.1140130758285522 -1.205298662185669
-1.169623851776123 0.8883442282676697 -1.2052987813949585
0.9210299849510193 0.8452977538108826 -0.4808434247970581
-1.512751817703247 0.8676669001579285 -0.8358142375946045
-1.996237874031067 1.1841846704483032 2.1412081718444824
-2.0636537075042725 1.1792434453964233 0.35384002327919006
-2.3863744735717773 0.9509439468383789 1.6856802701950073
-0.9633771181106567 0.9238912463188171 -1.2052987813949585
0.30907759070396423 0.8704040050506592 -1.2052992582321167
0.46565333008766174 1.2405658960342407 2.1412081718444824
-1.1238776445388794 0.284606397151947 1.8086944818496704
-0.37999865412712097 0.8465427160263062 -1.2052990198135376
0.39466312527656555 0.284606397151947 0.870002806186676
0.9210299253463745 0.9372457265853882 -0.6997296810150146
-2.3863744735717773 1.1157488822937012 -0.5538948774337769
-0.7669516801834106 0.284606397151947 0.2997901439666748
-1.304795503616333 0.95159512758255 2.1412081718444824
-2.3863744735717773 0.9882081747055054 0.7611085772514343
-2.3863744735717773 0.8603278994560242 0.3223118185997009
-2.0260963439941406 1.2516236305236816 -1.2052984237670898
-1.8168865442276 1.1517142057418823 -1.2052985429763794
-2.3863744735717773 1.2361465692520142 -0.6914082169532776
0.46393021941185 0.284606397151947 0.1292087584733963
-1.3037904500961304 1.0010833740234375 -1.205298662185669
0.5490911602973938 0.6982660293579102 -0.7411925792694092
0.025923585519194603 0.29512161016464233 4.786713123321533
0.5209308862686157 0.284606397151947 1.0513359308242798
-0.19258491694927216 0.284606397151947 -0.3037821352481842
-0.8185056447982788 1.045578122138977 -1.205298900604248
0.5297034978866577 0.284606397151947 0.7641112208366394
-1.0924185514450073 0.284606397151947 0.09611380100250244
-0.2698187828063965 0.284606397151947 1.2103785276412964
-0.35983768105506897 0.284606397151947 1.5959659814834595
0.11981136351823807 1.2239028215408325 -1.2052991390228271
-1.7901427745819092 0.284606397151947 3.597491502761841
-2.155282735824585 1.6175615787506104 -1.004673957824707
-1.2517426013946533 0.7243095636367798 1.8302419185638428
-0.09819811582565308 0.284606397151947 1.1658169031143188
-0.8331816792488098 0.284606397151947 1.0121854543685913
-2.3863744735717773 1.3388487100601196 1.7374401092529297
-0.5579038858413696 0.9025576710700989 -1.205298900604248
0.44264036417007446 0.9662267565727234 2.1412081718444824
-1.708906650543213 0.9777552485466003 2.1412081718444824
0.9873291254043579 0.3015023171901703 3.5856494903564453
-0.8303543329238892 0.2903423011302948 4.873368740081787
-2.0545358657836914 0.8220222592353821 0.7187893986701965
-2.3863744735717773 1.4994208812713623 -1.0027692317962646
-2.3863744735717773 1.3488056659698486 -0.28149449825286865
-1.8781763315200806 1.0622308254241943 1.7091567516326904
-2.380206346511841 1.4800775051116943 -0.593837320804596
0.2429809421300888 1.0339676141738892 -1.2052991390228271
0.9210299849510193 1.0828217267990112 0.22617749869823456
-1.0157407522201538 0.5620636940002441 3.0419538021087646
-1.9943345785140991 0.6615943908691406 -0.2273094207048416
0.9210300445556641 1.0390310287475586 1.2028934955596924
0.9210300445556641 1.108309030532837 1.6270469427108765
0.6050378680229187 1.2195501327514648 -1.2052992582321167
-2.3863744735717773 1.1754696369171143 0.8403911590576172
-2.175297498703003 1.4542948007583618 2.3401856422424316
-1.5108602046966553 1.162118911743164 -0.85791015625
0.5941142439842224 0.9683434367179871 -0.6827967762947083
0.9210301041603088 1.3876581192016602 1.90043044090271
0.4935758411884308 0.2901187241077423 4.516775608062744
0.607944667339325 0.3740110695362091 3.1910934448242188
0.7577847838401794 1.5921549797058105 -0.9714521169662476
-1.589726209640503 0.2954165041446686 3.760484218597412
0.9210300445556641 1.0389615297317505 0.7106164693832397
-0.6820880174636841 0.293578177690506 4.9018235206604
-1.7993855476379395 0.30243659019470215 3.7582521438598633
0.06103441119194031 0.9221372008323669 -0.8481526970863342
0.9210299849510193 1.006759762763977 -0.08415964990854263
-2.3863744735717773 1.0184483528137207 0.24751070141792297
0.6118372678756714 0.30402305722236633 4.411370754241943
-2.067824125289917 1.387576937675476 1.5044324398040771
-0.9374083876609802 0.8680978417396545 -0.8529565930366516
-2.3863744735717773 1.0656483173370361 1.0494065284729004
-2.3863744735717773 1.1590874195098877 -0.3702417314052582
-1.0586262941360474 0.9607681035995483 2.1412081718444824
-1.9128260612487793 1.469162106513977 2.454625129699707
-2.3848185539245605 1.6153466701507568 1.482540249824524
-0.48451170325279236 0.284606397151947 1.4667085409164429
-2.3863744735717773 1.2644624710083008 1.5074615478515625
-1.3576319217681885 0.29712027311325073 4.592496871948242
0.9210300445556641 0.9994643926620483 0.9459488391876221
-1.0406129360198975 0.284606397151947 -0.1917404979467392
-0.5500891208648682 0.284606397151947 0.2910461723804474
-1.6893248558044434 0.29293093085289 3.215285062789917
0.20689135789871216 0.284606397151947 0.9425023198127747
-0.6786396503448486 0.284606397151947 -0.07634832710027695
-1.25114107131958 1.142222285270691 2.1412081718444824
0.7291109561920166 1.4680843353271484 2.352025032043457
-0.4612688422203064 0.2925715744495392 4.918294429779053
0.0672602429986 0.284606397151947 1.0736944675445557
0.9210299253463745 1.1868764162063599 -0.7233775854110718
0.3580111861228943 0.311746746301651 2.6925244331359863
-0.6362435221672058 0.284606397151947 -0.5548223257064819
0.9210299849510193 1.0482690334320068 -0.5339583158493042
-2.3863744735717773 1.200063705444336 1.2567625045776367
0.1952924132347107 0.284606397151947 4.727602005004883
-1.7789618968963623 0.31235677003860474 3.449491024017334
-0.012323298491537571 1.4507415294647217 -1.2052991390228271
-1.7440730333328247 1.172913670539856 2.1412081718444824
-2.3863744735717773 1.100764274597168 0.49468693137168884
-1.5507153272628784 0.284606397151947 4.022793292999268
0.18513986468315125 0.284606397151947 0.5707302093505859
-0.9147067666053772 0.284606397151947 4.781614780426025
-1.8665101528167725 0.7431384921073914 1.444047451019287
-0.304342120885849 0.3093405067920685 4.883979797363281
0.9210300445556641 0.789856493473053 1.4341862201690674
-1.1335781812667847 0.6928762197494507 -0.8015775084495544
0.8891292214393616 0.2980477809906006 3.19534969329834
-0.7603895664215088 0.284606397151947 0.1204071044921875
0.9198145866394043 1.5033721923828125 -1.2052993774414062
-1.6427233219146729 0.6694166660308838 -0.7216916680335999
0.035308837890625 0.2845063805580139 2.6925220489501953
-0.5404502153396606 0.284606397151947 -0.19452360272407532
-1.0070756673812866 0.284606397151947 0.8222699761390686
-1.482445478439331 1.1637980937957764 2.1412081718444824
-2.265009880065918 1.5446498394012451 -1.2950159311294556
-0.8114778399467468 0.284606397151947 1.3981752395629883
-0.5420007705688477 0.28840959072113037 4.817681312561035
-2.3863744735717773 1.1309581995010376 0.0765247493982315
0.9210299849510193 1.1656110286712646 0.5335525274276733
-1.099834680557251 1.114633560180664 -1.2052987813949585
0.958269476890564 0.29116326570510864 3.3722007274627686
-0.24633294343948364 0.284606397151947 0.7990158200263977
-1.5944230556488037 1.3103034496307373 -1.205298662185669
0.9210299849510193 0.7083672285079956 -0.22350680828094482
0.9210300445556641 1.3379795551300049 1.698678731918335
-2.5371248722076416 1.534040927886963 -0.4223112165927887
-1.259015679359436 0.41072022914886475 2.9879112243652344
-2.125114917755127 1.532488465309143 -0.024899573996663094
-2.5794432163238525 1.551277756690979 -0.1199052631855011
0.347558856010437 1.2110899686813354 -1.2052992582321167
0.39307868480682373 0.284606397151947 0.6260194182395935
-1.0363107919692993 0.284606397151947 1.041468858718872
-2.3863744735717773 1.4442410469055176 1.3925268650054932
0.25388696789741516 0.284606397151947 0.25661131739616394
0.9210299849510193 1.1060117483139038 -0.3140583038330078
0.3429040014743805 0.705266535282135 1.8195276260375977
0.8447269201278687 0.3031819760799408 4.052935600280762
-0.07643347978591919 0.284606397151947 1.4238779544830322
-2.3840231895446777 1.4577137231826782 2.1372852325439453
-2.030627965927124 1.4538298845291138 2.433692693710327
-2.0487446784973145 1.5801626443862915 2.1009719371795654
-1.3975859880447388 0.6297139525413513 -0.7845467925071716
-0.08390500396490097 1.1671452522277832 -1.2052991390228271
-2.3877251148223877 1.531845211982727 1.6671959161758423
-1.5805519819259644 0.2860519587993622 4.3729681968688965
-2.379765033721924 1.5574212074279785 2.0605387687683105
0.9210299849510193 0.7990124225616455 0.44879963994026184
0.9210300445556641 1.2077564001083374 1.4795281887054443
-2.5756537914276123 1.5366346836090088 0.5015913844108582
-1.197057843208313 0.3046005070209503 4.505936145782471
-0.3851718604564667 0.7236753106117249 -0.8215653300285339
-0.5076553225517273 0.284606397151947 1.0260417461395264
0.5145787596702576 1.481329083442688 2.4149374961853027
0.5903074741363525 1.0976375341415405 2.1412081718444824
0.5386946201324463 0.8798104524612427 1.8062530755996704
-0.20218870043754578 0.284606397151947 0.43826961517333984
0.2575404942035675 0.284606397151947 0.07186289876699448
0.9354844093322754 1.5377322435379028 1.6548354625701904
0.9210299253463745 1.4267346858978271 -0.7856336832046509
-0.9423302412033081 0.284606397151947 4.53434419631958
-0.15056119859218597 0.29196351766586304 4.6959381103515625
-1.7809888124465942 0.2993198037147522 3.9208927154541016
0.016845399513840675 0.30783697962760925 4.41827917098999
-0.8935325145721436 0.284606397151947 -0.33748629689216614
0.5364810228347778 0.3343318998813629 3.682785987854004
-1.3006032705307007 0.284606397151947 0.6483830213546753
0.9183095097541809 1.3885585069656372 0.39294159412384033
0.9097514748573303 1.5029878616333008 2.111379384994507
0.1787213683128357 0.284606397151947 4.601816177368164
-0.18963374197483063 0.284606397151947 -0.5608663558959961
-0.5652834177017212 1.083766222000122 -1.205298900604248
0.9210299849510193 0.8633369207382202 0.623121976852417
0.6413168907165527 0.47574225068092346 3.5306739807128906
-1.9379289150238037 0.6508726477622986 0.037363309413194656
-0.03801289200782776 0.284606397151947 -0.2137298285961151
0.2027837038040161 0.2846120595932007 2.6924242973327637
0.053853895515203476 0.284606397151947 1.2814538478851318
0.7095181345939636 0.34109678864479065 4.259166240692139
-0.2722981572151184 0.284606397151947 4.513077735900879
-0.9675605297088623 0.284606397151947 0.24357131123542786
0.009419512003660202 0.284606397151947 0.7077741026878357
-1.5085424184799194 0.31064099073410034 3.518616199493408
0.6857020854949951 1.613730549812317 -0.7376429438591003
-0.9156689047813416 1.214247226715088 -1.2052987813949585
-1.8117451667785645 1.4560030698776245 1.9741065502166748
0.3005593419075012 1.1177587509155273 -0.8345637917518616
0.34589242935180664 1.453194260597229 2.4913058280944824
0.3742982745170593 0.284606397151947 4.33109188079834
-1.697716474533081 0.6587893962860107 1.5983291864395142
-0.5704351663589478 0.284606397151947 0.09156034141778946
-0.6482934355735779 0.9326817393302917 -0.8738219141960144
-1.8521413803100586 0.7188370227813721 -0.39572983980178833
-1.2539433240890503 1.5386176109313965 -1.3968462944030762
-0.5510961413383484 0.3024147152900696 4.20674991607666
-2.518214225769043 1.5470893383026123 -0.7595201730728149
-0.6301659941673279 0.284606397151947 1.317770004272461
-0.038219012320041656 0.6992158889770508 -0.8266420364379883
-1.4456549882888794 0.3974570631980896 3.1332290172576904
0.5947819352149963 1.2726719379425049 -0.6140538454055786
-2.142009735107422 1.5385991334915161 0.6020635366439819
-1.9445335865020752 1.2728959321975708 1.0504595041275024
0.20070765912532806 1.4902855157852173 -1.2052991390228271
0.6469607353210449 1.5348132848739624 -1.3467179536819458
-0.2598099708557129 0.39515188336372375 3.8633885383605957
-1.425315022468567 1.531326174736023 -0.456053227186203
-1.7444583177566528 1.5472010374069214 -1.3973358869552612
-0.9901505708694458 0.44715771079063416 4.210996627807617
-2.046682119369507 1.5539709329605103 -1.403560757637024
-0.4073221981525421 1.53061044216156 -1.3608688116073608
-1.8502107858657837 1.6258554458618164 -0.9437097907066345
0.04960213601589203 1.4778642654418945 2.544835329055786
-0.6347646117210388 0.6033498048782349 3.3788301944732666
-0.04088161885738373 1.2027565240859985 -0.8424155712127686
-2.3863744735717773 1.2903090715408325 -0.029047705233097076
-0.36929547786712646 1.1104129552841187 -1.2052990198135376
-2.1805644035339355 1.6321378946304321 -0.588475227355957
-1.7103416919708252 1.5570247173309326 -1.2631663084030151
0.9210299849510193 0.9183562397956848 0.09229332953691483
0.14458027482032776 1.6149241924285889 -1.0365554094314575
-1.4829641580581665 1.5295625925064087 -1.3936536312103271
0.9210300445556641 1.2153615951538086 1.0327517986297607
0.9210299849510193 1.2039358615875244 -0.09002980589866638
-1.947454810142517 1.6543341875076294 -0.8575990796089172
0.9210300445556641 1.4911623001098633 1.4598127603530884
-2.163393020629883 1.6558493375778198 -0.030703695490956306
-2.1350908279418945 1.553429126739502 -0.38080134987831116
0.9210299849510193 1.2460509538650513 0.16626891493797302
-1.851458191871643 0.9969327449798584 1.2244709730148315
0.3678072690963745 0.6068208813667297 -0.6228715181350708
0.9210300445556641 1.2160091400146484 1.2656309604644775
-0.18898172676563263 0.28702518343925476 4.278468132019043
-1.3613624572753906 0.29626503586769104 4.056953430175781
-1.138702154159546 1.1701668500900269 -0.8754904270172119
-2.396794080734253 1.6215951442718506 1.2172728776931763
-1.0941003561019897 0.3097037076950073 3.092039108276367
-1.23739755153656 1.591342806816101 2.3262524604797363
-1.425245761871338 1.472052812576294 2.4813313484191895
0.9210299849510193 1.2776751518249512 -0.5332449078559875
-0.8010014295578003 0.30873748660087585 4.092784881591797
-2.499150276184082 1.531926155090332 0.7755047678947449
-0.3409375250339508 0.284606397151947 0.9974931478500366
-1.1161267757415771 0.284606397151947 0.6636301279067993
0.7419664263725281 0.33195406198501587 3.030866861343384
-1.7654504776000977 1.6000165939331055 2.181399345397949
-1.2000967264175415 1.3385554552078247 1.8346271514892578
-1.6149752140045166 1.68560791015625 2.011028528213501
-1.8235344886779785 1.652151107788086 -0.5229290127754211
-2.3863744735717773 1.2994664907455444 1.0647118091583252
0.5335105657577515 0.6718415021896362 1.6506928205490112
-1.7464826107025146 1.4665038585662842 2.4528610706329346
-2.5443806648254395 1.5323313474655151 1.895235300064087
-1.33297860622406 0.3162354826927185 3.706977128982544
-0.19697396457195282 0.284606397151947 -0.07731452584266663
-1.749094009399414 1.6118011474609375 1.5597738027572632
-2.043322801589966 0.8541246056556702 0.47205623984336853
-0.9240163564682007 1.2782092094421387 -0.5596615672111511
-2.3858535289764404 1.4615142345428467 0.35556760430336
-1.50070059299469 1.0256645679473877 -0.6114481687545776
-1.9942632913589478 1.666338562965393 0.18093132972717285
-1.1567095518112183 0.32092615962028503 2.7003226280212402
0.3134998083114624 0.2948809862136841 3.898822069168091
-2.5400288105010986 1.5367252826690674 1.149897575378418
-1.4523152112960815 1.4692432880401611 2.373859167098999
-1.5833542346954346 1.636157751083374 -0.7239856719970703
-2.3789713382720947 1.5821598768234253 -0.26900652050971985
-0.23127523064613342 0.284606397151947 0.6257574558258057
-0.7050662040710449 0.2866687774658203 4.45326566696167
0.6167933344841003 0.9276894927024841 -0.2883857190608978
-0.6347551941871643 0.284606397151947 0.8885447382926941
-1.7950832843780518 1.0169776678085327 -0.5875817537307739
-1.8611092567443848 1.2797560691833496 1.5531318187713623
-1.4747718572616577 0.3025379180908203 3.0013492107391357
-0.6672653555870056 1.2407222986221313 -1.205298900604248
-0.8340731859207153 0.6486550569534302 -0.7766101360321045
-1.987278699874878 1.1814384460449219 -0.3322122097015381
-0.4932463467121124 0.284606397151947 0.582289457321167
0.5339496731758118 0.33783870935440063 2.733182191848755
-1.5951234102249146 1.4750099182128906 2.49345064163208
-0.8686087727546692 0.7647736072540283 2.8422446250915527
-0.8015422821044922 0.284606397151947 0.7980471849441528
0.44866669178009033 1.4019451141357422 -1.2052992582321167
-0.13922953605651855 0.3087191581726074 3.7018179893493652
-1.9298127889633179 0.6206874251365662 0.5385494232177734
0.4680376350879669 1.0704642534255981 0.7228468060493469
0.5834476351737976 0.2882784903049469 4.032408237457275
-1.3600350618362427 0.3016251027584076 4.2863993644714355
0.4130033850669861 1.5585936307907104 -1.3604904413223267
-0.26109057664871216 1.2866251468658447 -1.2052990198135376
-1.3182730674743652 1.5241678953170776 -0.9529386162757874
0.17237704992294312 0.40095072984695435 4.303161144256592
0.9210299849510193 1.4725548028945923 0.01669643446803093
-1.0166670083999634 1.4602166414260864 2.475736141204834
-2.172329902648926 1.6380715370178223 1.781131386756897
-0.18722163140773773 0.284606397151947 3.5361647605895996
0.48363766074180603 1.5015523433685303 -0.8023926019668579
-1.8746353387832642 1.0516881942749023 0.09049589186906815
-0.39764702320098877 0.45180585980415344 3.554441452026367
-0.8451123833656311 1.1019558906555176 2.1549084186553955
0.9210299849510193 1.337435245513916 -0.2892926335334778
0.20448093116283417 1.146335244178772 2.1412081718444824
-1.6868324279785156 0.31072697043418884 3.3379569053649902
0.5469473004341125 1.334253191947937 1.8199282884597778
0.8794720768928528 0.33927181363105774 3.490997076034546
-1.8731584548950195 1.4816068410873413 -0.5534650683403015
-1.1218254566192627 0.2996578812599182 4.2062225341796875
0.6989336013793945 1.5891709327697754 2.164573907852173
-0.8819572329521179 0.3150198459625244 4.333542346954346
0.33465489745140076 1.6365776062011719 -0.9592690467834473
-1.5004527568817139 0.7643662095069885 -0.5521560907363892
-0.7811031937599182 0.5186235308647156 4.034228801727295
-2.2564916610717773 1.6703437566757202 0.9699049592018127
-0.2172633856534958 0.839403510093689 -0.7633170485496521
-1.8932007551193237 1.7074865102767944 1.8746356964111328
-2.5395333766937256 1.5296119451522827 0.14285661280155182
0.37655138969421387 0.3625487685203552 3.352213144302368
-0.5685111284255981 0.33598363399505615 3.997249126434326
-0.494241327047348 0.31770095229148865 4.399747848510742
0.5483871102333069 0.6975935101509094 -0.14968763291835785
0.6260265707969666 0.8703904151916504 0.7184697389602661
-1.111390471458435 0.3312346637248993 3.300481081008911
0.6100690960884094 0.9640966653823853 1.594983458518982
-0.8339644074440002 0.30010515451431274 3.1439883708953857
0.24250121414661407 0.284606397151947 0.7483438849449158
-1.2034980058670044 1.465234398841858 2.463777542114258
0.07180438190698624 0.284606397151947 0.19658541679382324
-0.7111496925354004 0.28827542066574097 3.7364001274108887
-0.42239466309547424 0.284606397151947 0.007568514905869961
-1.5383038520812988 1.2824361324310303 1.8837943077087402
-1.8529130220413208 0.6340274214744568 0.2902270257472992
0.3129538893699646 0.309837281703949 3.014373540878296
-1.2555187940597534 0.6953051686286926 -0.6208995580673218
-0.6183517575263977 0.7164360880851746 -0.803249716758728
-0.5977081656455994 0.6619055867195129 2.981576442718506
1.0374867916107178 1.5377002954483032 -0.39442506432533264
-0.17236478626728058 0.307981938123703 3.1299874782562256
-0.3581225275993347 0.284606397151947 0.2551558017730713
-1.431885004043579 0.6547370553016663 1.6712626218795776
-1.5396456718444824 1.6182831525802612 -1.0272166728973389
0.20134420692920685 0.7665321230888367 -0.7452368140220642
0.5365646481513977 0.7778807878494263 -0.5394827723503113
-2.032466411590576 1.438798427581787 1.253065586090088
0.31364989280700684 0.3032403588294983 4.1235151290893555
-1.5387272834777832 1.405088186264038 -0.7674176096916199
-1.221138834953308 0.34595564007759094 2.722275495529175
0.23017358779907227 0.5529664158821106 3.079631805419922
0.6034731864929199 0.9144085049629211 1.1503556966781616
0.1576746106147766 0.32821565866470337 3.583629846572876
0.8952967524528503 1.6304653882980347 1.8651962280273438
-1.9714268445968628 0.6657571196556091 0.956307053565979
-1.3238195180892944 0.327540785074234 3.3963541984558105
-1.7688233852386475 0.6702340841293335 -0.16770708560943604
0.09863951057195663 0.284606397151947 3.287513256072998
-0.544324517250061 0.3002897799015045 4.610329627990723
0.9785219430923462 1.5337693691253662 -0.6193305850028992
-2.0379700660705566 1.4627513885498047 0.2775326073169708
-0.12032750993967056 0.284606397151947 0.2816213369369507
-1.874400019645691 1.3534352779388428 -0.23392993211746216
-1.7598700523376465 1.0036540031433105 1.5412575006484985
-2.016869306564331 1.6902029514312744 1.5888491868972778
-0.8695463538169861 1.448756217956543 -0.9555431008338928
-2.588254690170288 1.533366084098816 0.6940200924873352
-2.3863744735717773 1.2323665618896484 0.6293697953224182
0.3483479619026184 1.0146522521972656 -0.6312360763549805
0.0905979722738266 0.5134299397468567 3.814612865447998
-0.3990670442581177 0.284606397151947 0.4321289360523224
-1.8442953824996948 0.7041569352149963 1.1393845081329346
0.5674133896827698 0.8262293338775635 1.4342737197875977
0.35397231578826904 1.1291084289550781 1.8789747953414917
-1.4035125970840454 1.6046957969665527 1.9811687469482422
-2.584200859069824 1.5311198234558105 0.9238071441650391
0.6063559055328369 1.4440481662750244 -0.12105702608823776
-2.595290422439575 1.530219554901123 0.15517167747020721
-1.6825822591781616 0.7975247502326965 1.307173728942871
-0.8400171995162964 0.4042868912220001 3.6487104892730713
-0.8347805738449097 1.4048852920532227 2.465453624725342
-1.236771583557129 0.3173644244670868 3.9223036766052246
-0.01196263451129198 0.7390032410621643 1.8649004697799683
0.615831196308136 0.8829405307769775 0.012193669565021992
-2.3863744735717773 1.2219866514205933 0.29661622643470764
0.9210300445556641 1.2460346221923828 0.8128008246421814
-0.32063910365104675 0.2990713119506836 4.04148006439209
0.7950417995452881 0.3306233286857605 3.237241268157959
-0.6823989748954773 0.284606397151947 0.6498608589172363
-1.2774630784988403 0.47397515177726746 3.656644105911255
0.9210300445556641 1.4676796197891235 1.2470934391021729
-0.17023028433322906 1.561364769935608 -1.3279294967651367
-1.039843201637268 1.2457025051116943 2.112222671508789
-1.8485187292099 1.0122761726379395 0.330872118473053
0.20711010694503784 1.6578433513641357 -0.3004680573940277
-0.2725883722305298 1.3033709526062012 -0.4168262779712677
0.6671058535575867 1.6133413314819336 -0.40449830889701843
-1.2745842933654785 1.2937296628952026 -0.6951555013656616
0.028672941029071808 1.6445266008377075 -0.6492634415626526
-1.7089942693710327 0.8864041566848755 -0.3575208783149719
-1.469144582748413 1.0428781509399414 -0.2692723274230957
-0.8391318321228027 0.6862539052963257 3.166459083557129
-0.6145316958427429 1.1229655742645264 -0.6811743378639221
-1.8416531085968018 0.9974278211593628 -0.19865219295024872
0.4283696413040161 1.6744920015335083 -0.5090292096138
-0.23262254893779755 1.6425789594650269 -0.47262877225875854
0.46607404947280884 1.6124908924102783 2.1681525707244873
0.22228026390075684 1.4652202129364014 2.518261194229126
0.3184872567653656 1.6446516513824463 -0.7288030982017517
-2.0332767963409424 1.2594852447509766 0.6498962640762329
-0.8618714213371277 1.5657960176467896 -1.3370009660720825
0.5169051885604858 0.4293181598186493 3.919334650039673
-1.3973362445831299 0.6857813596725464 -0.3779512345790863
-0.2575168311595917 0.284606397151947 0.11154056340456009
-0.5351826548576355 0.3653469383716583 3.462120532989502
-0.1395343393087387 0.6013266444206238 -0.6530207395553589
-1.0268733501434326 0.3566170036792755 3.931363344192505
-1.497625470161438 0.9483280181884766 1.616463541984558
-1.7061116695404053 1.2553201913833618 -0.5727530121803284
-1.8570445775985718 0.6580798625946045 0.7605407238006592
0.5478469729423523 0.7036827206611633 0.4678490161895752
-0.28884971141815186 1.5416858196258545 -0.6591962575912476
-0.8462117314338684 1.1928296089172363 -0.8107950687408447
-0.6761345863342285 0.284606397151947 1.1305233240127563
-0.02816852554678917 1.4665862321853638 -0.8163473606109619
0.09282977879047394 0.2900112569332123 3.8670198917388916
-1.7716065645217896 0.7751173377037048 0.11362871527671814
0.23222200572490692 1.2866030931472778 -0.6820108294487
-0.9465158581733704 0.6895983815193176 -0.6344495415687561
-0.023350074887275696 0.7513336539268494 2.6607351303100586
-0.8320093750953674 0.9014868140220642 2.1102242469787598
0.5399848222732544 1.2246923446655273 -0.39061564207077026
0.6194780468940735 1.2884348630905151 1.266357421875
0.4428311884403229 0.6645991206169128 -0.3749476671218872
0.4799387454986572 1.1961805820465088 0.008751893416047096
0.3976166546344757 0.5184155702590942 3.4495716094970703
-0.04352927580475807 0.47465792298316956 4.069687366485596
0.5284386277198792 1.2290328741073608 1.6101089715957642
0.3375931978225708 0.6806104183197021 1.6138888597488403
0.3110259175300598 1.4300686120986938 2.0158650875091553
0.8409579396247864 1.5958689451217651 -0.27389585971832275
-0.02957739867269993 1.1333906650543213 -0.635543167591095
-1.512076735496521 0.6454899907112122 -0.19065752625465393
0.10331813246011734 0.6967225074768066 -0.5671736598014832
0.35223445296287537 0.9685266017913818 1.597027063369751
0.5424597263336182 0.7495254278182983 0.19737455248832703
-0.4662356674671173 1.3263896703720093 -0.8948339223861694
-1.9312622547149658 1.076826572418213 0.7786746621131897
-0.6526195406913757 0.284606397151947 0.46138569712638855
-0.30645033717155457 0.4434148669242859 4.315825939178467
-1.1090649366378784 0.673457682132721 -0.4198095500469208
0.41236412525177 0.3087359070777893 2.9642255306243896
0.32371965050697327 0.6219173669815063 -0.20716485381126404
-1.8209820985794067 0.8108969330787659 0.5047664642333984
0.425202876329422 0.9045856595039368 0.48753848671913147
-0.06737825274467468 0.284606397151947 0.07433478534221649
-0.8731600046157837 0.284606397151947 0.450520396232605
-0.43627724051475525 0.3512052297592163 3.730402946472168
0.5407034754753113 0.6962018013000488 1.0719407796859741
-0.5493946075439453 0.6368489861488342 -0.6255027055740356
0.28776150941848755 0.9106119275093079 -0.44568848609924316
-0.32698971033096313 0.7287382483482361 -0.5871814489364624
-0.018970059230923653 0.284606397151947 0.8799909353256226
0.3853306472301483 0.9686262011528015 -0.21159452199935913
-1.801092505455017 1.3000329732894897 0.23505456745624542
-0.336727499961853 0.41499897837638855 2.8715484142303467
-1.6372028589248657 1.0298632383346558 -0.054436907172203064
-1.1534647941589355 0.6666921973228455 1.6598490476608276
-1.7998201847076416 1.2433730363845825 1.2381798028945923
-0.6608963012695312 0.7920743823051453 2.019554615020752
-1.915833830833435 1.7229360342025757 0.6683022975921631
-0.02517664059996605 0.6516045928001404 -0.33299022912979126
0.41658732295036316 0.6953982710838318 1.4026353359222412
-1.684991478919983 0.718829333782196 1.0144590139389038
-1.2859103679656982 1.0744328498840332 -0.6364647746086121
-0.08838795125484467 0.3916555345058441 3.3755691051483154
-1.019219994544983 0.9849914312362671 -0.681858479976654
-2.0734670162200928 1.6899393796920776 1.1492810249328613
-0.8210328221321106 0.6546176075935364 -0.3990514576435089
-1.5603299140930176 0.6668949723243713 0.08749169111251831
-1.906968593597412 1.6372874975204468 -0.2417180985212326
-1.2143454551696777 0.9439793229103088 1.7895487546920776
0.3936845660209656 0.6299490928649902 0.049173809587955475
-0.5883011817932129 1.359486699104309 -0.4240979850292206
-1.4670568704605103 0.7180168032646179 1.445615291595459
-1.06636381149292 1.357864499092102 -0.35921812057495117
-0.47624698281288147 0.284606397151947 0.7939197421073914
0.09672633558511734 0.9258635640144348 1.9089264869689941
-0.08355722576379776 0.8810915946960449 -0.5605960488319397
-1.035766363143921 0.40824997425079346 3.7787890434265137
-1.4601653814315796 0.6412667632102966 1.1086742877960205
-0.3608483672142029 0.5717818737030029 3.3598225116729736
-2.307365894317627 1.6486151218414307 0.4311366081237793
-0.34881114959716797 1.229820728302002 -0.7112112641334534
-1.758570671081543 0.9872809052467346 0.8600645065307617
-1.0465903282165527 1.561622142791748 -0.6640084385871887
-0.8561121225357056 0.5668433308601379 3.4029297828674316
-1.621916651725769 1.3857271671295166 1.6877120733261108
-1.6171996593475342 0.9828379154205322 1.0864695310592651
-1.1966195106506348 0.9959312677383423 -0.43456703424453735
-1.7674373388290405 1.3840484619140625 -0.006327614653855562
-0.6471160054206848 1.442125678062439 -0.6954853534698486
-1.3447638750076294 1.3151555061340332 -0.28676438331604004
0.20323322713375092 0.761131763458252 -0.21124878525733948
0.5037404298782349 0.6988974213600159 0.8340781927108765
-0.17946591973304749 0.749282717704773 2.935904026031494
-0.6564778089523315 0.6261970400810242 -0.21829180419445038
-0.1001964807510376 0.6104327440261841 0.31491124629974365
-1.341531753540039 0.8235645294189453 -0.21699941158294678
-0.5868349671363831 1.035456657409668 2.230093240737915
-0.6725478768348694 0.8733529448509216 -0.6147934198379517
-1.843161702156067 1.2947849035263062 0.5168696045875549
0.3694734573364258 0.650766909122467 0.3393668532371521
-1.7126420736312866 1.7105052471160889 0.4396042823791504
-0.9779717326164246 0.6275720596313477 -0.03728940337896347
-0.350634902715683 0.7857421040534973 1.9139939546585083
-1.0171843767166138 0.8515844941139221 1.6040802001953125
-1.6823779344558716 1.5753095149993896 1.2153302431106567
-0.18483226001262665 0.9402619004249573 2.374774217605591
-0.28637704253196716 0.6446041464805603 -0.3276706039905548
-0.3074299097061157 0.65102618932724 1.629615068435669
0.33497878909111023 0.9918224811553955 0.03553752601146698
-1.4156872034072876 0.8336619138717651 0.0023752618581056595
-1.6359083652496338 0.6609264612197876 0.7650704979896545
0.11835397034883499 0.6813644170761108 1.1763932704925537
0.010197298601269722 0.8049340844154358 3.1527340412139893
0.365447074174881 0.640399694442749 1.1594562530517578
0.48924875259399414 1.0424737930297852 1.0289275646209717
0.010363250970840454 0.6158398389816284 -0.0066136945970356464
-0.513356626033783 0.8206716775894165 2.7277562618255615
-0.5578096508979797 0.5364015698432922 3.841094732284546
-0.8562644720077515 0.5722770690917969 0.9171804189682007
-0.0014086441369727254 0.9540810585021973 -0.29526132345199585
-1.6052385568618774 0.65843665599823 0.4001898467540741
-0.8700184226036072 0.9501978754997253 1.9244002103805542
0.8923968076705933 1.64497709274292 1.3492966890335083
-1.1709041595458984 0.6323672533035278 -0.19385552406311035
-1.2508553266525269 0.6662575006484985 1.4004249572753906
-1.5855457782745361 1.1593267917633057 1.4483174085617065
-0.3935181498527527 1.064604640007019 -0.5492015480995178
0.029991108924150467 1.446701169013977 -0.4719761312007904
-0.0397288054227829 0.6425206661224365 3.2507481575012207
-0.8687623143196106 0.9315488934516907 -0.47220712900161743
0.46268343925476074 1.4680821895599365 1.4904087781906128
0.0028674211353063583 0.5350542068481445 3.4458019733428955
0.5644585490226746 1.6463019847869873 -0.03664161264896393
0.03655669838190079 1.2119343280792236 -0.3404954969882965
-1.561044454574585 0.8760285377502441 0.7005664110183716
0.3667454123497009 1.1721270084381104 0.28222236037254333
-0.8320543766021729 0.9486995339393616 2.8813774585723877
0.006025180220603943 0.960543692111969 2.8946242332458496
-1.2876806259155273 0.9717787504196167 1.5486291646957397
-0.7979351282119751 1.2268067598342896 -0.33840933442115784
0.6043154001235962 1.367369294166565 0.14797694981098175
0.10711777955293655 0.6525078415870667 1.6139289140701294
-0.33638954162597656 0.9516399502754211 3.1005005836486816
0.7456536889076233 1.7018074989318848 1.641904354095459
-1.3488421440124512 0.6904446482658386 0.15419313311576843
-0.9052026867866516 0.528223991394043 3.5623912811279297
0.42111146450042725 1.0864490270614624 1.3382214307785034
-0.5461886525154114 0.7902213335037231 -0.36714646220207214
-1.0139367580413818 0.9255328178405762 -0.2500778138637543
-0.714349627494812 0.6145340204238892 0.22576001286506653
-0.5336594581604004 1.0504283905029297 3.0253806114196777
-1.0684446096420288 0.35481372475624084 3.4593658447265625
-0.8820366263389587 0.6714076399803162 1.6979622840881348
1.100038766860962 1.555643916130066 -0.1287752240896225
0.09213390946388245 0.6444694995880127 0.7768886685371399
0.2655489444732666 0.7764264941215515 0.1419781595468521
-0.13839781284332275 1.596031665802002 -1.0520566701889038
0.08146616071462631 0.3816490173339844 3.0097010135650635
1.0181370973587036 1.5317022800445557 0.38226422667503357
-0.5281813740730286 0.8688233494758606 2.5322670936584473
-0.28673815727233887 0.7394981384277344 -0.14143630862236023
0.37456005811691284 0.6548102498054504 0.6268073916435242
-0.31024834513664246 1.6178749799728394 -0.8476240634918213
-0.17436836659908295 0.8018519282341003 1.7544993162155151
1.040185809135437 1.5288480520248413 0.8862432241439819
-0.8831294178962708 0.6480028629302979 1.440638780593872
-0.7943154573440552 0.9514609575271606 2.971978187561035
-0.5535633563995361 1.4465010166168213 -1.2037724256515503
0.08936744928359985 1.5463831424713135 2.3488926887512207
-0.555327832698822 0.7323957085609436 1.7824156284332275
0.6166681051254272 0.9728296995162964 0.371748685836792
-0.9696608781814575 1.6050902605056763 -1.0147310495376587
-1.1673164367675781 1.3293176889419556 -1.2052987813949585
-0.5427756905555725 0.630294680595398 1.364496111869812
0.0615561343729496 1.0501242876052856 1.7130929231643677
0.5653218626976013 1.6787793636322021 1.881895899772644
-0.6923642754554749 1.1798551082611084 2.5659096240997314
-0.6256726384162903 1.6045928001403809 -0.9109400510787964
-0.8969478607177734 1.456158995628357 2.1347110271453857
-0.14823901653289795 1.3556113243103027 2.588592529296875
-0.3790337145328522 0.7105520963668823 3.2150447368621826
-0.4354580044746399 0.6403719782829285 -0.00981169380247593
0.030772991478443146 0.8682926297187805 -0.053821031004190445
-0.7487557530403137 1.530869483947754 -1.381384253501892
-0.034864962100982666 1.149753212928772 2.3692545890808105
0.18944640457630157 0.8682448863983154 1.4418648481369019
-0.8229843378067017 1.614033818244934 -0.6950170397758484
-0.32841432094573975 0.7513796091079712 2.733525276184082
-1.2865525484085083 1.586336612701416 -1.1808980703353882
1.0203394889831543 1.534598708152771 0.6504977941513062
0.16553150117397308 1.3753981590270996 1.8466277122497559
-0.451366126537323 1.575708031654358 -1.1443973779678345
-0.30077558755874634 1.0721255540847778 2.365619421005249
-0.5755488872528076 1.6422698497772217 -0.5039158463478088
-0.7453559041023254 1.7466360330581665 -0.1650201380252838
0.9210300445556641 1.3924098014831543 0.6360507011413574
0.2886042892932892 1.2458182573318481 -0.3079586327075958
0.324241042137146 0.7270166873931885 0.896338701248169
0.16192001104354858 0.6916261911392212 0.4274570941925049
0.19531042873859406 1.3188364505767822 0.006636139936745167
-0.15983770787715912 0.6413227915763855 1.2482103109359741
-1.190948724746704 1.6252844333648682 -0.8068771362304688
-2.019225597381592 1.6998487710952759 0.4551119804382324
-0.36713480949401855 1.0015476942062378 1.9868113994598389
-0.009196962229907513 0.7811187505722046 1.536033034324646
-1.4212204217910767 0.881148099899292 1.2096034288406372
-0.12817934155464172 1.1305241584777832 2.755749464035034
0.9787672758102417 1.5332248210906982 0.18544860184192657
-0.5113154649734497 1.2358118295669556 2.7185287475585938
-1.228366732597351 1.6103026866912842 1.8757081031799316
-0.22032582759857178 0.7556639313697815 0.10817777365446091
-0.43815702199935913 1.134012222290039 2.5193026065826416
-1.5611904859542847 1.0195244550704956 0.2169455885887146
0.5965490341186523 1.3283708095550537 0.42383259534835815
-1.3579773902893066 1.6591846942901611 -0.2030928134918213
0.905545711517334 1.533118724822998 1.039828896522522
0.6366218328475952 1.2923710346221924 0.9205999970436096
-1.903138279914856 1.7175884246826172 1.3016396760940552
-0.3866494297981262 0.4969998002052307 0.6880617737770081
-1.1072916984558105 0.6460404992103577 1.1305073499679565
-1.6193021535873413 1.6887133121490479 1.4235516786575317
-0.8708682060241699 1.6377521753311157 -0.4300841689109802
-1.7586504220962524 1.6872880458831787 0.8688238859176636
-0.472696453332901 1.0301653146743774 -0.2931399345397949
-1.696492075920105 1.6530485153198242 0.004817872773855925
-1.612259030342102 1.6255637407302856 -0.2805463969707489
-2.099097490310669 1.678267240524292 0.8306450247764587
-0.9488687515258789 1.1754223108291626 1.7236790657043457
-1.4453458786010742 1.6599081754684448 1.7174056768417358
-1.3352030515670776 1.6509034633636475 -0.5491839647293091
-0.655137836933136 1.4062269926071167 2.507662057876587
-1.1259474754333496 1.599040150642395 2.0942134857177734
-0.08333157747983932 0.6883444786071777 0.9603570103645325
-1.3480889797210693 1.3913726806640625 1.558057188987732
-1.6499090194702148 1.6686933040618896 0.24891306459903717
-1.1665793657302856 0.924529492855072 0.006147346924990416
-1.1026455163955688 1.643315315246582 -0.32522621750831604
-0.9401708245277405 0.6262955665588379 0.4682057499885559
0.5601364970207214 1.541927695274353 0.6770502924919128
0.1600358635187149 1.07705819606781 0.2908343970775604
0.3618321418762207 1.4120508432388306 0.2563818693161011
-1.688137412071228 1.0286011695861816 0.5214612483978271
-0.7615838646888733 0.9104177951812744 1.7230147123336792
-0.7555302381515503 0.8982918858528137 -0.204148069024086
-1.1713268756866455 1.2057406902313232 -0.16599352657794952
-0.6641842722892761 0.803655207157135 -0.05029686540365219
-1.3115359544754028 0.737765371799469 1.0005747079849243
-1.1528245210647583 0.8852590918540955 1.3609545230865479
-0.8830387592315674 1.1425063610076904 -0.044039286673069
-1.6536760330200195 1.2685449123382568 0.6950730681419373
-1.3221303224563599 0.659917414188385 0.39059674739837646
-1.8388068675994873 1.353931188583374 0.8696539402008057
-1.3378193378448486 0.6262609958648682 0.6865205764770508
-0.6234744787216187 0.721510648727417 1.5824296474456787
0.7677845358848572 1.6484719514846802 1.0844409465789795
0.314753919839859 0.891884982585907 1.168605089187622
-1.4964414834976196 1.3706241846084595 1.227160930633545
-1.4388833045959473 1.163621425628662 0.889862060546875
-1.4936509132385254 1.363415241241455 -0.0017284867353737354
-1.3085227012634277 1.2716041803359985 0.05361618846654892
-1.4335602521896362 1.5461748838424683 0.9906958341598511
-0.41445669531822205 0.6938873529434204 0.25533267855644226
0.4045514464378357 1.2863538265228271 0.5703241229057312
-1.4302784204483032 0.8551055192947388 0.43906617164611816
-1.5433473587036133 1.3208816051483154 0.28303131461143494
0.16417698562145233 1.5872539281845093 2.094423532485962
-0.17106279730796814 1.0709342956542969 1.836044192314148
-0.5204951763153076 0.6274339556694031 1.0832304954528809
-1.0560884475708008 0.6961029767990112 0.6940582394599915
-0.35428282618522644 1.410970687866211 2.5166914463043213
-0.29168200492858887 1.3913884162902832 2.2715206146240234
-1.20309317111969 1.6990220546722412 -0.0391361378133297
0.6221511363983154 1.6205971240997314 0.22177107632160187
-0.6702162623405457 0.7189121246337891 0.7710254788398743
0.3818730115890503 1.6176955699920654 0.8750447630882263
-0.212574303150177 0.765994131565094 1.4570658206939697
-1.6017502546310425 1.2830718755722046 -0.30420488119125366
-0.19996537268161774 0.974726676940918 -0.27538397908210754
-1.1331146955490112 0.7332320213317871 0.32376351952552795
0.3660000264644623 1.3648130893707275 0.864596962928772
0.37157440185546875 1.677724838256836 0.26760220527648926
-0.9621326327323914 0.8223971128463745 0.03865380585193634
0.606199324131012 1.6410948038101196 0.5017739534378052
-0.09036104381084442 1.3776144981384277 1.978169560432434
0.05582069233059883 0.9008871912956238 1.1909416913986206
0.6944283246994019 1.6328246593475342 0.830691397190094
0.12651817500591278 0.8629685640335083 0.693699061870575
-0.06617021560668945 0.7589406967163086 0.5812788605690002
0.21872243285179138 1.0370897054672241 0.5291064977645874
-1.4158135652542114 1.2129015922546387 0.5179150104522705
0.3052099049091339 1.0342071056365967 0.8909398317337036
0.009657375514507294 1.563407063484192 1.9899492263793945
-1.3951342105865479 0.8747119903564453 0.8020817041397095
-1.4663718938827515 1.6392537355422974 1.4777406454086304
-1.5390207767486572 1.6122362613677979 0.714184045791626
0.38018766045570374 1.6086194515228271 1.125675916671753
0.5531213283538818 1.6655913591384888 1.418060541152954
0.18452753126621246 1.6134729385375977 1.5800347328186035
-0.4879792034626007 0.9500844478607178 1.6935280561447144
-0.8216192126274109 0.7640495896339417 1.1920287609100342
-0.2716551125049591 0.6917076706886292 0.7726402282714844
0.21381451189517975 1.288648009300232 1.3810051679611206
0.1294114738702774 1.584027886390686 0.7317485213279724
-1.3821300268173218 1.6150977611541748 0.5612459182739258
0.2608916163444519 1.3892236948013306 1.6363478899002075
-1.3741472959518433 1.6867972612380981 0.13275645673274994
-0.23229536414146423 0.7822469472885132 1.1297991275787354
-0.41691115498542786 1.7048901319503784 -0.29342782497406006
0.38559025526046753 1.363791823387146 1.147757887840271
0.13365095853805542 1.230804443359375 1.0223755836486816
-0.011580114252865314 1.1168506145477295 1.434327483177185
-0.9372729063034058 0.8367414474487305 0.2705160081386566
-0.6056355237960815 1.225834608078003 -0.1955251693725586
0.28957292437553406 1.6220842599868774 1.3231337070465088
-0.837063729763031 1.4149545431137085 0.18099331855773926
-1.5510824918746948 1.6267733573913574 1.056717872619629
-0.6712872385978699 1.319685935974121 1.9583323001861572
-1.3376339673995972 1.4091745615005493 0.5772197246551514
-0.9743390083312988 1.3527344465255737 -0.10466470569372177
0.4069696366786957 1.6836098432540894 1.733266830444336
-1.307831048965454 1.388480305671692 0.8627055883407593
-1.3452696800231934 1.214792251586914 1.3483837842941284
-1.2415739297866821 1.071471095085144 0.16809028387069702
0.16548536717891693 1.6766413450241089 -0.0047765374183654785
0.146811380982399 1.6900757551193237 0.5011039972305298
-0.18124060332775116 0.9549439549446106 1.4442379474639893
-0.07464122772216797 1.0569130182266235 0.10205520689487457
-1.045649766921997 1.649896264076233 0.36697033047676086
0.007638530805706978 1.2393269538879395 0.09135565161705017
-1.2318527698516846 1.616862177848816 0.4398176372051239
-1.2388767004013062 0.8803237080574036 0.7133899331092834
-0.04907308146357536 1.6493282318115234 -0.2848230004310608
0.18945546448230743 1.3945057392120361 0.629085898399353
-1.2403595447540283 1.0551173686981201 0.39662811160087585
-0.8944110870361328 0.8708356022834778 1.3847033977508545
-0.45990774035453796 0.7944729328155518 1.3972915410995483
-0.3486200273036957 1.1507718563079834 -0.13001447916030884
-0.4535014033317566 1.6386103630065918 0.1961948573589325
-0.003074024338275194 0.8711668252944946 0.30154216289520264
-0.3369933068752289 0.7762683629989624 0.442313551902771
-0.5017164945602417 0.7807304859161377 0.9841732382774353
-1.159613013267517 0.9275321364402771 1.1399905681610107
0.026401616632938385 1.6107820272445679 0.4082491099834442
-0.2766963839530945 1.8043814897537231 0.2155073583126068
-0.1768275499343872 0.9818245768547058 0.38907140493392944
-0.9702782034873962 0.8090152144432068 0.954206645488739
0.041636087000370026 1.8080095052719116 0.2137443721294403
-0.15967433154582977 1.286695957183838 -0.17351488769054413
-0.5313431620597839 1.62862229347229 -0.15002159774303436
-0.8012992739677429 0.8750777840614319 0.9320849776268005
-0.5365995168685913 0.8947997093200684 1.1784590482711792
-0.4156327247619629 1.262017011642456 1.8511250019073486
-0.7060076594352722 1.7657952308654785 0.05255800485610962
-0.6205987930297852 1.054915189743042 0.07802259922027588
-0.13419775664806366 1.3428274393081665 1.7378946542739868
-0.7220137715339661 0.692333459854126 0.5145010352134705
-1.168796181678772 1.3511451482772827 0.31863710284233093
-0.29677659273147583 1.7546463012695312 -0.08801734447479248
-0.08559174090623856 1.7190438508987427 -0.04494483768939972
-0.11831995844841003 1.022773265838623 1.0819356441497803
0.007380424998700619 0.891896665096283 0.9101602435112
-0.968949556350708 1.6837748289108276 0.09272999316453934
-0.15054726600646973 1.435422420501709 0.2119045853614807
-0.34173518419265747 0.8545249700546265 0.7230443954467773
-0.7343542575836182 0.9835088849067688 1.4490491151809692
0.039357058703899384 1.2352747917175293 0.5993006229400635
-0.23469898104667664 1.4743696451187134 2.0754411220550537
-0.8127042651176453 1.602531909942627 0.3504926860332489
-0.7003466486930847 0.8382669687271118 0.24055270850658417
-0.9169420599937439 1.1314657926559448 0.23265163600444794
-0.5638933181762695 0.8325979113578796 0.5108243823051453
0.09518492221832275 1.4334880113601685 0.9816697239875793
-0.31527385115623474 1.0524179935455322 0.04509969428181648
-0.6117420196533203 1.4623887538909912 0.19309911131858826
-5.1394104957580566e-05 1.3852394819259644 1.5445685386657715
-0.1092739999294281 1.5108221769332886 0.6037390232086182
-0.1750320941209793 1.3805012702941895 0.4442906081676483
0.043388690799474716 1.3653420209884644 1.2310409545898438
-0.6167412400245667 1.4801212549209595 2.1117799282073975
-0.7965425252914429 0.9873226284980774 0.5977140069007874
-1.1799441576004028 1.2845724821090698 1.142983317375183
-0.5173839330673218 1.1193586587905884 1.5064873695373535
-0.3797002136707306 1.052737832069397 1.3487167358398438
-0.3893263339996338 1.5726442337036133 0.35795143246650696
-1.1600909233093262 1.2785714864730835 1.5482900142669678
-1.0592483282089233 1.4588358402252197 1.7057926654815674
-1.3253859281539917 1.2353663444519043 1.0875049829483032
-1.0315823554992676 0.9172924160957336 0.5630273222923279
-0.11758342385292053 1.2326308488845825 1.043580174446106
-0.33607926964759827 1.0990943908691406 1.0321747064590454
-0.25333842635154724 1.2624930143356323 1.6118499040603638
-1.046466588973999 1.255089282989502 1.4302107095718384
-1.081648826599121 1.0721505880355835 0.896260142326355
-0.8971275687217712 1.4793297052383423 1.8882085084915161
-0.4579196870326996 1.3942047357559204 1.9589585065841675
-1.0014386177062988 1.2266807556152344 0.4744860827922821
-0.4831497371196747 1.0575214624404907 0.44529423117637634
-0.3499543368816376 1.2405794858932495 0.5539292097091675
-0.37368863821029663 1.1642688512802124 0.21183529496192932
-0.09524610638618469 1.1780381202697754 0.6830933690071106
-0.619220495223999 1.2738170623779297 0.25334471464157104
-0.4788074791431427 1.126152753829956 0.7856810688972473
-0.45132577419281006 1.2283422946929932 1.1041591167449951
-0.6907063722610474 1.020760178565979 0.9998135566711426
-0.6107121706008911 1.427011489868164 1.5901691913604736
-0.8285093307495117 1.0991321802139282 1.3164677619934082
-0.5454156398773193 1.221734642982483 1.2579021453857422
0.3676481544971466 1.3325798511505127 -0.2474159151315689
-1.103698968887329 1.2838164567947388 0.67425936460495
-0.738446056842804 1.2266513109207153 1.1172699928283691
-0.27180254459381104 1.0464352369308472 0.7859469652175903
-0.4770664572715759 1.323466181755066 1.4884417057037354
-0.6383966207504272 1.223345160484314 0.48990124464035034
-0.7110317349433899 1.2412009239196777 1.7109413146972656
-0.8002050518989563 1.6414343118667603 0.9392006397247314
-0.8205896615982056 1.4307246208190918 0.9073835611343384
-0.2866770625114441 1.3327418565750122 1.0655512809753418
-0.3126559555530548 1.3663588762283325 1.433042287826538
-0.5137349963188171 1.2812809944152832 0.8987470865249634
-0.9857631921768188 1.1532032489776611 0.929486095905304
-0.9022115468978882 1.371626853942871 1.0804765224456787
-0.7028828263282776 1.2767630815505981 0.9356213212013245
-0.7633428573608398 1.1150017976760864 0.718858003616333
-0.813140332698822 1.4459871053695679 1.484508752822876
-0.8841617107391357 1.3390125036239624 1.2751636505126953
-0.19717437028884888 1.4469106197357178 1.3677998781204224
0.0903041884303093 2.6381492614746094 -0.332497775554657
-0.3264123499393463 1.4126380681991577 0.8791853189468384
-0.45248404145240784 1.5362119674682617 1.5878576040267944
-0.6094249486923218 1.4538562297821045 0.8002087473869324
-0.17383167147636414 1.5795791149139404 1.3669732809066772
-0.9259005188941956 2.041349172592163 0.3024806082248688
-0.9253829121589661 1.9738783836364746 0.178646981716156
-0.7113301753997803 1.2756417989730835 1.389083743095398
-0.7474015951156616 1.8155122995376587 1.1437355279922485
-0.3172823488712311 1.5390092134475708 0.8312386870384216
-0.16609124839305878 1.4821629524230957 1.1104732751846313
-0.8241073489189148 2.3077704906463623 0.2923882007598877
-0.2301177680492401 1.7107510566711426 1.3579338788986206
-0.8258216977119446 1.6935449838638306 1.3003824949264526
-0.9168123006820679 2.072563886642456 -0.13019005954265594
-0.4524115025997162 1.7578070163726807 1.0042611360549927
-0.3939802646636963 1.6695719957351685 0.7897371649742126
-0.9401706457138062 1.5245397090911865 1.2975528240203857
-1.1395151615142822 2.312861919403076 -0.10531780123710632
-1.0298936367034912 1.9834574460983276 0.01685147173702717
-1.1547374725341797 2.0827722549438477 -0.06703604012727737
-0.33215761184692383 1.8601970672607422 1.0142676830291748
-0.5508086681365967 1.683227777481079 1.4930951595306396
0.1275869607925415 2.4744482040405273 -0.32352620363235474
-1.0991686582565308 2.4412519931793213 0.15715695917606354
-1.2357416152954102 2.162501811981201 0.1956946700811386
-1.1364719867706299 2.0146520137786865 0.1498534232378006
0.13836297392845154 2.5725584030151367 -0.41192612051963806
0.2281610369682312 2.521292209625244 -0.3277018964290619
0.11234232783317566 2.516556978225708 -0.3998159170150757
-0.09195578098297119 3.342369794845581 0.8798264861106873
-0.32880619168281555 1.963051199913025 1.1297117471694946
-0.4534206688404083 1.9661836624145508 1.163820743560791
-0.5540801286697388 3.5776138305664062 0.6845586895942688
0.04012910649180412 3.6826443672180176 1.1019693613052368
-0.8333218693733215 2.2807140350341797 -0.11784971505403519
0.03294197842478752 3.3474326133728027 0.8487531542778015
-0.3250740170478821 3.351919651031494 0.7143218517303467
-1.073176622390747 2.1634469032287598 0.35737982392311096
-0.20088426768779755 3.3022637367248535 0.7831147909164429
-0.7454538345336914 2.085843563079834 0.1516266018152237
-0.02725686877965927 3.3358187675476074 0.6206559538841248
-0.4409218430519104 3.4607441425323486 0.9079450964927673
-0.19388575851917267 3.9495787620544434 1.0575602054595947
-0.4751987159252167 3.7708849906921387 0.4969414174556732
-0.8312626481056213 2.00921630859375 0.01926618255674839
-0.2360495924949646 3.4022469520568848 0.9902962446212769
0.1629161834716797 3.4264984130859375 0.7039215564727783
-0.08437775075435638 3.591494560241699 0.36734214425086975
-0.400851309299469 3.4476776123046875 0.5363292098045349
-0.0009447070769965649 3.462871551513672 1.0565550327301025
0.21031953394412994 3.5914204120635986 0.9128091931343079
-0.44490644335746765 3.6736767292022705 1.0364689826965332
-0.564556360244751 3.981781482696533 0.9368731379508972
-0.17613399028778076 3.390734910964966 0.49962949752807617
0.23488564789295197 3.6678621768951416 0.6570006012916565
0.09648717194795609 3.5576305389404297 0.4674839377403259
0.0977407842874527 3.8940813541412354 0.9074373841285706
-0.3490639328956604 4.420941352844238 0.24014492332935333
-0.2640206217765808 4.588578701019287 0.7498677372932434
-0.35916078090667725 3.5902304649353027 0.3885064125061035
-0.5580336451530457 3.761397123336792 0.8794432282447815
-0.19883610308170319 4.213293552398682 0.2892674505710602
-0.26309266686439514 3.853989839553833 0.33590584993362427
-0.6345598101615906 3.938872814178467 0.7045156955718994
-0.05081455409526825 4.431827068328857 0.540006697177887
-0.27733883261680603 5.575000762939453 0.27292948961257935
-0.04223001003265381 4.070057392120361 0.3889133036136627
-0.20457831025123596 3.6982691287994385 1.1339679956436157
-0.41326767206192017 4.031230926513672 0.3332507908344269
-0.20510730147361755 5.038262844085693 0.29343441128730774
-0.12226689606904984 4.132297992706299 0.9453933835029602
0.10903923213481903 3.9190926551818848 0.6415249109268188
-3.7848949432373047e-06 3.8612608909606934 0.4157755672931671
-0.3868347704410553 4.081724643707275 1.0388997793197632
-0.602092444896698 4.517563343048096 0.48588407039642334
-0.3727681636810303 4.36808443069458 0.8509514331817627
-0.5549448132514954 4.197841644287109 0.38611549139022827
-0.11934865266084671 4.428297996520996 0.7156156301498413
-0.21661071479320526 4.663705348968506 0.23988160490989685
-0.3011133372783661 5.131521701812744 0.3123483657836914
-0.17370589077472687 5.949686527252197 0.3495042622089386
-0.028063952922821045 4.155030250549316 0.7651250958442688
-0.6088032722473145 4.21986198425293 0.802530825138092
-0.08500286191701889 4.439180374145508 0.3507035970687866
-0.4484783709049225 5.559065341949463 0.29842063784599304
-0.5674353837966919 4.000136375427246 0.5510846972465515
-0.2722797691822052 5.742733955383301 0.40915390849113464
0.06065713241696358 5.842942714691162 0.9213988184928894
-0.17147541046142578 4.903843879699707 0.5111573934555054
-0.41296228766441345 6.0130615234375 0.49145403504371643
-0.5073205232620239 5.70488977432251 0.10583407431840897
0.04653814807534218 5.7672905921936035 0.9321297407150269
-0.23387853801250458 5.746264934539795 0.13403566181659698
-0.09735651314258575 4.806299209594727 0.38057979941368103
-0.6915342807769775 5.866549015045166 0.1381164938211441
0.09268234670162201 5.812734127044678 0.9205044507980347
-0.3401617705821991 5.4095540046691895 0.33655476570129395
-0.35406070947647095 4.960695266723633 0.5170298218727112
-0.3380993902683258 6.118997573852539 -0.12945353984832764
-0.19602051377296448 6.037322998046875 -0.018102571368217468
-0.38958102464675903 4.7500128746032715 0.6588594913482666
-0.12217680364847183 6.075555801391602 0.19333361089229584
-0.44758424162864685 4.622232913970947 0.2712530493736267
-0.4008094072341919 5.799299240112305 -0.01838403008878231
-0.589863121509552 5.795464515686035 0.321977823972702
-0.49727386236190796 6.135494232177734 -0.17163614928722382
-0.41658011078834534 6.222987174987793 0.5013988614082336
-0.7045301795005798 7.339166164398193 1.0224120616912842
-0.6139338612556458 5.9440507888793945 -0.07147593796253204
-0.31381887197494507 6.371758937835693 -0.01113155484199524
-0.7383015751838684 5.997490882873535 0.2957470417022705
-0.7215750217437744 7.298678398132324 0.9603017568588257
-0.7002302408218384 6.20197868347168 -0.041887540370225906
-0.34223228693008423 7.556586265563965 0.7764540314674377
-0.43964728713035583 6.498291492462158 0.28725388646125793
-0.6406057476997375 6.185481071472168 0.4222789704799652
-0.19471785426139832 6.312083721160889 0.27911436557769775
0.2563825845718384 7.683874607086182 1.0127403736114502
0.27092674374580383 7.410980224609375 0.7816482782363892
-0.5247740745544434 6.49127197265625 0.020122675225138664
-0.3160506784915924 6.527731418609619 0.200144961476326
0.02815192937850952 7.214759826660156 0.7523216009140015
-0.27171438932418823 7.380737781524658 0.9427543878555298
-0.7896459102630615 7.480390548706055 0.9874780178070068
-0.2364857941865921 7.431686878204346 0.7124572396278381
0.006281215697526932 7.197211265563965 0.8891277313232422
-0.2295496165752411 7.560355186462402 -0.33094772696495056
-0.35219284892082214 7.577653408050537 1.0175567865371704
0.2298908233642578 7.451964855194092 1.074151635169983
0.09159261733293533 7.443138599395752 1.1601324081420898
-0.7532246112823486 6.229708671569824 0.22641031444072723
0.00675581581890583 7.217067241668701 1.0064195394515991
0.13760143518447876 8.074736595153809 -0.03664903715252876
-0.06942985206842422 7.4296722412109375 1.125206470489502
-0.026268210262060165 7.6477251052856445 1.161676049232483
-0.806808590888977 7.323840618133545 0.964045524597168
-0.5620848536491394 8.774075508117676 0.17294690012931824
-0.001208435744047165 8.211418151855469 -0.18465948104858398
-0.7609221339225769 8.47254467010498 0.3621027171611786
0.03260091692209244 8.00432014465332 -0.08785416930913925
-0.2272467464208603 7.700253486633301 0.7731739282608032
-0.7534406781196594 8.478198051452637 0.4101809859275818
-0.6595587730407715 7.275428771972656 0.8441895246505737
-0.07586472481489182 7.3189921379089355 0.6583747863769531
0.10633508861064911 7.212898254394531 0.774397075176239
-0.7894304990768433 8.571910858154297 -0.050921376794576645
0.05894342437386513 8.065500259399414 -0.032298918813467026
-0.5911035537719727 8.671125411987305 -0.06543438136577606
-0.6314439177513123 8.644782066345215 0.0036668172106146812
0.14594635367393494 8.113966941833496 -0.1473851203918457
-0.9471608996391296 8.359045028686523 0.23990494012832642
0.19862616062164307 7.6360249519348145 0.7661792635917664
-0.8956074714660645 8.329085350036621 0.20225535333156586
-0.6043702363967896 8.851216316223145 -0.19472050666809082
-0.9994072914123535 8.619913101196289 0.030910035595297813
0.3083873689174652 9.098706245422363 0.9271640777587891
-1.028136134147644 8.850022315979004 -0.05810501053929329
-0.8756673336029053 8.643028259277344 -0.15282697975635529
-0.5827538371086121 9.036226272583008 -0.24610605835914612
0.3356339931488037 8.913490295410156 0.9683557748794556
-0.9909361600875854 8.47989273071289 0.36337852478027344
-0.1812959909439087 9.428335189819336 0.1700233519077301
0.27197954058647156 8.976234436035156 1.039841890335083
0.053911399096250534 8.02001667022705 0.011497067287564278
0.3798401653766632 8.932171821594238 0.9890115261077881
-0.8966529369354248 8.585285186767578 0.19572219252586365
0.15662218630313873 8.986830711364746 1.068333625793457
-0.920029878616333 9.459651947021484 1.2440918684005737
-0.9055829048156738 9.48310375213623 1.4709948301315308
-0.40946725010871887 9.346219062805176 0.3747924566268921
-0.9710582494735718 9.746675491333008 1.1743676662445068
-0.42143136262893677 9.198927879333496 0.22208940982818604
-0.44666582345962524 9.237717628479004 0.19025592505931854
-0.4433251619338989 9.165627479553223 0.07402550429105759
-0.9872180819511414 8.98143196105957 0.03427731618285179
-0.8304619193077087 9.023469924926758 -0.24591264128684998
-0.9031813740730286 9.459619522094727 1.4017051458358765
-0.9875460267066956 9.51400375366211 1.2213467359542847
0.21737390756607056 9.029013633728027 0.8826741576194763
-0.7116169929504395 9.09255599975586 0.16730335354804993
-0.8703382611274719 9.192607879638672 0.04838428273797035
-0.5242851972579956 9.380597114562988 -0.07984339445829391
0.014393094927072525 8.99628734588623 0.6553653478622437
-0.670971155166626 9.536698341369629 0.18736520409584045
-0.8257201910018921 9.688762664794922 1.5975914001464844
-0.9968358874320984 9.714515686035156 1.5614279508590698
-0.3714405298233032 9.511249542236328 0.2653696537017822
-0.2334643453359604 10.036539077758789 0.04814941808581352
-0.6677164435386658 9.46013069152832 -0.10814975947141647
-0.4343489110469818 9.775286674499512 -0.16559694707393646
-0.7314010262489319 9.578560829162598 1.3334592580795288
-0.3612796664237976 10.069120407104492 0.07713551819324493
-0.26434582471847534 10.01196575164795 -0.3159011900424957
-0.6451963782310486 10.044532775878906 0.08190082013607025
-0.7105867862701416 9.637325286865234 0.05110641196370125
-0.5766875147819519 9.81346607208252 0.1440756767988205
-0.10363347828388214 9.990069389343262 -0.2148260623216629
-0.5005448460578918 9.883153915405273 -0.2259863018989563
0.2344798892736435 10.180853843688965 1.1182438135147095
-0.5412526726722717 10.15209674835205 -0.21378670632839203
-0.12274786829948425 10.171616554260254 -0.03829742968082428
-0.802063524723053 9.831018447875977 1.3594342470169067
0.13516965508460999 10.430885314941406 0.9469084739685059
-0.7511094212532043 9.99057674407959 0.07063379883766174
-0.24140457808971405 10.232108116149902 -0.3267098367214203
-1.2945711612701416 10.573527336120605 0.648679256439209
-0.7408210635185242 9.829667091369629 1.453316569328308
0.27657976746559143 10.502513885498047 0.7675114870071411
0.27869075536727905 10.39910888671875 0.8490177392959595
-0.09641620516777039 10.273664474487305 -0.11812543869018555
-0.9001040458679199 10.05843734741211 0.019531186670064926
0.3956127166748047 10.397704124450684 1.0227863788604736
0.16597336530685425 10.490187644958496 -0.006747454404830933
0.1711384356021881 10.575004577636719 1.1117615699768066
0.35586997866630554 10.616266250610352 0.9503570199012756
0.3935987949371338 10.583331108093262 0.8246533274650574
-1.054940104484558 10.686513900756836 0.31931185722351074
-0.36925432085990906 10.820621490478516 1.1701524257659912
-1.0639888048171997 10.6097412109375 0.3281157612800598
0.31494250893592834 10.6954345703125 1.1140449047088623
-0.31114673614501953 10.373111724853516 -0.21700358390808105
-0.9026370048522949 10.740428924560547 0.17902033030986786
0.010393592528998852 10.671116828918457 1.0701797008514404
-0.3009308874607086 10.885549545288086 1.0606433153152466
0.24391092360019684 10.720505714416504 0.05608530342578888
-0.002772507257759571 10.8152437210083 1.1501712799072266
0.27651697397232056 10.92922592163086 0.10456589609384537
-0.5893263816833496 11.062201499938965 0.4192132353782654
-1.2841850519180298 10.920170783996582 0.7617027759552002
-1.2552740573883057 11.07630729675293 0.8727156519889832
-0.5102658271789551 10.94351863861084 -0.2816604971885681
0.2738468647003174 10.919356346130371 -0.06446285545825958
-0.23989373445510864 11.054769515991211 -0.34086889028549194
-1.2319226264953613 11.025053024291992 0.45868366956710815
-0.48564696311950684 11.062212944030762 0.04333844780921936
-0.3816687762737274 11.047256469726562 0.9171375632286072
0.5402605533599854 11.165938377380371 0.38879096508026123
-0.4671987295150757 11.1864595413208 -0.0754658579826355
-0.6861037015914917 11.174446105957031 -0.32661718130111694
-0.39381369948387146 11.199491500854492 0.5728897452354431
-0.3266136944293976 11.166346549987793 0.9730125069618225
-1.3598803281784058 11.217300415039062 1.2431812286376953
-0.8888070583343506 11.317904472351074 -0.22415220737457275
-0.6801266670227051 11.248970031738281 -0.442312628030777
-0.992996335029602 11.315961837768555 0.7608962059020996
-1.324851632118225 11.306296348571777 0.8728770017623901
0.24001939594745636 11.389830589294434 -0.0846313014626503
-0.7905135750770569 11.352601051330566 0.4209043085575104
-1.2412874698638916 11.421061515808105 1.3638832569122314
-1.1295628547668457 11.45175838470459 0.0904310792684555
-0.9339680075645447 11.462136268615723 -0.3063996434211731
0.05979255214333534 11.471423149108887 0.32862645387649536
-0.5736904740333557 11.421268463134766 1.207047462463379
-1.2323970794677734 11.483213424682617 0.0038764742203056812
-0.27111366391181946 11.479966163635254 0.06969603896141052
-0.2307368516921997 11.514749526977539 0.7626062631607056
0.3646453619003296 11.49686336517334 0.2516714036464691
-1.2120693922042847 11.553699493408203 0.08612804859876633
-0.6124113202095032 11.53622817993164 -0.10048709064722061
-1.3078266382217407 11.548824310302734 1.291898488998413
0.2817176878452301 11.564632415771484 -0.09639506787061691
-0.020037271082401276 11.574748992919922 1.1224931478500366
