1015
-2.386474370956421 0.2846064567565918 1.595560073852539
-2.3863744735717773 0.2845063805580139 -0.7575788497924805
-2.3863744735717773 0.5508381724357605 0.6445091366767883
0.9210299253463745 0.5571413040161133 -0.8425230383872986
-2.109355926513672 0.284606397151947 0.0210519228130579
-1.3423070907592773 0.2845063805580139 -1.205301284790039
-0.37470945715904236 0.284606397151947 0.8751528263092041
-0.9351679086685181 0.284606397151947 -0.9258773922920227
-0.9590299725532532 0.2845063805580139 -1.2052983045578003
0.9210305213928223 0.2845063805580139 -1.2053391933441162
-2.3863754272460938 0.2845063805580139 -0.266021728515625
-2.38637638092041 0.2845063805580139 0.26543617248535156
-2.3863744735717773 0.2845063805580139 -0.5018348693847656
-1.8029069900512695 0.2845063805580139 2.141207695007324
-2.3863754272460938 0.2845063805580139 -0.016599655151367188
-2.386474609375 0.2846064567565918 0.676537036895752
0.650864839553833 0.2846064567565918 -1.2053992748260498
-0.5559437274932861 0.2845063805580139 -1.2052971124649048
-2.167499542236328 0.284606397151947 1.3299250602722168
0.1310138702392578 0.2845063805580139 2.141207695007324
0.9210320711135864 0.2845063805580139 -0.8918494582176208
0.9210295677185059 0.2845063805580139 -0.7349491119384766
-2.38637638092041 0.2845063805580139 0.13063621520996094
-1.5322682857513428 0.284606397151947 1.8543647527694702
-0.4295628070831299 0.2845063805580139 -1.2052979469299316
-2.3690385818481445 0.2845063805580139 2.141206741333008
-2.38637638092041 0.2845063805580139 -0.1363983154296875
0.921032190322876 0.2845063805580139 -0.9945200681686401
-2.127232313156128 0.284606397151947 1.6819249391555786
-1.09365975856781 0.2845063805580139 -1.2052983045578003
0.9210281372070312 0.2845063805580139 1.3599214553833008
0.9210300445556641 0.507866382598877 1.5205222368240356
-1.8862169981002808 0.284606397151947 1.6922551393508911
-2.3863744735717773 0.5700570940971375 1.750097393989563
-2.178938627243042 0.2846081256866455 2.141308307647705
0.9211299419403076 0.2846064567565918 -0.6783034801483154
-2.3863744735717773 0.2845063805580139 -0.6292257308959961
0.9211101531982422 0.2846064567565918 -1.2053993940353394
-2.3863744735717773 0.2845063805580139 -0.8714008331298828
-1.9422476291656494 0.2846081256866455 2.141308307647705
0.9211300611495972 0.28460633754730225 0.8820562362670898
-1.4536769390106201 0.2846064567565918 -1.2053985595703125
0.22516605257987976 0.284606397151947 1.4974695444107056
-0.5699373483657837 0.284606397151947 -0.9366484880447388
0.39372825622558594 0.2845063805580139 -1.2053003311157227
-2.386474370956421 0.2845957279205322 2.1412081718444824
-2.0858609676361084 0.284606397151947 0.9158759713172913
-0.4089907705783844 0.284606397151947 -0.7500147223472595
-2.3863751888275146 0.5915801525115967 -1.2053983211517334
-2.386474609375 0.3088669180870056 -1.2052984237670898
-1.695633888244629 0.284606397151947 -0.5336301326751709
-1.4892500638961792 0.284606397151947 -0.9082447290420532
-2.386474370956421 0.2846064567565918 1.686478853225708
-1.9809705018997192 0.284606397151947 -0.6780217885971069
0.9211301207542419 0.2846064865589142 2.040260076522827
-1.9334862232208252 0.284606397151947 1.3275965452194214
0.34722840785980225 0.284606397151947 -0.8930845856666565
-1.535463809967041 0.2846064567565918 -1.2053985595703125
-2.3863754272460938 0.2845063805580139 0.519963264465332
-1.6618579626083374 0.284606397151947 -0.7216348648071289
-0.07435786724090576 0.284606397151947 -1.0105664730072021
-1.2060565948486328 0.284606397151947 -0.9390349388122559
-1.8807353973388672 0.2846064567565918 -1.205398440361023
-2.3864173889160156 0.2845063805580139 -1.2052984237670898
0.9211300611495972 0.28460657596588135 1.773037075996399
-2.3863754272460938 0.2845063805580139 1.794447898864746
-2.005378484725952 0.284606397151947 1.8485655784606934
0.9211300611495972 0.2846064567565918 1.1092538833618164
-0.1249571442604065 0.28460636734962463 2.141308307647705
-2.3863754272460938 0.2845063805580139 -0.38016796112060547
0.5424280166625977 0.2845063805580139 2.141206741333008
0.9211149215698242 0.2845063805580139 2.141206741333008
-2.3863744735717773 0.2845063805580139 1.4847221374511719
0.9211300611495972 0.284606397151947 1.678140640258789
0.5972901582717896 0.284606397151947 1.7767360210418701
-1.2233426570892334 0.2846062183380127 -1.205398678779602
-1.9517321586608887 0.284606397151947 -0.15141716599464417
0.9211300611495972 0.28460657596588135 1.461104154586792
0.9210281372070312 0.2845063805580139 1.5725698471069336
-1.8340212106704712 0.284606397151947 1.1805166006088257
-2.096007823944092 0.284606397151947 0.6844388842582703
-1.3284094333648682 0.2846076488494873 2.141308307647705
0.9211299419403076 0.2846066951751709 -0.5877647399902344
0.9210786819458008 0.2845063805580139 2.141207695007324
-2.3863754272460938 0.2845063805580139 0.931492805480957
-1.774583339691162 0.2846062183380127 -1.2053985595703125
-1.3274773359298706 0.284606397151947 -0.7978930473327637
0.9210300445556641 0.2845063805580139 1.8764915466308594
0.23345772922039032 0.7944401502609253 2.1412081718444824
-0.36916929483413696 0.2846064567565918 2.141308307647705
-0.010989785194396973 0.28460657596588135 -1.2053990364074707
-1.6802549362182617 0.2846064567565918 -1.2053985595703125
-1.9425846338272095 0.284606397151947 -0.9506900310516357
-2.386474370956421 0.28460633754730225 0.7839133739471436
-1.7778594493865967 0.5751113295555115 -1.2052985429763794
0.6043717265129089 0.284606397151947 0.38882458209991455
-1.442357063293457 0.2845063805580139 2.141206741333008
-2.001739025115967 0.40581101179122925 -1.2052984237670898
-0.655360221862793 0.2846040725708008 2.141308307647705
-2.3863754272460938 0.6829609870910645 2.141308307647705
-2.386474370956421 0.2846066951751709 1.3137767314910889
-0.7694307565689087 0.2846062183380127 2.141308307647705
0.9211300015449524 0.28460657596588135 0.6498972177505493
-2.386474370956421 0.2846064567565918 1.9129674434661865
-2.07787823677063 0.284606397151947 1.1357887983322144
0.9211300015449524 0.28460657596588135 0.040875911712646484
-2.3579864501953125 0.2845063805580139 -1.2052993774414062
-2.3863744735717773 0.5112283229827881 1.2376446723937988
-0.698209285736084 0.28460657596588135 -1.2053987979888916
-0.8812894821166992 0.2846040725708008 2.141308307647705
0.6705425977706909 0.2846064567565918 2.141308307647705
-2.3863744735717773 0.2845063805580139 1.1829681396484375
-0.8905574679374695 0.284606397151947 1.7441641092300415
-2.386082172393799 0.8236938118934631 -1.1945322751998901
0.9210314750671387 0.2845063805580139 0.12388084083795547
-2.112840175628662 0.284606397151947 0.46456384658813477
-1.693435549736023 0.2846081256866455 2.141308307647705
-2.3863754272460938 0.2845063805580139 -1.002511978149414
-2.141294479370117 0.2845063805580139 -1.2052984237670898
-2.386474370956421 0.2846062183380127 1.058107852935791
0.9210299849510193 0.552919864654541 -0.5517234802246094
-0.5126678943634033 0.284606397151947 1.8523720502853394
-1.2738643884658813 0.284606397151947 1.8718600273132324
-1.706709861755371 0.284606397151947 -0.9384727478027344
-2.1244304180145264 0.284606397151947 -0.8466019034385681
-2.149686813354492 0.284606397151947 -0.22698292136192322
-1.7648411989212036 0.284606397151947 1.859145164489746
-0.896670937538147 0.2845063805580139 -1.2052983045578003
-2.0137176513671875 0.2845063805580139 -1.2052984237670898
0.09465809166431427 0.6212101578712463 -1.2052991390228271
0.41435909271240234 0.2845063805580139 2.141206741333008
0.9211299419403076 0.7760963439941406 -1.2053000926971436
-1.5699186325073242 0.2846059799194336 2.141308307647705
-2.264355421066284 0.8420690894126892 -1.2052984237670898
-2.043623447418213 0.28460609912872314 2.141308307647705
-0.3500588536262512 0.2845063805580139 -1.2052979469299316
0.9210300445556641 0.2845063805580139 1.225311279296875
0.5991187691688538 0.284606397151947 -0.15277977287769318
0.9211299419403076 0.5373928546905518 -1.2052996158599854
-1.8963546752929688 0.284606397151947 0.5940113663673401
0.9211300015449524 0.2846064567565918 -0.252408504486084
0.2654094696044922 0.2845063805580139 -1.2052994966506958
-0.8233861923217773 0.2845063805580139 -1.20530104637146
-0.011522293090820312 0.2845063805580139 2.141207695007324
-0.27619004249572754 0.2845063805580139 -1.2052998542785645
0.8257514238357544 0.2846064567565918 -1.2053992748260498
0.5584511756896973 0.284606397151947 -0.9331451654434204
-0.740332841873169 0.284606397151947 1.854327917098999
0.9211300015449524 0.2846064567565918 0.25333571434020996
-1.0781183242797852 0.2846059799194336 2.141308307647705
0.28010469675064087 0.28460633754730225 2.141308307647705
0.4594685137271881 0.284606397151947 1.1602061986923218
0.12161386013031006 0.2845063805580139 -1.2052977085113525
-2.231950521469116 0.8564968705177307 2.1412081718444824
-1.554230809211731 0.5836354494094849 -1.205298662185669
0.921028196811676 0.2845063805580139 0.5547974109649658
-0.28181132674217224 0.284606397151947 1.604206919670105
-1.9366945028305054 0.37245064973831177 2.1412081718444824
-0.5525007247924805 0.5042330622673035 -1.205298900604248
0.5272254943847656 0.2845063805580139 -1.205296516418457
0.39274394512176514 0.284606397151947 1.8277764320373535
-0.5828208923339844 0.2845063805580139 2.141207695007324
-0.49629896879196167 0.28460636734962463 2.141308307647705
0.4685859680175781 0.2846064567565918 -1.2053991556167603
-0.043348781764507294 0.284606397151947 0.7651231288909912
0.6532673835754395 0.284606397151947 -0.33243849873542786
0.18726909160614014 0.28460633754730225 -1.2053991556167603
0.0016228330787271261 0.284606397151947 0.16245897114276886
-1.2050663232803345 0.2846059799194336 2.141308307647705
-0.13399873673915863 0.284606397151947 1.8651058673858643
0.9211300015449524 0.2846064567565918 -0.056688785552978516
0.9211300611495972 0.28460657596588135 0.7865327596664429
0.13539187610149384 0.284606397151947 -0.8960129618644714
0.9211300015449524 0.2846064567565918 -0.482818603515625
-1.8336329460144043 0.284606397151947 0.22096048295497894
-2.386474609375 0.2846064567565918 0.39910387992858887
0.9210309982299805 0.2845063805580139 -0.370343416929245
0.2655227482318878 0.284606397151947 -0.5360586047172546
0.6047663688659668 0.284606397151947 1.3099247217178345
0.9211301207542419 0.3298459053039551 2.1412086486816406
-0.2856888473033905 0.284606397151947 -0.6009250283241272
-1.4657918214797974 0.284606397151947 -0.6627813577651978
-0.7519840002059937 0.284606397151947 -0.8528187870979309
-0.0058110738173127174 0.284606397151947 1.5738943815231323
-0.04034176841378212 0.284606397151947 1.722580075263977
0.6595034003257751 0.284606397151947 -0.7718608379364014
0.9211300015449524 0.2846064567565918 0.4197564125061035
-0.3261789381504059 0.284606397151947 -0.923725426197052
-0.08794986456632614 0.284606397151947 -0.654596745967865
0.6299821138381958 0.284606397151947 -0.562678337097168
-1.2665271759033203 0.284606397151947 -0.6088844537734985
-2.0619635581970215 0.284606397151947 0.244947150349617
-1.8807176351547241 0.284606397151947 0.7897232174873352
-1.0895317792892456 0.5193610191345215 2.1412081718444824
-2.026292324066162 0.284606397151947 1.518857479095459
0.6317753195762634 0.284606397151947 1.5522431135177612
-2.3863744735717773 0.36340615153312683 -0.5827382802963257
-2.135967969894409 0.284606397151947 -0.5834381580352783
0.9210300445556641 0.37177926301956177 1.2384635210037231
0.0064216842874884605 0.284606397151947 -0.5073565244674683
-1.8129608631134033 0.284606397151947 1.5102483034133911
-2.386467933654785 0.28460800647735596 2.141308307647705
-1.7210644483566284 0.284606397151947 0.9215894341468811
0.48316270112991333 0.28460636734962463 2.141308307647705
0.9168928861618042 0.8362193703651428 2.1402626037597656
-2.3863744735717773 0.7936707139015198 1.922856330871582
-2.386474370956421 0.2846064567565918 0.8571040630340576
-0.6860234141349792 0.284606397151947 -0.3128451406955719
-0.2619703412055969 0.2846064567565918 2.141308307647705
-1.8420852422714233 0.284606397151947 -0.7784184813499451
-2.3863747119903564 0.45093202590942383 -1.2053983211517334
-1.6665784120559692 0.284606397151947 1.6638973951339722
-2.3863744735717773 0.6031984090805054 -0.37508827447891235
-2.3863744735717773 0.5593523979187012 -0.839194118976593
-1.4110900163650513 0.284606397151947 1.281707525253296
-1.34324049949646 0.284606397151947 1.0522875785827637
-2.3854386806488037 0.9361668825149536 -0.8732725977897644
-1.2407894134521484 0.4755890667438507 -1.205298662185669
-2.3863744735717773 0.2945690453052521 0.18410547077655792
-0.526982843875885 0.6984964609146118 -1.205298900604248
-2.0247676372528076 0.284606397151947 -0.38893115520477295
-1.8297110795974731 0.284606397151947 -0.2906714081764221
-2.3863744735717773 0.5647596120834351 1.0079962015151978
-1.9131160974502563 0.284606397151947 0.05265410244464874
-1.8682458400726318 0.284606397151947 -0.5212857723236084
-0.7302412390708923 0.284606397151947 1.5998082160949707
0.4688679575920105 0.284606397151947 -0.7044404149055481
-1.4910701513290405 0.284606397151947 -0.46250298619270325
0.9210295677185059 0.655330240726471 -1.2053993940353394
-1.6559960842132568 0.284606397151947 1.2141201496124268
-1.9142751693725586 0.284606397151947 0.40183883905410767
0.5179726481437683 0.6193166971206665 -1.2052992582321167
0.052195485681295395 0.284606397151947 -0.12303567677736282
0.20386600494384766 0.2845063805580139 2.141206741333008
0.9211300611495972 0.28460657596588135 0.991676926612854
0.33989790081977844 0.284606397151947 0.47942253947257996
-2.202765941619873 0.933154284954071 -1.1828892230987549
-1.034400224685669 0.6215904951095581 -1.2052987813949585
-0.9846017956733704 0.2846062183380127 2.141308307647705
-0.8509655594825745 0.284606397151947 -0.6782003045082092
-1.2144451141357422 0.284606397151947 1.6823309659957886
-2.3863744735717773 0.5063947439193726 -0.14562347531318665
0.9210295677185059 0.4030335545539856 -1.2053993940353394
-1.7399991750717163 0.7482483386993408 2.1412081718444824
-0.9667508006095886 0.284606397151947 1.1815434694290161
-2.3863749504089355 0.5666338205337524 2.141308307647705
-1.6585004329681396 0.284606397151947 -0.2687145173549652
0.9210299849510193 0.4905020594596863 2.141308307647705
-1.4083619117736816 0.284606397151947 1.708986520767212
0.13104330003261566 0.284606397151947 0.33446985483169556
-0.863060474395752 0.284606397151947 0.7997875809669495
-2.3863744735717773 0.791705310344696 -0.8933236598968506
-0.923793375492096 0.284606397151947 1.5053422451019287
-2.3863742351531982 0.7034335136413574 -1.2053983211517334
-2.386474370956421 0.4600799083709717 2.1412081718444824
-2.378918170928955 0.9331375956535339 1.8750687837600708
-2.3863742351531982 0.808394193649292 2.1347601413726807
-0.44044771790504456 0.5074213743209839 2.1412081718444824
-0.10587350279092789 0.641656219959259 -1.2052990198135376
0.9210300445556641 0.5575374960899353 0.9949928522109985
-2.3863744735717773 0.4421207308769226 0.41022878885269165
0.9210302233695984 0.6211997866630554 2.141308307647705
0.6527329087257385 0.8180020451545715 -1.2052992582321167
-0.18945671617984772 0.2846064567565918 2.141308307647705
0.9210300445556641 0.5426518321037292 1.754616618156433
0.9210315942764282 0.2845063805580139 0.34568628668785095
0.9211300015449524 0.2846064567565918 -0.16339635848999023
-2.3863744735717773 0.6654253005981445 -0.029689891263842583
-0.7278026938438416 0.284606397151947 0.14461062848567963
-1.81000554561615 0.8273227214813232 -1.2052985429763794
-2.3863744735717773 0.6565626859664917 -0.6470241546630859
-1.1165599822998047 0.284606397151947 1.3505839109420776
-1.2989987134933472 0.284606397151947 -0.4008186161518097
-2.3863744735717773 0.4516453444957733 1.4916025400161743
-0.04053185507655144 0.284606397151947 -0.2981477975845337
0.42939993739128113 0.284606397151947 -0.29465386271476746
0.13406310975551605 0.284606397151947 1.8392571210861206
-0.4854089915752411 0.284606397151947 -0.5399900674819946
-1.7477730512619019 0.284606397151947 -0.050845127552747726
0.9210301041603088 0.9424583315849304 2.1126906871795654
-0.8047263622283936 0.6085526347160339 -1.205298900604248
0.9210300445556641 0.49991121888160706 0.7135523557662964
-1.527993083000183 0.284606397151947 1.0715614557266235
-1.959509253501892 0.6445075273513794 2.1412081718444824
-2.3863744735717773 0.691693902015686 0.7922524809837341
-1.3932390213012695 0.4342559278011322 2.1412081718444824
-2.3863744735717773 0.7926415801048279 -0.24052079021930695
-1.2907565832138062 0.284606397151947 1.4720003604888916
-1.972125768661499 0.685716986656189 -1.2052985429763794
-0.7945542335510254 0.5440623164176941 2.1412081718444824
-0.5604341626167297 0.284606397151947 1.5098767280578613
-0.2893497049808502 0.284606397151947 0.10339774191379547
0.6113296151161194 0.658888041973114 2.1412081718444824
0.9099285006523132 0.9010769128799438 -1.1966824531555176
0.9210299253463745 0.870614230632782 -1.0500195026397705
0.9210299849510193 0.6598747968673706 -0.3635115921497345
0.9210300445556641 0.7549710273742676 1.7903608083724976
-2.3863744735717773 0.6776237487792969 0.38578689098358154
0.9210299253463745 0.7061526775360107 -0.653597354888916
0.9210300445556641 0.7289969325065613 1.5807870626449585
0.9210299849510193 0.5731256008148193 0.12514954805374146
-1.1272501945495605 0.284606397151947 -0.3101644814014435
0.35821428894996643 0.284606397151947 -0.08800271153450012
-2.3863744735717773 0.8528627157211304 1.675916314125061
0.6643533706665039 0.284606397151947 1.0992014408111572
0.05000593513250351 0.284606397151947 1.3566714525222778
0.42620599269866943 0.5511576533317566 2.1412081718444824
0.9210299253463745 0.871771514415741 -0.8006323575973511
-2.052334785461426 0.8834104537963867 2.1412081718444824
-1.3030554056167603 0.650026798248291 2.1412081718444824
0.9211301207542419 0.7440576553344727 2.1412084102630615
-0.13114582002162933 0.749839723110199 2.6384565830230713
-1.716246247291565 0.284606397151947 0.43517419695854187
0.4533488154411316 0.284606397151947 1.6404554843902588
0.9210300445556641 0.6875954866409302 1.1519063711166382
0.9210299849510193 0.7403560280799866 0.3052869737148285
0.9079962968826294 0.9346485137939453 1.6806796789169312
-1.8694398403167725 0.8874508738517761 2.133295774459839
-2.3863744735717773 0.6710973978042603 1.5411567687988281
-1.2087693214416504 0.284606397151947 1.1899584531784058
-0.7948057651519775 0.284606397151947 1.3850443363189697
-2.3863744735717773 0.7162241339683533 1.2395163774490356
-2.383894920349121 0.8789615631103516 1.4826809167861938
-2.382603406906128 0.8509366512298584 -0.6494981646537781
-1.0339131355285645 0.284606397151947 1.8638516664505005
0.17673228681087494 0.536210298538208 2.1412081718444824
-0.6194356083869934 0.284606397151947 -0.6894434094429016
-1.6395258903503418 0.284606397151947 1.4271341562271118
-2.3863744735717773 0.8274518251419067 0.9087995886802673
-1.6661463975906372 0.284606397151947 0.1773875653743744
-1.5054283142089844 0.6996148228645325 2.1412081718444824
-0.31475284695625305 0.284606397151947 1.7692418098449707
-0.8548671007156372 0.7497397065162659 2.50996732711792
-1.2739050388336182 0.284606397151947 0.3208840489387512
-1.0603317022323608 0.284606397151947 -0.7762905359268188
-1.0583103895187378 0.9815913438796997 2.079249858856201
-0.4078935384750366 0.284606397151947 1.1780093908309937
-0.29619866609573364 0.6281844973564148 -1.2052990198135376
-1.220805048942566 0.7736191153526306 -1.2052987813949585
-2.3853347301483154 0.9115838408470154 1.2954301834106445
-1.9868073463439941 0.886384904384613 -1.1845571994781494
-2.1517398357391357 0.950252890586853 1.6601427793502808
0.7106292247772217 0.284606397151947 0.5523684620857239
0.010401865467429161 0.6921359300613403 2.1412081718444824
0.08798008412122726 0.284606397151947 -0.7172009348869324
-0.011061862111091614 0.7497397065162659 2.546873092651367
0.31807658076286316 0.6335837244987488 -1.2052992582321167
-2.372558832168579 0.8792868256568909 0.4918849766254425
0.9210299849510193 0.5622574090957642 -0.17135658860206604
0.40853798389434814 0.7550293803215027 1.8132619857788086
-1.990588903427124 0.6684362888336182 0.1620200127363205
-1.3838664293289185 0.6796872019767761 -1.205298662185669
0.6723518967628479 0.284606397151947 0.048914387822151184
-0.1374567300081253 0.2850073575973511 -1.2050851583480835
-0.7215320467948914 0.7531375885009766 2.661112070083618
0.9210299849510193 0.5656172037124634 0.43225109577178955
-1.8892037868499756 0.6558608412742615 1.7465152740478516
-0.9774903655052185 0.284606397151947 0.2772895097732544
-1.9585940837860107 0.6484319567680359 -0.12129821628332138
-1.5562313795089722 0.8924169540405273 2.135557174682617
0.3190629482269287 0.284606397151947 1.275236964225769
0.5114007592201233 0.8846489787101746 -1.1853981018066406
-1.5250808000564575 1.0876986980438232 -0.6320196986198425
-1.5189263820648193 0.284606397151947 0.5329489707946777
-1.703658938407898 0.284606397151947 0.6623198390007019
-1.543619155883789 0.284606397151947 -0.057876333594322205
-1.115458607673645 0.7873079776763916 2.1412081718444824
-1.543566346168518 0.284606397151947 0.8277003169059753
-1.698591947555542 1.0379785299301147 2.028740406036377
-2.3741331100463867 0.8629407286643982 -0.03989020362496376
0.45157909393310547 0.284606397151947 -0.4862472414970398
-1.4708442687988281 0.284606397151947 0.1360580176115036
-2.1719353199005127 0.9824734330177307 -0.7153715491294861
0.3340851068496704 0.8656306862831116 -1.2052992582321167
-1.7134259939193726 0.5436193346977234 2.1412081718444824
0.9210299849510193 0.7308854460716248 -0.01600644923746586
0.9210299849510193 0.8421528935432434 -0.2431415319442749
-1.4763541221618652 0.284606397151947 1.538224697113037
-1.902567744255066 0.284606397151947 1.0006492137908936
0.4423198997974396 0.284606397151947 1.455264687538147
-2.3863744735717773 0.8348610997200012 0.6468985080718994
-0.8520058989524841 0.7539238333702087 2.465236186981201
-0.5434379577636719 0.6469123363494873 2.723008871078491
-0.6845079660415649 0.284606397151947 0.9003022313117981
0.37520432472229004 0.284606397151947 0.32638826966285706
-1.9316086769104004 0.640949010848999 -0.4043106138706207
-1.636095404624939 0.8138454556465149 -1.2052985429763794
-2.378976583480835 0.8265073299407959 -0.4533523619174957
-1.304352045059204 0.8823121190071106 2.1380069255828857
-2.3863744735717773 0.6686071157455444 0.16691488027572632
-1.1626685857772827 0.284606397151947 0.16166368126869202
-1.1057389974594116 0.9203139543533325 -1.2023131847381592
-1.1145063638687134 0.284606397151947 0.44951874017715454
-0.2313612401485443 0.6466060876846313 2.1127660274505615
-2.365387201309204 0.8856428265571594 1.0969258546829224
-1.4136077165603638 0.284606397151947 0.689041256904602
-1.9572550058364868 0.6498429179191589 0.7373886704444885
0.24521216750144958 0.284606397151947 1.6737112998962402
0.3911967873573303 1.0795263051986694 -0.818856954574585
-1.3031944036483765 0.284606397151947 0.8635156154632568
-1.1857813596725464 0.5891953706741333 1.6437755823135376
-0.5357102155685425 0.284606397151947 1.6722517013549805
-1.989473581314087 0.6951015591621399 -0.7380979061126709
-1.9645787477493286 0.9691734910011292 -0.9491732716560364
-0.647607147693634 0.778318464756012 2.5613009929656982
-0.4062959551811218 0.7420843839645386 2.7294201850891113
-1.1191834211349487 0.7344661355018616 1.8020994663238525
-2.011975049972534 0.7149662971496582 1.265102744102478
-1.6195083856582642 0.6367902755737305 1.7133671045303345
-1.4695395231246948 0.284606397151947 0.3489767014980316
0.44348299503326416 0.7950725555419922 2.1412081718444824
-0.2708532214164734 0.7944541573524475 2.709987163543701
0.6131103038787842 0.9196414351463318 2.126769542694092
0.35459989309310913 0.284606397151947 0.9121403098106384
-1.2889437675476074 0.284606397151947 -0.15962223708629608
0.39068594574928284 0.953555166721344 2.0943551063537598
-0.48111337423324585 0.284606397151947 -0.3498125374317169
0.6430659294128418 0.284606397151947 0.8847367763519287
0.9210300445556641 0.6992434859275818 1.3776543140411377
-0.9118226766586304 0.8767505288124084 2.133302927017212
-2.1562225818634033 1.0404860973358154 1.4515315294265747
0.5143162608146667 0.9991461038589478 1.8669822216033936
-0.1515294313430786 0.284606397151947 1.4620922803878784
-0.38142502307891846 0.7684016227722168 2.5008604526519775
-0.17301928997039795 0.8667700886726379 -1.1924444437026978
0.9054172039031982 0.9218019843101501 1.4451258182525635
0.9210299849510193 0.7318165302276611 0.5763556361198425
0.8986610174179077 0.9619765877723694 1.9216893911361694
0.9210299849510193 0.9033282399177551 0.11680508404970169
-2.331900119781494 1.0030831098556519 0.08043272793292999
-0.23502272367477417 0.284606397151947 1.2372570037841797
0.9210300445556641 0.7376927137374878 0.8429842591285706
0.08447793126106262 0.843185305595398 -1.1984012126922607
-1.4583171606063843 0.6636736989021301 -0.7951526641845703
0.9168827533721924 0.9838988184928894 -0.969437837600708
-0.01126462034881115 0.7981563806533813 2.512620687484741
0.9173358678817749 0.9690839052200317 -0.38649675250053406
-2.1396076679229736 1.0224332809448242 1.965095043182373
0.9113311767578125 0.9246645569801331 0.499723345041275
-2.351780414581299 0.9861622452735901 -0.3996632695198059
-1.7904629707336426 1.0158950090408325 -0.847549319267273
0.918669581413269 0.9309349656105042 0.9425429701805115
0.7418760657310486 1.0303093194961548 1.6965599060058594
0.5517690181732178 0.6148906350135803 1.6346986293792725
-1.4351913928985596 0.9095800518989563 -1.1977813243865967
-0.6993019580841064 0.8247250318527222 -1.205298900604248
-2.379676580429077 0.871357798576355 0.25720441341400146
0.3746635317802429 0.7206295132637024 -0.8963161110877991
-0.1773972511291504 1.0317357778549194 -1.1463006734848022
-1.6464043855667114 1.0121784210205078 -1.1594033241271973
-2.236199140548706 1.0329071283340454 0.35731008648872375
-1.928544521331787 1.0256894826889038 1.838394284248352
-1.2778252363204956 0.284606397151947 0.543910562992096
-1.8282909393310547 0.6523197889328003 -0.7120005488395691
-1.6098341941833496 0.6566656827926636 -0.3614802956581116
0.2454642951488495 0.284606397151947 1.0193880796432495
-0.7662476301193237 0.284606397151947 1.194372534751892
0.9183464050292969 0.8873002529144287 1.1683152914047241
-0.05506337434053421 0.9615083932876587 2.214891195297241
-1.3155169486999512 0.284606397151947 0.04015485569834709
0.9144225716590881 0.9077576398849487 -0.5609684586524963
-2.1854546070098877 0.9863530397415161 -0.21172280609607697
-0.5466583967208862 0.284606397151947 0.5428623557090759
-1.5299711227416992 1.074405312538147 -0.8732543587684631
-1.1025956869125366 0.284606397151947 -0.07143144309520721
-2.3313424587249756 0.9938055872917175 0.9395425319671631
0.5963895320892334 1.0348178148269653 -1.0124900341033936
-1.0823006629943848 0.284606397151947 -0.5982598662376404
-0.9152465462684631 0.8202720880508423 -1.2052987813949585
-1.845939040184021 0.988876461982727 -0.034402526915073395
-2.0039970874786377 1.0116603374481201 -0.6062098145484924
0.20405444502830505 0.284606397151947 -0.3584069013595581
-1.9972385168075562 1.0499014854431152 -0.35176050662994385
-0.45703065395355225 0.8092259168624878 -0.917266845703125
-0.42047634720802307 0.8908975124359131 -1.2003238201141357
-0.7420052289962769 0.5438829064369202 1.7663604021072388
-1.6481131315231323 0.6915395259857178 -0.6684114933013916
0.6473255157470703 1.0509041547775269 1.4965145587921143
-1.3419320583343506 1.0444673299789429 -1.0675855875015259
-0.9106674790382385 0.284606397151947 0.4747828245162964
0.6820767521858215 1.078605055809021 1.0903807878494263
-2.0578532218933105 1.0225300788879395 -0.0020368630066514015
0.2361171841621399 0.284606397151947 0.1347152143716812
-0.23544307053089142 0.284606397151947 -0.41176465153694153
0.8846798539161682 1.0478256940841675 -0.6769197583198547
-1.4513717889785767 0.284606397151947 -0.23361718654632568
0.9025275707244873 0.9365351796150208 0.7368549704551697
-0.18594048917293549 1.0139799118041992 1.9152743816375732
0.8864017128944397 0.9933322668075562 0.22802938520908356
-0.946720540523529 0.284606397151947 -0.4802842140197754
0.5617595911026001 0.716120183467865 -0.49824005365371704
-0.14824563264846802 0.284606397151947 -0.8183900713920593
-2.085446357727051 1.0483968257904053 0.9934011101722717
-1.7678453922271729 1.045709490776062 -0.6031448245048523
0.14153549075126648 0.9669720530509949 2.088618040084839
-0.8711619973182678 0.284606397151947 1.003765344619751
-0.20950494706630707 0.8818017840385437 2.3512938022613525
-0.7390758991241455 1.0173535346984863 -1.1361472606658936
0.5430179238319397 0.6903400421142578 -0.7535092830657959
0.9071111679077148 0.9823315143585205 1.2115261554718018
0.9196789860725403 0.9813222885131836 -0.10762299597263336
0.41593989729881287 1.0977118015289307 1.3245248794555664
0.29257485270500183 0.284606397151947 -0.7054277658462524
-0.7257137298583984 0.284606397151947 -0.5178796648979187
-1.0001403093338013 1.081199288368225 -1.1824880838394165
0.20590917766094208 0.8208489418029785 -0.8290050029754639
-1.8032822608947754 0.8123336434364319 -0.35605770349502563
-0.7564572095870972 0.284606397151947 -0.06809872388839722
-0.9349603652954102 0.284606397151947 -0.27970317006111145
-1.1414505243301392 0.683678388595581 -0.8093353509902954
0.17711924016475677 1.0556786060333252 1.58708918094635
-0.4399958550930023 0.9359689950942993 2.208420515060425
-0.5614722371101379 0.284606397151947 -0.13601291179656982
-1.7194310426712036 1.0445283651351929 0.7778331637382507
0.7515507340431213 1.1018201112747192 0.6475563049316406
-0.07619478553533554 0.284606397151947 0.4131145477294922
-0.23166286945343018 0.284606397151947 -0.2140209823846817
0.3054053783416748 0.5541856288909912 1.7668988704681396
-0.8433496356010437 0.7553923726081848 -0.8700115084648132
-0.13783253729343414 0.8360855579376221 1.9440923929214478
-0.5946914553642273 0.6227640509605408 -0.7522519826889038
-2.2209572792053223 1.0242400169372559 0.6757141351699829
-1.723180890083313 1.018976092338562 1.479896068572998
-1.949831247329712 0.6447288990020752 1.0351181030273438
-2.006483316421509 0.7195033431053162 0.4932484030723572
-1.4111409187316895 0.9856645464897156 1.9577666521072388
-0.09997628629207611 0.760755181312561 -0.8987624049186707
-2.0171635150909424 1.0268592834472656 1.2673671245574951
-1.0674002170562744 0.284606397151947 1.0011675357818604
-1.222337245941162 1.123299479484558 -0.9020090699195862
-1.737480878829956 0.6670877933502197 1.4313948154449463
-0.15864621102809906 0.6597886681556702 -0.7228325605392456
0.14227195084095 0.969183087348938 -1.1743159294128418
-1.2896937131881714 0.6604036092758179 -0.5038008093833923
-1.6820353269577026 1.0112411975860596 1.7317380905151367
-0.6771718263626099 0.9021910429000854 2.3003170490264893
-1.9971846342086792 1.0476069450378418 0.2907349467277527
0.5526873469352722 0.284606397151947 0.21819767355918884
0.7032244205474854 1.1181930303573608 -0.4386940002441406
-0.5118312835693359 1.0801994800567627 -1.200413703918457
-1.7709470987319946 0.6591967344284058 0.9732991456985474
-1.7810072898864746 0.6736510396003723 -0.04825623333454132
-1.194470763206482 0.9969486594200134 1.7940545082092285
-1.4637717008590698 0.7494626641273499 1.6743695735931396
0.7239747047424316 1.1042062044143677 0.4039865732192993
0.5886049270629883 1.0130401849746704 -0.7541534900665283
-1.6766324043273926 0.7007065415382385 0.32508692145347595
-1.8982088565826416 0.936822235584259 1.5740224123001099
0.11608453840017319 1.0832666158676147 -0.9828495383262634
-0.5152694582939148 0.7935635447502136 -0.671535313129425
0.5186218023300171 1.1295050382614136 -0.0668703243136406
-1.4271011352539062 0.998670220375061 1.6375316381454468
-0.8047512173652649 0.7518786787986755 1.8993644714355469
0.11124135553836823 0.29823780059814453 1.1730343103408813
-1.9423301219940186 0.9120628833770752 0.7965023517608643
-1.5572829246520996 1.083639144897461 0.09735550731420517
0.3359624743461609 0.6736142635345459 -0.6360488533973694
-1.4037569761276245 0.6358880400657654 1.354672908782959
-1.911811351776123 0.6225502490997314 1.5549862384796143
-1.1558635234832764 0.3031979203224182 0.8107540607452393
-1.7681679725646973 0.6559154987335205 0.6491564512252808
0.2396399825811386 0.284606397151947 -0.1939493864774704
0.483326256275177 0.5610373020172119 1.3223546743392944
0.3097224533557892 1.0454884767532349 1.7337437868118286
-0.8034985065460205 0.9955025315284729 1.95180344581604
0.5503918528556824 0.6732170581817627 -0.18805068731307983
-1.3719687461853027 0.7459103465080261 -0.2862955927848816
-1.4736371040344238 1.0721235275268555 -0.42741137742996216
-0.5576048493385315 0.7819626927375793 2.120457649230957
-1.5306609869003296 0.693783700466156 -0.07676254957914352
-1.9496408700942993 1.0561906099319458 0.5664992928504944
0.37163975834846497 1.101257085800171 -0.5819037556648254
-0.2004503756761551 1.0879952907562256 -0.7745974659919739
-0.9763926863670349 1.0759565830230713 -0.5346267819404602
-0.9551090002059937 1.1096757650375366 -0.8468131422996521
0.6779395341873169 0.9931433200836182 -0.1020965501666069
-0.9463970065116882 0.6985653042793274 -0.6978340148925781
-1.4058653116226196 1.0211983919143677 1.3516275882720947
-1.861020565032959 0.7091690897941589 0.2924584746360779
-1.8769654035568237 1.0075583457946777 1.080173134803772
-0.6916703581809998 1.1209070682525635 -0.8987549543380737
0.04220281541347504 1.1016805171966553 -0.73734050989151
0.6298878192901611 0.7029984593391418 1.1200007200241089
-1.0687123537063599 0.284606397151947 1.5927835702896118
-0.312425822019577 1.1372292041778564 -0.9786195755004883
0.3812911808490753 0.284606397151947 0.6989837884902954
0.4939497113227844 1.1064879894256592 -0.2844844460487366
-1.7356349229812622 1.0754384994506836 -0.22952890396118164
-0.7156572937965393 0.284606397151947 0.3941836357116699
-1.1754651069641113 1.0596635341644287 1.3450286388397217
-1.6611930131912231 1.0731333494186401 0.5336506366729736
-1.7918221950531006 1.0585728883743286 0.23480887711048126
-1.3175992965698242 0.7553418874740601 -0.6870282888412476
-1.2302011251449585 1.0668538808822632 -0.6378739476203918
-1.480157732963562 1.062419056892395 -0.201427161693573
0.44223660230636597 0.30204084515571594 0.048207901418209076
-0.7686547040939331 1.0003587007522583 -0.5719936490058899
0.39246585965156555 0.7421486973762512 -0.4049952030181885
-0.27196475863456726 0.5934081077575684 1.8458011150360107
0.47874200344085693 0.33534151315689087 0.9038114547729492
-0.05394430458545685 0.2939911484718323 -0.05639645829796791
-0.6205374002456665 1.083890676498413 -0.6254746913909912
0.5763077139854431 0.284606397151947 0.6561726927757263
-0.9580038785934448 0.284606397151947 0.09632803499698639
-0.22385244071483612 0.3635101616382599 0.8533612489700317
-0.3784826099872589 0.2855411171913147 1.4520386457443237
0.05748344585299492 0.8844724297523499 -0.5900437831878662
-0.7635430693626404 1.0788390636444092 1.6848948001861572
-0.9892057180404663 0.7759862542152405 -0.47749635577201843
-0.9937439560890198 0.5601326823234558 1.3103054761886597
-0.14469623565673828 0.284606397151947 1.087781310081482
-0.5478309988975525 0.32545289397239685 0.7658635973930359
-1.5295814275741577 1.014689326286316 0.8696756958961487
-0.36584240198135376 1.082076907157898 -0.6029530763626099
0.5174448490142822 0.927817165851593 1.4737675189971924
-1.2970253229141235 0.7710545063018799 1.5216822624206543
0.052484285086393356 0.7216334342956543 1.7748740911483765
-0.5258210897445679 1.0287609100341797 1.8319014310836792
-1.4656975269317627 0.5816401243209839 0.3489459753036499
-1.169912338256836 1.0780255794525146 -0.3548443913459778
-1.2767194509506226 1.0617482662200928 0.006477421149611473
-1.0589123964309692 0.284606397151947 0.6679279208183289
-1.407226324081421 0.6368582248687744 1.0530341863632202
-1.0853745937347412 0.9573066830635071 -0.2221016138792038
0.020876847207546234 1.0845880508422852 -0.4713565409183502
0.49659815430641174 1.0991380214691162 0.206306591629982
-1.0393027067184448 1.0393304824829102 1.5998164415359497
-1.1934820413589478 0.655360996723175 -0.15236645936965942
0.6687340140342712 0.7098832726478577 0.5820763111114502
0.6274229288101196 1.1164370775222778 0.8557920455932617
0.2502087950706482 1.1153830289840698 -0.3047642111778259
-1.3939485549926758 1.054071307182312 0.428201287984848
-1.2785000801086426 1.0985034704208374 1.0257714986801147
-0.7774767279624939 0.636249840259552 -0.4213305413722992
0.36189866065979004 0.4743742346763611 0.03291264548897743
0.624923050403595 0.7870919108390808 0.7946434020996094
-0.09325984120368958 1.0826525688171387 1.6726713180541992
0.3497108221054077 0.6395079493522644 1.5790467262268066
0.08760791271924973 0.647843062877655 -0.35469767451286316
-0.8524597883224487 0.8001025915145874 1.3440749645233154
-0.3150026798248291 0.930559515953064 -0.5130005478858948
0.6325857639312744 0.8444982767105103 0.3329997658729553
-0.47341057658195496 0.8320684432983398 1.9020936489105225
-0.894706130027771 0.7032589912414551 1.637499451637268
-0.044699616730213165 0.6749446988105774 -0.5592650175094604
0.6244333982467651 0.6427704691886902 0.167303666472435
-1.4860955476760864 0.9397797584533691 0.26540589332580566
-0.24082550406455994 0.7208400368690491 1.5598342418670654
-0.9852070212364197 0.5006948709487915 0.6921658515930176
-0.40401118993759155 0.6798779964447021 -0.501488983631134
-1.5834373235702515 0.8083161115646362 0.6104580163955688
-1.3053510189056396 0.8858438730239868 0.04865746572613716
-1.1214083433151245 0.8042433857917786 1.403643250465393
-1.2558262348175049 0.7899184226989746 1.0619834661483765
-1.3364076614379883 0.6750804781913757 0.6085947751998901
-0.6170664429664612 0.32504644989967346 1.2725690603256226
-1.3544625043869019 0.8781623244285583 0.7781756520271301
-0.6369758248329163 0.7667800784111023 1.6697741746902466
0.5355854034423828 1.0780986547470093 0.42026665806770325
-0.8989019393920898 0.2960663139820099 -0.12600654363632202
-0.3199857771396637 0.284606397151947 0.41223660111427307
-0.7642835974693298 1.1305091381072998 1.4007837772369385
0.21580742299556732 0.284606397151947 0.671508252620697
-0.5289703011512756 0.3370886445045471 0.02363656647503376
-1.0334066152572632 0.9624288082122803 1.0770334005355835
0.5236154794692993 0.9013106226921082 1.2028896808624268
-0.4167362451553345 1.0980921983718872 1.5771865844726562
0.025054188445210457 0.284606397151947 0.9350634813308716
0.30246561765670776 0.8435395359992981 -0.23602324724197388
0.19516029953956604 0.7507986426353455 1.493557095527649
-0.37237995862960815 0.4490077495574951 -0.21732714772224426
0.4544301927089691 0.9212566614151001 0.01118629053235054
-1.2242852449417114 1.0927157402038574 0.6049883961677551
-0.3156830370426178 0.6688954830169678 1.6962099075317383
-0.04618087038397789 1.0293477773666382 1.5740755796432495
-0.8588343858718872 1.1503725051879883 1.1703637838363647
-0.08852988481521606 0.7904720902442932 -0.2404121607542038
-1.0992326736450195 1.1114882230758667 0.9113450646400452
-1.051604986190796 0.7752816677093506 0.272998183965683
-0.5700478553771973 1.089566946029663 1.3645468950271606
-1.3047637939453125 0.700417160987854 0.2120521515607834
0.048477187752723694 0.3049525320529938 0.6180861592292786
-0.6225804090499878 0.8179973363876343 1.376704454421997
-1.1904886960983276 0.6631954312324524 0.8576421141624451
-0.3114698827266693 1.0673892498016357 1.4402223825454712
0.45673295855522156 0.6747796535491943 0.9955286979675293
-0.509678065776825 0.773080050945282 -0.24621440470218658
0.25529250502586365 0.8928370475769043 1.336073875427246
-0.5165941715240479 0.31794610619544983 0.19490636885166168
0.09971040487289429 0.7046073079109192 -0.07480562478303909
-0.7073066234588623 0.5895906686782837 0.02116471529006958
-0.07179319113492966 0.6541392803192139 1.4362285137176514
-0.20553597807884216 0.2932276427745819 0.003719441592693329
-0.7367210388183594 0.38286393880844116 0.6128249764442444
-0.9226910471916199 0.7377652525901794 1.0049419403076172
-0.8456369638442993 0.7948656678199768 -0.10468895733356476
-0.6252601146697998 0.362850159406662 1.0838109254837036
-0.538915753364563 0.6343371868133545 1.3411877155303955
-1.1206380128860474 0.977084755897522 0.3808598816394806
0.359691321849823 0.797397792339325 0.22466382384300232
-0.5217936635017395 0.8916310667991638 -0.3371615409851074
-0.23872126638889313 0.5144172310829163 0.8579659461975098
-0.2570253908634186 0.3592180013656616 0.6589152216911316
-0.7977292537689209 0.9104697704315186 -0.3124746084213257
0.41642996668815613 0.6728140711784363 0.14787113666534424
0.3539193868637085 0.6876869797706604 0.6028670072555542
-0.8387687802314758 0.8594276905059814 0.04793500155210495
-0.8882770538330078 1.0201612710952759 0.8860262632369995
-0.9349437952041626 0.5102855563163757 0.2892010807991028
-1.0607131719589233 0.8908976912498474 0.06787382811307907
-0.01292621809989214 0.9284737706184387 -0.29959699511528015
0.35545065999031067 0.46241748332977295 0.6109786033630371
-0.3912499248981476 0.39102405309677124 0.45917418599128723
-0.9221546649932861 0.8269786238670349 0.5622427463531494
0.09716172516345978 0.5211901068687439 0.2753514349460602
0.19274002313613892 0.9092761874198914 -0.035504765808582306
0.17612037062644958 0.6009324193000793 0.8886839151382446
-0.11408281326293945 0.7393407821655273 1.2102563381195068
0.07441775500774384 0.3842570185661316 1.166539192199707
-1.664115071296692 0.7997355461120605 1.2717978954315186
-1.0453757047653198 0.8965802192687988 0.6303442716598511
-0.6966719031333923 0.5884720087051392 0.6482442021369934
-0.5665906071662903 0.7358283996582031 -0.04220857471227646
-0.23509879410266876 0.8012245297431946 -0.14729583263397217
-0.8686332702636719 0.6599428057670593 0.6530851721763611
-0.758655846118927 0.8895453810691833 1.0915589332580566
-1.581729769706726 0.6932271122932434 1.0700294971466064
0.20693343877792358 0.6994678378105164 0.37270697951316833
0.08847451955080032 0.8211182951927185 0.5277551412582397
-0.8110730051994324 0.7263308167457581 0.28071722388267517
-0.38153478503227234 0.8428449630737305 1.143100619316101
-0.303466796875 0.6089693307876587 -0.019130438566207886
-0.3743501901626587 0.5949157476425171 0.6269190907478333
-0.14225567877292633 0.6903998255729675 0.39383381605148315
0.2699367105960846 0.8961420655250549 1.1078461408615112
0.07787294685840607 0.6997525691986084 0.6484347581863403
-0.15257881581783295 0.3132112920284271 0.3190911114215851
-0.1465197503566742 0.9822231531143188 0.12943029403686523
0.3933410942554474 0.8812010288238525 0.7004891633987427
-0.14389365911483765 0.7855920195579529 0.17217619717121124
-0.4858585000038147 0.7442507743835449 0.5886362195014954
-0.3606005609035492 0.8066331148147583 0.7735415101051331
-0.580768346786499 0.7415533661842346 1.0535972118377686
-0.020672276616096497 0.878585159778595 1.162300705909729
-0.4700580835342407 0.8364056944847107 0.13164758682250977
0.17266471683979034 0.8094527721405029 0.8855020403862
-0.487480491399765 0.7512196898460388 0.33311498165130615
0.011674903333187103 0.8789768218994141 0.24464263021945953
-0.004440857097506523 0.9548628926277161 0.4817987382411957
-0.32342448830604553 0.4702067971229553 1.1290799379348755
-0.30645355582237244 0.906159520149231 0.04874258488416672
-0.20648784935474396 2.778902769088745 -0.2538701295852661
-0.07210409641265869 2.4171969890594482 0.28402766585350037
-0.235382542014122 1.0815212726593018 0.39347001910209656
-0.6047301888465881 0.8944461345672607 0.23477555811405182
-0.1581958383321762 0.5368613004684448 0.28735989332199097
-0.15654605627059937 0.7317681908607483 0.941216230392456
-0.3959674835205078 2.327061414718628 0.42461147904396057
-0.17137587070465088 0.8979854583740234 0.6929965615272522
-0.4869733452796936 0.9509638547897339 0.6066709160804749
-0.5145418047904968 1.020888328552246 0.2554038166999817
-0.5210678577423096 2.839811325073242 0.4974348545074463
-0.5660475492477417 0.6883236765861511 0.860712468624115
-0.055695854127407074 2.3874831199645996 0.09818675369024277
-0.241393581032753 2.5320489406585693 -0.2367563247680664
-0.6068413257598877 0.8554028272628784 0.5282825231552124
-0.04490603879094124 2.481602191925049 -0.10382324457168579
-0.21975140273571014 2.386300802230835 0.42814451456069946
-0.5016013383865356 2.4256441593170166 0.5728281736373901
-0.6256294250488281 2.335500717163086 0.43659499287605286
-0.3606417775154114 2.2541816234588623 0.19827038049697876
-0.32304713129997253 2.3051342964172363 -0.053319331258535385
-0.5954744219779968 2.2393290996551514 0.24217656254768372
-0.5195715427398682 2.579108238220215 -0.24796363711357117
-0.34118714928627014 2.860668420791626 0.5043672919273376
-0.7826463580131531 2.38950514793396 0.03313068300485611
-0.5973508954048157 2.8971455097198486 0.5967977046966553
-0.20039427280426025 2.3162293434143066 0.02746911719441414
-0.7650541067123413 2.4730398654937744 0.5078194737434387
0.08756829798221588 2.561628580093384 0.14358602464199066
-0.7992619276046753 2.3744029998779297 0.3118102550506592
-0.8259802460670471 2.668424367904663 0.5108057856559753
0.004680021665990353 2.6973788738250732 -0.15553149580955505
0.08856247365474701 2.8411636352539062 -0.05142143368721008
-0.06727687269449234 2.6064724922180176 0.4653601050376892
-0.3951714336872101 2.9550082683563232 -0.16796748340129852
-0.4581543207168579 2.3319032192230225 -0.12526558339595795
-0.3466694951057434 2.566781997680664 0.6173892021179199
-0.6054697632789612 2.4052488803863525 -0.13044901192188263
-0.23043522238731384 3.1119213104248047 -0.13772431015968323
-0.6399303078651428 2.288959264755249 0.09285339713096619
0.11069446802139282 2.738372564315796 0.2728402018547058
-0.9158863425254822 5.1716156005859375 0.8699756264686584
-0.24634845554828644 2.9279885292053223 0.3459962010383606
-0.8845467567443848 2.4876129627227783 0.1329415738582611
-0.3919909596443176 3.2559492588043213 0.11669211834669113
-0.7838884592056274 2.6782782077789307 -0.06356775760650635
-0.5528718829154968 2.786992311477661 -0.211578831076622
-0.29633158445358276 3.224032402038574 0.38249921798706055
-0.046734824776649475 3.1680495738983154 -0.019863832741975784
-0.457146555185318 3.0991294384002686 0.09382466971874237
0.0832388699054718 3.2542810440063477 0.35215672850608826
0.14784416556358337 3.1495726108551025 0.14773932099342346
-0.7116084098815918 2.89847731590271 0.19050438702106476
-0.0987667590379715 3.0850138664245605 0.4919653534889221
-0.8699692487716675 5.010581970214844 0.1650223582983017
-0.8851489424705505 2.735802173614502 0.274524450302124
0.20931637287139893 2.905932664871216 0.16973291337490082
-0.7297518849372864 4.718163967132568 0.5176779627799988
-0.13730962574481964 3.3653788566589355 0.23098380863666534
0.040681418031454086 2.9839155673980713 0.4089635908603668
-0.5924441814422607 4.78057861328125 0.7177103757858276
-0.7048554420471191 4.986464500427246 0.8998083472251892
-0.4752178192138672 4.8642096519470215 0.4338732361793518
-1.01299250125885 4.8246564865112305 0.28167447447776794
-0.8985806703567505 4.72257137298584 0.6919499635696411
-1.1859999895095825 5.17092227935791 0.7138314843177795
-1.1177312135696411 4.886129379272461 0.773527979850769
-0.3748203217983246 5.110161781311035 0.46390196681022644
-0.7990118861198425 4.813446521759033 0.8408642411231995
-0.7748367190361023 4.773064136505127 0.2988724112510681
-0.32699835300445557 5.87021541595459 0.4775460958480835
-0.5892125964164734 4.733334541320801 0.5232367515563965
-0.46558836102485657 4.978567123413086 0.6949275732040405
-1.0781694650650024 4.7923455238342285 0.44193336367607117
-0.9288647174835205 5.388525485992432 0.6023785471916199
-1.1808497905731201 5.2385945320129395 0.4651001989841461
-0.5863111615180969 4.963257312774658 0.23408523201942444
-1.1339441537857056 5.031271457672119 0.3029821217060089
-0.14261069893836975 6.01508903503418 0.6619486212730408
-0.9195998311042786 4.685576915740967 0.5205026268959045
-1.2182761430740356 4.983635902404785 0.6373478174209595
-0.3135656416416168 5.957413196563721 0.8583813905715942
-0.15297217667102814 6.0313897132873535 0.48587891459465027
-1.0893505811691284 5.239200592041016 0.2701221704483032
-0.43542248010635376 5.922014236450195 0.8127591609954834
-0.5031317472457886 5.182455539703369 0.23997272551059723
-0.7145002484321594 5.475405216217041 0.5323907732963562
-0.3987126648426056 6.127958297729492 0.45716434717178345
-0.8156404495239258 5.25537633895874 0.1770513504743576
-1.0486621856689453 4.819697380065918 0.7777673006057739
-0.13629065454006195 6.05948543548584 0.8566064834594727
-0.5269772410392761 6.040025234222412 0.8378230333328247
-0.6801050901412964 5.242717266082764 0.8161771297454834
-0.6242297887802124 5.382674217224121 0.22560055553913116
-0.9846354722976685 7.115865707397461 0.12653638422489166
-0.46994343400001526 5.2596869468688965 0.6461730599403381
-0.18586798012256622 6.174704074859619 0.9680589437484741
-0.09025399386882782 6.185347080230713 0.4461405873298645
-0.8755465745925903 6.7712721824646 0.22134003043174744
-0.36269640922546387 5.503249168395996 0.5063551664352417
-0.46420687437057495 6.215534210205078 0.9237997531890869
-0.3924565315246582 6.419119358062744 0.9433935880661011
-0.4061582088470459 5.495715141296387 0.3354637324810028
-0.686688244342804 6.906503200531006 0.18927526473999023
-0.45332372188568115 6.360385894775391 0.6349585056304932
-0.4975999891757965 5.737310409545898 0.5727581977844238
-0.004858579486608505 6.3451457023620605 0.8761132955551147
-1.077052116394043 6.944018363952637 0.3987452983856201
-1.0542880296707153 6.80093240737915 0.290069580078125
-0.80914705991745 6.836854457855225 0.39122918248176575
-0.061864182353019714 6.349839687347412 0.4364263713359833
0.043311480432748795 6.440901279449463 0.7671713829040527
-1.0296058654785156 6.789764881134033 0.17439448833465576
0.04981202259659767 6.799576759338379 0.6658289432525635
-0.2897166311740875 6.916989803314209 0.8987491130828857
-0.4303211569786072 7.102970600128174 0.8447209000587463
-0.24368418753147125 6.715491771697998 0.5019875168800354
-0.33635109663009644 6.841719150543213 0.5016496181488037
-0.27242037653923035 6.5115485191345215 0.4665916860103607
-0.0515529066324234 7.292685508728027 0.9591524004936218
0.025265861302614212 6.5089111328125 0.5380523204803467
-0.2996535897254944 6.671415328979492 0.8586755990982056
-1.0623396635055542 7.1433258056640625 0.30301719903945923
-0.42620283365249634 7.221867084503174 0.37121936678886414
-0.173793226480484 7.176822662353516 1.0208492279052734
-0.25064119696617126 7.041265964508057 0.49954932928085327
-0.9259515404701233 6.792184352874756 0.11146193742752075
-0.08598317205905914 6.670798301696777 0.9064475297927856
-0.6424970626831055 7.129304885864258 0.5575947761535645
-0.16674992442131042 7.344297409057617 0.4531315267086029
-0.06831062585115433 6.94830846786499 0.9178191423416138
-0.7471571564674377 6.90574836730957 0.45468565821647644
-0.036351583898067474 7.201167106628418 0.6859052777290344
-0.0597972609102726 7.5161051750183105 0.957105278968811
-0.6665921807289124 7.265344142913818 0.35475680232048035
-0.33370450139045715 7.3881330490112305 0.992643415927887
-0.045667629688978195 7.578739643096924 0.7516340017318726
-0.5285243391990662 7.205461025238037 0.7880254983901978
-0.23731385171413422 7.518111228942871 0.40486854314804077
-0.24092963337898254 8.020148277282715 0.406138151884079
-0.4955008625984192 7.514059066772461 0.8217882513999939
-0.7451867461204529 7.414091110229492 0.46684926748275757
-0.31346431374549866 7.744387626647949 0.38686037063598633
-0.5732035040855408 7.739259719848633 0.5814965963363647
-0.6631596088409424 7.518249034881592 0.660270094871521
-0.566281259059906 7.648632049560547 0.41451898217201233
-0.03946838900446892 7.7991509437561035 0.7132782936096191
-0.1879359781742096 7.7272491455078125 0.9659534692764282
-0.23820453882217407 7.97794771194458 0.8800981640815735
-0.044696107506752014 8.162918090820312 0.6199309825897217
-0.08817873150110245 7.821495056152344 0.556740939617157
-0.43290287256240845 7.9005560874938965 0.8613998293876648
0.12844282388687134 8.97642993927002 0.11775066703557968
-0.47720542550086975 8.16553020477295 0.7970715761184692
-0.0828639343380928 8.676925659179688 0.3142338693141937
-0.5717247724533081 7.999642372131348 0.6002201437950134
-0.01668168045580387 8.815108299255371 0.11123731732368469
-0.2890003025531769 8.257437705993652 0.8676897287368774
-0.1637735217809677 8.549178123474121 0.5328987836837769
-0.3327590823173523 8.18561840057373 0.38550907373428345
-0.4058745205402374 8.810928344726562 0.24600385129451752
-0.2035854309797287 8.437149047851562 0.7615514993667603
-0.22943590581417084 8.765085220336914 0.12759731709957123
-0.27675753831863403 9.471419334411621 0.852869987487793
-0.2664210796356201 8.608406066894531 0.30194029211997986
0.0012782439589500427 9.24437427520752 -0.03439711034297943
-0.015621243044734001 8.77820110321045 0.3007533550262451
-0.3218110501766205 8.479879379272461 0.6742836833000183
-0.47198158502578735 9.223456382751465 0.6713569164276123
-0.5790199041366577 9.43674087524414 0.49487805366516113
-0.18998034298419952 8.877910614013672 -0.018291480839252472
-0.3494066596031189 9.494895935058594 0.5452045202255249
-0.6842019557952881 9.317533493041992 0.9063045382499695
-0.5958781838417053 9.235608100891113 0.8499364852905273
-0.36864784359931946 8.94603157043457 0.003772629424929619
-0.283162385225296 9.489754676818848 1.1612224578857422
-1.3099274635314941 10.042889595031738 -0.05267870053648949
-0.6236194968223572 9.315293312072754 1.0067273378372192
-0.14647936820983887 9.532983779907227 0.8874627351760864
-0.05203478783369064 9.13351821899414 0.3153865337371826
-0.4486124515533447 9.13626480102539 0.7472783327102661
-0.44737693667411804 9.07311725616455 0.22211576998233795
-0.4484887421131134 8.861993789672852 0.4633342921733856
-0.5124865770339966 9.780970573425293 0.7892774343490601
-0.20410925149917603 9.449455261230469 1.0638021230697632
-0.47605717182159424 9.435075759887695 0.9640830159187317
-0.12764860689640045 9.223054885864258 -0.08226583153009415
-0.6553910970687866 9.646525382995605 0.6702283620834351
-0.022832434624433517 10.233006477355957 0.21295644342899323
-0.28458189964294434 9.267748832702637 0.19460946321487427
-0.4989021122455597 9.583909034729004 1.1719627380371094
-1.2561943531036377 10.04812240600586 -0.17727811634540558
-0.26978397369384766 9.452667236328125 0.19500678777694702
-1.2047547101974487 9.995734214782715 -0.06258249282836914
-1.0377310514450073 10.070877075195312 -0.1390635222196579
-0.03277319669723511 10.189270973205566 0.14163628220558167
-0.006633337587118149 9.820890426635742 1.0942304134368896
-0.1255771815776825 9.719621658325195 0.8996231555938721
-0.07636291533708572 9.8566312789917 1.1353604793548584
-0.09629511833190918 10.056994438171387 0.025969278067350388
-0.01484968326985836 9.990152359008789 0.016150856390595436
-0.47281235456466675 9.77453327178955 0.8998619914054871
-1.2681422233581543 10.264933586120605 -0.07943318784236908
0.19662614166736603 10.114062309265137 1.2985172271728516
0.09622068703174591 10.35345458984375 0.12873351573944092
-1.212514042854309 10.204463005065918 -0.05340566486120224
-1.086930274963379 10.313053131103516 0.9168804883956909
-1.0569595098495483 10.652180671691895 1.0671558380126953
-1.0948762893676758 10.30311107635498 0.9939878582954407
-1.0730112791061401 10.260465621948242 0.9376007318496704
-0.09705383330583572 10.498135566711426 0.1661568582057953
-0.1535900980234146 10.305027961730957 0.009285695850849152
-1.063277244567871 10.233866691589355 -0.0033932295627892017
0.168236643075943 10.476360321044922 0.14465832710266113
-1.040934443473816 10.476099967956543 0.9173243641853333
-0.42138907313346863 10.69373893737793 0.05940120294690132
-0.9342535734176636 10.646604537963867 -0.19846674799919128
0.2510715126991272 10.190197944641113 1.1744768619537354
0.31876710057258606 10.826921463012695 0.049990832805633545
-0.19362753629684448 10.501250267028809 -0.030438797548413277
-0.38604968786239624 10.760090827941895 1.2429182529449463
-0.3653302490711212 10.804301261901855 1.1142030954360962
0.04286278411746025 10.720492362976074 0.15524326264858246
-0.6735100746154785 10.897444725036621 -0.1444420963525772
0.16524606943130493 10.79694938659668 0.10315161943435669
-0.6829846501350403 10.843999862670898 -0.1234232485294342
-1.0924142599105835 10.7067289352417 -0.12285184860229492
-0.5514989495277405 10.923908233642578 -0.1656365692615509
-0.4788450300693512 10.902920722961426 1.1247538328170776
-1.1249116659164429 10.819497108459473 1.2444018125534058
-0.02935202047228813 10.943140029907227 0.2209840565919876
0.02661512978374958 10.979323387145996 0.36754289269447327
0.4163770377635956 10.946881294250488 -0.09101451933383942
-0.7777747511863708 10.9721097946167 -0.06959748268127441
0.20768731832504272 10.967453956604004 0.3143688440322876
0.4304250180721283 11.02286434173584 -0.2403322458267212
0.3389199674129486 11.115628242492676 0.1689756065607071
-1.1728843450546265 11.144861221313477 1.2727566957473755
-1.2642713785171509 11.053730010986328 -0.1649828404188156
-0.2945610284805298 11.180624008178711 0.6061853766441345
-0.25741976499557495 11.243563652038574 0.6231017708778381
0.20559102296829224 11.173539161682129 0.4281820058822632
-1.1321449279785156 11.264423370361328 1.2414023876190186
0.0665161982178688 11.25265884399414 0.2974281907081604
-0.07547330856323242 11.327134132385254 0.9947217702865601
-0.7661857008934021 11.390871047973633 0.7537760138511658
0.20181044936180115 11.292120933532715 0.5751025080680847
-0.4635077118873596 11.30775260925293 -0.328963965177536
-0.5514845848083496 11.348986625671387 0.6768532991409302
0.12338078022003174 11.403838157653809 -0.09775692224502563
-0.8631998896598816 11.416820526123047 -0.09210976213216782
-0.633499264717102 11.376213073730469 -0.36846455931663513
0.04842348396778107 11.431981086730957 -0.04552853852510452
-0.029068410396575928 11.458380699157715 0.2832556962966919
-0.2536095976829529 11.49752426147461 0.897605299949646
-0.706867516040802 11.454622268676758 1.0475924015045166
0.6152370572090149 11.512916564941406 -0.484491765499115
-0.6528171300888062 11.530158996582031 0.2619088292121887
0.519774317741394 11.519124031066895 1.101449966430664
-0.6586405038833618 11.538036346435547 0.6696333289146423
-1.2630400657653809 11.555691719055176 0.6012706160545349
0.1224353089928627 11.570259094238281 0.6660986542701721
0.06317412853240967 11.570183753967285 -0.18935444951057434
-0.26234355568885803 11.582317352294922 0.5437130928039551
