71
-0.47010934352874756 10.404434204101562 0.8812421560287476
-0.8385866284370422 10.498441696166992 -7.569417357444763e-05
-0.37974879145622253 10.328140258789062 0.9589825868606567
-0.4628881812095642 10.508678436279297 0.5509310960769653
-0.5347042083740234 10.274687767028809 0.038930702954530716
0.3288485109806061 10.524325370788574 -0.07488875836133957
-0.05007752776145935 10.420021057128906 0.8656854629516602
-0.024914279580116272 10.457609176635742 1.0155041217803955
0.35361018776893616 10.453326225280762 -0.033772025257349014
-0.7272247076034546 10.469230651855469 -0.18377085030078888
-0.40182608366012573 10.345586776733398 0.8720785975456238
-0.48857834935188293 10.276653289794922 -0.01079501025378704
-0.52280193567276 10.438679695129395 0.5219682455062866
-0.7118169665336609 10.25666332244873 -0.06987253576517105
-0.234986811876297 10.416090965270996 1.0075491666793823
-0.38178515434265137 10.391280174255371 0.09560617059469223
-0.507140576839447 10.39771556854248 0.2388797253370285
-0.2822243869304657 10.452143669128418 0.11172674596309662
-0.2937236726284027 10.59421157836914 -0.0748588964343071
-1.064890742301941 10.742265701293945 0.9738079905509949
-1.1232924461364746 10.860974311828613 1.0623278617858887
0.37288370728492737 10.449254989624023 -0.05340327322483063
-0.5822839736938477 10.613128662109375 0.23274357616901398
-0.9001584053039551 10.608444213867188 0.043888114392757416
-0.7648778557777405 10.827698707580566 0.11634880304336548
0.2884819805622101 10.478318214416504 -0.16576050221920013
-0.005927707999944687 10.503002166748047 0.965133786201477
-0.8541581630706787 10.617713928222656 -0.18410682678222656
-0.48695915937423706 10.812821388244629 -0.1869100034236908
-0.09934568405151367 10.806839942932129 0.7941998243331909
-0.6531758904457092 10.832377433776855 -0.2883565425872803
-1.1003061532974243 10.799988746643066 0.5542566180229187
-0.7832692861557007 10.924875259399414 0.09957733750343323
-0.9575371742248535 10.911494255065918 0.7015507221221924
-0.21658098697662354 10.723739624023438 1.0815072059631348
-0.15783289074897766 10.87478256225586 1.1563656330108643
-0.28560250997543335 10.932832717895508 -0.32115718722343445
-0.926720380783081 10.863019943237305 -0.029434919357299805
-0.3373173177242279 10.988800048828125 -0.35152870416641235
-0.7086743712425232 10.943804740905762 -0.27877697348594666
-1.1978877782821655 10.947915077209473 1.154836893081665
-0.11922020465135574 11.071948051452637 0.7760722637176514
-0.14012573659420013 10.9745454788208 0.7140228748321533
0.4132349193096161 11.189976692199707 0.28435084223747253
-1.214843988418579 11.174720764160156 -0.1926642805337906
-0.359720379114151 11.207048416137695 -0.3450365662574768
-0.2582758963108063 11.24030876159668 -0.3539864718914032
-1.2801003456115723 11.223651885986328 1.2290178537368774
-0.8501852750778198 11.120133399963379 0.669519305229187
-0.15679527819156647 11.202214241027832 0.8264510035514832
0.08781340718269348 11.296031951904297 -0.41198089718818665
0.19811469316482544 11.254584312438965 -0.0999247133731842
0.43373358249664307 11.370185852050781 0.0029698973521590233
-0.33047083020210266 11.378211975097656 -0.20359762012958527
-0.28789281845092773 11.388252258300781 -0.4377400279045105
-1.1431279182434082 11.320327758789062 1.0286569595336914
0.19427630305290222 11.433257102966309 0.3782864212989807
-1.3715486526489258 11.43609619140625 1.3170745372772217
-0.7282663583755493 11.355167388916016 0.026562567800283432
-0.13681884109973907 11.463747024536133 -0.133454367518425
-0.6973177790641785 11.472769737243652 0.7217704653739929
-0.799856960773468 11.473892211914062 0.13064581155776978
0.32915517687797546 11.498553276062012 0.5280695557594299
0.19436898827552795 11.53581714630127 0.20544378459453583
0.058928776532411575 11.531451225280762 0.24933506548404694
-0.5948564410209656 11.524557113647461 0.2169405221939087
0.5842382907867432 11.546653747558594 0.7701882123947144
-0.6818025708198547 11.540214538574219 0.47198960185050964
0.16198694705963135 11.55770206451416 1.2913248538970947
-0.9186926484107971 11.574556350708008 1.3676986694335938
-0.6179311871528625 11.581665992736816 0.48064395785331726
