902
-2.3863754272460938 0.2845063805580139 1.5977087020874023
-2.386474609375 0.2846065163612366 -0.7574044466018677
-2.3863744735717773 0.6316730380058289 0.6676729917526245
0.9210299253463745 0.6004140973091125 -0.8376268744468689
-2.1382179260253906 0.284606397151947 0.06236507371068001
-1.3420567512512207 0.2846062183380127 -1.205398678779602
-0.26262226700782776 0.284606397151947 0.9573673605918884
-0.9292640089988708 0.284606397151947 -0.8871131539344788
-0.9527955055236816 0.2846064567565918 -1.2053987979888916
0.9210317134857178 0.2845063805580139 -1.2053296566009521
-2.386474609375 0.2846064567565918 -0.2668253183364868
-2.386474609375 0.2846064567565918 0.26416587829589844
-2.386474609375 0.28460657596588135 -0.5022057294845581
-1.8030269145965576 0.2846081256866455 2.141308307647705
-2.386474609375 0.28460657596588135 -0.016634345054626465
-2.3863744735717773 0.2845063805580139 0.6810235977172852
0.6489430665969849 0.2845063805580139 -1.205302119255066
-0.5546064376831055 0.2846064567565918 -1.2053989171981812
-2.1559767723083496 0.284606397151947 1.3231372833251953
0.13746660947799683 0.28460636734962463 2.141308307647705
0.9211299419403076 0.2846066951751709 -0.8938717842102051
0.9211299419403076 0.2846066951751709 -0.7304298877716064
-2.386474609375 0.28460657596588135 0.13277935981750488
-1.483446478843689 0.284606397151947 1.82792067527771
-0.42656803131103516 0.2846064567565918 -1.2053989171981812
-2.3693978786468506 0.28460609912872314 2.141308307647705
-2.386474609375 0.2846064567565918 -0.13582682609558105
0.9211299419403076 0.2846064567565918 -0.9940242767333984
-2.0871171951293945 0.284606397151947 1.6602450609207153
-1.0930976867675781 0.2846064567565918 -1.205398678779602
0.9211300611495972 0.2846064567565918 1.3612030744552612
0.9210300445556641 0.5623164772987366 1.4767787456512451
-1.863349199295044 0.284606397151947 1.6699007749557495
-2.3863744735717773 0.5947491526603699 1.749828815460205
-2.178964614868164 0.2845063805580139 2.141206741333008
0.9210299253463745 0.4977142810821533 -0.6473318934440613
-2.386474609375 0.2846066355705261 -0.6280971765518188
0.9211181998252869 0.2846064567565918 -1.2053993940353394
-2.386474609375 0.2846064567565918 -0.8708646893501282
-1.9436521530151367 0.2845063805580139 2.141206741333008
0.9210286736488342 0.2845063805580139 0.8814792633056641
-1.5095120668411255 0.284606397151947 -1.0949785709381104
0.261711448431015 0.284606397151947 1.491301417350769
-0.5844157934188843 0.284606397151947 -0.898539125919342
0.3952697515487671 0.28460633754730225 -1.2053991556167603
-2.3863754272460938 0.2845063805580139 2.1412363052368164
-2.0958220958709717 0.284606397151947 0.9055673480033875
-0.4562697410583496 0.284606397151947 -0.6976551413536072
-2.3741087913513184 0.5923949480056763 -1.198580265045166
-2.3863747119903564 0.3206970691680908 -1.2053983211517334
-1.6796817779541016 0.284606397151947 -0.4739139676094055
-1.5049437284469604 0.284606397151947 -0.83042973279953
-2.3863744735717773 0.2845063805580139 1.6852636337280273
-1.9962987899780273 0.284606397151947 -0.6350833773612976
0.9210300445556641 0.2845063805580139 2.0433473587036133
-1.8907012939453125 0.284606397151947 1.2843822240829468
0.3479212522506714 0.284606397151947 -0.8636428713798523
-1.5329065322875977 0.2845063805580139 -1.2053003311157227
-2.386474609375 0.2846064567565918 0.5185394287109375
-1.6925832033157349 0.284606397151947 -0.7080149054527283
-0.05831240117549896 0.284606397151947 -0.9308491945266724
-1.2336807250976562 0.284606397151947 -0.9602919816970825
-1.8789997100830078 0.2845063805580139 -1.2052984237670898
-2.386474609375 0.2846066355705261 -1.2053143978118896
0.9210300445556641 0.2845063805580139 1.7728290557861328
-2.386474370956421 0.2846064567565918 1.7927944660186768
-1.9804939031600952 0.284606397151947 1.8299572467803955
0.9210329055786133 0.2845063805580139 1.1097297668457031
-0.13106822967529297 0.2845063805580139 2.141207695007324
-2.386474609375 0.28460633754730225 -0.3807082176208496
-0.1521223783493042 0.2845063805580139 -1.205297827720642
0.5346308946609497 0.2846064269542694 2.141308307647705
0.9211301207542419 0.2845483124256134 2.1412084102630615
-2.386474370956421 0.2846064567565918 1.4881837368011475
0.9210281372070312 0.2845063805580139 1.6792593002319336
0.6071826815605164 0.284606397151947 1.755026936531067
-1.224156379699707 0.2845063805580139 -1.205301284790039
-1.9417868852615356 0.284606397151947 -0.11442938446998596
0.9210300445556641 0.2845063805580139 1.4609336853027344
0.9211300611495972 0.2846064567565918 1.5730620622634888
-1.788336992263794 0.284606397151947 1.1336865425109863
-2.0836801528930664 0.284606397151947 0.6702213287353516
-1.3291521072387695 0.2845063805580139 2.141207695007324
0.9210302829742432 0.2845063805580139 -0.5874643921852112
0.9165742993354797 0.28460636734962463 2.141308307647705
-2.386474370956421 0.2846066951751709 0.9264833927154541
-1.7736263275146484 0.2845063805580139 -1.205301284790039
-1.2842271327972412 0.284606397151947 -0.772656261920929
0.9211300611495972 0.28460633754730225 1.875582218170166
0.22604632377624512 0.8008488416671753 2.1363720893859863
-0.3670034408569336 0.2845063805580139 2.141207695007324
-0.006548285484313965 0.2845063805580139 -1.2052996158599854
-1.6820917129516602 0.2845063805580139 -1.205301284790039
-1.9544249773025513 0.284606397151947 -0.9313740134239197
-2.3863754272460938 0.2845063805580139 0.7882814407348633
-1.7495040893554688 0.5897821187973022 -1.2052985429763794
0.5775620341300964 0.284606397151947 0.487440824508667
-1.4415303468704224 0.2846059799194336 2.141308307647705
-1.9661810398101807 0.5337202548980713 -1.2052985429763794
-0.6507434844970703 0.2845063805580139 2.141206741333008
-2.3863742351531982 0.7502042651176453 2.0945627689361572
-2.386474370956421 0.2846062183380127 1.3130581378936768
-0.7677402496337891 0.2845063805580139 2.141206741333008
0.9210295677185059 0.2845063805580139 0.6480466723442078
-2.3863744735717773 0.2845063805580139 1.9117774963378906
-2.0620834827423096 0.284606397151947 1.1284526586532593
0.9210312366485596 0.2845063805580139 0.041567351669073105
-2.3572418689727783 0.2846064567565918 -1.2053983211517334
-2.3863744735717773 0.5515449047088623 1.2979254722595215
-0.7002529501914978 0.2845063805580139 -1.2052972316741943
-0.8815193176269531 0.2845063805580139 2.141207695007324
0.667201042175293 0.2845063805580139 2.1412086486816406
-2.386474370956421 0.2846062183380127 1.1821057796478271
-0.8346705436706543 0.284606397151947 1.7139986753463745
-2.3863744735717773 0.7684450745582581 -1.0338879823684692
0.9211300015449524 0.28460657596588135 0.12121319770812988
-2.1190168857574463 0.284606397151947 0.4503215253353119
-1.6944150924682617 0.2845063805580139 2.141206741333008
-2.386474609375 0.2846064567565918 -1.0028424263000488
-2.140183687210083 0.2846062183380127 -1.205398440361023
-2.386474370956421 0.2846064567565918 1.0555665493011475
0.9210299849510193 0.5115352869033813 -0.4041183888912201
-0.45392122864723206 0.284606397151947 1.8513826131820679
-1.230567216873169 0.284606397151947 1.853076457977295
-1.7605947256088257 0.284606397151947 -0.9175264239311218
-2.138576030731201 0.284606397151947 -0.841758131980896
-2.14654803276062 0.284606397151947 -0.19364741444587708
-1.7523077726364136 0.284606397151947 1.8565444946289062
-0.8979476094245911 0.2857784926891327 -1.2052987813949585
-2.012930393218994 0.2846064567565918 -1.205398440361023
0.18080979585647583 0.5703010559082031 -1.2052991390228271
0.4186645448207855 0.2846065163612366 2.141308307647705
0.899450421333313 0.7948157787322998 -1.1871159076690674
-1.5701942443847656 0.2845063805580139 2.141207695007324
-2.1630611419677734 0.762473464012146 -1.2052984237670898
-2.041182518005371 0.2845063805580139 2.141206741333008
-0.341953307390213 0.29885372519493103 -1.2047855854034424
0.9211300611495972 0.28460633754730225 1.2251617908477783
0.5509059429168701 0.284606397151947 0.04423779994249344
0.9125563502311707 0.5558300018310547 -1.2052993774414062
-1.8631232976913452 0.284606397151947 0.6211696863174438
0.9210299253463745 0.2845063805580139 -0.2500803768634796
0.26140618324279785 0.28460633754730225 -1.2053991556167603
-0.829258918762207 0.2846064567565918 -1.2053987979888916
-0.013423115015029907 0.2846064269542694 2.141308307647705
-0.2835516929626465 0.28460633754730225 -1.2053989171981812
0.8280062675476074 0.2845063805580139 -1.2052972316741943
0.5573359727859497 0.284606397151947 -0.8803138136863708
-0.6890891194343567 0.284606397151947 1.8493512868881226
0.9210301637649536 0.2845063805580139 0.25570812821388245
-1.075312614440918 0.2845063805580139 2.141206741333008
0.2769899368286133 0.2845063805580139 2.141206741333008
0.42098864912986755 0.284606397151947 1.1171401739120483
0.12930190563201904 0.28460633754730225 -1.2053991556167603
-2.115321397781372 0.7550209164619446 2.1412081718444824
-1.496171236038208 0.5795170068740845 -1.205298662185669
0.9211300015449524 0.2846064567565918 0.5552935600280762
-0.1879897117614746 0.284606397151947 1.5833312273025513
-1.9068739414215088 0.4537992775440216 2.1412081718444824
-0.5941279530525208 0.5190141201019287 -1.205298900604248
0.5233536958694458 0.28460633754730225 -1.2053992748260498
0.4130918085575104 0.284606397151947 1.8422017097473145
-0.5786363482475281 0.2890104353427887 2.1412081718444824
-0.4998664855957031 0.2845063805580139 2.141206741333008
0.48098224401474 0.4269086718559265 -1.2052992582321167
0.08540263772010803 0.284606397151947 0.7557398676872253
0.5988211035728455 0.284606397151947 -0.24037356674671173
0.17617958784103394 0.289667546749115 -1.2013983726501465
0.07979327440261841 0.284606397151947 0.29227370023727417
-1.2048397064208984 0.2845063805580139 2.141207695007324
-0.1537177860736847 0.284606397151947 1.8556946516036987
0.9210295677185059 0.2845063805580139 -0.05522195249795914
0.9210286140441895 0.2845063805580139 0.7881107926368713
0.12855800986289978 0.284606397151947 -0.8441742658615112
0.9210318326950073 0.2845063805580139 -0.48309817910194397
-1.7920939922332764 0.284606397151947 0.2660177946090698
-2.3863754272460938 0.2845063805580139 0.39924049377441406
0.9211300015449524 0.2846064567565918 -0.370546817779541
0.2290266901254654 0.284606397151947 -0.3920711278915405
0.6060466170310974 0.284606397151947 1.2510074377059937
0.9210300445556641 0.33428385853767395 2.141308307647705
-0.2711709439754486 0.284606397151947 -0.4980632960796356
-1.4770880937576294 0.284606397151947 -0.6271101236343384
-0.7566585540771484 0.284606397151947 -0.7870275378227234
0.0646500363945961 0.284606397151947 1.5610954761505127
0.006178911309689283 0.284606397151947 1.752854824066162
0.6519609093666077 0.284606397151947 -0.7134249806404114
0.921029269695282 0.2845063805580139 0.41569358110427856
-0.33329227566719055 0.284606397151947 -0.8619487285614014
-0.07477765530347824 0.284606397151947 -0.589245080947876
0.5654787421226501 0.284606397151947 -0.5327072739601135
-1.2642110586166382 0.284606397151947 -0.5879263281822205
-2.029491424560547 0.284606397151947 0.2502884864807129
-1.8625073432922363 0.284606397151947 0.8117132782936096
-1.0095698833465576 0.5472365021705627 2.1412081718444824
-2.0022268295288086 0.284606397151947 1.4809913635253906
0.6379258036613464 0.284606397151947 1.526403546333313
-2.3863744735717773 0.5280179977416992 -0.5489124059677124
-2.1758201122283936 0.284606397151947 -0.5820357799530029
0.9210300445556641 0.5022382736206055 1.2043428421020508
-0.038657981902360916 0.284606397151947 -0.39616939425468445
-1.788947582244873 0.284606397151947 1.4750442504882812
-2.386474370956421 0.2846064567565918 2.1412672996520996
-1.6550689935684204 0.284606397151947 0.9463651180267334
0.4921613335609436 0.30865487456321716 2.1335768699645996
0.7957950830459595 0.7945738434791565 2.1412081718444824
-2.383254289627075 0.8237040042877197 1.916101098060608
-2.3863744735717773 0.3847692906856537 0.852749764919281
-0.6987172961235046 0.284606397151947 -0.17031767964363098
-0.2577648162841797 0.2845063805580139 2.141206741333008
-1.864687442779541 0.284606397151947 -0.7193794846534729
-2.386474609375 0.4533228278160095 -1.2052984237670898
-1.6536942720413208 0.284606397151947 1.6702889204025269
-2.3863744735717773 0.6543195843696594 -0.3539336621761322
-2.3863744735717773 0.6026566028594971 -0.7653037309646606
-1.3614219427108765 0.284606397151947 1.261243462562561
-1.3027210235595703 0.284606397151947 1.0329723358154297
-2.1472511291503906 0.8931883573532104 -0.7874640226364136
-1.2597118616104126 0.45821720361709595 -1.205298662185669
-2.3863744735717773 0.47641488909721375 0.14811785519123077
-0.5200831890106201 0.718900740146637 -1.2035433053970337
-2.02626371383667 0.284606397151947 -0.36212944984436035
-1.8160884380340576 0.284606397151947 -0.2369091659784317
-2.3863744735717773 0.5628125071525574 1.0676149129867554
-1.8998218774795532 0.284606397151947 0.07394178211688995
-1.8530899286270142 0.284606397151947 -0.4649832844734192
-0.6641268134117126 0.284606397151947 1.621266484260559
0.4020007848739624 0.284606397151947 -0.6482667326927185
-1.4701430797576904 0.284606397151947 -0.42000648379325867
0.9191444516181946 0.6875321865081787 -1.2001497745513916
-1.6008543968200684 0.284606397151947 1.197041630744934
-1.8976614475250244 0.284606397151947 0.44211113452911377
0.4754576086997986 0.7416965961456299 -1.1845932006835938
-0.06558354198932648 0.284606397151947 -0.012006310746073723
0.20484931766986847 0.2846064567565918 2.141308307647705
0.9210309982299805 0.2845063805580139 0.9910554885864258
0.38014039397239685 0.284606397151947 0.7166895866394043
-2.0944759845733643 0.9002935886383057 -1.0397511720657349
-0.998542845249176 0.673762857913971 -1.2052987813949585
-0.9844970703125 0.2845063805580139 2.141207695007324
-0.887887716293335 0.284606397151947 -0.6300294399261475
-1.1786338090896606 0.284606397151947 1.643182635307312
-2.3863744735717773 0.5448891520500183 -0.10790381580591202
0.9211299419403076 0.40711545944213867 -1.2052991390228271
-1.6241422891616821 0.7724159955978394 2.1412081718444824
-0.9138997793197632 0.284606397151947 1.128663182258606
-2.3521523475646973 0.5892919301986694 2.1412081718444824
-1.62259840965271 0.284606397151947 -0.20461542904376984
0.9211301207542419 0.4912087023258209 2.141207695007324
-1.3732492923736572 0.284606397151947 1.6534537076950073
0.19134245812892914 0.284606397151947 0.5551511645317078
-0.7777208685874939 0.284606397151947 0.72067791223526
-2.3698997497558594 0.7811177968978882 -0.8483322262763977
-0.8217580318450928 0.284606397151947 1.5001710653305054
-2.3585519790649414 0.7118223309516907 -1.1981438398361206
-2.3863754272460938 0.4637712240219116 2.141308307647705
-2.11777400970459 0.8609158396720886 1.7878462076187134
-2.2852842807769775 0.8324538469314575 2.126943588256836
-0.4343460202217102 0.5909446477890015 2.1412081718444824
-0.012613961473107338 0.6943888664245605 -1.1987009048461914
0.9210300445556641 0.6033386588096619 1.0147260427474976
-2.3863744735717773 0.48518338799476624 0.43241778016090393
0.9211301207542419 0.6236960887908936 2.1412084102630615
0.6436648964881897 0.7572647929191589 -1.1923937797546387
-0.1902332901954651 0.2961268424987793 2.138958692550659
0.9210300445556641 0.5945737361907959 1.727645993232727
0.9211300015449524 0.2846064567565918 0.34662485122680664
0.9207409620285034 0.29045000672340393 -0.1613118052482605
-2.382669687271118 0.7932481169700623 -0.01798471249639988
-0.5847892761230469 0.284606397151947 0.2762114107608795
-1.7243794202804565 0.7942975163459778 -1.2003651857376099
-2.3756279945373535 0.760576069355011 -0.5944056510925293
-1.053769826889038 0.284606397151947 1.3359942436218262
-1.2606254816055298 0.284606397151947 -0.38498181104660034
-2.3863744735717773 0.5196982026100159 1.5275509357452393
-0.004185523837804794 0.284606397151947 -0.20814509689807892
0.39414817094802856 0.284606397151947 -0.1488470435142517
0.19712573289871216 0.284606397151947 1.8136399984359741
-0.49627143144607544 0.284606397151947 -0.4124419093132019
-1.7072420120239258 0.284606397151947 0.023906242102384567
0.9154031872749329 0.7829077243804932 1.887632131576538
-0.8347090482711792 0.6718335151672363 -1.2020034790039062
0.9210300445556641 0.531497061252594 0.7717424035072327
-1.4665985107421875 0.284606397151947 1.0603516101837158
-1.8514841794967651 0.7251381278038025 2.1412081718444824
-2.3795604705810547 0.7844976782798767 0.7957490682601929
-1.359775185585022 0.5126257538795471 2.1412081718444824
-2.375530242919922 0.7812354564666748 -0.21370799839496613
-1.253661870956421 0.284606397151947 1.419662356376648
-1.9500954151153564 0.7725847959518433 -1.2052985429763794
-0.7346680164337158 0.6691582202911377 2.1412081718444824
-0.4415211081504822 0.284606397151947 1.4302634000778198
-0.19680370390415192 0.284606397151947 0.16713014245033264
0.600281298160553 0.7784000039100647 2.1386616230010986
0.7704986333847046 0.9071289300918579 -1.0474576950073242
0.9107838869094849 0.8037272691726685 -0.8951448798179626
0.9210299849510193 0.7325872182846069 -0.3126446008682251
0.9112175703048706 0.7874816060066223 1.707216739654541
-2.3564069271087646 0.7981830835342407 0.3309288024902344
0.9147512912750244 0.7914554476737976 -0.5067342519760132
0.9174879789352417 0.7861344218254089 1.5127284526824951
0.9210299849510193 0.5700857639312744 0.15622596442699432
-1.112137794494629 0.284606397151947 -0.23909799754619598
0.3303462266921997 0.284606397151947 0.08177418261766434
-2.3799872398376465 0.8052312731742859 1.7064635753631592
0.6430880427360535 0.284606397151947 1.0636582374572754
0.11307214945554733 0.284606397151947 1.2458845376968384
0.4449039399623871 0.601582407951355 2.1412081718444824
0.9049087166786194 0.79422926902771 -0.6856129169464111
-1.9649956226348877 0.8348498940467834 2.106344699859619
-1.2426176071166992 0.7389793992042542 2.1412081718444824
0.9116610884666443 0.7362085580825806 2.128812789916992
-0.26383984088897705 0.749839723110199 2.406500816345215
-1.6853364706039429 0.284606397151947 0.47873157262802124
0.4705599546432495 0.284606397151947 1.6490528583526611
0.9093984365463257 0.8061399459838867 1.1022653579711914
0.9180149435997009 0.7159519791603088 0.34715476632118225
0.7679614424705505 0.9472094774246216 1.5947362184524536
-1.7188339233398438 0.8640821576118469 2.049651622772217
-2.379854202270508 0.758723258972168 1.4927016496658325
-1.1248621940612793 0.284606397151947 1.098013162612915
-0.7700722217559814 0.284606397151947 1.3230732679367065
-2.368894100189209 0.771327793598175 1.2083722352981567
-2.3355894088745117 0.84980708360672 1.4476710557937622
-2.2507145404815674 0.9018473029136658 -0.5714828968048096
-1.004207730293274 0.3018457889556885 1.827210545539856
0.11608782410621643 0.5554423928260803 2.1412081718444824
-0.6582911610603333 0.284606397151947 -0.6097509860992432
-1.600071907043457 0.284606397151947 1.384215235710144
-2.3769609928131104 0.7916377782821655 0.99070805311203
-1.600318431854248 0.284606397151947 0.25339069962501526
-1.422674536705017 0.7803046703338623 2.128024101257324
-0.3005678951740265 0.284606397151947 1.7335894107818604
-0.84991854429245 0.749839723110199 2.331099271774292
-1.2102465629577637 0.284606397151947 0.4171906113624573
-1.0670515298843384 0.284606397151947 -0.7623739838600159
-0.858340322971344 0.892777681350708 1.7099812030792236
-0.3509925305843353 0.284606397151947 1.2262545824050903
-0.3555292785167694 0.7244987487792969 -1.1781150102615356
-1.1435809135437012 0.7600632905960083 -1.1970874071121216
-2.0952248573303223 0.8487359285354614 1.2739945650100708
-1.8919497728347778 0.9449257254600525 -0.9769507050514221
-1.974886178970337 0.8456080555915833 1.5177634954452515
0.6138292551040649 0.284606397151947 0.7092876434326172
0.014344846829771996 0.768995463848114 2.1375956535339355
0.07380472123622894 0.284606397151947 -0.6441190242767334
-0.041246868669986725 0.7937520146369934 2.3435001373291016
0.2572786808013916 0.7412878274917603 -1.1905361413955688
-2.0667388439178467 0.8826010823249817 0.5441433787345886
0.9210299849510193 0.637010931968689 -0.11660528182983398
0.4580400884151459 0.6006649732589722 1.623370885848999
-1.8399173021316528 0.5786555409431458 0.3051452040672302
-1.3182588815689087 0.7667728662490845 -1.193920373916626
0.5864037871360779 0.284606397151947 0.260619580745697
-0.18349124491214752 0.6285884976387024 -1.199698805809021
-0.5901667475700378 0.7746825218200684 2.348118305206299
0.9210299849510193 0.5662910342216492 0.4690788686275482
-1.877259612083435 0.577739953994751 1.5739967823028564
-0.9506961107254028 0.284606397151947 0.3657364249229431
-1.7447751760482788 0.5905537009239197 -0.07676126062870026
-1.4092512130737305 0.8888990879058838 1.910069227218628
0.3129989504814148 0.284606397151947 1.2745994329452515
0.45243263244628906 0.9117690324783325 -0.9631959199905396
-1.2329432964324951 0.9550734758377075 -0.35454803705215454
-1.503840684890747 0.284606397151947 0.5792295932769775
-1.6717828512191772 0.284606397151947 0.7093617916107178
-1.4843699932098389 0.284606397151947 -0.016190797090530396
-1.0912349224090576 0.8202821612358093 2.1411025524139404
-1.4764856100082397 0.284606397151947 0.8245845437049866
-1.5607020854949951 0.8393294215202332 1.7553746700286865
-2.1774041652679443 0.8925022482872009 0.0049077230505645275
0.44246575236320496 0.284606397151947 -0.3619282841682434
-1.4111089706420898 0.284606397151947 0.19712591171264648
-1.9938080310821533 0.8837298154830933 -0.5187165141105652
0.27232640981674194 0.8781639933586121 -1.1543101072311401
-1.6283165216445923 0.5333989858627319 2.1412081718444824
0.9007138609886169 0.7553508281707764 0.09405999630689621
0.9017403721809387 0.8315424919128418 -0.09750676900148392
-1.4948457479476929 0.29273679852485657 1.518738031387329
-1.8875621557235718 0.3131127953529358 0.985481858253479
0.4721931219100952 0.284606397151947 1.414005160331726
-2.2596328258514404 0.9089603424072266 0.6713446378707886
-0.8594012260437012 0.8802503943443298 2.153245687484741
-0.4983752965927124 0.8963152170181274 2.1278321743011475
-0.46175727248191833 0.284606397151947 0.8911604285240173
0.3637464940547943 0.284606397151947 0.45040762424468994
-1.8709954023361206 0.6084764003753662 -0.3048912286758423
-1.5102455615997314 0.8069491982460022 -1.200695514678955
-2.3207006454467773 0.9058834910392761 -0.3187143802642822
-1.1860949993133545 0.8504679203033447 1.9177172183990479
-2.3601908683776855 0.7585092782974243 0.1712108850479126
-1.099730134010315 0.284606397151947 0.23547214269638062
-1.1003135442733765 0.9555888175964355 -1.0436550378799438
-0.9975914359092712 0.284606397151947 0.6586183905601501
-0.056755732744932175 0.5551156997680664 1.7874906063079834
-2.2171506881713867 0.8959088921546936 1.033907413482666
-1.31252121925354 0.284606397151947 0.740344226360321
-1.8873088359832764 0.6007624268531799 0.7173835039138794
0.2869936227798462 0.32798758149147034 1.6542171239852905
0.2741357982158661 1.0054126977920532 -0.386157363653183
-1.175127387046814 0.284606397151947 0.8501327633857727
-1.0537707805633545 0.47005215287208557 1.4651820659637451
-0.4793007969856262 0.284606397151947 1.62376070022583
-1.9201000928878784 0.6614852547645569 -0.716263473033905
-1.7356908321380615 0.9030562043190002 -0.8984301090240479
-0.5211192965507507 0.9433681964874268 1.9268338680267334
-0.36803582310676575 0.749839723110199 2.4354305267333984
-1.034462809562683 0.729354739189148 1.7681901454925537
-1.90476393699646 0.829077422618866 1.1527793407440186
-1.3599711656570435 0.5485778450965881 1.5974831581115723
-1.415488600730896 0.284606397151947 0.3923882842063904
0.3914055824279785 0.79107666015625 2.1286184787750244
-0.24123364686965942 0.8855901956558228 2.131842613220215
0.5960723757743835 0.8896664381027222 1.964644432067871
0.34579160809516907 0.284606397151947 0.9228826761245728
-1.1832853555679321 0.284606397151947 -0.08089270442724228
0.2810449004173279 0.8239282965660095 1.9192832708358765
-0.44112148880958557 0.284606397151947 -0.22674737870693207
0.5548670887947083 0.284606397151947 0.9020600318908691
0.9142618775367737 0.7410613298416138 1.2949230670928955
-0.8138282895088196 0.82069993019104 1.8984888792037964
-1.8546375036239624 0.9044238328933716 1.3631137609481812
0.38820216059684753 0.8969151377677917 1.7012481689453125
-0.08001501858234406 0.284606397151947 1.444939374923706
-0.24981848895549774 0.7731821537017822 1.8441393375396729
-0.18787804245948792 0.8799310326576233 -1.2021645307540894
0.9120977520942688 0.9991387724876404 1.3614639043807983
0.9210299849510193 0.7270939946174622 0.6272130012512207
0.6036896109580994 0.8882401585578918 1.7804722785949707
0.8999874591827393 0.8657378554344177 0.24712912738323212
-1.9931341409683228 0.8638860583305359 0.17678199708461761
-0.08158392459154129 0.284606397151947 1.2061221599578857
0.9160418510437012 0.7623827457427979 0.8572884798049927
0.06974688172340393 0.8934823870658875 -1.0354156494140625
-1.3330074548721313 0.6812031269073486 -0.7289761900901794
0.7084953784942627 0.9437697529792786 -0.7987310886383057
-0.045452941209077835 0.9371106028556824 1.9837779998779297
0.6886518597602844 0.9523903131484985 -0.12457936257123947
-1.918727159500122 0.841627836227417 1.7600605487823486
0.8772628307342529 0.8749179244041443 0.5615783929824829
-2.070314645767212 0.9144377112388611 -0.2418774962425232
-1.5891129970550537 0.9064756035804749 -0.6203934550285339
0.8862587809562683 0.9830309152603149 0.8810364007949829
0.5429539084434509 1.0490623712539673 1.5328203439712524
0.4956032931804657 0.5712831616401672 1.3425201177597046
-1.3532676696777344 0.953123927116394 -1.045153021812439
-0.6812081933021545 0.7876477837562561 -1.1875190734863281
-2.1970419883728027 0.8983718752861023 0.29075562953948975
0.3351014256477356 0.5615028738975525 -0.7544247508049011
-0.1485670953989029 0.8317928910255432 -0.8655612468719482
-1.5485081672668457 0.9086307287216187 -0.9153818488121033
-1.9235981702804565 0.9920968413352966 0.4263104200363159
-1.7438124418258667 0.8498228192329407 1.7342623472213745
-1.2437074184417725 0.317891925573349 0.6020048260688782
-1.773544430732727 0.7373151183128357 -0.63028484582901
-1.409432291984558 0.6023799180984497 -0.26593196392059326
0.17563095688819885 0.284606397151947 1.0399236679077148
-0.5825459957122803 0.284606397151947 1.2033268213272095
0.8742607235908508 1.064473271369934 1.0935873985290527
0.10002381354570389 0.7854800820350647 1.7703649997711182
-1.2508761882781982 0.284606397151947 0.0923687219619751
0.9017719626426697 0.9364825487136841 -0.3692910373210907
-1.9105455875396729 0.9453974366188049 -0.14762671291828156
-0.24914765357971191 0.284606397151947 0.5420436859130859
-1.262885332107544 0.985173761844635 -0.6383491158485413
-0.9946320652961731 0.3193129599094391 0.037729840725660324
-2.0172014236450195 0.8582242131233215 0.9362779855728149
0.599753201007843 0.9466293454170227 -0.6427252292633057
-1.0700172185897827 0.284606397151947 -0.5401027202606201
-0.8456475138664246 0.9155529737472534 -1.1308422088623047
-1.527988314628601 0.9062458872795105 0.1547141969203949
-1.7664304971694946 0.886323094367981 -0.43416428565979004
0.200283944606781 0.284606397151947 -0.19632704555988312
-1.7018719911575317 0.9855700731277466 -0.19063784182071686
-0.45349523425102234 0.7069557905197144 -0.8537066578865051
-0.41831475496292114 0.9768564701080322 -0.9819495677947998
-0.50654536485672 0.4000277519226074 1.5283880233764648
-1.4976261854171753 0.6114954948425293 -0.6145161390304565
0.4896867573261261 1.0494961738586426 1.3066459894180298
-1.1493538618087769 0.7647252082824707 -0.7849538922309875
-0.6965446472167969 0.284606397151947 0.52045738697052
0.5258665084838867 0.8321836590766907 0.9116806387901306
-1.8164396286010742 0.9073699116706848 0.1314438432455063
0.3613014221191406 0.284606397151947 0.2486700862646103
0.3066009283065796 0.8683285713195801 -0.7789871096611023
-0.2539629638195038 0.29732078313827515 -0.27339252829551697
0.642949104309082 1.0617363452911377 -0.43641772866249084
-1.4025161266326904 0.284606397151947 -0.19408224523067474
0.723382830619812 1.010904312133789 0.6448015570640564
-0.013518285006284714 0.9809038043022156 1.5805137157440186
0.670505166053772 0.9978878498077393 0.36736640334129333
-0.9159155488014221 0.284606397151947 -0.38889607787132263
0.5281539559364319 0.5145972967147827 -0.06274339556694031
-0.19871295988559723 0.2966567277908325 -0.7620387077331543
-1.7043819427490234 1.0029373168945312 0.9209403991699219
-1.5259425640106201 1.0086376667022705 -0.45215582847595215
0.23614844679832458 1.0491036176681519 1.725870966911316
-0.7477396726608276 0.284606397151947 0.9596903324127197
-0.09422354400157928 1.0257811546325684 1.7385634183883667
-0.6659625172615051 0.9980799555778503 -0.7955365180969238
0.434635192155838 0.6191543340682983 -0.5768641233444214
0.6346083879470825 1.0093865394592285 1.1383010149002075
0.6786893606185913 1.0216459035873413 0.08601471781730652
0.48165595531463623 0.8313376903533936 1.1920427083969116
0.24204695224761963 0.3127990961074829 -0.5779481530189514
-0.7222521901130676 0.30596572160720825 -0.4020579159259796
-0.8412123918533325 0.7528104186058044 -0.8691655397415161
0.09599549323320389 0.8411161303520203 -0.4378539025783539
-1.4890360832214355 0.9438342452049255 -0.14237037301063538
-0.8345975875854492 0.284606397151947 0.0826716423034668
-0.8845705986022949 0.291888028383255 -0.15751111507415771
-0.9999999403953552 0.750405490398407 -0.6519396901130676
0.2753670811653137 0.9830796718597412 1.4191570281982422
-0.36817842721939087 0.9501318335533142 1.7092019319534302
-0.5289193391799927 0.284606397151947 0.03687624633312225
-1.2415226697921753 0.730654239654541 0.8344693779945374
0.5201559662818909 0.9692328572273254 0.6280952095985413
-0.06003415212035179 0.3038499057292938 0.548603355884552
-0.3138895034790039 0.35971197485923767 -0.040934883058071136
0.22462476789951324 0.5632562637329102 1.4007781744003296
-0.6671040058135986 0.7469196915626526 -0.6547738909721375
-0.04438495635986328 0.6060625314712524 1.6202645301818848
-0.5205592513084412 0.49068766832351685 -0.605912446975708
-1.8821120262145996 0.9129264950752258 0.770366370677948
-1.332493782043457 0.9847442507743835 1.3024152517318726
-1.720317006111145 0.6221258640289307 1.0420862436294556
-1.732679009437561 0.8254724144935608 0.5140025019645691
-1.25909423828125 0.8949524164199829 1.6452754735946655
-0.14687955379486084 0.5738328695297241 -0.6575254797935486
-1.6555246114730835 1.0737909078598022 1.1532018184661865
-0.9943088293075562 0.3000037670135498 0.8779184222221375
-0.9700881838798523 0.9525830745697021 -0.5914233922958374
-1.4022114276885986 0.6442157626152039 1.2603837251663208
-0.10576993227005005 0.5387771129608154 -0.2981560230255127
0.00688537722453475 1.0575603246688843 -0.8290248513221741
-1.0247478485107422 0.6710190176963806 -0.24506224691867828
-1.4836742877960205 0.899529755115509 1.5896658897399902
-0.5516883134841919 0.8732656240463257 1.7510552406311035
-1.5929220914840698 0.9655513763427734 0.3568307161331177
0.4079330563545227 0.3597119450569153 0.37637564539909363
0.43926987051963806 1.0633549690246582 -0.11525926738977432
-0.38672614097595215 0.9769200086593628 -0.6969510912895203
-1.4569109678268433 0.6974303126335144 1.0113770961761475
-1.5479170083999634 0.6454523801803589 0.07636488974094391
-0.9966832995414734 0.9443702697753906 1.581945538520813
-1.0849019289016724 0.6609820127487183 1.3695393800735474
0.6394667625427246 0.6768134236335754 0.5967303514480591
0.39140740036964417 0.8559353947639465 -0.37407389283180237
-1.2141177654266357 0.5072298049926758 0.44540703296661377
-1.598254919052124 1.0556522607803345 1.3734955787658691
-0.007800000719726086 0.9623693823814392 -0.5879824757575989
-0.3173467218875885 0.44303953647613525 0.25320276618003845
0.5181666016578674 0.8800185322761536 0.19605951011180878
-1.1899176836013794 0.9433621168136597 1.4531933069229126
-0.6768186688423157 0.5605419874191284 1.7285116910934448
-0.007899857126176357 0.42025238275527954 0.9436037540435791
-1.576987862586975 0.8476835489273071 0.7909999489784241
-1.1067394018173218 0.7027557492256165 0.3019413650035858
0.3286004960536957 0.5732767581939697 -0.17840507626533508
-1.0687029361724854 0.4751405715942383 1.1493805646896362
-1.6665118932724 0.7417910099029541 1.4106234312057495
-0.4792823791503906 0.47108617424964905 0.7510951161384583
-1.387161374092102 0.6824358105659485 0.7218437790870667
0.2102944701910019 0.3954574763774872 -0.023487020283937454
0.46153825521469116 0.6204805970191956 1.1491652727127075
0.2728749215602875 0.7423986792564392 1.3728984594345093
-0.6978447437286377 0.77013099193573 1.6254723072052002
0.2711784243583679 0.5388362407684326 0.12192817032337189
-0.9254041314125061 0.6164039373397827 0.034536805003881454
-1.1743011474609375 0.763778567314148 -0.0974033772945404
-0.33989250659942627 0.5547230243682861 1.6047991514205933
-0.8738104701042175 0.37308064103126526 0.37628453969955444
-1.5137674808502197 0.9551510810852051 0.6109797954559326
0.2864530086517334 0.82281494140625 -0.11804838478565216
-0.19543518126010895 0.7502545714378357 -0.34148070216178894
-0.738440990447998 0.7298595905303955 -0.0862632691860199
-0.7565768361091614 0.8769738674163818 -0.437770813703537
0.5015511512756348 0.7067557573318481 0.38377031683921814
-0.6245837807655334 0.556342363357544 -0.26041680574417114
-1.1802359819412231 0.8093288540840149 1.2530919313430786
-1.473451852798462 0.6637341976165771 0.36781153082847595
-1.3749219179153442 0.9305868148803711 0.9810675382614136
-0.522136926651001 0.807384192943573 -0.44094088673591614
-0.011294928379356861 0.7112461924552917 -0.18418949842453003
0.5681792497634888 0.6276648044586182 0.8181883096694946
-1.0142173767089844 0.33273398876190186 1.5990740060806274
-0.2650285065174103 0.8808635473251343 -0.5518223643302917
0.13438574969768524 0.5289915204048157 0.8007067441940308
0.3607023358345032 0.7943230867385864 0.09037195146083832
-1.3111854791641235 0.8562079071998596 -0.07780415564775467
-0.39914193749427795 0.36901339888572693 0.5637229681015015
-0.6295610666275024 0.4176725149154663 1.0230655670166016
-1.2814806699752808 0.856033444404602 0.6506351232528687
-1.2899231910705566 0.7915606498718262 0.288353830575943
-1.0589985847473145 0.7510077953338623 -0.411510169506073
-0.8024435043334961 0.7599884867668152 -0.2309742122888565
-1.1332834959030151 0.8028084635734558 0.1273230016231537
-0.0033031702041625977 0.3653859496116638 0.5459545850753784
-0.5478037595748901 0.6194896101951599 0.030018895864486694
0.06646616756916046 0.6050398349761963 0.26636362075805664
-0.1605948954820633 0.3575047254562378 1.2525005340576172
-0.046499136835336685 0.4176953434944153 0.8553682565689087
-0.20498305559158325 0.44962528347969055 0.3003343343734741
-0.41737303137779236 0.6333937644958496 -0.2074255496263504
0.4660322964191437 0.513863205909729 0.7358698844909668
-0.7305993437767029 0.4922972023487091 0.28990551829338074
-0.2837543189525604 0.29172182083129883 0.7093020677566528
-0.28854554891586304 0.5157489776611328 1.1746426820755005
-0.050996050238609314 0.34825998544692993 0.12187319993972778
-0.5308749079704285 0.6599125266075134 1.3440321683883667
-0.4838258922100067 0.40001940727233887 0.16836658120155334
-0.6310631632804871 0.48363375663757324 1.077974557876587
-0.10419891774654388 0.5106202960014343 0.9387974739074707
-0.3965628147125244 0.437709242105484 0.8432006239891052
-1.0261006355285645 0.6896893978118896 0.9213349223136902
-0.275494784116745 0.6687736511230469 0.01557885855436325
0.12957051396369934 0.6793745160102844 1.034327507019043
-0.8321698307991028 0.6499801278114319 1.2551956176757812
-0.06570431590080261 0.6194483637809753 1.2180246114730835
-0.38194772601127625 0.7633683681488037 1.4000446796417236
-0.6152703762054443 0.2941220998764038 0.6230031251907349
-0.523781955242157 0.5046849250793457 0.4135551452636719
-0.8367138504981995 0.7219811677932739 0.29170212149620056
-0.8493224382400513 0.47841036319732666 0.7540482878684998
-0.6709925532341003 0.7623826265335083 0.9786914587020874
-0.5715804100036621 0.7245243191719055 0.20225270092487335
0.00341944582760334 0.7245224714279175 0.1177670806646347
0.2212621569633484 0.6967536211013794 0.43531516194343567
-0.7275095582008362 0.7860044240951538 1.2927137613296509
-0.48303481936454773 0.6993427872657776 0.6002336144447327
0.29906564950942993 0.6740644574165344 0.6780231595039368
0.22240029275417328 0.7769312262535095 0.8298649787902832
0.06362491101026535 0.7747798562049866 0.3536222279071808
-0.9668422341346741 0.6503214240074158 0.517806887626648
-0.9084423184394836 0.7832909822463989 1.0009762048721313
-0.49089735746383667 2.3157060146331787 0.2851332128047943
-0.18214726448059082 0.782347559928894 0.6351017951965332
0.0822686105966568 2.3201708793640137 0.7146216034889221
-0.052314624190330505 0.7861087322235107 1.241715431213379
0.039345383644104004 0.8117932081222534 1.0102031230926514
-0.14218486845493317 2.2949647903442383 0.3595758378505707
-0.43185335397720337 0.7341557145118713 0.7831809520721436
-0.24860705435276031 0.7280639410018921 0.18927013874053955
0.010550830513238907 2.331123113632202 0.4969369173049927
-0.29453298449516296 0.8239591717720032 1.2760004997253418
-0.4427259862422943 0.7896040081977844 1.0776077508926392
-0.25416040420532227 0.7446589469909668 0.42696413397789
0.10739635676145554 0.796707808971405 0.6304484009742737
-0.697731077671051 0.7275571823120117 0.5488386750221252
-0.12430351972579956 0.8091449737548828 0.9092011451721191
-0.4099171757698059 2.0390725135803223 0.6757805943489075
-0.32057297229766846 2.1936700344085693 0.37371817231178284
-0.9175168871879578 0.7687665224075317 0.6875543594360352
-0.6718011498451233 2.2860870361328125 0.4225316345691681
-0.600824773311615 2.241554021835327 0.9627221822738647
-0.6078935265541077 2.133985996246338 0.7838993668556213
-0.5798448920249939 2.1032238006591797 0.5766981244087219
-0.3799137771129608 2.1246681213378906 0.9241465926170349
-0.7525513172149658 2.246086597442627 0.6797838807106018
-0.416131854057312 2.298447608947754 1.0889880657196045
0.16475331783294678 2.6542601585388184 0.7291378378868103
-0.48798179626464844 2.528648853302002 0.259097695350647
-0.2538411617279053 2.068772792816162 0.672500491142273
-0.5885317921638489 2.5021586418151855 1.0537972450256348
-0.08465277403593063 2.163057565689087 0.6741856336593628
-0.4064464271068573 2.132232904434204 0.4748360812664032
-0.5453767776489258 2.786175489425659 0.7083005309104919
0.14672228693962097 2.5409436225891113 0.8841414451599121
-0.25289487838745117 2.520279884338379 1.1446216106414795
-0.1632315069437027 2.1375491619110107 0.856480598449707
-0.04221095144748688 2.5724875926971436 0.41258299350738525
0.023543158546090126 2.3444526195526123 0.9395840764045715
-0.28266146779060364 2.6189887523651123 0.3585521876811981
-0.029190294444561005 2.726017951965332 0.5101135969161987
-0.7905539274215698 2.4323158264160156 0.5736281275749207
-0.177352637052536 2.2500205039978027 1.032203197479248
-0.018002590164542198 2.523472309112549 1.086725115776062
-0.5889342427253723 2.6925854682922363 0.9376301169395447
-0.23411670327186584 4.4582061767578125 -0.014242070727050304
-0.7606865167617798 2.458664655685425 0.8419774770736694
-0.668846845626831 4.404243469238281 0.3878633379936218
-0.31371748447418213 2.742652654647827 0.9999889135360718
-0.6754821538925171 2.645663022994995 0.4532020688056946
-0.047459885478019714 2.9564051628112793 0.5151050090789795
-0.4006147086620331 3.0622916221618652 0.8258825540542603
-0.5842897891998291 2.8728365898132324 0.6102646589279175
-0.025905253365635872 2.8262252807617188 1.0130326747894287
0.14277079701423645 2.905930519104004 0.648230791091919
-0.4228194057941437 4.291207313537598 0.12346215546131134
0.16780619323253632 2.798692226409912 0.8834744095802307
-0.3897310197353363 4.271699905395508 0.3554314970970154
-0.14654581248760223 4.351844310760498 0.20014356076717377
-0.3262269198894501 2.905651330947876 0.46228286623954773
-0.20282243192195892 2.9940171241760254 0.8744377493858337
-0.2750896215438843 4.292068004608154 0.17805741727352142
-0.4728183448314667 4.358606338500977 0.6159409880638123
-0.5170060396194458 4.489526271820068 0.7221320867538452
-0.5533562898635864 4.368098258972168 0.12035518139600754
-0.37136951088905334 3.143298387527466 0.6367260813713074
-0.2576870024204254 4.5007829666137695 0.7783703804016113
-0.755512535572052 4.542047500610352 0.35059061646461487
-0.017971791326999664 4.71200704574585 0.3518451750278473
-0.4203183054924011 4.619568347930908 -0.08424519002437592
-0.05349244922399521 5.320092678070068 0.846545398235321
-0.24641664326190948 4.341856479644775 0.5188516974449158
-0.5906472206115723 4.542853832244873 0.007580241188406944
-0.05100484937429428 4.4329447746276855 0.2922348380088806
0.2447318732738495 5.549197673797607 0.8708581328392029
-0.689049482345581 4.844287395477295 0.1567348688840866
-0.5763343572616577 4.656231880187988 0.7450233101844788
-0.5494239330291748 4.319223880767822 0.4520971477031708
-0.7380476593971252 4.682099342346191 0.18691100180149078
-0.220137357711792 4.728693008422852 -0.07360076904296875
-0.04459235444664955 4.494982719421387 0.4974729120731354
-0.010049959644675255 5.359668254852295 0.7545737624168396
-0.5887268781661987 4.976434230804443 0.5440194606781006
0.05630187690258026 5.520666122436523 0.6470875144004822
-0.02549716830253601 4.730746746063232 0.1322036236524582
0.15639515221118927 5.451497554779053 0.9649481177330017
0.031381893903017044 5.439362525939941 1.0643794536590576
-0.13035796582698822 4.588629245758057 0.7015309929847717
-1.4983566999435425 5.239985466003418 1.17046058177948
-0.7006182670593262 4.768457412719727 0.5654228925704956
-0.2321750372648239 5.497055530548096 0.8110952377319336
-0.42803841829299927 5.06756591796875 0.09867741912603378
-0.2618577778339386 4.9138617515563965 0.009490435011684895
-0.42004457116127014 4.9983720779418945 0.6639108657836914
-0.27688470482826233 4.809296131134033 0.8192381262779236
-1.5142929553985596 5.287160873413086 1.1341933012008667
0.12940910458564758 5.710163116455078 0.6076365113258362
-0.2581922709941864 6.068243503570557 0.3386441767215729
-0.515801191329956 5.03563928604126 0.2805880606174469
-0.14106182754039764 5.630167007446289 1.108502984046936
-0.22195793688297272 5.021046161651611 0.27555787563323975
-0.38355880975723267 5.5426530838012695 0.3735924959182739
-0.39620712399482727 5.970676898956299 0.24345846474170685
0.15135502815246582 5.667446613311768 1.1353226900100708
-0.39329856634140015 5.94263219833374 0.30055949091911316
-0.15993039309978485 4.959845066070557 0.5035033226013184
-0.2725297212600708 6.530060768127441 0.12345364689826965
0.26258930563926697 5.810164928436279 0.9138380289077759
-0.35994067788124084 6.094840049743652 0.0917435735464096
-0.6194271445274353 6.076710224151611 0.3662143051624298
-0.49104997515678406 6.140925884246826 0.5004210472106934
-0.16265729069709778 5.438422203063965 0.9937460422515869
0.02643229253590107 5.828941345214844 1.1495418548583984
-0.6154587864875793 6.224085807800293 0.09610381722450256
0.1076478362083435 5.997377872467041 0.9590401649475098
-0.6610562801361084 6.099731922149658 0.21703237295150757
-0.2284138798713684 6.250715255737305 0.11473309993743896
-0.29265159368515015 6.506943702697754 0.3784806728363037
-0.16316644847393036 4.806303024291992 0.7682708501815796
-0.42934417724609375 6.3865509033203125 0.010947467759251595
0.034283898770809174 7.8294758796691895 0.034682754427194595
0.17589889466762543 7.7250261306762695 0.45678165555000305
-0.42723530530929565 6.692928791046143 0.36089032888412476
-0.6367181539535522 6.504330635070801 0.15158890187740326
-0.03278116136789322 5.746354579925537 0.5596106052398682
-0.185100719332695 5.91046142578125 0.7747694253921509
-0.6526960730552673 7.32108211517334 0.3528499901294708
-0.38196873664855957 6.342597961425781 0.5499865412712097
-0.618732750415802 6.6517558097839355 0.3922324478626251
-0.5944041013717651 6.707643032073975 0.22404499351978302
-0.6365812420845032 7.10574197769165 0.32040688395500183
-0.22096578776836395 5.784540176391602 0.8331696391105652
0.25445955991744995 7.707942485809326 0.3240757882595062
0.011017998680472374 7.679106712341309 0.09184249490499496
-0.6434245705604553 6.327341079711914 0.4898853302001953
0.2252950221300125 7.747664928436279 0.1467745006084442
-0.21475906670093536 7.641007423400879 0.3524666726589203
-0.6403350830078125 7.579127788543701 0.5122677683830261
-0.6810160875320435 7.426527500152588 0.44649919867515564
-0.31582018733024597 7.604897499084473 0.2477128505706787
-0.046950895339250565 7.611056327819824 0.19397161900997162
-0.6803149580955505 7.501723289489746 0.2416982352733612
-0.6362242102622986 8.027673721313477 -0.11291607469320297
-0.12164095789194107 8.004782676696777 0.415310800075531
-0.7428847551345825 7.904677867889404 0.011254657991230488
-0.5081538558006287 8.118181228637695 0.3508972227573395
0.038921281695365906 7.590478420257568 0.274996280670166
-0.7925652861595154 7.704111099243164 0.48682573437690735
0.3098345398902893 7.959352493286133 0.28224456310272217
-0.7846189737319946 7.585366725921631 0.23200799524784088
-0.8163259625434875 7.908360481262207 0.3168712854385376
0.19724741578102112 8.106231689453125 0.13300390541553497
0.15446718037128448 8.224824905395508 0.23454393446445465
-0.0010903375223279 7.859769821166992 0.5952482223510742
-0.45220354199409485 8.08902645111084 0.17006422579288483
-0.08664347231388092 7.981750011444092 0.5843991041183472
-0.41422566771507263 7.749274730682373 0.16571234166622162
-0.5110769867897034 7.75034761428833 0.5857107043266296
-0.6090595126152039 7.945809364318848 -0.03295645862817764
-0.13360492885112762 8.313034057617188 0.43117403984069824
-0.6754443049430847 7.644999027252197 0.09624450653791428
0.08718579262495041 8.184090614318848 0.6575770378112793
-1.064877986907959 9.682202339172363 0.7546453475952148
-0.05622922629117966 8.610390663146973 0.7674816250801086
-0.8702859878540039 8.128832817077637 0.06457294523715973
-0.18529044091701508 8.558242797851562 0.6700294613838196
-0.8070077896118164 8.270930290222168 -0.08604884147644043
-0.7162207961082458 8.291547775268555 -0.13552790880203247
-0.1855771839618683 8.777494430541992 0.6308867335319519
0.10517237335443497 8.548172950744629 0.489432156085968
-0.611985981464386 8.326956748962402 0.16088488698005676
0.12194450199604034 8.838764190673828 0.6070236563682556
0.19070079922676086 8.569522857666016 0.6164876222610474
-0.7360438108444214 8.570244789123535 0.03412266820669174
-0.1569673866033554 8.904450416564941 0.7228073477745056
-0.5871413350105286 9.642861366271973 -0.08092328906059265
-0.8702265620231628 8.293383598327637 0.1955014318227768
0.10826423019170761 8.464296340942383 0.6207448244094849
-0.7899180054664612 9.217368125915527 0.1871826946735382
0.025465115904808044 8.915170669555664 0.5158699154853821
0.1630527526140213 8.900647163391113 0.7414750456809998
-0.9149695634841919 9.457086563110352 0.676729679107666
-0.8840764164924622 9.592108726501465 0.8937151432037354
-0.672187864780426 9.594562530517578 0.7357420921325684
-0.578914225101471 9.550439834594727 0.0026823729276657104
-0.9568967819213867 9.351848602294922 0.18906725943088531
-1.2291465997695923 9.789772987365723 0.7141157984733582
-0.992484986782074 9.366324424743652 0.2603878676891327
-0.6221609711647034 9.849852561950684 0.6587538123130798
-0.9097093939781189 9.468132019042969 0.670063853263855
-0.5393031239509583 9.556852340698242 0.06158556044101715
-0.2594243288040161 10.1817045211792 0.9585399031639099
-0.7573937177658081 9.47842025756836 0.47071659564971924
-0.8018501996994019 9.609683990478516 0.9318976402282715
-0.8980412483215332 9.45555591583252 0.14485441148281097
-1.128329873085022 10.12858772277832 0.5248459577560425
-1.1848279237747192 9.985239028930664 0.4042036831378937
-0.6698834896087646 9.810945510864258 0.6040335297584534
-0.8556020855903625 9.564740180969238 0.2686750292778015
0.1753593385219574 10.127305030822754 0.5950145721435547
-0.42941540479660034 9.535750389099121 0.11624202132225037
-1.1342250108718872 9.622456550598145 0.3752378821372986
0.25997599959373474 10.097614288330078 0.5561140179634094
-0.14859850704669952 10.057037353515625 0.9186305403709412
-0.9728586077690125 9.874252319335938 0.22325284779071808
0.2649284303188324 10.118414878845215 0.5495284795761108
-0.6333593130111694 10.049253463745117 0.5643640756607056
-0.9303956031799316 10.353726387023926 0.9146421551704407
-0.14744147658348083 10.326492309570312 0.7902935743331909
-0.8223825693130493 9.755509376525879 0.21423958241939545
-0.3335442841053009 9.677788734436035 -0.11026439815759659
0.21724042296409607 10.245990753173828 0.7862645983695984
0.3182578384876251 10.071991920471191 0.5425927042961121
-0.8867347240447998 10.081254005432129 0.804279088973999
-1.109490156173706 10.380843162536621 0.8536017537117004
-0.9969708919525146 10.508434295654297 -0.08379299938678741
-0.8087158203125 10.15257453918457 0.7431585192680359
0.09152454137802124 10.344395637512207 0.8907755017280579
0.08184025436639786 10.454940795898438 0.7744768857955933
-1.1610534191131592 10.717890739440918 -0.1436634510755539
-0.7584311962127686 10.419576644897461 0.8031367063522339
-0.04884052276611328 10.44092845916748 0.9898514151573181
-0.2162342071533203 10.643915176391602 0.9182097911834717
-0.8004273772239685 10.421914100646973 0.6311214566230774
-1.137858510017395 10.777060508728027 -0.07118873298168182
-0.2963189482688904 10.84228515625 1.0405722856521606
-0.7845501899719238 10.528702735900879 0.76849365234375
-0.036679819226264954 10.752820014953613 1.1518996953964233
-0.8066002726554871 10.893549919128418 0.0116068534553051
-1.1222474575042725 10.82374382019043 -0.10827701538801193
-0.8444274663925171 10.918829917907715 -0.009412338957190514
-0.11145604401826859 10.735493659973145 0.8608579039573669
0.09913904964923859 10.84597396850586 1.1287704706192017
-1.0252070426940918 10.878144264221191 -0.25981345772743225
0.0616462305188179 10.987075805664062 0.9293611645698547
-0.40006187558174133 11.024755477905273 1.0105644464492798
-0.8116713166236877 10.889764785766602 0.5001711249351501
-1.0152122974395752 10.931373596191406 0.8967973589897156
-0.9378283619880676 11.069754600524902 1.1073801517486572
-0.33246514201164246 10.97368335723877 0.83975750207901
0.18549615144729614 11.254460334777832 0.3569416403770447
0.046479009091854095 10.956478118896484 0.7992842197418213
-0.4306234121322632 11.037631034851074 1.0757265090942383
-0.8092145919799805 11.152260780334473 -0.30736666917800903
-1.1865415573120117 11.12439250946045 0.5872206687927246
-0.25370776653289795 11.157444953918457 0.3857143819332123
-0.7110499739646912 11.167470932006836 0.7460445165634155
-1.2660545110702515 11.151544570922852 -0.23164983093738556
-0.024126525968313217 11.102599143981934 1.1644980907440186
-0.8896585702896118 11.303875923156738 0.38259145617485046
-0.6343238949775696 11.227472305297852 0.7849616408348083
-0.0519840307533741 11.251241683959961 0.6801868677139282
-1.0498448610305786 11.330558776855469 0.08109569549560547
-0.0022217147052288055 11.299728393554688 0.6498814225196838
0.2344348430633545 11.404513359069824 0.6116409301757812
-1.1999887228012085 11.395978927612305 0.4925682842731476
-0.222293421626091 11.381357192993164 0.7459739446640015
0.4646729826927185 11.452536582946777 0.4370632767677307
-0.7835121750831604 11.39562702178955 1.3036590814590454
-0.41580599546432495 11.474932670593262 0.6324172019958496
0.2753274738788605 11.496664047241211 0.7328863739967346
-0.7820900678634644 11.453163146972656 0.7287729382514954
-1.212537169456482 11.481898307800293 0.4919944405555725
-0.3285098969936371 11.527451515197754 0.8120156526565552
-0.8290712237358093 11.530317306518555 0.7036305665969849
-1.3035101890563965 11.528890609741211 0.6389639973640442
-1.3645069599151611 11.55404281616211 0.7216064929962158
0.3340824246406555 11.559706687927246 0.697823166847229
-0.0466361865401268 11.571547508239746 1.218984603881836
