801
-2.386474370956421 0.2846064567565918 1.6008310317993164
-2.3863744735717773 0.2845063805580139 -0.7582387924194336
-2.362396240234375 0.6090186834335327 0.6578344702720642
0.9210299253463745 0.528049111366272 -0.9069740176200867
-2.139864206314087 0.284606397151947 0.060240764170885086
-1.3383979797363281 0.2845063805580139 -1.205301284790039
-0.20794335007667542 0.284606397151947 1.0740644931793213
-0.8765174746513367 0.284606397151947 -0.9644038081169128
-0.9485471248626709 0.2845063805580139 -1.2052973508834839
0.921032190322876 0.2845063805580139 -1.2053306102752686
-2.3863754272460938 0.2845063805580139 -0.26792240142822266
-2.3863754272460938 0.2845063805580139 0.2642374038696289
-2.3863725662231445 0.2845063805580139 -0.5015802383422852
-1.8022241592407227 0.2845063805580139 2.141206741333008
-2.3863754272460938 0.2845063805580139 -0.017772674560546875
-2.386474609375 0.2846064567565918 0.6842012405395508
0.6495773792266846 0.28460657596588135 -1.2053992748260498
-0.5540226101875305 0.2845063805580139 -1.205299973487854
-2.134920358657837 0.284606397151947 1.3059543371200562
0.14426136016845703 0.2845063805580139 2.141206741333008
0.9210304021835327 0.2845063805580139 -0.8984783887863159
0.9210295677185059 0.2845063805580139 -0.7296714782714844
-2.38637638092041 0.2845063805580139 0.13344097137451172
-1.4653176069259644 0.284606397151947 1.8306041955947876
-0.4251742959022522 0.2845063805580139 -1.2052979469299316
-2.367854118347168 0.2845063805580139 2.141206741333008
-2.38637638092041 0.2845063805580139 -0.13573074340820312
0.9210315942764282 0.2845063805580139 -0.9944475889205933
-2.0815072059631348 0.284606397151947 1.6363894939422607
-1.0927400588989258 0.2845063805580139 -1.2052983045578003
0.9210300445556641 0.2845063805580139 1.3639202117919922
0.9210300445556641 0.6080186367034912 1.5100398063659668
-1.8222358226776123 0.284606397151947 1.6658040285110474
-2.3863744735717773 0.5960546135902405 1.609559178352356
-2.1794044971466064 0.28460824489593506 2.141308307647705
0.9210299253463745 0.6167265772819519 -0.7022821307182312
-2.3863744735717773 0.2845063805580139 -0.6274700164794922
0.921067476272583 0.2845063805580139 -1.2052972316741943
-2.3863744735717773 0.2845063805580139 -0.8708782196044922
-1.945791482925415 0.28460609912872314 2.141308307647705
0.9211300611495972 0.28460633754730225 0.8801451921463013
-1.5045350790023804 0.284606397151947 -0.9931652545928955
0.3178264796733856 0.284606397151947 1.6019558906555176
-0.5094074010848999 0.284606397151947 -0.9973887801170349
0.3944122791290283 0.2845063805580139 -1.2052974700927734
-2.3863754272460938 0.2845063805580139 2.1402387619018555
-2.116485834121704 0.284606397151947 0.903503954410553
-0.3864026963710785 0.284606397151947 -0.7818679809570312
-2.2553555965423584 0.5913398265838623 -1.2015620470046997
-2.386474609375 0.3291558623313904 -1.2052984237670898
-1.515933632850647 0.284606397151947 -0.4891126751899719
-1.4298834800720215 0.284606397151947 -0.7781476974487305
-2.386474370956421 0.2846064567565918 1.6843607425689697
-1.9536484479904175 0.284606397151947 -0.5817601084709167
0.9211301207542419 0.28460633754730225 2.04750394821167
-1.8750282526016235 0.284606397151947 1.2685655355453491
0.3422272205352783 0.284606397151947 -1.0382945537567139
-1.534834861755371 0.2846064567565918 -1.2053985595703125
-2.3863754272460938 0.2845063805580139 0.5167512893676758
-1.615553855895996 0.284606397151947 -0.6668918132781982
-0.009220637381076813 0.284606397151947 -1.0000531673431396
-1.211916446685791 0.284606397151947 -1.0080015659332275
-1.8768479824066162 0.2846064567565918 -1.205398440361023
-2.38637638092041 0.2845063805580139 -1.199244499206543
0.9211300611495972 0.2846066951751709 1.7731728553771973
-2.3863744735717773 0.2845063805580139 1.791090965270996
-1.9556982517242432 0.284606397151947 1.8201435804367065
0.9211300611495972 0.2846064567565918 1.1095166206359863
-0.13363134860992432 0.2846064269542694 2.141308307647705
-2.376971960067749 0.284606397151947 -0.3834289312362671
-0.1537611484527588 0.28460633754730225 -1.2053990364074707
0.5309114456176758 0.2845063805580139 2.1412086486816406
0.9211301207542419 0.28455743193626404 2.1412081718444824
-2.3863754272460938 0.2845063805580139 1.4922771453857422
0.9211300611495972 0.2846065163612366 1.6811132431030273
0.6285256147384644 0.284606397151947 1.824112892150879
-1.2234981060028076 0.2846066951751709 -1.205398678779602
-1.8702505826950073 0.284606397151947 -0.12391234189271927
0.9211300611495972 0.28460657596588135 1.461139440536499
0.9210309982299805 0.2845063805580139 1.5740938186645508
-1.7818323373794556 0.284606397151947 1.1084321737289429
-2.0903706550598145 0.284606397151947 0.6705397367477417
-1.329673171043396 0.2846064567565918 2.141308307647705
0.9211299419403076 0.2846066951751709 -0.5836412906646729
0.9138984680175781 0.2845063805580139 2.141207695007324
-2.3863725662231445 0.2845063805580139 0.925750732421875
-1.773106575012207 0.2846064567565918 -1.2053985595703125
-1.182990550994873 0.284606397151947 -0.8106904029846191
0.9210309982299805 0.2845063805580139 1.8755722045898438
0.21581830084323883 0.8184478878974915 2.13965106010437
-0.36599260568618774 0.2846064567565918 2.141308307647705
-0.004731178283691406 0.28460633754730225 -1.2053990364074707
-1.6856374740600586 0.2846066951751709 -1.2053985595703125
-1.8984932899475098 0.284606397151947 -0.8665325045585632
-2.386474370956421 0.2846066951751709 0.7884531021118164
-1.5826168060302734 0.6114831566810608 -1.1961150169372559
0.559088408946991 0.284606397151947 0.4475933313369751
-1.440774917602539 0.2845063805580139 2.141206741333008
-1.8222630023956299 0.5852208137512207 -1.2052985429763794
-0.6481550931930542 0.2846059799194336 2.141308307647705
-2.386143207550049 0.6147318482398987 1.8314707279205322
-2.386474370956421 0.2846064567565918 1.3121216297149658
-0.7665109634399414 0.2846059799194336 2.141308307647705
0.9211300015449524 0.28460633754730225 0.6456789970397949
-2.386474370956421 0.2846066951751709 1.9097990989685059
-2.057509660720825 0.284606397151947 1.102961540222168
0.9211300015449524 0.28460657596588135 0.04410195350646973
-2.356668472290039 0.2845063805580139 -1.2052984237670898
-2.384165048599243 0.6205638647079468 1.2512307167053223
-0.7026562690734863 0.2846064567565918 -1.2053987979888916
-0.8818824887275696 0.2846081256866455 2.141308307647705
0.673190712928772 0.2996138036251068 2.1412081718444824
-2.386474370956421 0.2846064567565918 1.1816446781158447
-0.9134516716003418 0.284606397151947 1.731217622756958
-2.3809897899627686 0.58311927318573 -0.8476620316505432
0.9210323691368103 0.2845063805580139 0.11875294148921967
-2.1387572288513184 0.284606397151947 0.4361950755119324
-1.6948846578598022 0.28460609912872314 2.141308307647705
-2.3863725662231445 0.2845063805580139 -1.0033578872680664
-2.140122413635254 0.2845063805580139 -1.2052984237670898
-2.3863754272460938 0.2845063805580139 1.0548267364501953
0.9210299849510193 0.5514028072357178 -0.49141746759414673
-0.4523032605648041 0.284606397151947 1.9059163331985474
-1.1976121664047241 0.292710542678833 1.8626303672790527
-1.724057912826538 0.284606397151947 -0.8707671165466309
-2.0762436389923096 0.284606397151947 -0.803589940071106
-2.090928077697754 0.284606397151947 -0.1737380176782608
-1.7240135669708252 0.284606397151947 1.826567530632019
-0.7400563955307007 0.5398401618003845 -1.205298900604248
-2.0127296447753906 0.2845063805580139 -1.2052984237670898
0.3087264597415924 0.7310113310813904 -1.184945821762085
0.41852283477783203 0.2845063805580139 2.141207695007324
0.8774622678756714 0.8177732229232788 -1.0032974481582642
-1.5703092813491821 0.2846059799194336 2.141308307647705
-2.0372140407562256 0.6246647834777832 -1.200308084487915
-2.039912223815918 0.2846081256866455 2.141308307647705
-0.23157888650894165 0.5385637283325195 -1.2052990198135376
0.9210300445556641 0.2845063805580139 1.225118637084961
0.5700691938400269 0.284606397151947 -0.09010874480009079
0.8790714740753174 0.6606617569923401 -1.2052993774414062
-1.8706647157669067 0.284606397151947 0.646087110042572
0.9211300015449524 0.2846064567565918 -0.2499992847442627
0.25901925563812256 0.2845063805580139 -1.205297589302063
-0.8312276601791382 0.2845063805580139 -1.2052981853485107
-0.014616012573242188 0.2845063805580139 2.141207695007324
-0.2855139374732971 0.2845063805580139 -1.2052998542785645
0.8313130140304565 0.2846066355705261 -1.2053992748260498
0.5293958187103271 0.284606397151947 -0.9300417900085449
-0.7667480707168579 0.284606397151947 1.874343991279602
0.9211300015449524 0.2846064567565918 0.2589561939239502
-1.0719730854034424 0.2846062183380127 2.141308307647705
0.27120423316955566 0.2846064567565918 2.141308307647705
0.37478670477867126 0.284606397151947 1.16620671749115
0.13335812091827393 0.2845063805580139 -1.2052996158599854
-2.0079355239868164 0.6696644425392151 2.109593152999878
-1.3880497217178345 0.6139112114906311 -1.2038764953613281
0.9210285544395447 0.2845063805580139 0.5559341907501221
-0.19420887529850006 0.284606397151947 1.6176304817199707
-1.8537092208862305 0.5805864334106445 2.1412081718444824
-0.4821774959564209 0.600938618183136 -1.196365475654602
0.5230692625045776 0.2845063805580139 -1.2052974700927734
0.4020918309688568 0.284606397151947 1.9447641372680664
-0.5729479193687439 0.4211142659187317 2.1412081718444824
-0.5031024217605591 0.2846064269542694 2.141308307647705
0.5050843358039856 0.5874563455581665 -1.2052992582321167
0.0965145155787468 0.284606397151947 0.8050788640975952
0.684773862361908 0.284606397151947 -0.3586399257183075
0.24861736595630646 0.5156813859939575 -1.2052991390228271
0.27237600088119507 0.284606397151947 0.25942689180374146
-1.204277515411377 0.2846059799194336 2.141308307647705
-0.14347827434539795 0.284606397151947 1.8350788354873657
0.9045195579528809 0.284606397151947 -0.1087329089641571
0.9211300611495972 0.28460657596588135 0.790565013885498
0.18262271583080292 0.284606397151947 -0.8521714210510254
0.9211300015449524 0.2846064567565918 -0.48180365562438965
-1.7807098627090454 0.284606397151947 0.28368687629699707
-2.386474609375 0.2846064567565918 0.3992729187011719
0.9210299253463745 0.2845063805580139 -0.371538370847702
0.2873285710811615 0.284606397151947 -0.5346490144729614
0.552385151386261 0.284606397151947 1.3393751382827759
0.9211301207542419 0.33777931332588196 2.1412084102630615
-0.2022637575864792 0.284606397151947 -0.629716694355011
-1.3454288244247437 0.284606397151947 -0.6045402884483337
-0.650417685508728 0.284606397151947 -0.79881751537323
0.08454925566911697 0.284606397151947 1.5700571537017822
0.029202211648225784 0.284606397151947 1.83594810962677
0.7639089226722717 0.284606397151947 -0.8005020618438721
0.9211300015449524 0.2846064567565918 0.4096848964691162
-0.22516465187072754 0.284606397151947 -0.9468758702278137
-0.04548101872205734 0.284606397151947 -0.7299670577049255
0.5917354226112366 0.284606397151947 -0.6475178003311157
-1.157475471496582 0.284606397151947 -0.6028431057929993
-2.0191256999969482 0.284606397151947 0.24446186423301697
-1.8979986906051636 0.284606397151947 0.8872569799423218
-0.8978273272514343 0.663123607635498 2.1412081718444824
-1.9677547216415405 0.284606397151947 1.4805859327316284
0.6632709503173828 0.284606397151947 1.5731931924819946
-2.3863744735717773 0.5958192944526672 -0.39378854632377625
-2.122868776321411 0.284606397151947 -0.5419819951057434
0.9210300445556641 0.6015995740890503 1.241647720336914
0.055505137890577316 0.284606397151947 -0.5060341954231262
-1.720289945602417 0.284606397151947 1.5011281967163086
-2.359279155731201 0.49487125873565674 2.1412081718444824
-1.6211328506469727 0.284606397151947 0.9669910669326782
0.39968863129615784 0.5713799595832825 2.1412081718444824
0.7193509936332703 0.7083320617675781 2.1412081718444824
-2.2159059047698975 0.7297173142433167 1.7858844995498657
-2.3863744735717773 0.593889594078064 0.8625366687774658
-0.5326679348945618 0.284606397151947 -0.11071790754795074
-0.2584078907966614 0.3022921085357666 2.1412081718444824
-1.8007954359054565 0.284606397151947 -0.6454000473022461
-2.3816587924957275 0.5463990569114685 -1.182758092880249
-1.5269092321395874 0.284606397151947 1.640850305557251
-2.3713414669036865 0.5988847613334656 -0.17200830578804016
-2.3800606727600098 0.6026131510734558 -0.6355833411216736
-0.006481620483100414 0.590245246887207 -1.2052991390228271
-1.3277519941329956 0.284606397151947 1.3868365287780762
-1.2424569129943848 0.284606397151947 1.1173508167266846
-2.000349521636963 0.7416200637817383 -0.5625128746032715
-1.203094244003296 0.6108684539794922 -1.195884108543396
-2.383985996246338 0.5860415697097778 0.24379178881645203
-0.39538925886154175 0.7468279004096985 -1.1786786317825317
-1.9589484930038452 0.284606397151947 -0.3309713304042816
-1.7052960395812988 0.284606397151947 -0.21197262406349182
-2.3788321018218994 0.6090111136436462 1.0714049339294434
-1.8861048221588135 0.284606397151947 0.07019774615764618
-1.7538875341415405 0.284606397151947 -0.4296589493751526
-0.6455383896827698 0.284606397151947 1.6983765363693237
0.39760133624076843 0.284606397151947 -0.7473744750022888
-1.3165332078933716 0.284606397151947 -0.3659115135669708
0.9130892753601074 0.7926841974258423 -1.1445257663726807
-1.5761326551437378 0.284606397151947 1.241999864578247
-1.904792070388794 0.284606397151947 0.4494057893753052
0.6089386343955994 0.7646036744117737 -1.2014967203140259
0.1693524867296219 0.284606397151947 -0.05144437775015831
0.21163631975650787 0.3163694739341736 2.1412081718444824
0.9211300611495972 0.28460657596588135 0.9894454479217529
0.33859553933143616 0.2878027558326721 0.7746882438659668
-1.9241687059402466 0.7277483940124512 -0.8141923546791077
-0.7907596230506897 0.7332002520561218 -1.190687656402588
-0.9855611324310303 0.30605295300483704 2.1412081718444824
-0.7539442777633667 0.284606397151947 -0.6519985795021057
-1.1112456321716309 0.284606397151947 1.6960645914077759
-2.3772029876708984 0.6030905246734619 0.03316538780927658
0.9198687076568604 0.449188232421875 -1.1932580471038818
-1.4763362407684326 0.6633095145225525 2.129732131958008
-0.8049409985542297 0.284606397151947 1.1307573318481445
-2.1627044677734375 0.6541966199874878 2.1370954513549805
-1.5137096643447876 0.284606397151947 -0.20028528571128845
0.8951209783554077 0.5337653756141663 2.1376121044158936
-1.333947777748108 0.284606397151947 1.6439028978347778
0.2639690935611725 0.284606397151947 0.586771547794342
-0.6755311489105225 0.284606397151947 0.9087081551551819
-2.178152561187744 0.7306298613548279 -0.7287379503250122
-0.824251651763916 0.284606397151947 1.563686728477478
-2.1130166053771973 0.7248746752738953 -0.9706355333328247
-2.383115768432617 0.5738118290901184 2.1101081371307373
-1.8527531623840332 0.7992901802062988 1.6181915998458862
-1.952502727508545 0.7574090957641602 1.8379567861557007
-0.40357330441474915 0.7012009024620056 2.1292924880981445
0.04589807242155075 0.7539156675338745 -1.1675574779510498
0.9210300445556641 0.6658154726028442 1.036266803741455
-2.382535219192505 0.5981118083000183 0.4520695209503174
0.9210301041603088 0.6552523970603943 2.1289453506469727
0.6596914529800415 0.8496349453926086 -1.1515719890594482
-0.10819867998361588 0.5044829249382019 2.1412081718444824
0.9210300445556641 0.6823321580886841 1.7038747072219849
0.9210299849510193 0.29007789492607117 0.3441483676433563
0.9210299849510193 0.5343337655067444 -0.11261942982673645
-2.3157036304473877 0.7892395257949829 0.1990540623664856
-0.475675106048584 0.284606397151947 0.4306938052177429
-1.529959797859192 0.7976015210151672 -1.0833057165145874
-2.271268367767334 0.7603293061256409 -0.40769344568252563
-0.9524678587913513 0.284606397151947 1.3992856740951538
-1.0735265016555786 0.2982048988342285 -0.3209832012653351
-2.3857016563415527 0.6090858578681946 1.427404522895813
0.03172849863767624 0.284606397151947 -0.26988425850868225
0.4604673981666565 0.284606397151947 -0.2709246873855591
0.21106672286987305 0.284606397151947 1.7771495580673218
-0.40251922607421875 0.284606397151947 -0.6101676225662231
-1.6469016075134277 0.284606397151947 0.09388253092765808
0.8987652063369751 0.7511669397354126 1.9256082773208618
-0.6259132027626038 0.8252319097518921 -1.114210605621338
0.9165492653846741 0.6108892560005188 0.786382257938385
-1.4299386739730835 0.284606397151947 1.0945392847061157
-1.7065452337265015 0.6591348648071289 2.136124849319458
-2.3483946323394775 0.7899481058120728 0.8804737329483032
-1.2492011785507202 0.6355225443840027 2.1408231258392334
-2.2630059719085693 0.7860998511314392 -0.06854166835546494
-1.1616995334625244 0.284606397151947 1.5031541585922241
-1.7755630016326904 0.745055615901947 -1.149289608001709
-0.6100531220436096 0.7070447206497192 2.1267282962799072
-0.46946823596954346 0.284606397151947 1.5251429080963135
-0.0806078389286995 0.284606397151947 0.2746731638908386
0.6192319989204407 0.8206232786178589 2.1203410625457764
0.7021913528442383 0.9172744750976562 -0.9407169818878174
0.8756132125854492 0.8295824527740479 -0.8106508851051331
0.9110438227653503 0.7455759644508362 -0.35887283086776733
0.8983091711997986 0.8484451770782471 1.6652426719665527
-2.3486220836639404 0.8129016160964966 0.510890007019043
0.9154480695724487 0.7814465761184692 -0.5781212449073792
0.8821404576301575 0.8561292886734009 1.474505066871643
0.911546528339386 0.6181292533874512 0.10404456406831741
-0.9192456603050232 0.3363620936870575 -0.29907485842704773
0.37295645475387573 0.31688565015792847 0.031817324459552765
-2.093679189682007 0.7622763514518738 1.5834568738937378
0.6522845029830933 0.284606397151947 1.1626862287521362
0.1329362839460373 0.284606397151947 1.215145468711853
0.4145391583442688 0.7458924651145935 2.1073391437530518
0.7828022837638855 0.8969849348068237 -0.6054790616035461
-1.740870475769043 0.8232790231704712 1.939258098602295
-1.0769366025924683 0.6875362992286682 2.1200978755950928
0.8512245416641235 0.8628228902816772 1.9552569389343262
-0.21155960857868195 0.7587810158729553 2.279660940170288
-1.6810503005981445 0.284606397151947 0.5015563368797302
0.45632949471473694 0.34827256202697754 1.7336828708648682
0.853952944278717 0.818202793598175 1.0136910676956177
0.9158574938774109 0.7258942723274231 0.2513491213321686
-1.4649500846862793 0.7678160071372986 -0.5839380621910095
0.6913812756538391 0.9048896431922913 1.3701016902923584
-1.4858174324035645 0.8265259861946106 1.8157281875610352
-2.1775667667388916 0.7664710283279419 1.3502057790756226
-1.085777759552002 0.29093730449676514 1.2332513332366943
-0.7105624079704285 0.293222576379776 1.387521743774414
-2.136704683303833 0.791288435459137 1.114450216293335
-1.9418673515319824 0.7759690880775452 1.2598719596862793
-2.0476081371307373 0.77559494972229 -0.32252374291419983
-0.9825125932693481 0.5442467331886292 1.6861975193023682
0.06301268190145493 0.6883394718170166 2.1313791275024414
-0.5562855005264282 0.3270438611507416 -0.5385488271713257
-1.5184991359710693 0.30450505018234253 1.441405177116394
-2.1068477630615234 0.8245313167572021 0.8701845407485962
-1.4915121793746948 0.284606397151947 0.3085539638996124
-1.1945233345031738 0.8293434381484985 2.0398032665252686
-0.31144192814826965 0.3171924352645874 1.7657582759857178
-0.7665402293205261 0.7524352669715881 2.257567882537842
-1.2565504312515259 0.2862820625305176 0.6091403365135193
-0.9527360796928406 0.3223831057548523 -0.7636347413063049
-0.8854076862335205 0.8840963840484619 1.3400541543960571
-0.27523356676101685 0.30950599908828735 1.369097113609314
-0.2475774884223938 0.8557918667793274 -1.1778392791748047
-0.8998940587043762 0.8326631784439087 -1.0501952171325684
-1.7770745754241943 0.8436415791511536 1.1700735092163086
-1.733550786972046 0.770534336566925 -0.814587414264679
-1.6603015661239624 0.7681437134742737 1.3223479986190796
0.5992627739906311 0.2925354838371277 0.7184465527534485
0.08818777650594711 0.9310124516487122 1.9288687705993652
0.18285265564918518 0.31248989701271057 -0.6834556460380554
-0.12104605883359909 0.8511810898780823 2.2164180278778076
0.3169027268886566 0.8496134877204895 -1.1542116403579712
-1.7349753379821777 0.8236508369445801 0.6417399644851685
0.8843953609466553 0.746628999710083 -0.2062269151210785
0.4816698729991913 0.8555507659912109 1.5095421075820923
-1.7169184684753418 0.5229564309120178 0.30477067828178406
-1.1320700645446777 0.783862292766571 -1.1638333797454834
0.6474198698997498 0.29767364263534546 0.12059518694877625
-0.07494942843914032 0.8610319495201111 -1.1278613805770874
-0.4970255196094513 0.905939519405365 2.055953025817871
0.9016579985618591 0.6385811567306519 0.4826335608959198
-1.8775051832199097 0.533237636089325 1.5017625093460083
-1.0449262857437134 0.31672415137290955 0.5959081649780273
-1.4651862382888794 0.496389776468277 0.028193200007081032
-1.2776168584823608 0.8851313591003418 1.7565757036209106
0.33229371905326843 0.29224762320518494 1.3819830417633057
0.4830131530761719 0.8126754760742188 -0.8428875803947449
-0.5925266742706299 0.7386248111724854 0.09530238062143326
-1.5112963914871216 0.3372196853160858 0.6341529488563538
-1.7160356044769287 0.3122057318687439 0.7564072012901306
-1.3636385202407837 0.284606397151947 -0.03483964130282402
-0.9709726572036743 0.8775671124458313 1.951504111289978
-1.4420782327651978 0.33369573950767517 0.8588733673095703
-2.073446035385132 0.7271531820297241 0.6033977270126343
-1.3610676527023315 0.9136061668395996 1.5215249061584473
-1.9167317152023315 0.8566682934761047 0.174557164311409
0.4734373688697815 0.31311798095703125 -0.5344151258468628
-1.2397897243499756 0.284606397151947 0.22050054371356964
-1.7460556030273438 0.7553770542144775 -0.22973980009555817
0.31963303685188293 0.8560537099838257 -0.9189613461494446
-1.4663952589035034 0.6209693551063538 2.1095428466796875
0.8989130854606628 0.8063524961471558 0.025706252083182335
0.6604399085044861 0.8521032333374023 -0.12708468735218048
-1.33806574344635 0.6687439680099487 1.3331716060638428
-1.8321471214294434 0.5173994898796082 0.9845947623252869
0.474273145198822 0.31477636098861694 1.5372565984725952
-1.9580169916152954 0.8451477289199829 0.6778223514556885
-0.7197504043579102 0.8406587243080139 1.8678398132324219
-0.5400916337966919 0.8845265507698059 1.780465841293335
-0.39205923676490784 0.31262195110321045 1.1752680540084839
0.3351091742515564 0.3727858066558838 0.4260256886482239
-1.7439786195755005 0.5149462223052979 -0.09775101393461227
-1.275159478187561 0.807370662689209 -0.9778016209602356
-2.0237038135528564 0.8151150345802307 -0.11526961624622345
-0.9940877556800842 0.8340774178504944 1.7109878063201904
-2.101090908050537 0.8106528520584106 0.2998122572898865
-0.9034165740013123 0.284606397151947 0.3157302439212799
-0.756010115146637 0.6454641222953796 -0.8289143443107605
-0.906936526298523 0.284606397151947 0.9282516837120056
-0.01696009188890457 0.7166226506233215 1.7703876495361328
-1.827711820602417 0.8218803405761719 0.9296923279762268
-1.22464120388031 0.3524468243122101 0.8095923066139221
-1.5774239301681519 0.7287892699241638 0.8979818820953369
0.19925786554813385 0.480051189661026 1.5219608545303345
-0.2423904836177826 0.5392247438430786 0.13556797802448273
-1.070025086402893 0.36199283599853516 0.9013256430625916
-1.0133228302001953 0.6200664043426514 1.2775167226791382
-0.5125536322593689 0.4157157242298126 1.66493558883667
-1.8058524131774902 0.7807389497756958 -0.5139352679252625
-1.4723199605941772 0.7902094125747681 -0.7163547277450562
-0.5118284821510315 0.824325680732727 1.483351230621338
-0.25962549448013306 0.9483352303504944 1.9645767211914062
-0.978058397769928 0.8075984716415405 1.5023249387741089
-1.4842571020126343 0.8089737296104431 1.02277672290802
-1.1659371852874756 0.7978189587593079 1.2628395557403564
-1.332403302192688 0.3217659592628479 0.439743310213089
0.30707255005836487 0.904367208480835 1.9818404912948608
-0.25337526202201843 0.962795615196228 1.7305526733398438
0.5560517907142639 0.866021990776062 1.8448621034622192
0.296568900346756 0.3297947347164154 0.9632661938667297
-0.9183018803596497 0.3010365962982178 0.05429599806666374
0.20021215081214905 1.0143470764160156 1.737894058227539
-0.2736441493034363 0.2960697412490845 -0.2148248851299286
0.5235561728477478 0.338723361492157 0.9595398902893066
0.893121600151062 0.797352135181427 1.288295865058899
-0.7346904873847961 0.8635624051094055 1.55947744846344
-1.3455088138580322 0.8823508620262146 1.1670148372650146
0.21080242097377777 0.9601309299468994 1.470738172531128
-0.11362116038799286 0.34396812319755554 1.4894462823867798
-0.31695669889450073 0.832652747631073 1.5465185642242432
-0.07454138249158859 0.9584406614303589 -0.7565197944641113
0.6806430220603943 0.894457221031189 1.1179685592651367
0.8867079019546509 0.7229399681091309 0.7078647017478943
0.5220461487770081 0.893513560295105 1.6857295036315918
0.6813409328460693 1.0550479888916016 0.31099194288253784
-1.5941835641860962 0.8746600151062012 0.38595229387283325
-0.12437635660171509 0.41226914525032043 1.3233821392059326
0.7522925138473511 0.8463481664657593 0.7673165798187256
0.1777200847864151 0.8942930698394775 -0.807817816734314
-0.9169594049453735 0.8675116896629333 -0.601889967918396
0.5665038824081421 0.8399605751037598 -0.5436069369316101
-0.099278025329113 0.9451341032981873 1.5888829231262207
0.5283378958702087 0.991936206817627 0.04777538776397705
-1.6802772283554077 0.8993535041809082 1.5900517702102661
0.8487237095832825 0.8295451998710632 0.4029824435710907
-1.865229606628418 0.7477595210075378 0.024437522515654564
-1.362898349761963 0.6526404619216919 -0.3689681589603424
0.6280627846717834 0.9435200691223145 0.6024352312088013
0.3641921579837799 0.8755369186401367 1.2237690687179565
0.4598332941532135 0.7517182230949402 1.2447437047958374
-0.9648850560188293 0.8166918754577637 -0.8185669779777527
-0.43119993805885315 0.8482904434204102 -0.9384275078773499
-1.9106770753860474 0.8121297955513 0.4265231490135193
0.3947596251964569 0.7129757404327393 -0.6264990568161011
-0.007389502599835396 0.8779677748680115 -0.6666697263717651
-1.3330367803573608 0.7638243436813354 -0.8137781023979187
-1.5179587602615356 0.7937681674957275 0.66166090965271
-1.5116386413574219 0.7283287644386292 1.5550801753997803
-1.0044416189193726 0.718341588973999 0.7893820405006409
-1.5634475946426392 0.7638697624206543 -0.37432196736335754
-1.1440232992172241 0.47761768102645874 -0.09097345173358917
0.10182954370975494 0.3154065012931824 1.0537534952163696
-0.5743825435638428 0.37009310722351074 1.2803117036819458
0.5423974394798279 0.8700699210166931 0.9156878590583801
0.08701770752668381 0.8954020738601685 1.5112168788909912
-1.1888349056243896 0.3917529881000519 0.20024140179157257
0.5541386604309082 0.8788424730300903 -0.3223353922367096
-1.550702691078186 0.8379745483398438 0.087803915143013
-0.20002424716949463 0.4264979362487793 0.3647679388523102
-0.8172082304954529 0.5771194696426392 -0.3213704228401184
-0.7987735271453857 0.569305419921875 0.3203411102294922
-1.4348968267440796 0.965725302696228 0.9630445837974548
0.5011395812034607 0.9101896286010742 -0.3707195222377777
-0.9629513025283813 0.34364786744117737 -0.561213493347168
-0.48497381806373596 0.9428683519363403 -0.6945087313652039
-1.1108795404434204 0.6912574768066406 0.5206818580627441
-1.4189355373382568 0.8611649870872498 -0.15500789880752563
0.26287809014320374 0.3352562487125397 -0.2752986252307892
-1.3157631158828735 0.7467949986457825 0.2630182206630707
-0.19387666881084442 0.544732391834259 -0.6283488869667053
-0.2629193365573883 0.855462372303009 -0.690518319606781
-0.5925480127334595 0.7766442894935608 0.8236675262451172
-1.1722952127456665 0.7689512968063354 -0.4621453285217285
-0.14945721626281738 0.7459940910339355 0.8716861009597778
-0.8476881980895996 0.7757474184036255 -0.5859659910202026
-0.44948476552963257 0.6281223893165588 0.5896390676498413
0.1593906134366989 0.8951871395111084 0.6902254223823547
-1.4711499214172363 0.7768887877464294 0.3540523648262024
0.39192938804626465 0.4144624173641205 0.1224224865436554
0.17090003192424774 0.8528662919998169 -0.5373871922492981
-0.151795893907547 0.3523999750614166 -0.23975396156311035
0.21806056797504425 0.9964405298233032 -0.16285797953605652
-1.2081314325332642 0.4067319631576538 -0.17948448657989502
0.5316193103790283 0.8270348906517029 0.48213163018226624
-0.08622870594263077 0.6284497380256653 0.9943453669548035
0.17162923514842987 0.7307611107826233 0.1253623366355896
-0.6832983493804932 0.39648228883743286 -0.305151104927063
0.24329690635204315 0.6019797325134277 0.017977412790060043
-0.09627465158700943 0.5063462853431702 -0.46390673518180847
-1.1429792642593384 0.7668808698654175 0.9060549139976501
-1.0339001417160034 0.5977041721343994 -0.04251823574304581
0.10032201558351517 0.7540439367294312 1.3144291639328003
-0.6840611696243286 0.3179103136062622 1.0592702627182007
-0.37364038825035095 0.7067026495933533 1.3185700178146362
-0.4039187729358673 0.8954005241394043 -0.42850810289382935
0.29596519470214844 0.6675379872322083 -0.37177810072898865
0.20219406485557556 0.45585206151008606 0.5904927253723145
0.4121644198894501 0.8192247748374939 0.13863980770111084
0.3314788341522217 0.7572458386421204 0.9514131546020508
0.01765226200222969 0.6470769047737122 -0.2616855800151825
-0.5165485143661499 0.530960202217102 -0.26972511410713196
-0.4438985288143158 0.6924448013305664 -0.5952601432800293
-0.10260351747274399 0.6187374591827393 -0.055858492851257324
-0.9944278001785278 0.6839823126792908 0.282356858253479
-0.4545140564441681 0.3666499853134155 0.33297035098075867
-0.7336789965629578 0.4608127772808075 -0.010643305256962776
-0.7491003274917603 0.8011468648910522 -0.42708033323287964
-0.01968878135085106 0.752105712890625 1.0928280353546143
-0.44216281175613403 0.7957075238227844 1.225811243057251
-0.34890007972717285 0.4591069221496582 0.05163796246051788
-0.7523531913757324 0.6827541589736938 0.7965083122253418
0.2334226369857788 0.7593174576759338 0.4283941984176636
-0.07208356261253357 0.5317968130111694 0.46331122517585754
-0.24686957895755768 1.2797305583953857 0.12398935109376907
-0.23441475629806519 0.4339657723903656 0.7291004061698914
-0.30950433015823364 1.2869203090667725 -0.20162539184093475
-0.41984158754348755 2.7883141040802 0.7627666592597961
-0.400860458612442 1.6662129163742065 -0.041982874274253845
-1.3748077154159546 1.1911849975585938 0.8921600580215454
-0.7831607460975647 2.9355599880218506 0.7879185080528259
-1.4175900220870972 1.3367701768875122 1.0871808528900146
-1.2054423093795776 1.0983631610870361 0.816680371761322
-1.100124716758728 1.3343820571899414 1.3093863725662231
-0.14414924383163452 1.2504935264587402 -0.2175111025571823
-1.257031798362732 1.575811505317688 1.0033154487609863
-0.995399534702301 1.071300983428955 0.9119272232055664
-0.4330437481403351 1.4253487586975098 -0.1634891927242279
-0.8666559457778931 1.5131185054779053 0.9692448377609253
-0.16329294443130493 1.2081009149551392 -0.03912752494215965
-0.019382044672966003 1.4084901809692383 -0.32119718194007874
-0.39262571930885315 1.3403595685958862 0.031749628484249115
-1.2377934455871582 1.14512300491333 1.1888387203216553
-0.8291429281234741 1.196000576019287 0.9837617874145508
-1.2611045837402344 1.2417291402816772 0.7176106572151184
-0.06511664390563965 1.2822891473770142 0.13273769617080688
0.14135687053203583 1.5448415279388428 -0.09859073907136917
-0.24644924700260162 1.4853706359863281 -0.3513447940349579
-0.7967512607574463 2.7962961196899414 0.6656208038330078
-1.0044660568237305 1.1503106355667114 0.7422968149185181
-0.8985641002655029 1.4176185131072998 1.1999726295471191
-0.5831571817398071 2.7113900184631348 0.7069340944290161
-0.014307484030723572 1.4921818971633911 0.2161487489938736
0.045963678508996964 1.298129677772522 -0.16127167642116547
-0.8987517952919006 1.3207768201828003 0.7455801963806152
-1.1633394956588745 1.0601414442062378 1.0017067193984985
-0.08607504516839981 1.7263275384902954 -0.22564968466758728
-0.30895495414733887 1.5014252662658691 0.20746392011642456
0.06778757274150848 1.310765027999878 0.023955950513482094
-1.0603840351104736 1.1189650297164917 1.2011070251464844
-0.9182563424110413 1.143609642982483 1.1352880001068115
-0.3676833510398865 2.6888811588287354 0.5274704694747925
-1.137531042098999 1.4386540651321411 0.700109601020813
-0.5075697302818298 3.71990966796875 0.4450252056121826
-0.09354627132415771 1.7389425039291382 0.0966169610619545
-0.38601046800613403 3.422762632369995 0.565302848815918
-1.3706775903701782 1.304875135421753 1.1828961372375488
-0.5396236777305603 2.6399388313293457 0.543636679649353
-0.7438455820083618 2.69002366065979 0.4959088861942291
-0.20266127586364746 2.903928756713867 0.30306392908096313
-0.20911212265491486 2.9034955501556396 0.5892014503479004
-0.2862568795681 2.9775445461273193 0.7511909008026123
-0.5186725854873657 2.9720757007598877 0.8665367960929871
-0.32296472787857056 2.7428321838378906 0.3616832196712494
-0.6545958518981934 2.732783794403076 0.23024776577949524
-0.7605414390563965 2.8436813354492188 0.15461713075637817
-0.4391271770000458 3.2991721630096436 0.6873811483383179
-0.5467729568481445 2.6613988876342773 0.3408608138561249
-0.9414273500442505 3.0607268810272217 0.44916585087776184
-0.22649720311164856 3.2465176582336426 0.2873815596103668
-0.17626270651817322 3.450680732727051 0.12878216803073883
-0.43140333890914917 3.875541925430298 0.27137291431427
-0.5113024711608887 3.2488656044006348 -0.0062299431301653385
-0.09531456232070923 3.4612395763397217 0.32602792978286743
-0.4645674228668213 2.839545965194702 0.12106950581073761
-0.5581074357032776 3.233286142349243 0.807780385017395
-0.8874176144599915 2.848820447921753 0.403046578168869
-0.8621360659599304 3.125781297683716 0.6906253099441528
-0.33994704484939575 3.342296600341797 0.022144602611660957
-0.02954980544745922 3.787463903427124 0.1868373602628708
-0.15473192930221558 3.0742363929748535 0.3918754756450653
-1.0627262592315674 2.9706878662109375 1.5277063846588135
-0.3638022840023041 2.9969418048858643 0.08016614615917206
-0.0830211266875267 5.156698226928711 0.7712786793708801
0.0005585802718997002 3.6336967945098877 0.297736793756485
-0.8357776403427124 3.0245537757873535 0.13196244835853577
-0.45762619376182556 4.977118968963623 0.5304099917411804
-0.3113033175468445 3.7684361934661865 0.5973472595214844
-0.7780449390411377 3.3305773735046387 0.5344346761703491
-0.8129336833953857 3.2660624980926514 0.21640653908252716
-0.6330280900001526 3.106335401535034 0.014401637017726898
-0.43910786509513855 3.630887508392334 0.1113697811961174
-0.6491435170173645 3.4789276123046875 0.2634105384349823
-0.18406198918819427 5.056762218475342 0.6210225224494934
-0.41210782527923584 5.329947471618652 0.23123699426651
-0.1157679483294487 5.2086639404296875 0.4067118167877197
-0.17188622057437897 3.612121343612671 0.5601261258125305
-0.0640740841627121 3.921207904815674 0.6008680462837219
-0.2402399182319641 5.088890552520752 0.42512813210487366
-0.17077502608299255 3.936218738555908 0.1647738218307495
0.008486962877213955 3.776394844055176 0.4941348433494568
-0.6011581420898438 5.094561576843262 0.36138612031936646
-0.399152934551239 4.946836471557617 0.7211755514144897
-0.48425719141960144 5.09012508392334 1.0219032764434814
-0.053174011409282684 4.080291271209717 0.3703845739364624
-0.5587791204452515 5.2496185302734375 1.1028743982315063
-0.399093359708786 5.066082954406738 0.3270210921764374
-0.6874776482582092 5.064888000488281 0.9524255394935608
-0.2837226688861847 5.010685920715332 0.8231711387634277
-0.5695201754570007 4.953592300415039 0.8254753947257996
-0.9067593812942505 5.307538986206055 0.868818461894989
-0.21054354310035706 5.440779685974121 0.26460257172584534
-0.13646966218948364 5.401190757751465 0.9787268042564392
-0.8055441379547119 5.290469646453857 1.0513579845428467
-0.2576606273651123 5.212765216827393 0.9972988963127136
-0.47173598408699036 5.459957599639893 1.1599074602127075
-0.6424726247787476 4.972923278808594 0.6047461628913879
-0.29662230610847473 4.024350643157959 0.5268778204917908
-0.6711394786834717 5.32147216796875 0.3433813750743866
-0.790852427482605 5.076778888702393 0.7716386318206787
-0.7038267254829407 5.71064567565918 0.9446105360984802
-0.49076271057128906 5.57403564453125 0.3206464946269989
-0.05302511900663376 5.48754358291626 0.355119913816452
0.008200480602681637 5.467350959777832 0.5783776044845581
-0.6702433824539185 5.556264400482178 1.1608856916427612
-0.5026347637176514 5.776187419891357 0.5354219675064087
-0.005978559143841267 5.3120927810668945 0.755119264125824
-0.009468079544603825 5.643359661102295 0.8542390465736389
0.016104616224765778 5.695025444030762 0.5753082036972046
-0.8123005032539368 5.170781135559082 0.5580504536628723
-0.8778464794158936 5.575032711029053 0.9372610449790955
-0.22326484322547913 7.11021089553833 0.3637981414794922
-0.19114096462726593 6.1435394287109375 0.7665114402770996
0.16461136937141418 7.263551712036133 0.25617384910583496
-0.18134261667728424 5.557496547698975 1.0487054586410522
-0.09967002272605896 5.876136302947998 0.9819697141647339
-0.05914431810379028 7.155792236328125 0.3441595435142517
-0.56791090965271 5.9477972984313965 0.8381844758987427
-0.28934842348098755 5.750665187835693 0.4161405861377716
0.12126605957746506 7.272850513458252 0.2561240792274475
-0.32026833295822144 5.719269752502441 1.1046375036239624
-0.5140430331230164 5.8988847732543945 0.9760242700576782
-0.25008508563041687 5.9257402420043945 0.554076075553894
0.001359366811811924 5.879749298095703 0.8037246465682983
-0.7160717248916626 5.496462345123291 0.5692518353462219
-0.1917523592710495 6.070640563964844 0.9140729308128357
-0.32517877221107483 6.882545471191406 0.7607977986335754
-0.1869821548461914 7.018653392791748 0.3974248766899109
-0.8480784893035889 5.461388111114502 0.6888511776924133
-0.5103456974029541 7.154081344604492 0.45908570289611816
-0.5756829380989075 7.162256717681885 0.9285771250724792
-0.5897441506385803 6.939178466796875 0.7213814854621887
-0.4681202173233032 6.9081010818481445 0.6629424095153809
-0.3735358715057373 7.051410675048828 1.013315200805664
-0.643561065196991 7.086320877075195 0.6656637191772461
-0.4439956247806549 7.269562721252441 1.0855594873428345
0.09669621288776398 7.369457721710205 0.3119087517261505
-0.4061564803123474 7.34862756729126 0.3151395916938782
-0.2620868980884552 6.880459785461426 0.7847318053245544
-0.46639686822891235 7.509814262390137 1.0012673139572144
-0.01339698489755392 7.083921432495117 0.7057947516441345
-0.33088767528533936 6.822852611541748 0.5712149143218994
-0.7801982164382935 7.903486728668213 0.29472100734710693
-0.13470229506492615 7.252290725708008 0.5127952694892883
-0.3074689507484436 7.550730228424072 1.0881959199905396
-0.08756139129400253 7.078390598297119 0.9043399691581726
0.1211448460817337 7.489622592926025 0.06712237745523453
-0.04683970287442207 7.407613277435303 0.847538948059082
-0.3294801712036133 7.566962718963623 0.45711326599121094
0.21225054562091827 7.791046619415283 0.07194683700799942
-0.5585243701934814 7.441082954406738 0.5377917885780334
-0.16065512597560883 7.230045795440674 1.0226677656173706
-0.149861142039299 7.61814022064209 0.9748823642730713
-0.5087538957595825 7.729712963104248 0.9159743189811707
-0.3059307932853699 8.88836669921875 0.013120092451572418
-0.621498703956604 7.430212497711182 0.7258233428001404
-0.4518134295940399 8.711628913879395 0.5364892482757568
-0.3788602650165558 7.810243129730225 1.014003038406372
-0.784231960773468 7.731784820556641 0.14849814772605896
0.06801420450210571 8.136093139648438 0.13120625913143158
-0.45363885164260864 7.752105712890625 0.5473489165306091
-0.8833740949630737 7.698372840881348 0.23534776270389557
-0.08193867653608322 7.806118488311768 0.8727834224700928
0.055845558643341064 8.184871673583984 0.11743423342704773
-0.5131613612174988 8.840826034545898 0.19683170318603516
-0.05091601610183716 7.624497890472412 0.5937867164611816
-0.3306114077568054 8.656747817993164 0.4288022816181183
-0.21434982120990753 8.790271759033203 0.09024875611066818
0.1722239851951599 8.152188301086426 0.13260041177272797
-0.25057438015937805 7.955315589904785 0.7498500943183899
-0.46701279282569885 8.75638484954834 0.11802829802036285
-0.33525753021240234 8.794684410095215 0.5822697877883911
-0.3398398756980896 8.966090202331543 0.6319340467453003
-0.6336669325828552 8.841341972351074 0.2152177393436432
-0.2372788041830063 7.883590221405029 0.5772756338119507
-0.15263396501541138 9.11107349395752 0.6062237620353699
-0.6232519149780273 8.8959379196167 0.35799652338027954
-0.10199947655200958 9.241379737854004 0.34361281991004944
-0.40433019399642944 9.026241302490234 -0.046168699860572815
0.12399088591337204 9.530750274658203 1.0476113557815552
-0.05161949247121811 8.802668571472168 0.463308721780777
-0.649622917175293 8.97005558013916 0.04771008342504501
0.00015381909906864166 8.945063591003418 0.18472623825073242
0.33917689323425293 9.622779846191406 1.051876425743103
-0.4430238902568817 9.48292064666748 0.20329225063323975
-0.3802948594093323 9.19213581085205 0.5729041695594788
-0.1754423826932907 8.6792631149292 0.4697422981262207
-0.6973914504051208 9.21339225769043 0.2030375450849533
-0.2707062065601349 9.278133392333984 0.03010161966085434
0.04486694931983948 9.165786743164062 0.36206692457199097
0.3103629946708679 9.529956817626953 1.0384069681167603
-0.6943457722663879 9.507119178771973 0.2966368794441223
0.2627114951610565 9.807578086853027 0.98503178358078
-0.06631272286176682 9.278999328613281 0.1322145164012909
0.1151251569390297 9.456786155700684 1.0135000944137573
0.1849077194929123 9.570110321044922 1.1433138847351074
0.08834320306777954 9.36290168762207 0.4412550628185272
-1.4234720468521118 9.78114128112793 1.2280495166778564
-0.4855043888092041 9.33683967590332 0.4015173614025116
0.08134079724550247 9.76137638092041 1.095213532447815
-0.484521746635437 9.682538986206055 0.00013534165918827057
-0.3966512382030487 9.6372709274292 0.14957235753536224
-0.010149400681257248 9.656761169433594 0.40997549891471863
0.08068235218524933 9.646580696105957 0.4371227025985718
-1.4449055194854736 9.838300704956055 1.2033973932266235
-0.02379884198307991 10.118661880493164 1.1985386610031128
-0.74344402551651 9.998669624328613 0.05212327092885971
-0.5337830185890198 9.763381004333496 0.28314855694770813
-0.11944565176963806 10.047924995422363 1.275317907333374
0.03586238995194435 9.766449928283691 0.27763280272483826
-0.4801101088523865 9.973203659057617 0.2239307165145874
-0.6290416717529297 10.148390769958496 -0.09447869658470154
-0.1020696610212326 10.112250328063965 1.359668254852295
-0.611494243144989 9.999286651611328 0.0320298969745636
0.22592385113239288 9.861550331115723 0.2810647785663605
-0.687228262424469 10.444355964660645 0.6171354055404663
-0.17842715978622437 10.349284172058105 1.446195125579834
-0.6661282777786255 10.283259391784668 0.026505835354328156
-0.6143242120742798 10.359323501586914 0.4176170825958252
-0.6497779488563538 10.441691398620605 0.4652630686759949
-0.001389913260936737 9.828529357910156 1.278401255607605
-0.22053775191307068 10.30812931060791 1.3522930145263672
-0.6327928900718689 10.571146965026855 -0.04510568827390671
-0.44437384605407715 10.563581466674805 1.1288173198699951
-0.7916990518569946 10.354697227478027 -0.005641765892505646
-0.6260390281677246 10.451360702514648 0.2534646689891815
-0.6561950445175171 10.57180404663086 0.5258755087852478
0.20020964741706848 10.10272216796875 0.415559858083725
-0.9044243097305298 10.622556686401367 -0.0686381533741951
0.2522582411766052 10.652824401855469 0.5021578669548035
0.3908255696296692 10.81839656829834 1.0029222965240479
-0.6790438294410706 10.683089256286621 0.6472812294960022
-0.9772774577140808 10.693002700805664 0.019967682659626007
-0.9775370359420776 10.676182746887207 1.3059841394424438
-0.3076273202896118 10.636316299438477 1.2471048831939697
-0.37000203132629395 10.930269241333008 -0.1463504135608673
-0.6943960785865784 10.731400489807129 0.7247840166091919
-1.0996041297912598 10.836958885192871 0.04945490509271622
-0.44971567392349243 10.802260398864746 0.11779653280973434
-0.36743679642677307 10.84587287902832 -0.09201079607009888
-0.29408031702041626 10.68112564086914 1.2474702596664429
0.17201566696166992 11.008792877197266 0.371907502412796
0.4419251084327698 10.954994201660156 1.1147797107696533
-0.4940015971660614 10.849618911743164 0.8187341094017029
0.3648901879787445 11.052133560180664 0.28397905826568604
0.4310256242752075 11.1373872756958 0.4750610291957855
0.025238342583179474 11.106634140014648 -0.19983533024787903
-0.11277485638856888 11.061938285827637 -0.1295446753501892
0.44189202785491943 11.24881362915039 0.12118352204561234
0.4259051978588104 11.084607124328613 0.8427249193191528
-0.663724958896637 11.147562980651855 0.06584218144416809
-1.3041753768920898 11.30423355102539 0.20973975956439972
-0.5089861750602722 11.195001602172852 0.6128657460212708
-1.325917363166809 11.293142318725586 0.1755010485649109
-1.416590929031372 11.255401611328125 -0.20962171256542206
0.269578754901886 11.317824363708496 0.8786360621452332
-0.6631713509559631 11.28826904296875 -0.24093568325042725
0.2386908084154129 11.32665729522705 0.2617757320404053
-0.6977248787879944 11.267167091369629 -0.0013276045210659504
-1.13575279712677 11.360006332397461 -0.0360507071018219
0.127293199300766 11.365341186523438 1.3725005388259888
-0.3766137659549713 11.367880821228027 1.1075856685638428
-0.22288638353347778 11.390192985534668 1.033164381980896
-0.46373775601387024 11.463204383850098 0.10178519040346146
-0.25413691997528076 11.484552383422852 0.8142173886299133
-0.26510390639305115 11.459632873535156 -0.31707820296287537
0.2603874206542969 11.471138954162598 -0.43433550000190735
-0.5876070261001587 11.480987548828125 -0.07044495642185211
-0.5145125985145569 11.523452758789062 0.5842658281326294
-0.12754791975021362 11.517889976501465 -0.00025274045765399933
-0.6679994463920593 11.531105995178223 0.8380349278450012
-1.3964420557022095 11.554708480834961 1.2869668006896973
0.5861439108848572 11.563365936279297 1.1066619157791138
-1.1143006086349487 11.571954727172852 -0.03249405324459076
