453
-1.702515721321106 0.686149537563324 1.0766113996505737
-1.5682759284973145 0.3468768298625946 -0.17840300500392914
-1.0993436574935913 0.6512424945831299 0.4313555955886841
0.47027793526649475 0.945553183555603 0.11023023724555969
-1.629104733467102 0.4689435064792633 0.16258785128593445
-0.9205567240715027 0.3373897075653076 -0.8173617124557495
-0.3203073740005493 0.3117994964122772 0.6503947377204895
-1.7682156562805176 0.3742205798625946 1.369861125946045
-0.6091827154159546 0.28764525055885315 -0.6747345924377441
-0.6200059056282043 0.5878905057907104 -0.8770581483840942
0.5672438740730286 0.663452684879303 -0.3415207266807556
-1.8952769041061401 0.7163622975349426 -0.11615893244743347
-1.6094938516616821 0.5248154997825623 0.4081338047981262
-1.922865629196167 0.6206313371658325 0.03345026075839996
-1.2169302701950073 0.45392197370529175 1.2308791875839233
-1.957557201385498 0.301722913980484 0.20492561161518097
-1.9613211154937744 0.6756667494773865 0.3577914834022522
0.10027597099542618 0.6619280576705933 -0.3564731478691101
-0.6338037848472595 0.6804705262184143 -0.7954937815666199
-1.5532708168029785 0.31323134899139404 0.7581504583358765
0.027093563228845596 0.33437439799308777 1.0406242609024048
0.8390625715255737 0.41207942366600037 -0.37022799253463745
0.783313512802124 0.8303683400154114 -0.08122105896472931
-2.1964714527130127 0.3529652953147888 0.177003413438797
-0.8096709251403809 0.37642356753349304 0.7728294134140015
-0.08516640216112137 0.54481041431427 -0.8952437043190002
-1.4882712364196777 0.5547121167182922 1.6444915533065796
-2.144305944442749 0.546108067035675 0.14664021134376526
0.7569531798362732 0.7811124920845032 -0.514861524105072
-0.9803076386451721 0.4535228908061981 0.8541393876075745
-0.7076879739761353 0.2898728847503662 -0.8849088549613953
0.6213238835334778 0.542194664478302 0.871634304523468
0.5068801641464233 0.6812430024147034 0.9943532347679138
-1.240722417831421 0.39560016989707947 0.8914347290992737
-1.3602455854415894 0.6518399715423584 0.8535242676734924
-1.1832351684570312 0.3817404806613922 1.5023603439331055
0.7108660936355591 1.019314169883728 -0.030371546745300293
-1.8872736692428589 0.564546525478363 -0.18654808402061462
0.6063034534454346 0.591208279132843 -0.6945044994354248
-1.4423967599868774 0.3849160671234131 -0.18290942907333374
-1.46044921875 0.34975603222846985 1.468346118927002
0.5773100852966309 0.38238686323165894 0.8292868733406067
-0.8198778629302979 0.4028415083885193 -0.7232255935668945
0.20763957500457764 0.33586353063583374 0.9537914395332336
-0.47892653942108154 0.31796208024024963 -0.6657325625419617
0.10004181414842606 0.831298828125 -0.9252011775970459
-1.3560339212417603 0.6583408713340759 0.9969388842582703
-1.64805269241333 0.3739224076271057 0.6120753884315491
-0.4192710518836975 0.35798564553260803 0.058987244963645935
-1.0268299579620361 0.30842164158821106 -0.11393401026725769
-1.3018306493759155 0.578071653842926 -0.3236885666847229
-0.5420805215835571 0.36775723099708557 0.2594609260559082
-0.6065065860748291 0.3709683120250702 -0.30705368518829346
-1.4599974155426025 0.5812521576881409 1.2768590450286865
-0.7805428504943848 0.37040650844573975 0.10495789349079132
0.6527801752090454 0.5186156034469604 1.4354112148284912
-0.769834041595459 0.42953985929489136 0.6252256631851196
0.09219809621572495 0.3749817907810211 -0.10313309729099274
-1.0434638261795044 0.37508177757263184 -0.8085171580314636
-2.1177964210510254 0.3656459152698517 0.3206278085708618
-0.7930698394775391 0.48148584365844727 -0.13476987183094025
-0.25675129890441895 0.5194927453994751 -0.25773927569389343
-0.6275546550750732 0.7982087135314941 -0.5488529205322266
-1.089330792427063 0.3570176064968109 -0.6925541162490845
-1.5242259502410889 0.39120033383369446 1.5952197313308716
-1.4335330724716187 0.4119430184364319 -0.3423363268375397
0.7695875763893127 1.0669411420822144 1.3714348077774048
-1.8163340091705322 0.41822540760040283 1.2894710302352905
-1.3321473598480225 0.3141576647758484 1.3979122638702393
0.6479178667068481 0.36775481700897217 0.5732629299163818
-0.13513362407684326 0.7226629853248596 1.6364346742630005
-1.5009710788726807 0.40696877241134644 0.0962936133146286
-0.42917484045028687 0.5265443921089172 -0.6387225389480591
0.35801565647125244 0.40144622325897217 1.14286208152771
0.6998544931411743 0.8629575967788696 1.25273597240448
-1.7951316833496094 0.5325871109962463 1.094243049621582
0.8367934226989746 1.1768112182617188 1.1543207168579102
0.6273176074028015 1.2257477045059204 1.1850700378417969
-0.8356046676635742 0.7230964303016663 -0.80952388048172
-0.8142920732498169 0.3080238997936249 0.31349384784698486
0.7498964667320251 1.214324712753296 1.054933786392212
0.4855498671531677 0.4646966755390167 0.8222562670707703
-1.0142873525619507 0.39511004090309143 0.554405152797699
-1.4130418300628662 0.35718777775764465 0.41342684626579285
-0.6472710967063904 0.6987111568450928 1.5846843719482422
0.3340282142162323 0.40829458832740784 0.08775831758975983
0.5924139022827148 0.992700457572937 1.2934130430221558
-2.043020009994507 0.4146448075771332 0.4694337248802185
-0.986497163772583 0.7820946574211121 -0.6113224625587463
-0.5542742013931274 0.2967698574066162 -0.09701260924339294
0.8347617983818054 0.9221984148025513 1.263782262802124
-0.04958505555987358 0.3090294599533081 0.35794752836227417
0.010877247899770737 0.73838210105896 1.7118147611618042
-0.3312762975692749 0.6739071607589722 -0.5857108235359192
-1.0843197107315063 0.5138832926750183 -0.7743619680404663
-0.8532288074493408 0.5517804622650146 -0.40178313851356506
-1.7390698194503784 0.4668828845024109 0.5531345009803772
-0.5629916787147522 0.6085872650146484 -0.2553670406341553
0.08632569015026093 0.48641592264175415 0.40971919894218445
0.035515088587999344 0.7540578842163086 1.7486364841461182
-0.7984766960144043 0.7098824977874756 1.5346612930297852
-0.8169147372245789 0.774197518825531 -0.5876182913780212
-0.675674557685852 0.8213080763816833 1.679872989654541
-0.4629579186439514 0.9130412936210632 0.5654243230819702
-1.8508692979812622 0.4669460356235504 0.9147801995277405
-0.3457057774066925 0.6732447147369385 1.6685506105422974
0.8585881590843201 0.8340581655502319 0.5837638974189758
-1.6850547790527344 0.33098047971725464 1.4925572872161865
-1.366432785987854 0.6408885717391968 0.7338752150535583
0.679002046585083 0.972302258014679 1.0911643505096436
-1.2458851337432861 0.5237706899642944 -0.5821877717971802
-1.2336132526397705 0.5748062133789062 0.6369114518165588
-0.07269677519798279 0.9727676510810852 -0.5263575315475464
-0.5347632169723511 0.9071652293205261 1.722158432006836
0.2843434810638428 0.7842109799385071 1.4466633796691895
-1.8329298496246338 0.5722103714942932 0.5281317234039307
-0.47301170229911804 0.340548574924469 0.515566885471344
-1.3292921781539917 0.5739670395851135 0.07504584640264511
0.8538698554039001 1.1496663093566895 0.25789204239845276
-0.9522249698638916 0.48828718066215515 0.3336767256259918
-0.8939834833145142 0.6639338135719299 1.2363580465316772
-1.5704654455184937 0.5567335486412048 -0.32440444827079773
-1.1298208236694336 0.5694828033447266 -0.5908511281013489
-1.8689912557601929 0.578144371509552 0.8284977674484253
0.8368446230888367 0.9073877930641174 0.42705464363098145
-0.06013171374797821 0.3228773772716522 0.9412844777107239
-0.6626693606376648 0.5498567223548889 0.8227146863937378
-0.7088524699211121 0.30630967020988464 -0.24220030009746552
-1.132481575012207 0.4650234878063202 -0.0276680625975132
-1.1705909967422485 0.5258917808532715 0.1730956882238388
-0.9148306846618652 0.711388349533081 1.1317195892333984
-0.37909233570098877 0.44540372490882874 -0.3165748119354248
-1.252882480621338 0.7001215219497681 -0.3573998808860779
0.6142445206642151 0.8619181513786316 -0.423446923494339
0.05133625864982605 0.4336283802986145 0.9655827283859253
0.7500699162483215 0.930971086025238 0.15297122299671173
-0.905506432056427 0.5927780866622925 0.9890451431274414
-0.511258065700531 0.29662370681762695 0.16051551699638367
-0.5338823199272156 0.6423885822296143 0.7598164081573486
0.38411691784858704 0.6761143803596497 -0.9508235454559326
0.7852830290794373 0.6643593311309814 0.43548011779785156
0.07436288893222809 0.48378345370292664 0.2651402950286865
0.7140783071517944 0.5110857486724854 -0.3357776403427124
-0.663486123085022 0.39065873622894287 0.46076443791389465
0.903752863407135 0.6933356523513794 0.14505614340305328
0.24748487770557404 0.8924656510353088 -0.9931507110595703
-0.18931126594543457 0.7399342060089111 -0.8240687251091003
-0.06472279876470566 0.614805281162262 1.011817216873169
-0.22104863822460175 0.861034095287323 -0.7697792053222656
0.34919261932373047 0.36181941628456116 -0.5637578964233398
0.3546355962753296 0.3334539532661438 -0.11503565311431885
-0.30843839049339294 0.39527997374534607 0.7566232681274414
0.39860111474990845 0.567645251750946 0.5034313797950745
-0.40838029980659485 0.4290197491645813 0.9897081851959229
0.16832327842712402 0.5777916312217712 0.8618074059486389
0.2107991874217987 0.4983254671096802 0.6293362975120544
-0.06698855757713318 0.5569725036621094 -0.09513253718614578
-0.5160837769508362 0.8829529285430908 0.5735950469970703
-0.5319902300834656 0.7674841284751892 0.2635347843170166
0.41836047172546387 0.34260809421539307 0.666386067867279
-0.09001147747039795 0.4172932505607605 0.7830323576927185
-0.3815482258796692 0.48166424036026 0.8929395079612732
-0.42529961466789246 0.5701254606246948 0.13340723514556885
-0.08253403007984161 0.36201271414756775 -0.3629457354545593
0.252733439207077 0.7024363279342651 0.8445226550102234
-0.32516419887542725 0.3960232138633728 0.7255420088768005
-0.170835942029953 0.48849374055862427 0.9871649146080017
0.05118303745985031 0.43055084347724915 -0.045840468257665634
0.19327732920646667 0.5395172238349915 0.4954546093940735
0.43242987990379333 0.37438878417015076 0.3086937665939331
-0.07949534058570862 0.5225292444229126 0.08510752767324448
-0.29643508791923523 0.429288387298584 0.32368218898773193
-0.3559134602546692 0.6981322169303894 0.9103302955627441
-0.14632387459278107 0.8140047788619995 0.9146521687507629
0.24408255517482758 0.542585015296936 0.20289061963558197
0.41236719489097595 0.6919805407524109 0.4960654675960541
-0.0371289998292923 0.7246294021606445 -0.04097535461187363
0.2212091088294983 0.6285583972930908 0.05526162311434746
-0.6043892502784729 0.6530871391296387 0.3684927225112915
-1.2067570686340332 2.153909683227539 0.3769874572753906
0.2975846827030182 0.7672025561332703 0.177981436252594
-0.514072597026825 0.5272730588912964 0.43374571204185486
0.27300137281417847 0.848637580871582 0.6908755898475647
0.15468105673789978 1.0079147815704346 0.5733137130737305
-0.3172011077404022 0.8988214135169983 0.10836274176836014
-0.945938766002655 2.0744028091430664 0.13436071574687958
-0.34910520911216736 0.7225043773651123 0.040775805711746216
-0.2760229706764221 0.9627424478530884 0.647491455078125
0.07194459438323975 0.8393657207489014 0.8614653944969177
0.19295740127563477 0.9403297901153564 0.16807255148887634
0.34608525037765503 0.8630107641220093 0.4244668483734131
-0.18969008326530457 0.6112760305404663 -0.0313972607254982
-0.03438105061650276 0.8790061473846436 0.012897300533950329
-0.007857823744416237 0.3942651152610779 0.24328327178955078
-0.7908951044082642 2.1537270545959473 0.13385114073753357
-1.0522578954696655 2.0479323863983154 0.27154621481895447
-0.9997485280036926 2.142200231552124 0.47488167881965637
-0.5542187690734863 2.2568867206573486 1.0768696069717407
-1.166475534439087 2.296076774597168 0.5341892242431641
-0.08012213557958603 1.0510197877883911 0.5356612801551819
-1.309905767440796 2.2823739051818848 0.2161208838224411
-1.1799793243408203 2.1268393993377686 0.1484573930501938
-0.4560006558895111 2.313194990158081 0.959838330745697
-0.26655977964401245 1.0272572040557861 0.308122843503952
-0.7249314785003662 2.328583240509033 1.0441817045211792
-0.6076945662498474 2.445422649383545 1.3052366971969604
-0.8758805990219116 2.262765407562256 0.5765259265899658
-0.39266231656074524 2.3604586124420166 1.1912217140197754
-0.32327553629875183 2.434129238128662 0.996109664440155
-0.7284486293792725 2.6132097244262695 1.1522598266601562
-1.1609797477722168 2.5261471271514893 0.4813506305217743
0.017193282023072243 1.068537950515747 0.2638309597969055
-0.5690721869468689 2.3183820247650146 1.209499716758728
-0.9835928082466125 2.1965391635894775 -0.031626779586076736
-1.1694085597991943 2.280752420425415 -0.020560918375849724
-0.3195110261440277 3.9211225509643555 0.7234101891517639
-0.24971282482147217 3.6315512657165527 0.5473483800888062
-0.43094900250434875 3.6836249828338623 0.27038711309432983
-0.1054806262254715 3.9440245628356934 -0.030767016112804413
-0.4730423390865326 2.619105577468872 0.8652925491333008
-0.603448212146759 2.3060762882232666 0.8722985982894897
-0.7919093370437622 2.576265811920166 0.21931660175323486
-0.2986755073070526 3.7147905826568604 0.06194492429494858
-0.5662084221839905 3.9007568359375 0.4409744143486023
-0.7137171626091003 2.315460681915283 0.0943417102098465
-1.2248989343643188 2.518899440765381 0.08699308335781097
-0.4646901786327362 3.864866018295288 0.15745703876018524
-0.4750879108905792 3.759786605834961 0.49240800738334656
-1.0271263122558594 2.6551196575164795 0.3035391569137573
-0.9027543067932129 2.4443202018737793 -0.052982114255428314
-0.36921176314353943 2.5961217880249023 1.226245403289795
-0.04785279184579849 3.762075424194336 0.007581059820950031
-0.7236646413803101 2.3111746311187744 0.44643867015838623
0.15517643094062805 3.7200193405151367 0.16327793896198273
-0.7633875012397766 2.3899354934692383 0.8279094099998474
-0.8396914601325989 2.1043567657470703 0.33132654428482056
-0.01693633571267128 3.6597800254821777 0.1672409474849701
0.10605203360319138 3.6301023960113525 0.36216655373573303
-0.06864048540592194 3.9058852195739746 0.7113824486732483
0.2309042066335678 3.7982935905456543 0.38282695412635803
-0.014711308293044567 3.6071643829345703 0.4597291350364685
-0.29272401332855225 3.598752975463867 0.25955289602279663
-0.17278243601322174 3.5615715980529785 0.35463324189186096
-0.7910115122795105 4.824910640716553 1.2827004194259644
-0.2872183322906494 4.082207202911377 0.06198684126138687
-0.25759369134902954 3.7363531589508057 0.6574335098266602
-0.5732707977294922 4.069899559020996 0.4313437044620514
0.16318438947200775 3.9209847450256348 0.06328720599412918
-0.9629161953926086 4.662191867828369 1.0950651168823242
-0.36722323298454285 5.224756717681885 0.4992530643939972
-0.8305447101593018 4.632657051086426 1.1956874132156372
-0.4557357430458069 4.174440383911133 0.23552122712135315
0.07562801241874695 3.936821937561035 0.634246289730072
-0.7767466902732849 4.629279613494873 1.2071654796600342
-0.26579731702804565 5.241567611694336 0.3931559920310974
-0.2562345564365387 4.248528003692627 0.48823273181915283
-1.306593418121338 4.676118850708008 -0.3978971242904663
-0.3257778286933899 4.1332879066467285 0.6805928349494934
-1.2475656270980835 4.692835330963135 -0.41362264752388
-0.9224028587341309 4.703564643859863 1.1684987545013428
-0.4833275079727173 5.272093296051025 0.5693238377571106
-0.798418402671814 4.658152103424072 1.1512871980667114
-0.3025454580783844 5.247081279754639 0.6341305375099182
-0.2567382752895355 5.781849384307861 0.15444712340831757
0.10891471803188324 4.148605823516846 0.24189065396785736
-0.03234441205859184 5.7368316650390625 0.7072680592536926
-0.583914577960968 5.373127460479736 0.5636167526245117
-0.11298321187496185 5.326476097106934 0.5893549919128418
-0.06339213252067566 5.538815975189209 0.7336358428001404
-0.296563982963562 5.434964179992676 0.18870793282985687
-0.015470010228455067 5.536745071411133 0.26747795939445496
-0.26895514130592346 5.402998447418213 0.786766767501831
0.18381693959236145 3.9863898754119873 0.5000999569892883
0.04421275854110718 5.445995330810547 0.44563376903533936
0.04993395879864693 5.756449222564697 0.3909298777580261
-0.6094259023666382 5.775368690490723 0.4061906337738037
-0.14153999090194702 4.239043235778809 0.23661574721336365
-0.3700854182243347 5.614053249359131 0.1327102780342102
-0.5812740325927734 5.498601913452148 0.3115728199481964
-0.3969798684120178 5.723893165588379 0.8379936218261719
-0.4451410174369812 5.982461929321289 0.28664761781692505
-0.6319125294685364 5.628528118133545 0.581849217414856
-0.20569004118442535 6.036073207855225 0.2370724231004715
-0.020689859986305237 5.948990821838379 0.36324068903923035
-0.12054060399532318 5.888282775878906 0.8158367276191711
-0.26161304116249084 5.373323917388916 0.2928009033203125
-0.5617356896400452 5.940301895141602 0.2591196298599243
-0.10901102423667908 6.314902305603027 0.47828757762908936
-0.08538509160280228 6.176309585571289 0.8169378042221069
-0.39528295397758484 6.280812740325928 0.35889923572540283
-0.03745046257972717 6.061634540557861 0.6220287084579468
-0.5841888189315796 5.930090427398682 0.6020162105560303
-0.4417096674442291 5.5544281005859375 0.811092734336853
-0.5942479968070984 6.23113489151001 0.7013407945632935
-0.3888435363769531 6.283990383148193 0.9476091861724854
-0.5757659077644348 6.280745506286621 0.5218066573143005
-0.4905674457550049 6.10636568069458 0.8426441550254822
-0.4833262860774994 6.63386869430542 0.4696267545223236
-0.3568875789642334 6.596700668334961 1.0022817850112915
-0.3535819351673126 5.958254814147949 0.8622138500213623
-0.11476021260023117 6.6321492195129395 0.4604644775390625
-0.22674782574176788 6.357973098754883 0.9799355268478394
-0.285159170627594 6.4354987144470215 0.36223292350769043
-0.384314626455307 6.924216270446777 0.40477868914604187
-0.437315434217453 7.171514987945557 0.29796847701072693
-0.25478866696357727 7.300775527954102 0.4368748962879181
-0.5746704936027527 6.725669860839844 0.6397846341133118
-0.562507688999176 7.436001777648926 0.12998104095458984
-0.08988222479820251 6.447824478149414 0.8310327529907227
-0.3972246050834656 7.444443225860596 0.20259371399879456
-0.7160578370094299 7.353494167327881 0.234498530626297
-0.59245765209198 7.089466094970703 0.41287660598754883
-0.5495145320892334 6.5240888595581055 0.8241167664527893
-0.15793539583683014 6.889712333679199 0.6245022416114807
-0.09507341682910919 6.628556251525879 0.745837390422821
-0.3082960546016693 6.834437847137451 0.9298387765884399
-0.41267234086990356 7.7070488929748535 0.10630672425031662
-0.6046102643013 7.030807018280029 0.8853148818016052
-0.5211228132247925 6.872838497161865 0.8865268230438232
-0.30125996470451355 7.210371494293213 0.748256266117096
-0.48697689175605774 7.246081829071045 0.8856121301651001
-0.7144704461097717 7.2089996337890625 0.4375900626182556
-0.3063047230243683 7.5572309494018555 0.45933452248573303
-0.16646185517311096 7.043658256530762 0.5407096147537231
-0.35511741042137146 7.871125221252441 0.1674569994211197
-0.5879353880882263 7.742779731750488 0.053421251475811005
-0.3710927367210388 7.800169467926025 0.4652366042137146
-0.7782676815986633 7.388028144836426 0.7014128565788269
-0.724787712097168 7.252679347991943 0.6091532111167908
-0.6573677062988281 8.226790428161621 0.7443403601646423
-0.5470812320709229 8.150816917419434 0.8262729644775391
-0.8005220293998718 7.508242130279541 0.29339152574539185
-0.8296290040016174 7.755393981933594 0.40605616569519043
-0.5022591352462769 8.04832649230957 0.057390108704566956
-0.8622761964797974 7.824893474578857 0.5164226293563843
-0.46853649616241455 7.460936546325684 0.8006638884544373
-0.346543550491333 8.05628490447998 0.07346371561288834
-0.8167373538017273 7.5985589027404785 0.7108725905418396
-0.744253396987915 7.803683757781982 0.17122042179107666
-0.3987540304660797 8.34361743927002 0.13765797019004822
0.01489080861210823 9.000880241394043 0.529895544052124
-0.5225704312324524 7.793996810913086 0.6719835996627808
-0.6646391153335571 7.715758323669434 0.8265678882598877
-0.9490668177604675 9.041783332824707 0.4065721929073334
-0.973998486995697 9.067488670349121 0.32145342230796814
0.0819757804274559 9.004742622375488 0.7406374216079712
-0.5173706412315369 8.210306167602539 0.6939015984535217
-0.08983960747718811 8.629514694213867 0.24906258285045624
-0.2708437740802765 8.175312042236328 0.0009661204530857503
-0.13559363782405853 8.973515510559082 0.8393875956535339
-0.14638584852218628 8.371938705444336 -0.020992273464798927
-1.1419135332107544 9.484552383422852 0.45075637102127075
-0.18002857267856598 8.274999618530273 0.12138618528842926
-0.5681620836257935 8.008445739746094 0.8062005043029785
-0.8130441308021545 8.514927864074707 0.48331502079963684
-0.7944391965866089 9.095258712768555 0.4131019413471222
-0.7924533486366272 9.0750150680542 0.32000985741615295
-0.25254103541374207 9.110421180725098 0.8426398038864136
-0.05749724805355072 8.876044273376465 0.6948463320732117
-0.04487095773220062 8.96237564086914 0.8690505027770996
-1.074176549911499 9.352006912231445 0.16076058149337769
-0.21946759521961212 8.539045333862305 0.03598746657371521
-0.0641290619969368 8.47073745727539 0.12497702986001968
-0.7964685559272766 9.376721382141113 0.08787865936756134
-0.6988076567649841 9.296066284179688 0.5684269070625305
-0.692037045955658 9.33010482788086 0.18735942244529724
-1.1092326641082764 9.197721481323242 0.40210428833961487
0.13384418189525604 9.096168518066406 0.6061348915100098
-0.1880357563495636 9.017545700073242 0.6521040201187134
-0.7650147676467896 9.777053833007812 0.9525826573371887
-0.5617448091506958 9.768980026245117 0.6886134147644043
-0.7221924066543579 9.518169403076172 0.07851856201887131
-0.23111286759376526 10.012578010559082 0.055186402052640915
-1.0246326923370361 9.755838394165039 0.13387493789196014
-0.6909379363059998 9.855422973632812 0.514344334602356
-0.6483306884765625 9.851242065429688 0.09111621975898743
-0.6904376745223999 9.693209648132324 0.8762661814689636
-0.9094517827033997 9.803730964660645 0.822515606880188
-0.8091238737106323 10.044318199157715 0.2145451009273529
-0.9441797137260437 9.586813926696777 0.5920528173446655
-0.8279599547386169 9.80626106262207 0.22779904305934906
0.028444115072488785 9.270594596862793 0.8353306651115417
-0.5029287934303284 9.918722152709961 0.047842975705862045
-0.20097175240516663 10.044672966003418 -0.06848351657390594
-0.19018647074699402 9.913167953491211 -0.10675835609436035
-0.921289324760437 9.433844566345215 0.572982907295227
-0.5901103615760803 9.77666187286377 0.32952913641929626
-0.15989282727241516 9.88884449005127 0.019955117255449295
-0.69253009557724 9.988533973693848 1.0011481046676636
-0.7429260611534119 10.118575096130371 0.8629713654518127
0.254691481590271 10.399971008300781 0.9943969249725342
-0.9639292359352112 9.70503044128418 0.5814182162284851
-0.5537858605384827 9.9586820602417 0.751850426197052
0.1448696106672287 10.625465393066406 1.0812547206878662
-0.8569671511650085 10.584939002990723 0.9778599739074707
-0.06223570182919502 10.129796981811523 0.07631010562181473
-0.737931489944458 10.246829986572266 -0.09830246865749359
-0.6063269376754761 10.300519943237305 -0.11595573276281357
-0.6995483636856079 10.192482948303223 0.03718958795070648
-0.6705131530761719 10.239582061767578 0.8243402242660522
-0.765783429145813 10.509918212890625 -0.1263730823993683
0.18208496272563934 10.447144508361816 0.04886764660477638
0.28784653544425964 10.345184326171875 0.06312082707881927
-0.6887345910072327 10.398778915405273 0.022902343422174454
0.2638814449310303 10.738452911376953 0.9462819695472717
-0.8664588332176208 10.470133781433105 0.887762188911438
-0.9588189125061035 10.533747673034668 0.9853498935699463
-0.6189752817153931 10.419371604919434 0.8699106574058533
-0.6567756533622742 10.360928535461426 0.7386144399642944
0.2890183925628662 10.509037017822266 0.10829837620258331
-0.026846084743738174 10.922836303710938 1.1093189716339111
-0.7464566230773926 10.694397926330566 -0.2023579478263855
0.2529435157775879 10.830608367919922 1.1633741855621338
-0.667894184589386 10.592926979064941 -0.12880060076713562
0.34541961550712585 10.803094863891602 0.24914248287677765
0.028737783432006836 10.930455207824707 1.069918155670166
0.1380506157875061 10.965250015258789 1.1611480712890625
-0.9780409932136536 10.817017555236816 1.0278170108795166
-0.2090470790863037 10.99090576171875 0.8138789534568787
-0.8513402342796326 10.878816604614258 0.9792476296424866
-0.793533444404602 10.860283851623535 -0.16276250779628754
0.33635208010673523 10.958491325378418 1.2538782358169556
-0.42771658301353455 10.917675018310547 0.7370580434799194
0.402785062789917 11.076722145080566 1.0833865404129028
-0.3905555307865143 11.094828605651855 0.7881441116333008
-0.919855535030365 11.077691078186035 -0.05314917862415314
0.2791299819946289 11.109140396118164 1.122675895690918
-0.981582760810852 11.250907897949219 -0.02386169508099556
0.07340268790721893 11.15720272064209 0.8703576922416687
0.3348633944988251 11.212175369262695 0.02643861249089241
0.31519854068756104 11.254363059997559 -0.49723419547080994
-0.9736493229866028 11.288941383361816 -0.15522795915603638
0.0354633592069149 11.246646881103516 0.7927700281143188
-0.015822624787688255 11.279616355895996 0.7561957240104675
-0.3399257957935333 11.356165885925293 0.5857952237129211
-1.3771270513534546 11.30746841430664 0.1359296441078186
0.2953055500984192 11.290243148803711 0.38430023193359375
-0.8437826037406921 11.311492919921875 1.1864542961120605
0.41644084453582764 11.328472137451172 0.8618863821029663
-1.2510502338409424 11.43222427368164 0.27056941390037537
-0.36371320486068726 11.374300003051758 1.1356680393218994
-0.7737900614738464 11.380583763122559 0.012517975643277168
-0.49687227606773376 11.432869911193848 0.61276775598526
-0.37898069620132446 11.498148918151855 -0.01051198411732912
-0.36400336027145386 11.522443771362305 -0.2050594538450241
-0.4047124981880188 11.483590126037598 -0.06364784389734268
-1.1301664113998413 11.5259370803833 -0.40592217445373535
-0.42940014600753784 11.505331039428711 0.5410500764846802
-1.2389819622039795 11.52742862701416 1.446635365486145
-0.6179830431938171 11.558034896850586 0.20174559950828552
-0.36913877725601196 11.558555603027344 -0.013155615888535976
-1.2377047538757324 11.56922721862793 0.7159566879272461
-0.2243393361568451 11.580388069152832 -0.017537472769618034
