1103
-2.386474370956421 0.2846062183380127 1.5953147411346436
-2.3863744735717773 0.2845063805580139 -0.7590112686157227
-2.3863744735717773 0.6047205924987793 0.6275933980941772
0.9210299253463745 0.5618754625320435 -0.89295494556427
-2.1345274448394775 0.284606397151947 0.05446935445070267
-1.3417253494262695 0.2845063805580139 -1.205301284790039
-0.42731165885925293 0.284606397151947 1.0323312282562256
-1.0242578983306885 0.284606397151947 -0.9258185625076294
-0.963028073310852 0.2845063805580139 -1.2052973508834839
0.9210317134857178 0.2845063805580139 -1.205336332321167
-2.38637638092041 0.2845063805580139 -0.26503753662109375
-2.3863754272460938 0.2845063805580139 0.2682361602783203
-2.3863744735717773 0.2845063805580139 -0.4986238479614258
-1.8002510070800781 0.2845063805580139 2.1412057876586914
-2.3863754272460938 0.2845063805580139 -0.016683578491210938
-2.386474609375 0.2846064567565918 0.6740920543670654
0.6532655954360962 0.2846064567565918 -1.2053992748260498
-0.5569920539855957 0.2845063805580139 -1.2052971124649048
-2.1571505069732666 0.284606397151947 1.3433295488357544
0.12735271453857422 0.2845063805580139 2.1412086486816406
0.9210309982299805 0.2845063805580139 -0.8915604948997498
0.9210302829742432 0.2845063805580139 -0.7396669387817383
-2.3863754272460938 0.2845063805580139 0.1259908676147461
-1.5615286827087402 0.284606397151947 1.8680648803710938
-0.4323091506958008 0.2845063805580139 -1.2052969932556152
-2.3695592880249023 0.2845063805580139 2.141206741333008
-2.38637638092041 0.2845063805580139 -0.13630199432373047
0.9210318326950073 0.2845063805580139 -0.9959524869918823
-2.1481730937957764 0.284606397151947 1.7141917943954468
-1.0945460796356201 0.2845063805580139 -1.2052983045578003
0.9210309982299805 0.2845063805580139 1.3618907928466797
0.9210300445556641 0.5450854897499084 1.5238487720489502
-1.91444730758667 0.284606397151947 1.7063069343566895
-2.3863744735717773 0.5502511262893677 1.7392301559448242
-2.1796908378601074 0.2846078872680664 2.141308307647705
0.9211299419403076 0.2846064567565918 -0.6780011653900146
-2.3863744735717773 0.2845063805580139 -0.6332120895385742
0.9211101531982422 0.2846064567565918 -1.2053993940353394
-2.3863744735717773 0.2845063805580139 -0.8727340698242188
-1.9449743032455444 0.28460800647735596 2.141308307647705
0.9211300611495972 0.28460657596588135 0.8818256855010986
-1.4527029991149902 0.2846064567565918 -1.2053985595703125
0.2324991375207901 0.284606397151947 1.518865704536438
-0.6178907155990601 0.284606397151947 -0.9379899501800537
0.39112699031829834 0.2845063805580139 -1.2052974700927734
-2.386474370956421 0.2845916748046875 2.1412081718444824
-2.117326259613037 0.284606397151947 0.9499399065971375
-0.4767133295536041 0.284606397151947 -0.7387412190437317
-2.3863742351531982 0.5885567665100098 -1.2053983211517334
-2.386474609375 0.2997698187828064 -1.2052984237670898
-1.7204556465148926 0.284606397151947 -0.51462322473526
-1.5078668594360352 0.284606397151947 -0.9126042127609253
-2.386474370956421 0.2846064567565918 1.6879782676696777
-1.9931961297988892 0.284606397151947 -0.6810547113418579
0.9211301207542419 0.2846065163612366 2.038374662399292
-1.929572343826294 0.284606397151947 1.3521411418914795
0.30392295122146606 0.284606397151947 -0.8832954168319702
-1.536957025527954 0.2846066951751709 -1.2053985595703125
-2.3863744735717773 0.2845063805580139 0.5215654373168945
-1.6818625926971436 0.284606397151947 -0.7120742797851562
-0.11563460528850555 0.284606397151947 -0.9983333349227905
-1.2611899375915527 0.284606397151947 -0.9826022386550903
-1.879396915435791 0.2846064567565918 -1.205398440361023
-2.3863744735717773 0.2845063805580139 -1.205388069152832
0.9211300611495972 0.28460657596588135 1.7735543251037598
-2.3863754272460938 0.2845063805580139 1.7961835861206055
-2.032825469970703 0.284606397151947 1.8795393705368042
0.9211300611495972 0.2846064567565918 1.107041358947754
-0.1209414005279541 0.2846064269542694 2.141308307647705
-2.38637638092041 0.2845063805580139 -0.3787202835083008
0.5475683212280273 0.2845063805580139 2.141207695007324
0.9210300445556641 0.2845592498779297 2.141308307647705
-2.3863744735717773 0.2845063805580139 1.4834060668945312
0.9211300611495972 0.2846065163612366 1.677871823310852
0.6292446851730347 0.284606397151947 1.829898476600647
-1.2228498458862305 0.2846066951751709 -1.205398678779602
-1.9688011407852173 0.284606397151947 -0.12220293283462524
0.9211300611495972 0.28460657596588135 1.4628709554672241
0.9210300445556641 0.2845063805580139 1.5730133056640625
-1.8461313247680664 0.284606397151947 1.1829537153244019
-2.1155734062194824 0.284606397151947 0.7277734875679016
-1.3263784646987915 0.2846062183380127 2.141308307647705
0.9211299419403076 0.2846066951751709 -0.5862476825714111
0.9210309982299805 0.2845063805580139 2.141263008117676
-2.3863754272460938 0.2845063805580139 0.9350090026855469
-1.7736968994140625 0.2846064567565918 -1.2053985595703125
-1.3339940309524536 0.284606397151947 -0.7831738591194153
0.9210281372070312 0.2845063805580139 1.877436637878418
0.24022606015205383 0.809786319732666 2.1412081718444824
-0.37069231271743774 0.2846064567565918 2.141308307647705
-0.01222383975982666 0.28460633754730225 -1.2053990364074707
-1.678215503692627 0.2846062183380127 -1.2053985595703125
-1.9748082160949707 0.284606397151947 -0.9158176183700562
-2.386474370956421 0.2846064567565918 0.7812058925628662
-1.8712210655212402 0.5892789959907532 -1.2052985429763794
0.5107402205467224 0.284606397151947 0.45856454968452454
-1.4439611434936523 0.2845063805580139 2.141207695007324
-1.9545717239379883 0.2845063805580139 -1.2052984237670898
-0.6585867404937744 0.2846081256866455 2.141308307647705
-2.386375904083252 0.68205726146698 2.141308307647705
-2.3863744735717773 0.2845063805580139 1.3134841918945312
-0.7706202268600464 0.2846040725708008 2.141308307647705
0.9211300015449524 0.28460657596588135 0.6512918472290039
-2.386474370956421 0.2846064567565918 1.9143741130828857
-2.0904290676116943 0.284606397151947 1.1490803956985474
0.9211300015449524 0.28460633754730225 0.04096484184265137
-2.359272003173828 0.2845063805580139 -1.2052984237670898
-2.3863744735717773 0.5115528702735901 1.2313374280929565
-0.6970078945159912 0.28460633754730225 -1.2053987979888916
-0.8811311721801758 0.2846078872680664 2.141308307647705
0.6731247305870056 0.28460636734962463 2.141308307647705
-2.3863744735717773 0.2845063805580139 1.1828670501708984
-0.9431368112564087 0.284606397151947 1.721026062965393
-2.386474609375 0.8006507754325867 -1.2052984237670898
0.9210311770439148 0.2845063805580139 0.12598560750484467
-2.153960704803467 0.284606397151947 0.5081860423088074
-1.691830039024353 0.28460800647735596 2.141308307647705
-2.386373519897461 0.2845063805580139 -1.0033884048461914
-2.1443824768066406 0.2845063805580139 -1.2052984237670898
-2.386474370956421 0.2846064567565918 1.0593338012695312
0.9210299849510193 0.5434451699256897 -0.5520556569099426
-0.5663822293281555 0.284606397151947 1.8711122274398804
-1.2795774936676025 0.284606397151947 1.8863558769226074
-1.740903377532959 0.284606397151947 -0.9436623454093933
-2.1829071044921875 0.284606397151947 -0.8629000186920166
-2.183724880218506 0.284606397151947 -0.1931753158569336
-1.7910923957824707 0.284606397151947 1.856917142868042
-0.8961998224258423 0.2845063805580139 -1.2052963972091675
-2.017406463623047 0.2845063805580139 -1.2052984237670898
0.10621330887079239 0.5934911370277405 -1.2052991390228271
0.41168785095214844 0.2845063805580139 2.141207695007324
0.9211299419403076 0.7732272148132324 -1.2052998542785645
-1.5703868865966797 0.2846081256866455 2.141308307647705
-2.3606185913085938 0.9203245639801025 -1.2052984237670898
-2.046821117401123 0.28460609912872314 2.141308307647705
-0.3501914143562317 0.2845063805580139 -1.2052998542785645
0.9210300445556641 0.2845063805580139 1.2214136123657227
0.560974657535553 0.284606397151947 -0.09629102051258087
0.9211299419403076 0.5357701778411865 -1.2052996158599854
-1.9171299934387207 0.284606397151947 0.6147627234458923
0.9211300015449524 0.2846064567565918 -0.25365352630615234
0.2672576904296875 0.2845063805580139 -1.2053004503250122
-0.8197100162506104 0.2845063805580139 -1.2052981853485107
-0.009881019592285156 0.2845063805580139 2.141207695007324
-0.273192822933197 0.2845063805580139 -1.2052998542785645
0.825476884841919 0.2846065163612366 -1.2053992748260498
0.5297451615333557 0.284606397151947 -0.8954744338989258
-0.78622967004776 0.284606397151947 1.8785889148712158
0.9211300015449524 0.2846064567565918 0.25207042694091797
-1.0795674324035645 0.2846059799194336 2.141308307647705
0.2821771502494812 0.28460636734962463 2.141308307647705
0.4007834494113922 0.284606397151947 1.196014165878296
0.11737370491027832 0.2845063805580139 -1.2052996158599854
-2.375452995300293 0.9141786098480225 2.1411871910095215
-1.6373209953308105 0.5654339790344238 -1.2052985429763794
0.9210300445556641 0.2845063805580139 0.5543596744537354
-0.2932896912097931 0.284606397151947 1.6473333835601807
-1.869978904724121 0.2845063805580139 2.141207695007324
-0.6084747314453125 0.5231332778930664 -1.205298900604248
0.5317790508270264 0.2845063805580139 -1.2053003311157227
0.3888779878616333 0.284606397151947 1.865764856338501
-0.5824470520019531 0.2845063805580139 2.1412057876586914
-0.493812620639801 0.28460636734962463 2.141308307647705
0.4684867858886719 0.2846062183380127 -1.2053991556167603
-0.20250895619392395 0.284606397151947 0.8270204663276672
0.6165229082107544 0.284606397151947 -0.2959078550338745
0.18711745738983154 0.28460633754730225 -1.2053991556167603
-0.060917820781469345 0.284606397151947 0.2580120265483856
-1.204251766204834 0.2846081256866455 2.141308307647705
-0.16406363248825073 0.284606397151947 1.8853486776351929
0.9211300015449524 0.2846064567565918 -0.057115793228149414
0.9211300611495972 0.2846064567565918 0.7851264476776123
0.058629103004932404 0.284606397151947 -0.8523802757263184
0.9211300015449524 0.2846064567565918 -0.4815940856933594
-1.8698296546936035 0.284606397151947 0.2584136128425598
-2.386474609375 0.2846064567565918 0.39998674392700195
0.921029806137085 0.2845063805580139 -0.3697797954082489
0.2217901051044464 0.284606397151947 -0.5300139784812927
0.5809666514396667 0.284606397151947 1.38322913646698
0.9211301207542419 0.3260110318660736 2.1412081718444824
-0.34981855750083923 0.284606397151947 -0.5980579257011414
-1.4980649948120117 0.284606397151947 -0.6830839514732361
-0.8131483197212219 0.284606397151947 -0.8514790534973145
0.038246240466833115 0.284606397151947 1.6115981340408325
-0.07062219828367233 0.284606397151947 1.7333499193191528
0.6563239097595215 0.284606397151947 -0.7512060403823853
0.9211300015449524 0.28460657596588135 0.4223763942718506
-0.37414029240608215 0.284606397151947 -0.8823346495628357
-0.1456993818283081 0.284606397151947 -0.6099798679351807
0.5848632454872131 0.284606397151947 -0.5262743234634399
-1.329308032989502 0.284606397151947 -0.5728596448898315
-2.0846176147460938 0.284606397151947 0.28244006633758545
-1.9100209474563599 0.284606397151947 0.8145862817764282
-1.0823677778244019 0.5436979532241821 2.1412081718444824
-2.0475189685821533 0.284606397151947 1.541863203048706
0.6500824093818665 0.284606397151947 1.5942351818084717
-2.3863754272460938 0.2845063805580139 -0.5699729919433594
-2.117732048034668 0.284606397151947 -0.5609503984451294
0.9210281372070312 0.2845063805580139 1.2844924926757812
-0.043461017310619354 0.284606397151947 -0.45933079719543457
-1.8467215299606323 0.284606397151947 1.5360746383666992
-2.386460781097412 0.2846062183380127 2.141308307647705
-1.7534550428390503 0.284606397151947 0.9655503630638123
0.48373502492904663 0.28460636734962463 2.141308307647705
0.9210302233695984 0.8405675292015076 2.141308307647705
-2.3863744735717773 0.7494279742240906 1.8578250408172607
-2.386474370956421 0.2846064567565918 0.8576271533966064
-0.7501695156097412 0.284606397151947 -0.32419174909591675
-0.26494210958480835 0.28460636734962463 2.141308307647705
-1.8398064374923706 0.284606397151947 -0.7501552700996399
-2.3863742351531982 0.4489614963531494 -1.2053983211517334
-1.6914485692977905 0.284606397151947 1.6746914386749268
-2.3863744735717773 0.5934048891067505 -0.3958948850631714
-2.3863744735717773 0.5463027954101562 -0.8361606597900391
-1.4666157960891724 0.284606397151947 1.3162379264831543
-1.4044907093048096 0.284606397151947 1.1012526750564575
-2.3863744735717773 1.0244290828704834 -1.0032991170883179
-1.3061232566833496 0.5275552272796631 -1.205298662185669
-2.386474609375 0.28460657596588135 0.19274747371673584
-0.5509064197540283 0.701910674571991 -1.205298900604248
-2.0333304405212402 0.284606397151947 -0.3499719798564911
-1.8563679456710815 0.284606397151947 -0.2601986825466156
-2.3863744735717773 0.6155494451522827 1.0502744913101196
-1.9285838603973389 0.284606397151947 0.07238111644983292
-1.882674217224121 0.284606397151947 -0.4940395951271057
-0.7665072083473206 0.284606397151947 1.6509710550308228
0.4509078562259674 0.284606397151947 -0.6756281852722168
-1.5315316915512085 0.284606397151947 -0.4628077447414398
0.9210299253463745 0.6533312201499939 -1.2053993940353394
-1.6953109502792358 0.284606397151947 1.259552240371704
-1.9382867813110352 0.284606397151947 0.43037620186805725
0.5507910251617432 0.5945107936859131 -1.2052992582321167
0.020381174981594086 0.284606397151947 -0.08396242558956146
0.2035350799560547 0.2845063805580139 2.141207695007324
0.9211300611495972 0.28460633754730225 0.9912039041519165
0.1906282901763916 0.284606397151947 0.583526074886322
-2.2879788875579834 1.0432138442993164 -1.204219937324524
-1.075116753578186 0.6003785133361816 -1.2052987813949585
-0.984383225440979 0.2846081256866455 2.141308307647705
-0.9270108938217163 0.284606397151947 -0.6809390783309937
-1.2641133069992065 0.284606397151947 1.6981562376022339
-2.3863744735717773 0.5087119936943054 -0.15448878705501556
0.9210299253463745 0.40007513761520386 -1.2053993940353394
-1.8327478170394897 0.7156296372413635 2.1412081718444824
-1.044382929801941 0.284606397151947 1.2347025871276855
-2.3863747119903564 0.5655678510665894 2.141308307647705
-1.69831120967865 0.284606397151947 -0.26954901218414307
0.9210301041603088 0.4894116520881653 2.141308307647705
-1.45638906955719 0.284606397151947 1.711819052696228
0.007182556204497814 0.284606397151947 0.42918261885643005
-0.9782341122627258 0.284606397151947 0.8563806414604187
-2.3863744735717773 0.7474671602249146 -0.9034143090248108
-0.9727568626403809 0.284606397151947 1.5028842687606812
-2.3863742351531982 0.7009742259979248 -1.2053983211517334
-2.386474370956421 0.456418514251709 2.1412086486816406
-2.3834850788116455 0.9931490421295166 1.915762186050415
-2.386375665664673 0.7927784323692322 2.141308307647705
-0.5195949077606201 0.5971108675003052 2.1412081718444824
-0.12120290100574493 0.573853075504303 -1.2052990198135376
0.9210300445556641 0.5529887676239014 0.9623262286186218
-2.3863744735717773 0.45785579085350037 0.44886139035224915
0.9210301041603088 0.618838906288147 2.141308307647705
0.6541759371757507 0.7908535003662109 -1.2052992582321167
-0.1894642561674118 0.2846064567565918 2.141308307647705
0.9210300445556641 0.5396691560745239 1.755863070487976
0.921030580997467 0.2845063805580139 0.3451560437679291
0.9211300015449524 0.2846064567565918 -0.1632084846496582
-2.3863744735717773 0.671343207359314 -0.01845855638384819
-0.8026782274246216 0.284606397151947 0.22900302708148956
-1.9143755435943604 0.7970544695854187 -1.2052985429763794
-2.3863744735717773 0.6142677664756775 -0.6389837861061096
-1.1670056581497192 0.284606397151947 1.4064619541168213
-1.3399654626846313 0.284606397151947 -0.3690226376056671
-2.3856968879699707 0.31812649965286255 1.4109351634979248
-0.0939999520778656 0.284606397151947 -0.238119438290596
0.40668103098869324 0.284606397151947 -0.28755542635917664
0.10424582660198212 0.284606397151947 1.8634207248687744
-0.5437700748443604 0.284606397151947 -0.5587758421897888
-1.773700475692749 0.284606397151947 -0.028749214485287666
0.9210301637649536 0.9367027282714844 2.141308307647705
-0.8396509289741516 0.6075398325920105 -1.205298900604248
0.9210300445556641 0.5365052223205566 0.6979324817657471
-1.5900343656539917 0.284606397151947 1.0994205474853516
-2.0279700756073 0.5910505056381226 2.1412081718444824
-2.3863744735717773 0.6224954724311829 0.8375158905982971
-1.3835622072219849 0.310834676027298 2.1412081718444824
-2.3863744735717773 0.7477576732635498 -0.2716805934906006
-1.3288226127624512 0.284606397151947 1.493364691734314
-2.0829102993011475 0.6273516416549683 -1.2052984237670898
-0.8048286437988281 0.5580273270606995 2.1412081718444824
-0.6304715275764465 0.284606397151947 1.5193238258361816
-0.3619043231010437 0.284606397151947 0.18234644830226898
0.6275589466094971 0.6431596279144287 2.1412081718444824
0.9211299419403076 0.8920936584472656 -1.2052950859069824
0.919659435749054 1.0130349397659302 -1.1900904178619385
0.9210299849510193 0.6474644541740417 -0.37537792325019836
0.9210300445556641 0.7432909607887268 1.8291090726852417
-2.3863744735717773 0.6866775155067444 0.38372305035591125
0.9210299253463745 0.6667934656143188 -0.6961504817008972
0.9210300445556641 0.7418987154960632 1.5960923433303833
0.9210299849510193 0.5763582587242126 0.16995474696159363
-1.1800636053085327 0.284606397151947 -0.2737381160259247
0.38138002157211304 0.284606397151947 -0.0740339383482933
-2.3863744735717773 0.8258466720581055 1.6865038871765137
0.6052778363227844 0.284606397151947 1.1721625328063965
-0.01036948524415493 0.284606397151947 1.455095648765564
0.4404383599758148 0.5743691325187683 2.1412081718444824
0.9210299253463745 0.8111631870269775 -0.8733991384506226
-2.0839998722076416 0.8254314064979553 2.1412081718444824
-1.3451968431472778 0.6194544434547424 2.1412081718444824
0.9211301207542419 0.7403380870819092 2.1412084102630615
-0.2040216624736786 0.45675987005233765 2.707155704498291
-1.747571349143982 0.284606397151947 0.4440641701221466
0.4692283570766449 0.284606397151947 1.6850203275680542
0.9210300445556641 0.6082718968391418 1.172135591506958
0.9210299849510193 0.7440788149833679 0.2993457615375519
0.9210300445556641 0.9555914402008057 1.6837068796157837
-1.9432061910629272 0.9606072306632996 2.1412081718444824
-2.3863744735717773 0.6191702485084534 1.5227450132369995
-1.2669765949249268 0.284606397151947 1.2192513942718506
-0.8199414014816284 0.284606397151947 1.4273457527160645
-2.3863744735717773 0.7110937237739563 1.2823289632797241
-2.3863744735717773 0.8461670279502869 1.5148015022277832
-2.3863744735717773 0.8610004782676697 -0.6966696977615356
-1.051866054534912 0.284606397151947 1.8844974040985107
0.23599296808242798 0.5715636014938354 2.1412081718444824
-0.6946945190429688 0.284606397151947 -0.7018647193908691
-1.6848009824752808 0.284606397151947 1.4594992399215698
-2.3863744735717773 0.7995697259902954 0.9508013129234314
-1.7100683450698853 0.284606397151947 0.19584591686725616
-1.5373293161392212 0.6356891393661499 2.1412081718444824
-0.36712250113487244 0.284606397151947 1.8149935007095337
-0.8546637892723083 0.7497397065162659 2.5255913734436035
-1.3538497686386108 0.284606397151947 0.339913934469223
-1.1255134344100952 0.284606397151947 -0.7450227737426758
-1.20034921169281 0.987430989742279 2.1406023502349854
-0.3412831425666809 0.6141771078109741 -1.2052990198135376
-1.2452527284622192 0.7452874779701233 -1.205298662185669
-2.3844282627105713 0.9787508249282837 1.3031872510910034
-2.0405421257019043 0.9379076957702637 -1.2052984237670898
-2.3472840785980225 1.0583592653274536 1.7328078746795654
0.6596966981887817 0.284606397151947 0.6012570858001709
-0.036843519657850266 0.590671718120575 2.1412081718444824
0.03850816935300827 0.284606397151947 -0.6655579209327698
-0.01098354160785675 0.7497397065162659 2.5600881576538086
0.32597389817237854 0.6046020984649658 -1.2052992582321167
-2.3863744735717773 0.8668202757835388 0.4836346507072449
0.9210299849510193 0.5600453019142151 -0.14213308691978455
0.4068629741668701 0.9229910373687744 1.8138136863708496
-2.0673868656158447 0.8192638754844666 0.04962651804089546
-1.4475977420806885 0.6955787539482117 -1.205298662185669
0.6021900773048401 0.284606397151947 0.11140373349189758
-0.14063775539398193 0.28460633754730225 -1.2053990364074707
-0.6297383904457092 0.33776921033859253 2.6938226222991943
0.9210299849510193 0.5666936635971069 0.42102378606796265
-1.9402778148651123 0.7847527265548706 1.783084511756897
-0.9957872629165649 0.284606397151947 0.3132486939430237
-2.0317983627319336 0.7422046065330505 -0.241865336894989
-1.6322399377822876 0.8411422371864319 2.1412081718444824
0.33017072081565857 0.284606397151947 1.355111002922058
0.48651793599128723 1.0069957971572876 -1.2052992582321167
-1.757508397102356 1.2105029821395874 -0.7996036410331726
-1.5709017515182495 0.284606397151947 0.5582283139228821
-1.742637276649475 0.284606397151947 0.6784417033195496
-1.5957417488098145 0.284606397151947 -0.0386841706931591
-1.144911527633667 0.7430934309959412 2.1412081718444824
-1.6200474500656128 0.284606397151947 0.8536871671676636
-1.7761573791503906 0.9999588131904602 2.132983922958374
-2.3863744735717773 0.8683726191520691 -0.0990772694349289
0.39493393898010254 0.284606397151947 -0.4754367768764496
-1.5235153436660767 0.284606397151947 0.17194148898124695
-2.3648359775543213 1.028497576713562 -0.7908229231834412
0.3517186939716339 0.7845948338508606 -1.2052992582321167
-1.7634022235870361 0.5518599152565002 2.1412081718444824
0.9210299849510193 0.6939420700073242 0.007798546459525824
0.9210299849510193 0.7546438574790955 -0.21504494547843933
-1.508863925933838 0.284606397151947 1.5327684879302979
-1.9242078065872192 0.284606397151947 1.0181608200073242
0.4377747178077698 0.284606397151947 1.5109912157058716
-2.3863744735717773 0.8029321432113647 0.694895327091217
-0.8551642298698425 0.7497397065162659 2.4871397018432617
-0.4204689860343933 0.295078843832016 2.7045536041259766
-0.7253212928771973 0.284606397151947 0.980311393737793
0.33566948771476746 0.284606397151947 0.4267258644104004
-2.005340099334717 0.6797022819519043 -0.5819461941719055
-1.7241427898406982 0.758969247341156 -1.2052985429763794
-2.3863744735717773 0.7885603904724121 -0.5175158977508545
-1.3710463047027588 0.8677588105201721 2.1412081718444824
-2.3863744735717773 0.6085941195487976 0.17221121490001678
-1.2143135070800781 0.284606397151947 0.1943063586950302
-1.269686222076416 0.9875312447547913 -1.2039107084274292
-1.1987897157669067 0.284606397151947 0.43489840626716614
-0.2908497750759125 0.6249976754188538 2.1395018100738525
-2.3863744735717773 0.9268168807029724 1.1372065544128418
-1.453876256942749 0.284606397151947 0.7284667491912842
-2.032366991043091 0.7668662071228027 0.8260101675987244
0.25928863883018494 0.284606397151947 1.7068978548049927
0.469312459230423 1.1729371547698975 -1.1659294366836548
-1.4019261598587036 0.284606397151947 0.91509610414505
-1.3166172504425049 0.622224748134613 1.6534878015518188
-0.5529870390892029 0.284606397151947 1.6814086437225342
-2.0605907440185547 0.8310520052909851 -0.7669549584388733
-2.1380233764648438 1.1295357942581177 -1.151445984840393
-0.643315315246582 0.45634862780570984 2.7972137928009033
-0.4191720187664032 0.35223883390426636 2.9254872798919678
-1.1794685125350952 0.8096035718917847 1.8629590272903442
-2.010613441467285 0.7460005283355713 1.3321006298065186
-1.7994465827941895 0.6600249409675598 1.6938456296920776
-1.5320968627929688 0.284606397151947 0.37263932824134827
0.48425546288490295 0.8067407608032227 2.1412081718444824
-0.22321057319641113 0.33171284198760986 2.8187150955200195
0.6720488667488098 0.9515689015388489 2.1412081718444824
0.2658575475215912 0.284606397151947 0.9562282562255859
-1.3464698791503906 0.284606397151947 -0.13071434199810028
0.3770304024219513 0.9781467914581299 2.1204254627227783
-0.5243504047393799 0.284606397151947 -0.2669066786766052
0.6360800266265869 0.284606397151947 0.9401137232780457
0.9210300445556641 0.7126350998878479 1.359721302986145
-1.0119701623916626 0.9937424659729004 2.1412081718444824
-2.3734700679779053 1.0321414470672607 1.4817010164260864
0.5622338652610779 1.0626477003097534 2.0645148754119873
-0.19801904261112213 0.284606397151947 1.5078970193862915
-0.44611304998397827 0.4402938187122345 3.006293773651123
-0.17027698457241058 0.7830148339271545 -1.2052990198135376
0.9210300445556641 0.9697695970535278 1.4872440099716187
0.9210299849510193 0.7088558077812195 0.6065216064453125
0.9210301041603088 0.9983579516410828 1.9809476137161255
0.9210299849510193 1.0100353956222534 0.15033914148807526
-2.367025852203369 1.0259552001953125 0.0741545557975769
-0.29511210322380066 0.284606397151947 1.322587013244629
0.9210300445556641 0.7313150763511658 0.8624427914619446
0.04380962252616882 0.7655934691429138 -1.2052991390228271
-1.6882821321487427 0.7166174054145813 -0.827566385269165
0.9183717966079712 1.0591922998428345 -1.0236254930496216
-0.014926005154848099 0.7570146322250366 2.6547579765319824
0.9210299849510193 0.99143385887146 -0.4122045636177063
-2.2201333045959473 0.9994704723358154 2.1153504848480225
0.9210299849510193 0.9341508150100708 0.5225494503974915
-2.377858877182007 1.031958818435669 -0.4993264675140381
-1.9693454504013062 1.1811940670013428 -0.9917108416557312
0.9210300445556641 0.9773350358009338 1.0231122970581055
0.9175573587417603 1.0528959035873413 1.8136614561080933
0.5758365988731384 0.7171427607536316 1.6469736099243164
-1.5825889110565186 0.8894209861755371 -1.205298662185669
-0.7363255620002747 0.7797796130180359 -1.205298900604248
-2.3863744735717773 0.8319984078407288 0.19745281338691711
0.4174163341522217 0.7560498118400574 -0.9674251079559326
-0.10293309390544891 1.0742824077606201 -1.188320517539978
-1.8094456195831299 1.034454107284546 -1.1921555995941162
-2.3788323402404785 1.0252248048782349 0.36004289984703064
-2.010418176651001 1.095786690711975 1.9513956308364868
-1.325874924659729 0.284606397151947 0.5925677418708801
-1.8891817331314087 0.6275378465652466 -0.7985731363296509
-1.7971875667572021 0.6627166271209717 -0.45673564076423645
0.1729307323694229 0.284606397151947 1.0849905014038086
-0.845146894454956 0.284606397151947 1.2201520204544067
0.9210300445556641 0.8362853527069092 1.1467335224151611
-0.01675804704427719 0.7607777714729309 2.508476972579956
-1.3815944194793701 0.284606397151947 0.060663510113954544
0.9210299849510193 0.8186708092689514 -0.5745165348052979
-2.364752769470215 0.9954478144645691 -0.27669915556907654
-0.5733335018157959 0.284606397151947 0.5660789608955383
-1.7103853225708008 1.1758668422698975 -1.1071062088012695
-1.1875383853912354 0.284606397151947 -0.025765543803572655
-2.374422550201416 1.0183602571487427 0.9214041233062744
0.6951910257339478 1.1029404401779175 -1.188062071800232
-1.1595360040664673 0.284606397151947 -0.5528979301452637
-0.9837117791175842 0.7687433958053589 -1.2052987813949585
-2.0743703842163086 1.2061946392059326 -0.09541980177164078
-2.2320480346679688 1.1666324138641357 -0.7189756035804749
0.11923502385616302 0.284606397151947 -0.3503750264644623
-2.2400476932525635 1.1757593154907227 -0.40892764925956726
-0.5161739587783813 0.9440590143203735 -0.9511990547180176
-0.37475258111953735 0.8403490781784058 -1.2052990198135376
-0.7780619263648987 0.6891696453094482 1.812198519706726
-1.8242989778518677 0.8357042670249939 -0.701392412185669
0.7210916876792908 1.0985851287841797 1.5717122554779053
-1.4782358407974243 1.0516183376312256 -1.1941173076629639
-0.8702600002288818 0.284606397151947 0.4898533523082733
0.84417325258255 1.1275408267974854 1.2130000591278076
-2.341495990753174 1.1443814039230347 -0.061268121004104614
0.19756042957305908 0.284606397151947 0.026291530579328537
-0.28025516867637634 0.284606397151947 -0.4263274669647217
0.910937488079071 1.0781285762786865 -0.7880616188049316
-1.505680799484253 0.284606397151947 -0.23581840097904205
0.9210300445556641 0.9744679927825928 0.8531456589698792
-0.3089847266674042 0.8185160160064697 2.4377920627593994
-0.9936584234237671 0.284606397151947 -0.4848608076572418
0.6541293263435364 0.9520620703697205 -0.6387076377868652
-0.18565455079078674 0.284606397151947 -0.7807576656341553
-2.278257369995117 1.128109097480774 1.0654709339141846
-1.986693024635315 1.188254952430725 -0.683056116104126
0.07713646441698074 0.9806044697761536 2.131362199783325
-0.9369038939476013 0.284606397151947 1.0388212203979492
-0.29527050256729126 0.528910219669342 2.814091920852661
-0.8662320375442505 1.0183924436569214 -1.1850812435150146
0.5561936497688293 0.7245205044746399 -0.7291111350059509
0.9210300445556641 0.9886083006858826 1.311466097831726
0.9210299849510193 0.9886828660964966 -0.02551519125699997
0.3832774758338928 1.0868263244628906 1.4952417612075806
0.2582048773765564 0.284606397151947 -0.7111878991127014
-0.8041691780090332 0.284606397151947 -0.5216544270515442
-1.0731151103973389 0.9971812963485718 -1.2052987813949585
0.29332849383354187 0.9280411601066589 -0.8648430109024048
-1.960365891456604 0.9102951884269714 -0.41329631209373474
-0.7834908962249756 0.284606397151947 0.005235213786363602
-0.9891484379768372 0.284606397151947 -0.28211721777915955
-1.3913205862045288 0.7656671404838562 -0.8754323720932007
0.13065779209136963 1.084018588066101 1.7460415363311768
-0.4038616716861725 0.8323910236358643 2.7648983001708984
-0.6099820733070374 0.284606397151947 -0.1042284294962883
-1.9353291988372803 1.161864995956421 0.8492411971092224
0.9169002771377563 1.0334908962249756 0.6946262121200562
-0.20093446969985962 0.284606397151947 0.5736813545227051
-0.3796103298664093 0.284606397151947 -0.16293977200984955
0.3420068025588989 0.6416183710098267 1.8145647048950195
-1.0719891786575317 0.9057657122612 -0.8699156045913696
-0.0609317347407341 0.8513031601905823 2.3983287811279297
-0.8615195155143738 0.6319901943206787 -0.7786223888397217
-2.369518756866455 1.0184392929077148 0.6799224019050598
-1.849286437034607 1.1051101684570312 1.5622777938842773
-2.0073373317718506 0.6926145553588867 1.1101863384246826
-2.0427725315093994 0.7729054689407349 0.5182734727859497
-1.517735242843628 0.9939573407173157 2.1296966075897217
-0.103610560297966 0.8976531624794006 -0.9411700367927551
-2.125481367111206 1.1128768920898438 1.3653427362442017
-1.1604729890823364 0.284606397151947 1.0348341464996338
-1.3983732461929321 1.1928960084915161 -1.115391492843628
-1.8180224895477295 0.6636502742767334 1.4890811443328857
-0.3204328417778015 0.6865596175193787 -0.8128246665000916
0.21098537743091583 0.9401370882987976 -1.2052991390228271
-1.4727345705032349 0.6342186331748962 -0.5938945412635803
-1.7598298788070679 1.0946744680404663 1.866105079650879
-0.7183474898338318 0.6752471923828125 2.724138021469116
-2.26092529296875 1.1640524864196777 0.2976571023464203
0.5463456511497498 0.284606397151947 0.2915193438529968
0.8915786147117615 1.1029964685440063 -0.58281010389328
-0.5888809561729431 1.0381158590316772 -1.1772346496582031
-1.847078561782837 0.6727208495140076 0.9290232062339783
-1.8964778184890747 0.6876413226127625 -0.022483712062239647
-1.3124979734420776 1.087530255317688 1.9563225507736206
-1.5960365533828735 0.7392123341560364 1.7856316566467285
0.898807942867279 1.0515035390853882 0.3554660379886627
0.7845862507820129 1.2152705192565918 -0.9045546650886536
-1.8386518955230713 0.7141340970993042 0.267635315656662
-2.039858102798462 1.106935977935791 1.6661643981933594
0.1560351848602295 1.1216436624526978 -1.1813626289367676
-0.7705115079879761 0.9592925310134888 -0.7641527652740479
0.7954297661781311 1.1977901458740234 -0.17403608560562134
-1.547966718673706 1.107747197151184 1.7764265537261963
-0.8064537644386292 0.8349576592445374 2.273263454437256
0.12362326681613922 0.284606397151947 1.264470100402832
-2.1514904499053955 1.1800181865692139 0.8508094549179077
-1.853861689567566 1.2115241289138794 0.010637994855642319
0.34226658940315247 0.5951944589614868 -0.7204090356826782
-1.5363632440567017 0.6576727032661438 1.4502062797546387
-2.0378377437591553 0.7033775448799133 1.5977689027786255
-1.215998888015747 0.284606397151947 0.8434580564498901
-1.873465657234192 0.6196847558021545 0.6346179246902466
0.21766193211078644 0.284606397151947 -0.19107183814048767
0.3533191382884979 0.7635573744773865 1.4407227039337158
0.20898406207561493 1.0661076307296753 1.985273838043213
-0.8281114101409912 0.885297417640686 2.414585828781128
0.6035104990005493 0.7945846319198608 -0.32455605268478394
-1.6333485841751099 0.8499078154563904 -0.4134104549884796
-1.7439411878585815 1.2185428142547607 -0.5444411039352417
-0.6221722364425659 0.7689867615699768 2.7265169620513916
-1.7794238328933716 0.6938416361808777 -0.18564917147159576
-2.207718849182129 1.164201021194458 0.5735324621200562
0.5164222121238708 1.2271842956542969 -0.8201169967651367
-0.17076995968818665 1.2357149124145508 -1.0574136972427368
-1.2655895948410034 1.2059788703918457 -0.7248096466064453
-1.1399078369140625 1.2070262432098389 -1.0976512432098389
0.8784052729606628 1.0504556894302368 -0.23229721188545227
-1.2188072204589844 0.6582731008529663 -0.7383167743682861
-1.6411583423614502 1.1342577934265137 1.465889573097229
-2.0091192722320557 0.7608640193939209 0.2608712911605835
-1.972330927848816 1.1261452436447144 1.199175238609314
-0.7942510843276978 1.1383076906204224 -1.1425871849060059
0.16141127049922943 1.2298026084899902 -1.0725263357162476
0.5659088492393494 0.832789957523346 1.3909460306167603
-1.1157773733139038 0.284606397151947 1.6116507053375244
-0.3555915355682373 1.1109519004821777 -1.1680890321731567
0.299053817987442 0.284606397151947 0.7816689610481262
0.6624126434326172 1.2162787914276123 -0.49571341276168823
-1.9903393983840942 1.2132983207702637 -0.35663047432899475
-0.6946606636047363 0.284606397151947 0.45156100392341614
-1.3448421955108643 1.1440802812576294 1.5695180892944336
-1.954604148864746 1.1825823783874512 0.5375187993049622
-2.0350210666656494 1.1863938570022583 0.22090424597263336
-1.5686167478561401 0.8986889123916626 -0.7287905216217041
-1.4904241561889648 1.222441554069519 -0.8133084177970886
-1.7533830404281616 1.2248419523239136 -0.2734350860118866
0.39558297395706177 0.284606397151947 0.13731279969215393
-1.0297319889068604 1.183524489402771 -0.7404234409332275
0.3962269723415375 0.7448990941047668 -0.5669382810592651
-0.2856200039386749 0.8439181447029114 2.0752503871917725
0.4418381154537201 0.284606397151947 1.0018188953399658
-0.15216849744319916 0.284606397151947 -0.011524937115609646
-0.7155516147613525 1.225327730178833 -0.925409734249115
0.5150398015975952 0.284606397151947 0.7873948216438293
-1.0000808238983154 0.284606397151947 0.110240139067173
-0.2673910856246948 0.30678197741508484 1.001132845878601
-0.42024752497673035 0.284606397151947 1.5011903047561646
0.05470708757638931 1.0948944091796875 -0.6446434259414673
-0.8644803166389465 1.0687628984451294 1.9534140825271606
-1.3408581018447876 0.840571403503418 -0.6002750992774963
-1.154971718788147 0.6120748519897461 1.3811553716659546
-0.15584802627563477 0.284606397151947 1.1245872974395752
-0.6179928183555603 0.284606397151947 0.7746044397354126
-1.780541181564331 1.1479700803756714 1.0947412252426147
-0.47603681683540344 1.217611312866211 -0.9316784739494324
0.48033881187438965 1.0917168855667114 1.6982758045196533
-1.496109962463379 0.8336505889892578 1.63764226436615
-0.028995275497436523 0.8209865093231201 1.93075430393219
-0.5381550788879395 0.94600510597229 2.264726400375366
-1.732770323753357 0.6918751001358032 0.40589281916618347
-1.483295202255249 1.2186176776885986 -0.4973212778568268
-1.5733516216278076 1.2035112380981445 -0.07447373867034912
-1.1107492446899414 0.284606397151947 0.6842470765113831
-1.5562347173690796 0.6280955076217651 1.1604838371276855
-1.3224812746047974 1.1760685443878174 -0.2754773199558258
0.05456310138106346 1.218855381011963 -0.8009361624717712
0.6351415514945984 1.1824311017990112 0.19416330754756927
-1.1381280422210693 1.1149109601974487 1.7794303894042969
-1.500558853149414 0.658787190914154 -0.2328064739704132
0.6452652812004089 1.0885310173034668 0.6955024003982544
0.7533979415893555 1.1612132787704468 0.9673281311988831
0.39774614572525024 1.1969472169876099 -0.589690625667572
-1.741233229637146 1.2152632474899292 0.48136472702026367
-1.5622401237487793 1.1711922883987427 1.2168834209442139
-1.033167839050293 0.7490816116333008 -0.6608113646507263
0.44526323676109314 0.6953673362731934 -0.21328753232955933
0.47911593317985535 1.197470784187317 0.9810929894447327
-0.18657594919204712 1.029604196548462 2.071514129638672
0.32453683018684387 0.6425420641899109 1.5939174890518188
0.19530099630355835 0.7386426329612732 -0.6181075572967529
-0.9686764478683472 0.7592959403991699 1.5613374710083008
-0.2997047007083893 1.2062687873840332 -0.7046141028404236
0.7687578201293945 1.1680697202682495 0.45655494928359985
-0.4787505865097046 0.8009999394416809 2.5310137271881104
-0.9800216555595398 0.6940770745277405 1.731791377067566
-0.021633274853229523 0.6557254791259766 -0.7457252740859985
0.7057222127914429 0.9661059975624084 0.16177712380886078
-1.7927614450454712 1.2166078090667725 0.2428870052099228
-0.28880569338798523 0.8964778780937195 1.7703334093093872
-1.458146095275879 0.5843296647071838 0.727677047252655
-0.5853127241134644 0.6971189975738525 -0.7023888826370239
-1.8590712547302246 0.8850196599960327 0.6909019947052002
-1.6915210485458374 0.9493978023529053 -0.09813391417264938
-1.2517343759536743 0.8574615120887756 1.5444598197937012
-1.4982728958129883 0.886301577091217 1.3052606582641602
-1.6551133394241333 0.7049869894981384 0.6304512023925781
-0.5969358682632446 0.284606397151947 1.3391681909561157
-1.7061868906021118 1.217609167098999 0.8841367363929749
-0.6644721627235413 0.9583063125610352 1.9968843460083008
0.4061028063297272 1.1498738527297974 0.5859198570251465
-1.0044047832489014 0.284606397151947 -0.09848532825708389
-0.4147071838378906 0.284606397151947 0.4912981688976288
-0.9501045942306519 1.1212955713272095 1.6475309133529663
0.06959749758243561 0.284606397151947 0.7837539315223694
-0.5714313387870789 0.284606397151947 0.0738733559846878
-1.2695136070251465 1.120935320854187 1.3776990175247192
0.4645511507987976 1.0937614440917969 1.2732242345809937
-0.47979891300201416 1.0636179447174072 1.9678922891616821
-0.020773207768797874 0.284606397151947 0.9680652618408203
0.3216981887817383 1.1971805095672607 -0.3706839084625244
0.08708392828702927 0.8008049726486206 1.617993950843811
-0.596504807472229 0.3417491614818573 -0.42406949400901794
0.5548465251922607 1.1548055410385132 -0.08689215779304504
-1.6497368812561035 1.1696833372116089 0.6663275957107544
-0.48788386583328247 0.7597664594650269 1.8713197708129883
-0.11134230345487595 1.0969619750976562 1.7093640565872192
-0.9984056353569031 1.1142796277999878 1.4314155578613281
-0.07440082728862762 0.7549089193344116 -0.5368564128875732
-1.3660069704055786 1.0616803169250488 1.1898739337921143
-1.6498453617095947 0.9280911684036255 0.3536908030509949
-0.6599847674369812 1.1370846033096313 1.5244276523590088
-1.6832079887390137 0.7502968311309814 0.0633879154920578
-0.039499424397945404 0.284606397151947 0.6422994136810303
-0.6795796155929565 1.1129107475280762 1.7549974918365479
-1.5856103897094727 0.7445074319839478 0.9962141513824463
-0.37712717056274414 1.1117457151412964 1.6756480932235718
0.5378130078315735 0.7510567307472229 1.1159991025924683
-0.7544682025909424 0.7170645594596863 -0.5615611672401428
0.06847215443849564 1.107109546661377 1.460792899131775
-0.6278093457221985 0.284606397151947 0.25059929490089417
0.24398893117904663 0.7577626705169678 -0.3500569760799408
-1.2703889608383179 0.643709123134613 -0.24584268033504486
-0.08974317461252213 0.6179801821708679 1.6562471389770508
-0.3506537675857544 0.284606397151947 0.005993980914354324
-0.8585670590400696 0.29448407888412476 0.6763716340065002
-1.2281503677368164 0.7022464275360107 1.2363030910491943
-1.3181813955307007 0.9499112367630005 -0.35715991258621216
-0.6512258052825928 0.284606397151947 1.1443054676055908
-0.6469163298606873 0.6656467914581299 1.5926225185394287
-1.5369011163711548 1.1471624374389648 0.2352072298526764
0.34481847286224365 1.189395546913147 0.34316229820251465
-0.7723017930984497 1.1922224760055542 -0.6509241461753845
-0.2603994309902191 0.6761419177055359 1.3032945394515991
-0.3500066101551056 0.284606397151947 0.7062466740608215
-1.1027421951293945 1.1606667041778564 -0.45184436440467834
0.44678500294685364 0.7790420055389404 0.0580235980451107
0.4805002212524414 0.7477231621742249 0.8640068769454956
-1.4008418321609497 0.8264980316162109 -0.08771851658821106
-0.9069470763206482 0.8197799921035767 1.2208842039108276
-1.4954512119293213 0.6543938517570496 0.13476945459842682
-1.3706480264663696 1.209824562072754 0.010105239227414131
0.11627333611249924 1.212670087814331 -0.531061053276062
0.39839375019073486 0.284606397151947 0.6296162605285645
-0.7869967818260193 0.4447687566280365 0.8238827586174011
-1.3688898086547852 0.7292921543121338 0.5766812562942505
0.21105742454528809 0.284606397151947 0.30456066131591797
0.3139651119709015 1.1599502563476562 -0.08664922416210175
0.18096302449703217 0.6379362344741821 1.274407148361206
-0.1745467483997345 0.7826166749000549 1.5386360883712769
-0.0639936625957489 0.284606397151947 1.2513233423233032
-1.826108455657959 0.9102896451950073 1.352545976638794
-1.4348573684692383 0.9233055114746094 0.92803555727005
-1.2957109212875366 0.5869316458702087 0.9486214518547058
-1.0718704462051392 0.7103928923606873 -0.4511350095272064
-0.295280396938324 0.9390932321548462 -0.6187313795089722
-1.4987123012542725 0.7863500118255615 0.852250337600708
-0.5757540464401245 0.9127761125564575 1.2687301635742188
-1.8120224475860596 0.7760928273200989 1.1199520826339722
0.5464813709259033 0.7419533133506775 0.44834601879119873
0.39189597964286804 1.057748556137085 0.8200081586837769
-1.432319164276123 0.6813948750495911 0.407765656709671
-0.4936094880104065 1.2282078266143799 1.374927043914795
-0.32818034291267395 0.6587355136871338 -0.5822710394859314
-0.4992947578430176 0.31202244758605957 0.8867197036743164
0.33727821707725525 0.6412090063095093 0.8476887345314026
0.1803048551082611 1.1598469018936157 1.183354377746582
0.33237624168395996 0.7157238125801086 1.1493374109268188
-0.23080582916736603 0.284606397151947 0.3664495646953583
0.21400980651378632 0.3881757855415344 0.18965215981006622
0.18564818799495697 1.1615512371063232 0.7775453925132751
0.2888100743293762 0.6214611530303955 -0.12598396837711334
-0.6492693424224854 0.6797387599945068 1.2574074268341064
-0.3089628517627716 1.24687922000885 1.1753889322280884
-0.7465624213218689 0.821727991104126 1.4911582469940186
-0.13104777038097382 1.210180640220642 1.342949390411377
-0.8198266625404358 0.4352640211582184 -0.16487303376197815
-0.08504454791545868 1.1820310354232788 0.9488824009895325
-1.088250994682312 0.3505471348762512 0.5317836999893188
0.33323508501052856 0.6514273881912231 0.403906911611557
0.18902510404586792 0.8449382781982422 1.068532109260559
-0.43721139430999756 0.6970670223236084 1.5516823530197144
-0.24563145637512207 0.42789939045906067 -0.25970950722694397
-0.37064382433891296 1.1166223287582397 -0.48586317896842957
0.060207344591617584 0.6403241753578186 0.4996139705181122
-0.011509929783642292 0.6326594352722168 0.9262320399284363
-1.2999215126037598 0.6079501509666443 0.22774392366409302
-0.09563513100147247 0.2928178012371063 0.12148699164390564
-0.06861312687397003 0.7790879607200623 1.3500738143920898
-0.3722744584083557 0.5583541989326477 0.8240790963172913
-0.05670790374279022 0.783108115196228 1.142809271812439
-0.43854963779449463 0.7179043889045715 1.3377940654754639
-0.6375305652618408 0.5203174352645874 0.41929861903190613
-0.3339633047580719 0.7092121243476868 0.5769230127334595
-0.8763726353645325 0.5957656502723694 1.270457148551941
-0.010927516967058182 0.8664902448654175 0.06558360159397125
-0.4941596984863281 0.8708105087280273 -0.43094879388809204
-1.1022413969039917 0.6402340531349182 1.0598187446594238
-0.07930928468704224 0.7239710092544556 -0.26757174730300903
-0.0649530291557312 0.6989171504974365 0.7869847416877747
-0.4718063473701477 0.7423602938652039 1.126314401626587
-0.8493935465812683 0.5602893829345703 0.8316397070884705
-0.39099258184432983 0.4192468225955963 0.2812458276748657
-0.5257329940795898 0.7450769543647766 -0.1862829625606537
-0.9050847887992859 0.556904673576355 0.28009510040283203
-0.7497420907020569 1.0809940099716187 -0.4680336117744446
-0.21756088733673096 0.983929455280304 0.8855822086334229
-1.1306053400039673 0.7116991877555847 -0.0348086953163147
-0.5703333616256714 0.5980002284049988 0.7852988243103027
-0.2614770829677582 0.704604983329773 -0.06707204878330231
-0.8829687833786011 0.6381679177284241 0.9912397265434265
0.2787274122238159 0.7308559417724609 0.13936357200145721
-1.160583257675171 0.5755013227462769 0.4954165518283844
-0.9759766459465027 0.6162188053131104 0.6293109655380249
-0.0873187929391861 1.033586859703064 -0.38891690969467163
0.15615105628967285 1.0279186964035034 -0.1945345550775528
0.01090086717158556 0.9928727149963379 0.9096154570579529
-0.6369070410728455 0.9936332702636719 -0.2449405938386917
-0.772454023361206 0.7438645362854004 -0.29817816615104675
-0.23510785400867462 0.8420883417129517 1.0937659740447998
-1.0367655754089355 0.8051140308380127 -0.2671429514884949
-0.34064343571662903 0.8851931691169739 -0.2143400013446808
-0.9530851244926453 0.5632986426353455 -0.006054246798157692
0.2936786115169525 0.7849351167678833 0.5915054678916931
-0.874714195728302 1.1532024145126343 1.036199688911438
-0.436724454164505 0.6268540024757385 0.3057202100753784
-1.2933132648468018 0.9429721832275391 0.06827588379383087
-0.34666457772254944 0.7931403517723083 0.056186575442552567
-1.069456934928894 1.0777180194854736 -0.1293763518333435
-0.9017800092697144 1.074101209640503 -0.23906302452087402
-0.19258761405944824 0.6880975365638733 0.46997392177581787
-0.10638874024152756 0.9204432368278503 -0.13081905245780945
-0.662260890007019 0.7260745763778687 -0.03752212971448898
0.0043037887662649155 0.8311276435852051 0.41435506939888
0.12818041443824768 1.001499056816101 0.09299846738576889
-0.7772982120513916 0.7270280718803406 0.0777752697467804
-0.10996794700622559 0.8622926473617554 0.6166088581085205
-0.9987805485725403 0.9880687594413757 0.127863809466362
-1.0734788179397583 0.693026065826416 0.24623921513557434
0.20180314779281616 1.0015108585357666 0.3242954611778259
-0.8045645952224731 0.7890232801437378 0.644849419593811
-0.1363530308008194 0.7193308472633362 0.21787172555923462
0.09467849880456924 1.0536855459213257 0.6206368803977966
-0.49394527077674866 0.8508032560348511 0.8543804287910461
-0.5424683094024658 1.0966516733169556 1.0377955436706543
-0.483733206987381 0.7760481238365173 0.3215009272098541
-1.1932685375213623 0.9241227507591248 0.387457013130188
-0.8572272658348083 0.9182532429695129 0.9650264978408813
-1.1925837993621826 1.1655299663543701 0.8879574537277222
-1.1648104190826416 1.1080466508865356 1.0791939496994019
-0.30691537261009216 0.9258221387863159 0.358665406703949
-0.6558361053466797 1.0128602981567383 1.1032187938690186
-0.8980624079704285 0.820145845413208 0.36522507667541504
-0.3774341344833374 1.6427152156829834 0.6853545904159546
-0.5958430767059326 0.7609114646911621 0.579243540763855
-0.3301675319671631 0.9787325263023376 0.6848791837692261
-1.2980189323425293 0.9931881427764893 0.7014428973197937
-0.9536463618278503 1.1735892295837402 0.6821058392524719
-1.2464576959609985 1.1590501070022583 0.5373942852020264
-0.6872626543045044 0.8716943860054016 0.12659093737602234
-1.3239613771438599 1.0859425067901611 0.35930025577545166
-0.1750549077987671 1.7322478294372559 0.7382542490959167
-1.0644599199295044 0.8436498641967773 0.7756137251853943
-1.3993951082229614 1.1347789764404297 0.7551859021186829
-0.47392427921295166 1.7783548831939697 0.8558743000030518
-0.2339976578950882 1.7224090099334717 0.5282388925552368
-1.0877175331115723 1.1375969648361206 0.28281766176223755
-0.5491949915885925 1.7262845039367676 0.6157708764076233
-0.4868655204772949 0.9150975942611694 0.1350642591714859
-0.8118633031845093 1.163106083869934 0.5154266953468323
-0.4535537660121918 1.8496789932250977 0.4196228086948395
-0.8738639950752258 1.0830000638961792 0.11795897781848907
-0.9986072778701782 1.0598403215408325 1.193868637084961
-0.2220800817012787 1.81715989112854 0.8913893103599548
-0.6434298753738403 1.91484534740448 0.6207703351974487
-0.6096383929252625 1.151374101638794 0.8574032783508301
-0.6516123414039612 1.0626369714736938 0.15747395157814026
-0.7722370028495789 2.8752589225769043 0.3380248546600342
-0.35659441351890564 1.0897632837295532 0.6600857973098755
-0.34832727909088135 1.965946912765503 0.991075336933136
-0.1250143051147461 1.8259916305541992 0.48532167077064514
-0.5560901165008545 2.496732473373413 0.4722195267677307
-0.5015323758125305 1.1238175630569458 0.5043110847473145
-0.6274140477180481 1.9837617874145508 0.829741895198822
-0.5223442316055298 2.138801336288452 0.9643535017967224
-0.4260646402835846 1.0389894247055054 0.2907313108444214
-0.4773372411727905 2.700058698654175 0.3182620406150818
-0.6090322136878967 2.1288557052612305 0.5002457499504089
-0.4129743278026581 1.5536609888076782 0.644580066204071
-0.10082521289587021 2.000631093978882 0.8857042789459229
-0.8725619912147522 2.8198342323303223 0.7350098490715027
-0.7730854153633118 2.648815155029297 0.6870970726013184
-0.635094404220581 2.443476676940918 0.7002254128456116
-0.15107965469360352 1.9654418230056763 0.3748992085456848
-0.002463904209434986 2.0492255687713623 0.697791576385498
-0.8346174955368042 2.735752582550049 0.5022375583648682
-0.028639888390898705 2.393481969833374 0.5723199248313904
-0.323408842086792 2.4224226474761963 0.9756937026977539
-0.4519922137260437 2.707449436187744 0.9920240640640259
-0.24113909900188446 2.2786126136779785 0.38063663244247437
-0.29298534989356995 2.4523096084594727 0.32678842544555664
-0.4265191853046417 2.1178476810455322 0.35638976097106934
-0.13525497913360596 2.9090781211853027 0.8425691723823547
-0.011965474113821983 2.1204676628112793 0.4936026334762573
-0.594059944152832 2.286367416381836 0.931331992149353
-0.9148877263069153 2.9915151596069336 0.5861321091651917
-0.2938486635684967 2.8604915142059326 0.3656182885169983
-0.24794842302799225 2.7484538555145264 0.9331154823303223
-0.1462300717830658 2.6455001831054688 0.46370020508766174
-0.6931560039520264 2.633155107498169 0.4095211327075958
-0.10447344928979874 2.257420063018799 0.8844754695892334
-0.7697654962539673 2.907140016555786 0.9163551926612854
-0.11630023270845413 2.9750494956970215 0.4831605851650238
-0.07809385657310486 2.4971184730529785 0.7927708625793457
-0.598100483417511 2.5598392486572266 0.9460172057151794
-0.07054932415485382 2.7806456089019775 0.6483287215232849
-0.19396941363811493 3.161808729171753 0.9001880288124084
-0.5144787430763245 2.959254503250122 0.3040209114551544
-0.3901854157447815 3.07436466217041 0.9659328460693359
-0.0920153334736824 3.1732306480407715 0.677258312702179
-0.6255350112915039 2.967949390411377 0.9726908802986145
-0.2279185950756073 3.180232286453247 0.40698128938674927
-0.38813483715057373 3.654356002807617 0.42720597982406616
-0.5758195519447327 3.2478878498077393 0.9347013831138611
-0.7497847080230713 3.1871955394744873 0.44074153900146484
-0.3041522800922394 3.395329713821411 0.3815721869468689
-0.6271263957023621 3.4639549255371094 0.6221948266029358
-0.7552663683891296 3.231259346008301 0.7303682565689087
-0.493053138256073 3.2488014698028564 0.39207181334495544
-0.11404770612716675 3.4701926708221436 0.7681306600570679
-0.318879097700119 3.3815667629241943 0.9737412333488464
-0.21658366918563843 3.6282639503479004 0.8979488015174866
-0.15877602994441986 3.772160053253174 0.5522916316986084
-0.13174551725387573 3.467071533203125 0.5367834568023682
-0.554905891418457 3.5197834968566895 0.9050226807594299
-0.007542007602751255 5.016526222229004 0.40413326025009155
-0.4509440064430237 3.7924022674560547 0.8707621097564697
-0.1690087765455246 4.693462371826172 0.4347643256187439
-0.6147838830947876 3.6833581924438477 0.6329637169837952
-0.06847135722637177 4.815570831298828 0.2867298126220703
-0.20468594133853912 3.8540616035461426 0.8360944986343384
-0.313050240278244 4.5032639503479 0.4107782542705536
-0.4628407955169678 3.898357391357422 0.5465930700302124
-0.4744116961956024 4.814220428466797 0.3483109772205353
-0.20279787480831146 3.9838638305664062 0.6260597705841064
-0.34228307008743286 4.763105869293213 0.22533339262008667
-0.31195980310440063 5.8690900802612305 0.3596515655517578
-0.2935042083263397 4.642292499542236 0.4077519178390503
-0.02693912945687771 5.2171478271484375 0.24762724339962006
-0.17614461481571198 4.9131035804748535 0.5813670754432678
-0.30227482318878174 4.150155544281006 0.513310432434082
-0.43822935223579407 5.308342933654785 0.4957767724990845
-0.5132415294647217 5.5477800369262695 0.3467356264591217
-0.19475285708904266 4.88297176361084 0.12180076539516449
-0.2069181352853775 5.644724369049072 0.30130860209465027
-0.536197304725647 5.552106857299805 0.6785771250724792
-0.32390865683555603 5.440178394317627 0.6898311376571655
-0.41318050026893616 4.997349262237549 0.12655402719974518
-0.487770676612854 5.677024841308594 0.986940860748291
-1.3859785795211792 6.991122722625732 0.05293036997318268
-0.1443130373954773 5.574519157409668 0.7633981108665466
-0.04571627452969551 5.754823207855225 0.5507614612579346
-0.1358281970024109 5.153885841369629 0.5933030843734741
-0.04763537645339966 5.478226184844971 0.5560917258262634
-0.532019317150116 5.103795528411865 0.41653868556022644
-0.42438894510269165 4.927123546600342 0.5583192706108093
-0.5078272223472595 5.976411819458008 0.47282376885414124
-0.16146047413349152 5.668954849243164 0.8656092286109924
-0.4335990250110626 5.621176242828369 0.8544163107872009
-0.16170468926429749 5.070686340332031 0.07624104619026184
-0.5922285914421082 5.719288349151611 0.4951459467411041
-0.249678373336792 7.195789337158203 0.15535274147987366
-0.4833221435546875 5.236568927764893 0.21352961659431458
-0.6133098602294922 5.725830554962158 0.8470999002456665
-1.3084818124771118 6.802732467651367 0.05957643687725067
-0.28486940264701843 5.409556865692139 0.18996885418891907
-1.2057946920394897 6.836328506469727 0.16174784302711487
-1.2539176940917969 6.762084484100342 0.018252797424793243
-0.1845867931842804 7.187666893005371 0.028153089806437492
-0.1102633997797966 5.906754016876221 0.7827882766723633
-0.14923472702503204 5.943425178527832 0.4863305985927582
-0.46197229623794556 6.098418712615967 0.7136443257331848
-0.000650721020065248 7.225345611572266 0.24629950523376465
-0.052548520267009735 7.3258562088012695 0.3804832100868225
-0.6267315745353699 5.9425950050354 0.7115886807441711
-1.1891359090805054 6.908653259277344 -0.13692010939121246
-0.3837204873561859 5.977381229400635 0.9978204965591431
0.0856572687625885 7.278830051422119 0.010923557914793491
-1.1043747663497925 6.894303798675537 0.10064452141523361
-0.9315430521965027 7.255457878112793 1.112827181816101
-0.9716246128082275 7.092384338378906 1.1614937782287598
-0.9532570838928223 7.136724472045898 1.0336483716964722
-0.9515233635902405 7.358026504516602 1.1803463697433472
-0.24509724974632263 7.321115016937256 0.3916507661342621
-0.038420338183641434 7.179851055145264 0.051435355097055435
-1.2682275772094727 6.774242401123047 -0.0449095293879509
0.15980270504951477 7.3909430503845215 0.16064637899398804
-1.0492234230041504 7.2483673095703125 1.1148120164871216
-0.35396715998649597 7.447273254394531 0.4984641969203949
-0.4879477918148041 7.398099899291992 0.20779341459274292
-0.5081213712692261 5.745237827301025 1.0766476392745972
0.13510984182357788 7.54731559753418 0.31370267271995544
-0.30531153082847595 7.249704837799072 -0.10134568065404892
-0.661088764667511 7.700150966644287 0.8559303879737854
-0.6197776794433594 7.756868839263916 0.7798007130622864
-0.1353214681148529 7.481819152832031 -0.2360321581363678
-0.2372007966041565 7.654126167297363 -0.24342532455921173
0.01370947901159525 7.479978561401367 -0.11697553843259811
-0.6071890592575073 7.4584245681762695 0.025585414841771126
-0.3715357482433319 7.367405891418457 -0.15344959497451782
-0.5305582284927368 7.546363353729248 0.3989972174167633
-0.6516710519790649 7.915743350982666 0.8093706369400024
-0.8968948721885681 7.057374000549316 0.9865034222602844
-0.3011534810066223 7.855645656585693 0.16933533549308777
-0.3444271683692932 7.942498683929443 0.38778460025787354
0.07420958578586578 7.749418258666992 0.15808667242527008
-0.5462265610694885 7.628321647644043 -0.19078877568244934
-0.03488943725824356 7.7101569175720215 0.3882850408554077
-0.22439762949943542 7.743880748748779 0.47079554200172424
-0.05846361815929413 8.0252103805542 0.17955847084522247
-0.5748864412307739 7.478447914123535 0.8808020353317261
-0.6129822134971619 7.4658074378967285 -0.12019602209329605
0.05436789244413376 8.575761795043945 0.5695953965187073
-0.27114492654800415 8.346220970153809 0.36414602398872375
0.03564473241567612 8.094472885131836 0.3887445628643036
-0.5784512162208557 7.463440418243408 0.7830548882484436
-0.16247928142547607 8.278870582580566 0.19615574181079865
-0.10445210337638855 8.569437026977539 0.6182410717010498
-0.32635951042175293 8.788105010986328 0.6027348637580872
-0.1235046237707138 8.132871627807617 0.47450852394104004
-0.6819202303886414 7.60349702835083 0.15653997659683228
-0.26372817158699036 8.554659843444824 0.4839521050453186
0.12767285108566284 8.293498039245605 0.2802165746688843
-0.3893072009086609 7.836762428283691 -0.08054007589817047
-0.6137417554855347 7.770373821258545 0.2681991159915924
0.1750977486371994 8.413568496704102 0.3860341012477875
-0.22012969851493835 8.562265396118164 0.12852878868579865
-0.14677321910858154 8.827195167541504 0.7030968070030212
-0.3236897587776184 8.832549095153809 0.3638801574707031
-0.084341861307621 8.859829902648926 0.1615762561559677
-0.41938018798828125 9.006186485290527 0.4132727384567261
-0.16620314121246338 9.392742156982422 0.8210856318473816
-0.36999770998954773 9.108421325683594 0.7016299962997437
-0.43144717812538147 9.383439064025879 0.43946143984794617
0.14441710710525513 9.034097671508789 0.4713682532310486
0.2158871293067932 8.53011703491211 0.20558810234069824
-0.12860313057899475 9.3377685546875 0.3344837725162506
-0.038214150816202164 8.974228858947754 0.7837784290313721
-0.24071604013442993 9.110747337341309 0.8700687289237976
0.05949835106730461 9.182701110839844 0.6709634065628052
0.2859264314174652 8.727034568786621 0.2983807325363159
0.2515961527824402 8.811478614807129 0.4795260727405548
0.113071009516716 9.21379566192627 0.47752323746681213
-0.5600879788398743 9.455498695373535 0.4236457049846649
-0.5905761122703552 9.320655822753906 0.7519906759262085
-0.36371469497680664 9.25397777557373 0.3355393409729004
-0.11494135856628418 9.568903923034668 0.8517601490020752
0.212437242269516 8.82606315612793 0.22689343988895416
-0.21016789972782135 8.879585266113281 0.15977466106414795
-0.8218940496444702 10.160287857055664 0.06689941883087158
-0.8127392530441284 9.91972541809082 0.45071643590927124
-0.3690791726112366 9.444353103637695 0.8112646341323853
-0.6224287152290344 10.03331470489502 0.4328329861164093
-0.056331802159547806 9.563522338867188 0.9543684720993042
-1.2792739868164062 10.065166473388672 0.7311586737632751
-0.6405501961708069 9.544516563415527 0.8339304327964783
0.0628003254532814 9.5852632522583 0.7447951436042786
-0.5321306586265564 9.862305641174316 0.6416524648666382
-0.7309092283248901 9.666276931762695 0.7112902402877808
-0.37097394466400146 9.506908416748047 0.9768873453140259
-0.4329560101032257 9.75168514251709 0.7134095430374146
-0.6525445580482483 9.80794906616211 0.5178632140159607
-0.6555382013320923 10.146129608154297 -0.004845701158046722
-0.9021643996238708 10.240818977355957 -0.15810640156269073
-0.8462650775909424 10.081316947937012 0.04986191168427467
-0.7854886651039124 10.298137664794922 0.2925519347190857
0.04070361703634262 9.780449867248535 0.8494781851768494
-0.7376473546028137 10.209386825561523 -0.1314769983291626
0.212080180644989 10.624556541442871 0.356295108795166
0.105139821767807 10.218729019165039 0.8309974670410156
-0.9801422357559204 10.427421569824219 0.39469170570373535
-0.0898088812828064 10.508204460144043 1.1976821422576904
0.05835520476102829 10.578539848327637 0.33912229537963867
-0.4770972728729248 10.616263389587402 0.9846044182777405
-0.9117768406867981 10.397823333740234 0.14399130642414093
-0.2663842737674713 10.531760215759277 0.4789440929889679
-0.7538841366767883 10.50417423248291 0.2918962836265564
-0.5904136896133423 10.622843742370605 1.080024242401123
-0.8639536499977112 10.49818229675293 -0.08708326518535614
-0.8560123443603516 10.467828750610352 0.3509237766265869
0.2474750280380249 10.75219440460205 0.22493277490139008
-0.9978352189064026 10.664114952087402 0.16832305490970612
0.12001501768827438 10.582846641540527 0.4703056514263153
0.18025484681129456 10.68887710571289 0.5281856656074524
-0.9853147864341736 10.768945693969727 0.1626259833574295
-0.9192614555358887 10.919746398925781 1.2171409130096436
-1.0874073505401611 10.712989807128906 0.4192007780075073
-0.7606566548347473 10.718706130981445 -0.12727943062782288
-0.5260868072509766 10.848040580749512 1.0822592973709106
-0.9540260434150696 10.710400581359863 -0.0821414440870285
0.36050650477409363 10.95278549194336 -0.03742901608347893
-0.46698373556137085 10.811054229736328 1.1197398900985718
0.03656061738729477 10.9913330078125 -0.3062974810600281
0.3374292850494385 11.03111457824707 -0.18902769684791565
-0.30829036235809326 10.884027481079102 1.073437213897705
0.23823893070220947 11.07981014251709 0.8096405863761902
-1.1724692583084106 11.134204864501953 1.2521724700927734
-0.5924482345581055 11.0113525390625 -0.11953213810920715
-1.0574736595153809 11.068673133850098 0.06099916249513626
-1.2349271774291992 11.082799911499023 1.0018799304962158
-0.9959110617637634 11.095416069030762 0.5119560956954956
0.233510822057724 11.112004280090332 0.7545697093009949
-1.1506929397583008 11.13489818572998 1.3611619472503662
-0.923591136932373 11.195040702819824 1.197708249092102
-1.2208359241485596 11.174178123474121 0.3612375557422638
-0.7908649444580078 11.232766151428223 0.004421386867761612
0.45463669300079346 11.188899040222168 0.11538523435592651
-1.2194749116897583 11.229777336120605 0.6305989027023315
-0.0741754099726677 11.287738800048828 1.024576187133789
-0.0035412926226854324 11.327924728393555 -0.4219513535499573
-0.1301252841949463 11.404277801513672 -0.4239088296890259
0.48503273725509644 11.305708885192871 -0.13289380073547363
0.13334524631500244 11.417034149169922 0.40641433000564575
-1.2239760160446167 11.392621040344238 -0.08171357959508896
-1.1990004777908325 11.397420883178711 0.8930582404136658
0.3070099651813507 11.380607604980469 0.8694031834602356
-0.6809293031692505 11.452714920043945 0.030689526349306107
-0.22645272314548492 11.464373588562012 1.157482385635376
-0.9012579917907715 11.51762580871582 0.35709241032600403
-1.0502878427505493 11.487933158874512 0.1771724373102188
0.36817729473114014 11.494522094726562 0.17127856612205505
-0.6730420589447021 11.546039581298828 -0.18592509627342224
-0.40089887380599976 11.55135440826416 0.07234787940979004
-0.6578251719474792 11.543377876281738 0.8550320863723755
-0.3249702751636505 11.569202423095703 0.9245997071266174
-0.5941561460494995 11.571524620056152 1.3504143953323364
0.5648969411849976 11.581880569458008 0.7322165369987488
