883
-2.3863725662231445 0.2845063805580139 1.5981597900390625
-2.386474609375 0.2846064567565918 -0.7575076818466187
-2.3863744735717773 0.6306737661361694 0.6496112942695618
0.9210299253463745 0.5852071642875671 -0.8396795392036438
-2.146371364593506 0.284606397151947 0.04755043238401413
-1.341501235961914 0.2846062183380127 -1.205398678779602
-0.24196308851242065 0.284606397151947 0.9682976007461548
-0.9328253865242004 0.284606397151947 -0.9298350214958191
-0.9515697956085205 0.2846064567565918 -1.2053987979888916
0.9210317134857178 0.2845063805580139 -1.2053296566009521
-2.386474609375 0.28460657596588135 -0.2670290470123291
-2.386474609375 0.28460657596588135 0.26405954360961914
-2.386474609375 0.28460633754730225 -0.5021910667419434
-1.8029370307922363 0.28460991382598877 2.141308307647705
-2.386474609375 0.2846064567565918 -0.016869187355041504
-2.3863754272460938 0.2845063805580139 0.6817865371704102
0.6488553285598755 0.2845063805580139 -1.2052973508834839
-0.5543832778930664 0.28460633754730225 -1.2053989171981812
-2.172316789627075 0.284606397151947 1.3286876678466797
0.13857147097587585 0.2846064269542694 2.141308307647705
0.9211299419403076 0.2846064567565918 -0.894660472869873
0.9211299419403076 0.2846064567565918 -0.7301199436187744
-2.386474609375 0.2846064567565918 0.13280260562896729
-1.4817925691604614 0.284606397151947 1.8372222185134888
-0.4259457588195801 0.2846064567565918 -1.2053989171981812
-2.369659900665283 0.28460800647735596 2.141308307647705
-2.386474609375 0.28460657596588135 -0.13583135604858398
0.9211299419403076 0.2846064567565918 -0.9941740036010742
-2.0930798053741455 0.284606397151947 1.6515177488327026
-1.0929179191589355 0.2846064567565918 -1.205398678779602
0.9211300611495972 0.28460657596588135 1.361495852470398
0.9210300445556641 0.5629956126213074 1.4790880680084229
-1.8713570833206177 0.284606397151947 1.671669602394104
-2.3863744735717773 0.614683985710144 1.7363182306289673
-2.179213523864746 0.2845063805580139 2.141206741333008
0.9210299253463745 0.5125411748886108 -0.647437334060669
-2.386474609375 0.2846066355705261 -0.6279819011688232
0.921117901802063 0.2846064567565918 -1.2053993940353394
-2.386474609375 0.284606397151947 -0.8708027601242065
-1.9439916610717773 0.2845063805580139 2.141206741333008
0.9210288524627686 0.2845063805580139 0.881312370300293
-1.5155233144760132 0.284606397151947 -1.0414726734161377
0.2437436878681183 0.284606397151947 1.4784271717071533
-0.5982860326766968 0.284606397151947 -0.9425945281982422
0.3951907157897949 0.2846064567565918 -1.2053991556167603
-2.3863744735717773 0.2845063805580139 2.1412391662597656
-2.1078402996063232 0.284606397151947 0.8941590785980225
-0.4865521192550659 0.284606397151947 -0.7493569850921631
-2.384457588195801 0.6022554039955139 -1.2052983045578003
-2.3863751888275146 0.3225576877593994 -1.2053983211517334
-1.670981764793396 0.284606397151947 -0.48650339245796204
-1.497538685798645 0.284606397151947 -0.8253692984580994
-2.3863725662231445 0.2845063805580139 1.685028076171875
-1.9959999322891235 0.284606397151947 -0.6309468746185303
0.9210309982299805 0.2845063805580139 2.044070243835449
-1.9011393785476685 0.284606397151947 1.2814782857894897
0.3569643199443817 0.284606397151947 -0.8749849796295166
-1.5331172943115234 0.2845063805580139 -1.205301284790039
-2.386474609375 0.2846064567565918 0.5182294845581055
-1.6897809505462646 0.284606397151947 -0.7098581790924072
-0.08138501644134521 0.284606397151947 -0.9507228136062622
-1.2369917631149292 0.284606397151947 -0.9806485772132874
-1.8786401748657227 0.2845063805580139 -1.2052984237670898
-2.386474609375 0.28460657596588135 -1.205338716506958
0.9210300445556641 0.2845063805580139 1.7729320526123047
-2.386474370956421 0.2846066951751709 1.7924995422363281
-1.9889863729476929 0.284606397151947 1.8286668062210083
0.9210300445556641 0.2845063805580139 1.1096363067626953
-0.13216781616210938 0.2845063805580139 2.141207695007324
-2.386474609375 0.28460633754730225 -0.3807964324951172
-0.15254437923431396 0.2845063805580139 -1.2052968740463257
0.5336773991584778 0.28460633754730225 2.141308307647705
0.9211301207542419 0.2845498025417328 2.1412081718444824
-2.386474370956421 0.2846066951751709 1.488832712173462
0.9210300445556641 0.2845063805580139 1.6795969009399414
0.5873146057128906 0.284606397151947 1.7304118871688843
-1.2241220474243164 0.2845063805580139 -1.205301284790039
-1.9461054801940918 0.284606397151947 -0.12480390816926956
0.9210300445556641 0.2845063805580139 1.4609003067016602
0.9211300611495972 0.284606397151947 1.5732228755950928
-1.806809902191162 0.284606397151947 1.126219630241394
-2.0926806926727295 0.284606397151947 0.6592895984649658
-1.3292598724365234 0.2845063805580139 2.141206741333008
0.9210305213928223 0.2845063805580139 -0.5866699814796448
0.9158551692962646 0.2846064567565918 2.141308307647705
-2.386474370956421 0.2846064567565918 0.9262182712554932
-1.773508071899414 0.2845063805580139 -1.205301284790039
-1.2754223346710205 0.284606397151947 -0.7956695556640625
0.9211300611495972 0.2846066951751709 1.875631332397461
0.20938539505004883 0.809911847114563 2.1255710124969482
-0.3665351867675781 0.2845063805580139 2.141207695007324
-0.005828738212585449 0.2845063805580139 -1.2052977085113525
-1.6825971603393555 0.2845063805580139 -1.205301284790039
-1.9480595588684082 0.284606397151947 -0.917375922203064
-2.386474370956421 0.28460633754730225 0.7885522842407227
-1.7368242740631104 0.5942843556404114 -1.2052985429763794
0.6074113249778748 0.284606397151947 0.48798227310180664
-1.4414026737213135 0.2846078872680664 2.141308307647705
-1.9567878246307373 0.5406047105789185 -1.2052985429763794
-0.6498661041259766 0.2845063805580139 2.141206741333008
-2.3863742351531982 0.7481005191802979 2.0665321350097656
-2.386474370956421 0.2846062183380127 1.3129169940948486
-0.7673883438110352 0.2845063805580139 2.141206741333008
0.9210286140441895 0.2845063805580139 0.6477167010307312
-2.3863744735717773 0.2845063805580139 1.9115676879882812
-2.066340208053589 0.284606397151947 1.1298142671585083
0.9210310578346252 0.2845063805580139 0.04177143797278404
-2.3570711612701416 0.2846064567565918 -1.2053983211517334
-2.3863744735717773 0.5606753826141357 1.3061423301696777
-0.7007580399513245 0.2845063805580139 -1.2052972316741943
-0.8815774917602539 0.2845063805580139 2.1412057876586914
0.6667795181274414 0.2845063805580139 2.1412086486816406
-2.386474370956421 0.2846064567565918 1.182035207748413
-0.8367141485214233 0.284606397151947 1.7064909934997559
-2.3863744735717773 0.7607632875442505 -1.0083845853805542
0.9211300015449524 0.28460633754730225 0.12076091766357422
-2.134030818939209 0.284606397151947 0.432391494512558
-1.6945858001708984 0.2845063805580139 2.141207695007324
-2.386474609375 0.284606397151947 -1.0029250383377075
-2.1401326656341553 0.2846064567565918 -1.205398440361023
-2.3863754272460938 0.2845063805580139 1.055323600769043
0.9210299849510193 0.4695717990398407 -0.4131348729133606
-0.46301373839378357 0.284606397151947 1.8245315551757812
-1.225401759147644 0.284606397151947 1.8698228597640991
-1.7627438306808472 0.284606397151947 -0.9120449423789978
-2.1276533603668213 0.284606397151947 -0.8297997117042542
-2.144775867462158 0.284606397151947 -0.19833675026893616
-1.7607589960098267 0.284606397151947 1.857771635055542
-0.8919113874435425 0.30465471744537354 -1.2052987813949585
-2.0128936767578125 0.2846064567565918 -1.205398440361023
0.22094793617725372 0.6084880828857422 -1.2052991390228271
0.4193228781223297 0.2846064269542694 2.141308307647705
0.8992710709571838 0.7782999277114868 -1.191438913345337
-1.5702457427978516 0.2845063805580139 2.141207695007324
-2.1534314155578613 0.7478271126747131 -1.2052984237670898
-2.040922164916992 0.2845063805580139 2.141207695007324
-0.3427574336528778 0.3117133677005768 -1.2052990198135376
0.9211300611495972 0.2846064567565918 1.2250148057937622
0.6063745617866516 0.284606397151947 0.08090570569038391
0.9110547304153442 0.5641104578971863 -1.2052993774414062
-1.8859492540359497 0.284606397151947 0.6173439621925354
0.9210290908813477 0.2845063805580139 -0.24973134696483612
0.26053476333618164 0.2846064567565918 -1.2053991556167603
-0.8304352760314941 0.2846064567565918 -1.2053987979888916
-0.013836964964866638 0.2846064567565918 2.141308307647705
-0.28473329544067383 0.28460633754730225 -1.2053989171981812
0.8285794258117676 0.2845063805580139 -1.2052972316741943
0.5484848618507385 0.284606397151947 -0.8652374148368835
-0.6872308254241943 0.284606397151947 1.8372716903686523
0.9210314154624939 0.2845063805580139 0.25625935196876526
-1.0746545791625977 0.2845063805580139 2.141206741333008
0.2762022018432617 0.2845063805580139 2.141206741333008
0.40125593543052673 0.284606397151947 1.0908057689666748
0.13076519966125488 0.2846066951751709 -1.2053991556167603
-2.1472580432891846 0.7429829835891724 2.1412081718444824
-1.4919294118881226 0.6037480235099792 -1.205298662185669
0.9211300015449524 0.2846064567565918 0.5554103851318359
-0.21446174383163452 0.284606397151947 1.546588659286499
-1.9136924743652344 0.48319751024246216 2.1412081718444824
-0.5838649272918701 0.520073652267456 -1.205298900604248
0.5231854915618896 0.2846064567565918 -1.2053992748260498
0.39621487259864807 0.284606397151947 1.8198620080947876
-0.576405942440033 0.3009631335735321 2.140178680419922
-0.5005245208740234 0.2845063805580139 2.141207695007324
0.4824568033218384 0.4305475354194641 -1.2052992582321167
0.08469115942716599 0.284606397151947 0.7615935206413269
0.6441962122917175 0.284606397151947 -0.22494839131832123
0.1910659521818161 0.30406197905540466 -1.203616738319397
0.13027743995189667 0.284606397151947 0.29225054383277893
-1.2047090530395508 0.2845063805580139 2.141206741333008
-0.17443720996379852 0.284606397151947 1.8242443799972534
0.9210314154624939 0.2845063805580139 -0.05491773039102554
0.9210323095321655 0.2845063805580139 0.7884169220924377
0.1299818903207779 0.284606397151947 -0.870812177658081
0.9210318326950073 0.2845063805580139 -0.48273196816444397
-1.8060779571533203 0.284606397151947 0.25712358951568604
-2.386373519897461 0.2845063805580139 0.39923095703125
0.9211300015449524 0.2846064567565918 -0.37046289443969727
0.2550400495529175 0.284606397151947 -0.4039837419986725
0.5753450989723206 0.284606397151947 1.2062602043151855
0.9210299253463745 0.33502745628356934 2.141308307647705
-0.27978506684303284 0.284606397151947 -0.5267912745475769
-1.469592571258545 0.284606397151947 -0.6406516432762146
-0.7609443664550781 0.284606397151947 -0.8147958517074585
0.029870780184864998 0.284606397151947 1.5265029668807983
-0.01848234049975872 0.284606397151947 1.7209734916687012
0.6400851011276245 0.284606397151947 -0.7026485800743103
0.9210297465324402 0.2845063805580139 0.41485434770584106
-0.3501504361629486 0.284606397151947 -0.8979816436767578
-0.08013655990362167 0.284606397151947 -0.6419396996498108
0.5646597743034363 0.284606397151947 -0.529479444026947
-1.2705600261688232 0.284606397151947 -0.6176223754882812
-2.035857677459717 0.284606397151947 0.23712372779846191
-1.8827464580535889 0.284606397151947 0.817581057548523
-0.9858578443527222 0.5596538782119751 2.1412081718444824
-2.0102310180664062 0.284606397151947 1.4795634746551514
0.6126454472541809 0.284606397151947 1.4877848625183105
-2.3863744735717773 0.5388858318328857 -0.5273512601852417
-2.1686055660247803 0.284606397151947 -0.5797308683395386
0.9210300445556641 0.500960648059845 1.2070492506027222
-0.03151234984397888 0.284606397151947 -0.4202902317047119
-1.8067735433578491 0.284606397151947 1.4785114526748657
-2.386474370956421 0.2846064567565918 2.141266345977783
-1.6623761653900146 0.284606397151947 0.9499679207801819
0.47748497128486633 0.3314070701599121 2.1412081718444824
0.7973648309707642 0.7686716318130493 2.1412081718444824
-2.3716022968292236 0.8143115639686584 1.9448168277740479
-2.3863744735717773 0.43154871463775635 0.8528692126274109
-0.6870436072349548 0.284606397151947 -0.20207884907722473
-0.25693798065185547 0.2845063805580139 2.141206741333008
-1.8588995933532715 0.284606397151947 -0.7022443413734436
-2.386474609375 0.45340031385421753 -1.2052984237670898
-1.6625237464904785 0.284606397151947 1.6768690347671509
-2.3863744735717773 0.6432533860206604 -0.32028841972351074
-2.3863744735717773 0.6067030429840088 -0.7339614629745483
-1.357824683189392 0.284606397151947 1.2630060911178589
-1.2938755750656128 0.284606397151947 1.0357416868209839
-2.119145154953003 0.8474821448326111 -0.7510795593261719
-1.2481311559677124 0.45055392384529114 -1.205298662185669
-2.3863744735717773 0.4811767041683197 0.1687895804643631
-0.5302697420120239 0.7131770253181458 -1.1946734189987183
-2.0265355110168457 0.284606397151947 -0.3675631582736969
-1.8131457567214966 0.284606397151947 -0.2444775253534317
-2.3863744735717773 0.5603757500648499 1.0893471240997314
-1.910366415977478 0.284606397151947 0.06212252378463745
-1.8466393947601318 0.284606397151947 -0.4618799686431885
-0.6522794961929321 0.284606397151947 1.6160682439804077
0.40546032786369324 0.284606397151947 -0.6490642428398132
-1.4681628942489624 0.284606397151947 -0.44521453976631165
0.9210299253463745 0.7076188325881958 -1.2005785703659058
-1.617834210395813 0.284606397151947 1.205733060836792
-1.9169063568115234 0.284606397151947 0.43170034885406494
0.47861313819885254 0.7496364116668701 -1.187548041343689
-0.04843829199671745 0.284606397151947 0.01933896355330944
0.2048836648464203 0.2846064269542694 2.141308307647705
0.9210300445556641 0.2845063805580139 0.9908647537231445
0.3783871531486511 0.284606397151947 0.719494640827179
-2.0596466064453125 0.8508606553077698 -0.9824182987213135
-0.9758171439170837 0.7020471692085266 -1.2020763158798218
-0.9844322204589844 0.2845063805580139 2.141207695007324
-0.8965319991111755 0.284606397151947 -0.6647055745124817
-1.1869113445281982 0.284606397151947 1.6589384078979492
-2.3863744735717773 0.5505885481834412 -0.08425785601139069
0.9211299419403076 0.40750837326049805 -1.2052991390228271
-1.6381374597549438 0.7485457062721252 2.1412081718444824
-0.8875997066497803 0.284606397151947 1.111608624458313
-2.3485352993011475 0.5998662114143372 2.1412081718444824
-1.631036400794983 0.284606397151947 -0.21754929423332214
0.9211301207542419 0.49099859595298767 2.1412081718444824
-1.379703402519226 0.284606397151947 1.658145546913147
0.23053094744682312 0.284606397151947 0.5845710039138794
-0.7264847755432129 0.284606397151947 0.7592906355857849
-2.354238271713257 0.7893897294998169 -0.8375784158706665
-0.8088665008544922 0.284606397151947 1.484223484992981
-2.355365514755249 0.7060418725013733 -1.180533766746521
-2.3863744735717773 0.46414363384246826 2.141308307647705
-2.1244733333587646 0.85694819688797 1.7897305488586426
-2.248331069946289 0.832281231880188 2.098356008529663
-0.4540266990661621 0.6167972683906555 2.1412081718444824
0.008292651735246181 0.7363379001617432 -1.1867048740386963
0.9210300445556641 0.6288169026374817 1.000342845916748
-2.3863744735717773 0.5025132298469543 0.4247243404388428
0.9211301207542419 0.6235008239746094 2.1412086486816406
0.6565284132957458 0.7702487111091614 -1.1978613138198853
-0.18739478290081024 0.29967814683914185 2.1412081718444824
0.9210300445556641 0.5977165102958679 1.7200433015823364
0.9211300015449524 0.2846064567565918 0.34679532051086426
0.914563000202179 0.3054768443107605 -0.16161978244781494
-2.3805086612701416 0.777601957321167 0.012727157212793827
-0.5465998649597168 0.284606397151947 0.3245892822742462
-1.6967159509658813 0.7803782224655151 -1.1984425783157349
-2.3857953548431396 0.761177122592926 -0.564647912979126
-1.020752191543579 0.284606397151947 1.3339598178863525
-1.2572693824768066 0.284606397151947 -0.41329389810562134
-2.3863744735717773 0.5518016219139099 1.5244203805923462
0.011605784296989441 0.284606397151947 -0.22283172607421875
0.44180557131767273 0.284606397151947 -0.15100160241127014
0.17501495778560638 0.284606397151947 1.7719647884368896
-0.4989668130874634 0.284606397151947 -0.47912904620170593
-1.7221496105194092 0.284606397151947 0.025590769946575165
0.9108600616455078 0.7786945104598999 1.8528605699539185
-0.8156074285507202 0.7005530595779419 -1.2041349411010742
0.9210300445556641 0.5115878582000732 0.7521193623542786
-1.4694195985794067 0.284606397151947 1.0664420127868652
-1.848148226737976 0.7191349267959595 2.1412081718444824
-2.3695216178894043 0.7582941055297852 0.8072972893714905
-1.3606547117233276 0.5363683104515076 2.1412081718444824
-2.367356777191162 0.7756394147872925 -0.19580970704555511
-1.2394474744796753 0.284606397151947 1.4085086584091187
-1.9392181634902954 0.7555357813835144 -1.2015377283096313
-0.7149835824966431 0.6827428340911865 2.1412081718444824
-0.436062216758728 0.284606397151947 1.4135528802871704
-0.19713543355464935 0.284606397151947 0.15732720494270325
0.5901333093643188 0.7618775963783264 2.136481761932373
0.7393761873245239 0.8648887872695923 -1.0000180006027222
0.8992066383361816 0.7948983907699585 -0.8755079507827759
0.9210299849510193 0.7392939329147339 -0.3167133927345276
0.9077742099761963 0.7780117988586426 1.6866379976272583
-2.365389823913574 0.7646644115447998 0.379498153924942
0.9128739237785339 0.7715359330177307 -0.4912228584289551
0.8991654515266418 0.7953589558601379 1.4865226745605469
0.9210299849510193 0.5832728743553162 0.15355442464351654
-1.1274678707122803 0.284606397151947 -0.28795120120048523
0.37784457206726074 0.284606397151947 0.09911283105611801
-2.3759891986846924 0.7963681817054749 1.7132741212844849
0.6235222816467285 0.284606397151947 1.030992031097412
0.09220869094133377 0.284606397151947 1.2142508029937744
0.44801363348960876 0.621345579624176 2.130690336227417
0.9051547646522522 0.7891160249710083 -0.6731789708137512
-1.9714374542236328 0.8140901327133179 2.095518112182617
-1.2095451354980469 0.6990801095962524 2.1412081718444824
0.9009998440742493 0.7333366274833679 2.1188247203826904
-0.2824452519416809 0.7523065805435181 2.3769519329071045
-1.7109050750732422 0.284606397151947 0.4726337790489197
0.4388789236545563 0.2877024710178375 1.6277848482131958
0.9100190997123718 0.8321124315261841 1.0660916566848755
0.9121974110603333 0.7307772040367126 0.3485034108161926
0.7009295225143433 0.8855335116386414 1.4997159242630005
-1.7071484327316284 0.8342271447181702 2.0207228660583496
-2.3861963748931885 0.7734615802764893 1.4829939603805542
-1.0961999893188477 0.284606397151947 1.0868332386016846
-0.7436152696609497 0.284606397151947 1.3071995973587036
-2.3571481704711914 0.77348393201828 1.2032643556594849
-2.286407232284546 0.8582109212875366 1.4493674039840698
-2.195124864578247 0.8565719127655029 -0.5302051305770874
-1.0000650882720947 0.321796715259552 1.8220834732055664
0.10055016726255417 0.5670374035835266 2.1412081718444824
-0.67439204454422 0.284606397151947 -0.6392438411712646
-1.6133148670196533 0.284606397151947 1.391963005065918
-2.3541784286499023 0.80146324634552 0.9718013405799866
-1.6086342334747314 0.284606397151947 0.24776044487953186
-1.404123306274414 0.7695052623748779 2.139752149581909
-0.3124261200428009 0.284606397151947 1.6951793432235718
-0.84648197889328 0.7514100670814514 2.311323642730713
-1.2541375160217285 0.284606397151947 0.46398264169692993
-1.05978524684906 0.284606397151947 -0.789989709854126
-0.7902213335037231 0.8924685716629028 1.6376166343688965
-0.3255062997341156 0.284606397151947 1.2469557523727417
-0.3562444746494293 0.7458081245422363 -1.1734585762023926
-1.119529128074646 0.7608860731124878 -1.1845179796218872
-2.051220178604126 0.8251594305038452 1.248120665550232
-1.8560538291931152 0.8385516405105591 -0.9258038997650146
-1.931015968322754 0.8458852171897888 1.4803433418273926
0.6229787468910217 0.284606397151947 0.6830384135246277
-0.0006643379456363618 0.7793533205986023 2.138326644897461
0.09820892661809921 0.284606397151947 -0.6422587037086487
-0.06249404326081276 0.790768563747406 2.3064467906951904
0.2667022943496704 0.7657896876335144 -1.1972224712371826
-2.000673770904541 0.8525412678718567 0.5571098923683167
0.9181789755821228 0.676400899887085 -0.11930159479379654
0.46385085582733154 0.652974009513855 1.599928379058838
-1.8869192600250244 0.591003954410553 0.2769177258014679
-1.2849633693695068 0.7685042023658752 -1.1976028680801392
0.6363824605941772 0.284606397151947 0.28594332933425903
-0.18342529237270355 0.6956489086151123 -1.1982518434524536
-0.5740566849708557 0.7826759219169617 2.3187522888183594
0.9210299849510193 0.5891714692115784 0.47211360931396484
-1.8974077701568604 0.6015464663505554 1.5803399085998535
-0.9850223660469055 0.284606397151947 0.380311518907547
-1.692213535308838 0.6035149693489075 -0.06911083310842514
-1.3842369318008423 0.8121115565299988 1.8628510236740112
0.2919444739818573 0.284606397151947 1.251551866531372
0.44096940755844116 0.8788379430770874 -0.9062238931655884
-1.202889323234558 0.9616973400115967 -0.32490986585617065
-1.5142927169799805 0.284606397151947 0.5791536569595337
-1.7011641263961792 0.284606397151947 0.7163107991218567
-1.502284288406372 0.284606397151947 -0.0260319784283638
-1.0666286945343018 0.7916255593299866 2.1386828422546387
-1.4834444522857666 0.284606397151947 0.8210707902908325
-2.3716914653778076 0.7787935137748718 0.5209502577781677
-1.5264928340911865 0.7885164618492126 1.710260033607483
-2.1157150268554688 0.8508365154266357 0.028284942731261253
0.4740004241466522 0.284606397151947 -0.371244341135025
-1.4202861785888672 0.284606397151947 0.18585948646068573
-1.9408785104751587 0.8408522605895996 -0.45801442861557007
0.27200794219970703 0.8429257273674011 -1.0731638669967651
-1.6126919984817505 0.5587790012359619 2.1412081718444824
0.900128960609436 0.7715331315994263 0.09431277215480804
0.9015612006187439 0.85455721616745 -0.08903634548187256
-1.5073671340942383 0.32898110151290894 1.5324997901916504
-1.9142305850982666 0.31265369057655334 0.9904160499572754
0.4516977071762085 0.284606397151947 1.3788115978240967
-2.185697078704834 0.8473917245864868 0.6666128635406494
-0.81010901927948 0.8344524502754211 2.059206962585449
-0.5010216236114502 0.863552451133728 1.9988293647766113
-0.44733816385269165 0.284606397151947 0.9120758771896362
0.39110150933265686 0.284606397151947 0.4675876200199127
-1.8839079141616821 0.6112712025642395 -0.28317931294441223
-1.4625757932662964 0.7763394713401794 -1.1876115798950195
-2.2307982444763184 0.8654013872146606 -0.2770203649997711
-1.1586474180221558 0.7906979918479919 1.8828984498977661
-2.363677501678467 0.7602102756500244 0.19046646356582642
-1.121806025505066 0.284606397151947 0.23530590534210205
-1.0609112977981567 0.9105249047279358 -0.9502211809158325
-0.9855542778968811 0.284606397151947 0.7177265882492065
-0.06043234467506409 0.5786142945289612 1.7618272304534912
-2.167804718017578 0.8668681383132935 1.0110290050506592
-1.3079851865768433 0.284606397151947 0.7380069494247437
-1.9163596630096436 0.6623023152351379 0.7319000363349915
0.26750844717025757 0.35905730724334717 1.6139397621154785
0.2110031247138977 0.92939293384552 -0.3767675757408142
-1.1778734922409058 0.284606397151947 0.8740827441215515
-0.991272509098053 0.49861472845077515 1.3529396057128906
-0.48195239901542664 0.2871023714542389 1.5781527757644653
-1.8922778367996216 0.6930928230285645 -0.6905531883239746
-1.6928322315216064 0.809853732585907 -0.8662335872650146
-0.5028055906295776 0.9142661690711975 1.7825291156768799
-0.32707861065864563 0.7530911564826965 2.3336498737335205
-1.0071799755096436 0.7592726349830627 1.7427786588668823
-1.8688477277755737 0.7939777970314026 1.1314648389816284
-1.3345869779586792 0.5371218323707581 1.5901626348495483
-1.424756646156311 0.284606397151947 0.3839995861053467
0.3710404932498932 0.7777442932128906 2.131028652191162
-0.2545059025287628 0.8502419590950012 1.9922502040863037
0.565187394618988 0.8238316774368286 1.8994652032852173
0.32231810688972473 0.284606397151947 0.9007179737091064
-1.1895776987075806 0.284606397151947 -0.08047586679458618
0.2412741333246231 0.7944633960723877 1.8574156761169434
-0.4155118763446808 0.284606397151947 -0.24420931935310364
0.5544025897979736 0.284606397151947 0.8631718754768372
0.9106220006942749 0.7770194411277771 1.2734721899032593
-0.7689696550369263 0.8061451315879822 1.8318983316421509
-1.8061295747756958 0.8339498043060303 1.3334078788757324
0.34130215644836426 0.8784303665161133 1.623339295387268
-0.10896331816911697 0.284606397151947 1.4040292501449585
-0.2617388963699341 0.8340866565704346 1.74716317653656
-0.18091420829296112 0.8674349188804626 -1.0576199293136597
0.7712775468826294 0.9580150842666626 1.262011170387268
0.9193487763404846 0.7531387805938721 0.6217090487480164
0.5506248474121094 0.8363532423973083 1.7270746231079102
0.8857095837593079 0.8958887457847595 0.2504577934741974
-1.9328277111053467 0.8555644154548645 0.2025291472673416
-0.11520451307296753 0.31022530794143677 1.2018815279006958
0.9064024090766907 0.7908677458763123 0.8424474596977234
0.07120288908481598 0.8660659193992615 -0.9540233016014099
-1.3091411590576172 0.7433918118476868 -0.7291600704193115
0.6502255797386169 0.890358567237854 -0.7508687376976013
-0.07313445210456848 0.8838591575622559 1.851745843887329
0.6126732230186462 0.8968971371650696 -0.08970046043395996
-1.8941901922225952 0.8299396634101868 1.7314947843551636
0.8934107422828674 0.950078547000885 0.5521772503852844
-2.004486083984375 0.8959553837776184 -0.19344677031040192
-1.5350630283355713 0.8839044570922852 -0.5303547978401184
0.8417115807533264 1.063387393951416 0.8313319683074951
0.4597116708755493 1.0015114545822144 1.3925858736038208
0.4664480686187744 0.59226393699646 1.2918696403503418
-1.2905747890472412 0.8696394562721252 -0.968420147895813
-0.6640689969062805 0.8031675815582275 -1.181547999382019
-2.122098922729492 0.8512721061706543 0.28805065155029297
0.387846440076828 0.5221347808837891 -0.7653888463973999
-0.12275242060422897 0.8499492406845093 -0.8185250163078308
-1.5076919794082642 0.8154198527336121 -0.8678513169288635
-1.8293018341064453 0.945552408695221 0.4421670734882355
-1.7236522436141968 0.7955441474914551 1.707323431968689
-1.2428040504455566 0.2923218905925751 0.6077466607093811
-1.748715877532959 0.7630674839019775 -0.5851144194602966
-1.3706449270248413 0.5624432563781738 -0.2314540445804596
0.15641869604587555 0.284606397151947 1.0040498971939087
-0.5979507565498352 0.284606397151947 1.207648515701294
0.7268762588500977 1.021969199180603 1.0423932075500488
0.07384852319955826 0.8332526683807373 1.7111210823059082
-1.273735523223877 0.2938240170478821 0.0886780172586441
0.7867152690887451 0.8907415270805359 -0.33806395530700684
-1.8382420539855957 0.9154267907142639 -0.12419277429580688
-0.23168030381202698 0.29128673672676086 0.5382996201515198
-1.2037758827209473 1.017303228378296 -0.5281274914741516
-1.0037086009979248 0.2878144383430481 0.059346314519643784
-1.978763222694397 0.816670835018158 0.9259130358695984
0.5658908486366272 0.8989341259002686 -0.6054758429527283
-1.0744316577911377 0.2870282530784607 -0.5809054970741272
-0.8141443133354187 0.9000778198242188 -1.0227622985839844
-1.4637341499328613 0.9919352531433105 0.1610127091407776
-1.6927871704101562 0.8707029223442078 -0.3856925070285797
0.24102136492729187 0.284606397151947 -0.21837873756885529
-1.608464241027832 0.9804900288581848 -0.1356167048215866
-0.42178094387054443 0.7422334551811218 -0.878387451171875
-0.3886883854866028 0.9338579773902893 -0.8912234902381897
-0.45178595185279846 0.5782374739646912 1.232863187789917
-1.460187315940857 0.6935876607894897 -0.6243079900741577
0.38512879610061646 1.129655122756958 1.22719144821167
-1.1133793592453003 0.8155102133750916 -0.7364208698272705
-0.6229020357131958 0.30993321537971497 0.5816324353218079
0.45521023869514465 0.8579010963439941 0.8801997303962708
-1.743359923362732 0.9000664949417114 0.15056651830673218
0.4217382073402405 0.29689374566078186 0.27969321608543396
0.27704665064811707 0.86424320936203 -0.7272919416427612
-0.24920855462551117 0.31729960441589355 -0.26974722743034363
0.5385708212852478 0.9588472843170166 -0.3877732753753662
-1.42733633518219 0.2966291904449463 -0.23342567682266235
0.66098552942276 1.1273865699768066 0.6103858947753906
-0.07348767668008804 1.0217379331588745 1.4190884828567505
0.6180606484413147 1.048357367515564 0.35283905267715454
-0.9053550958633423 0.284606397151947 -0.4258161187171936
0.5646042823791504 0.4834860563278198 -0.044753547757864
-0.19297413527965546 0.3041679859161377 -0.7913815975189209
-1.597695231437683 0.9615220427513123 0.8855766654014587
-1.430021047592163 1.0288152694702148 -0.3725956380367279
0.17932121455669403 1.0425019264221191 1.5848416090011597
-0.7127917408943176 0.30623283982276917 0.9934219121932983
-0.12017833441495895 1.052201509475708 1.5754632949829102
-0.6493275761604309 1.0081275701522827 -0.7162639498710632
0.470017671585083 0.6329584717750549 -0.5665665864944458
0.5403969287872314 1.1049741506576538 1.0719696283340454
0.6125853061676025 1.0264673233032227 0.11622180789709091
0.4104641079902649 0.8875123262405396 1.1262403726577759
0.23892231285572052 0.37185728549957275 -0.6014805436134338
-0.7521949410438538 0.3225943148136139 -0.45751580595970154
-0.8049694299697876 0.796294629573822 -0.8480227589607239
0.10989446938037872 0.9299368262290955 -0.41170674562454224
-1.4059584140777588 1.0584352016448975 -0.09808655828237534
-0.8391271829605103 0.284606397151947 0.1076664924621582
-0.9055934548377991 0.2952478229999542 -0.2129477858543396
-0.9766049385070801 0.8286416530609131 -0.5932503342628479
0.17345422506332397 1.0016779899597168 1.3101445436477661
-0.37892189621925354 1.0160802602767944 1.5266393423080444
-0.4546761214733124 0.3021038770675659 0.053536128252744675
-0.9126506447792053 0.7567693591117859 0.7844991087913513
0.4986002743244171 1.021229863166809 0.6194409728050232
-0.059908296912908554 0.33171793818473816 0.5894720554351807
-0.2960072457790375 0.3966265320777893 0.09455978125333786
0.042382411658763885 0.6119695901870728 1.1641807556152344
-0.6528473496437073 0.8052597641944885 -0.6266867518424988
-0.13234436511993408 0.6618120074272156 1.3549362421035767
-0.5214043259620667 0.44995149970054626 -0.5825009346008301
-1.7928297519683838 0.8531786203384399 0.7374603152275085
-1.2250508069992065 1.0030968189239502 1.2413595914840698
-1.7136428356170654 0.6941025257110596 1.0350704193115234
-1.662517786026001 0.8505648970603943 0.5404011011123657
-1.221882939338684 0.8469173312187195 1.5486665964126587
-0.17254002392292023 0.5298295021057129 -0.6692343950271606
-1.5447819232940674 1.0080831050872803 1.0826572179794312
-0.9279709458351135 0.3594735562801361 0.925693929195404
-0.9215521812438965 1.0408040285110474 -0.5044415593147278
-1.2866573333740234 0.6550126671791077 1.2427737712860107
-0.12377931922674179 0.4923485219478607 -0.19329717755317688
0.005288161803036928 0.9832082390785217 -0.7016339302062988
-0.9805105328559875 0.6060146689414978 -0.20315924286842346
-1.4281162023544312 0.8218517899513245 1.5364975929260254
-0.508544921875 0.9058259129524231 1.5737743377685547
-1.546955943107605 0.9562945365905762 0.35998809337615967
0.27415791153907776 0.45583102107048035 0.42817163467407227
0.4259585440158844 0.9784699082374573 -0.1055859848856926
-0.3817356824874878 0.9942605495452881 -0.639811098575592
-1.3594008684158325 0.7513747811317444 0.9729195833206177
-1.5086491107940674 0.7111287117004395 0.08125318586826324
-0.9520453810691833 0.9642068147659302 1.486579179763794
-0.8838707804679871 0.7113046050071716 1.1695858240127563
0.599503219127655 0.6749387383460999 0.6201415657997131
0.367917001247406 0.8544638752937317 -0.3439084589481354
-1.0717737674713135 0.5140398144721985 0.48995938897132874
-1.5082179307937622 0.9819717407226562 1.2873506546020508
0.018264126032590866 0.9223660826683044 -0.5474831461906433
-0.2875596880912781 0.5584071278572083 0.359330952167511
0.518096387386322 0.9129189252853394 0.18286848068237305
-1.1350879669189453 0.9370965957641602 1.393437385559082
-0.6490155458450317 0.6083461046218872 1.6075842380523682
-0.0883646234869957 0.4861951172351837 0.863136351108551
-1.5278942584991455 0.8604034185409546 0.7627551555633545
-0.8001281023025513 0.730272650718689 0.4274170994758606
0.3117445111274719 0.4984900653362274 -0.0711628645658493
-0.7783732414245605 0.683516263961792 0.9804335832595825
-1.630824089050293 0.7658262252807617 1.3854360580444336
-0.4635220468044281 0.5417953729629517 0.7877825498580933
-1.129663109779358 0.7032378315925598 0.7027406096458435
0.1693762242794037 0.4046006202697754 0.08669182658195496
0.272439181804657 0.7008618116378784 1.0411251783370972
0.06136768311262131 0.8494411706924438 1.1575267314910889
-0.5903138518333435 0.8815141916275024 1.3871142864227295
-0.0059876274317502975 0.6232433319091797 0.3321254253387451
-0.7490897178649902 0.5962131023406982 0.1878015398979187
-1.093904733657837 0.7100139260292053 -0.07116767764091492
-0.3936639130115509 0.7266706228256226 1.2061054706573486
-0.6983742713928223 0.5241333842277527 0.45176008343696594
-1.4133172035217285 1.004713773727417 0.5944410562515259
0.29485487937927246 0.8096073865890503 -0.05520101636648178
-0.19132858514785767 0.8088669180870056 -0.23912867903709412
-0.635502278804779 0.7276393175125122 0.1268242746591568
-0.714631199836731 0.9069905281066895 -0.3838505446910858
0.28269678354263306 0.7523197531700134 0.44738897681236267
-0.5585599541664124 0.47635746002197266 -0.1488785594701767
-0.9341092705726624 0.8483605980873108 1.1452860832214355
-1.39584219455719 0.7210802435874939 0.3838040828704834
-1.2813591957092285 0.9617074131965637 0.9172152280807495
-0.4993353486061096 0.8720932006835938 -0.3664175271987915
-0.05878450348973274 0.7347996830940247 -0.0003457646816968918
0.4163389503955841 0.6677553653717041 0.7292471528053284
-1.0176372528076172 0.36232295632362366 1.586006760597229
-0.23155823349952698 0.887623131275177 -0.5052074790000916
0.0021945196203887463 0.9826580882072449 0.7579538226127625
0.2517579197883606 0.8325943946838379 0.15876246988773346
-1.2379876375198364 0.8622423410415649 -0.0617339052259922
-0.3744261562824249 0.8596488833427429 0.549531877040863
-0.5346753597259521 0.6800650954246521 0.8958920836448669
-1.1045374870300293 0.8769083023071289 0.6605439782142639
-1.1694062948226929 0.8343707919120789 0.28329411149024963
-0.9836837649345398 0.7542597055435181 -0.3516817092895508
-0.731494665145874 0.7264567017555237 -0.11394931375980377
-0.9995920658111572 0.7705271244049072 0.19469775259494781
-0.08882851153612137 0.9046741724014282 0.5956106781959534
-0.4521074891090393 1.080260992050171 0.24312220513820648
-0.06618138402700424 1.0362801551818848 0.39325660467147827
-0.24060320854187012 0.6261589527130127 1.0104827880859375
-0.1412610411643982 0.6659765839576721 0.8006450533866882
-0.2052217721939087 0.930598795413971 0.40806952118873596
-0.38462427258491516 0.674419105052948 0.02509460411965847
0.11996334791183472 0.7412943243980408 0.681505024433136
-0.5945889949798584 0.9340217113494873 0.43899041414260864
-0.26708748936653137 0.8352295160293579 0.7318462133407593
-0.3303620517253876 0.9427059888839722 1.070199728012085
-0.1484604775905609 0.6614611148834229 0.3431892693042755
-0.46093106269836426 1.0556257963180542 1.178462028503418
-0.39315810799598694 0.9271470308303833 0.3506620526313782
-0.5562735795974731 0.898955762386322 0.9854138493537903
-0.15160909295082092 0.9081776738166809 0.8834248185157776
-0.4149002134799957 0.8422037363052368 0.8593237400054932
-0.7872897386550903 1.021761417388916 0.9099345207214355
-0.2573064863681793 1.1869128942489624 0.2185395210981369
-0.0169266015291214 1.1471161842346191 0.9851945638656616
-0.673953115940094 1.0384243726730347 1.0988434553146362
-0.16380450129508972 1.0552924871444702 1.0853825807571411
-0.3734462261199951 1.2184206247329712 1.2515445947647095
-0.5508171319961548 0.8407620191574097 0.6496535539627075
-0.4547800123691559 0.6475895047187805 0.5067601203918457
-0.6968002915382385 1.1180574893951416 0.4070601463317871
-0.689141035079956 0.9021655321121216 0.7963863015174866
-0.6213577389717102 1.4694230556488037 1.0069644451141357
-0.5081131458282471 1.3206783533096313 0.27257511019706726
-0.052526239305734634 1.2442772388458252 0.2912139594554901
0.08541982620954514 1.2077919244766235 0.5181328654289246
-0.6264874935150146 1.2709476947784424 1.1994640827178955
-0.4313143789768219 1.448835015296936 0.6195301413536072
0.09488563984632492 1.1123080253601074 0.708310067653656
0.09833843261003494 1.3304089307785034 0.822104275226593
0.036679890006780624 1.4606103897094727 0.42679423093795776
-0.7518623471260071 0.9890627861022949 0.6124453544616699
-0.7886601090431213 1.2583833932876587 0.9958000779151917
-0.4762122631072998 3.302035331726074 0.2772332429885864
-0.18178868293762207 1.7288553714752197 0.6474560499191284
0.08068633824586868 3.316854238510132 0.6922616362571716
-0.11871035397052765 1.3161184787750244 1.14817214012146
-0.019207321107387543 1.4825377464294434 0.9923925399780273
-0.1464947909116745 3.2834765911102295 0.371868371963501
-0.4092366695404053 1.5985560417175293 0.8067823648452759
-0.23362547159194946 1.4847750663757324 0.26604926586151123
-0.011886633932590485 3.325054168701172 0.5015310049057007
-0.3010207414627075 1.4645488262176514 1.2093045711517334
-0.4288044273853302 1.6152637004852295 1.0822933912277222
-0.2398068606853485 1.6492176055908203 0.44752222299575806
0.07354345172643661 1.5200674533843994 0.6647589802742004
-0.646172821521759 1.3627742528915405 0.5788013935089111
-0.12021955102682114 1.69020676612854 0.9192695617675781
-0.38995522260665894 3.038681983947754 0.6745334267616272
-0.31099995970726013 3.1581199169158936 0.35446691513061523
-0.8056033849716187 1.222287654876709 0.7391124367713928
-0.6583317518234253 3.267590045928955 0.42024409770965576
-0.5891000628471375 3.2330198287963867 0.950147807598114
-0.5971601009368896 3.117434024810791 0.7697295546531677
-0.5673857927322388 3.076993703842163 0.5829251408576965
-0.36651965975761414 3.110696792602539 0.9320460557937622
-0.738105297088623 3.2346839904785156 0.6658603549003601
-0.4094904959201813 3.2986650466918945 1.0782966613769531
0.14206650853157043 3.661027669906616 0.726976215839386
-0.46884727478027344 3.499767780303955 0.2609316408634186
-0.246415376663208 3.0470592975616455 0.6875690817832947
-0.5739570260047913 3.4941036701202393 1.0136656761169434
-0.07218258827924728 3.137730121612549 0.6877821087837219
-0.39795857667922974 3.080265760421753 0.47558513283729553
-0.5378597378730774 3.8025248050689697 0.6587552428245544
0.20626673102378845 3.5533342361450195 0.8607478737831116
-0.23337365686893463 3.5069541931152344 1.0956388711929321
-0.14205826818943024 3.1179864406585693 0.8670973777770996
-0.05543980747461319 3.565642833709717 0.4386178255081177
0.039578862488269806 3.362501621246338 0.9362431168556213
-0.27867650985717773 3.601600170135498 0.3271847367286682
-0.04173003137111664 3.7180678844451904 0.5490461587905884
-0.7754330635070801 3.4130287170410156 0.5651734471321106
-0.16087976098060608 3.2492146492004395 1.0325932502746582
-0.0059099458158016205 3.5418500900268555 1.0549341440200806
-0.5883774161338806 3.696200132369995 0.9273788332939148
-0.24728251993656158 5.390708923339844 -0.0386703796684742
-0.7449384927749634 3.4500198364257812 0.8291247487068176
-0.6485384702682495 5.30997896194458 0.4148733913898468
-0.3033655881881714 3.7393856048583984 0.9692978858947754
-0.6210665106773376 3.6189675331115723 0.4794389605522156
-0.025134252384305 3.981917381286621 0.47608304023742676
-0.4538058042526245 4.1107282638549805 0.8092166185379028
-0.6138699650764465 3.8895175457000732 0.572661817073822
-0.001115214079618454 3.8244662284851074 0.982308566570282
0.09322772175073624 3.911741018295288 0.5962329506874084
-0.43476980924606323 5.224244594573975 0.1341312825679779
0.1952536404132843 3.8115415573120117 0.8508111834526062
-0.3906225562095642 5.185446739196777 0.34619128704071045
-0.1541498303413391 5.264914512634277 0.17184913158416748
-0.2860240340232849 3.94972562789917 0.42993491888046265
-0.21647143363952637 4.0273871421813965 0.8663302063941956
-0.29147130250930786 5.203879356384277 0.153564915060997
-0.4560690224170685 5.312105655670166 0.6127094626426697
-0.47774001955986023 5.447061061859131 0.7115008234977722
-0.5570439696311951 5.270496368408203 0.11776082217693329
-0.3438373804092407 4.1031694412231445 0.6056333184242249
-0.25026804208755493 5.505799770355225 0.7069449424743652
-0.7419439554214478 5.458877086639404 0.3626255989074707
-0.030963614583015442 5.632012367248535 0.32170379161834717
-0.41320300102233887 5.550134658813477 -0.07978878915309906
-0.018948141485452652 6.233125686645508 0.8885301351547241
-0.22731077671051025 5.270728588104248 0.5148622989654541
-0.5918245911598206 5.465890884399414 0.013158091343939304
-0.052106328308582306 5.361684799194336 0.26633864641189575
0.2522938847541809 6.443927764892578 0.9182695150375366
-0.6629169583320618 5.778299331665039 0.17027662694454193
-0.5440095663070679 5.606941223144531 0.7420103549957275
-0.5366577506065369 5.2327165603637695 0.4746988117694855
-0.7144337892532349 5.618905544281006 0.1951642483472824
-0.2385237067937851 5.681614875793457 -0.051577966660261154
-0.061899468302726746 5.446402072906494 0.4629106819629669
0.06587186455726624 6.270459175109863 0.7819095253944397
-0.5366617441177368 5.897233009338379 0.529292643070221
0.08848689496517181 6.468888282775879 0.7025579810142517
-0.07218834012746811 5.663814067840576 0.13588903844356537
0.17932109534740448 6.355162143707275 1.008027195930481
0.06296952068805695 6.358327865600586 1.075083613395691
-0.12738960981369019 5.56845235824585 0.6910874247550964
-1.5041687488555908 6.258208274841309 1.1564003229141235
-0.6319284439086914 5.703395843505859 0.5711140632629395
-0.1847105175256729 6.421224117279053 0.8664580583572388
-0.41853633522987366 6.039202690124512 0.10446631163358688
-0.2786101698875427 5.86757755279541 0.031290505081415176
-0.4336555302143097 5.987837314605713 0.6695417761802673
-0.2175915688276291 5.783797264099121 0.8392648100852966
-1.4835996627807617 6.209320545196533 1.1621649265289307
0.11252672225236893 6.681224346160889 0.6592612266540527
-0.36281895637512207 6.906984806060791 0.3050307333469391
-0.4934716522693634 6.004993438720703 0.24737532436847687
-0.1543809473514557 6.5510358810424805 1.1613613367080688
-0.22821851074695587 5.996421813964844 0.24444079399108887
-0.4187767505645752 6.429590225219727 0.2542496919631958
-0.41165608167648315 6.831517696380615 0.2323906421661377
0.1477351039648056 6.6245832443237305 1.1965616941452026
-0.4292052686214447 6.693140506744385 0.26488834619522095
-0.1512412428855896 5.924396514892578 0.48560798168182373
-0.34131649136543274 7.418992519378662 0.17670807242393494
0.24631932377815247 6.8001389503479 0.9996333122253418
-0.3869726359844208 6.99186372756958 0.09552723914384842
-0.643511950969696 6.9817891120910645 0.37229761481285095
-0.548926830291748 7.04559326171875 0.4901340901851654
-0.14010952413082123 6.351043224334717 1.0339683294296265
0.02516959235072136 6.813871383666992 1.2055933475494385
-0.6331422924995422 7.129596710205078 0.07979516685009003
0.0576629564166069 6.962303161621094 0.9830624461174011
-0.6672813892364502 7.008241653442383 0.22534061968326569
-0.2523653209209442 7.1324334144592285 0.07357107102870941
-0.3131900429725647 7.447286605834961 0.42755839228630066
-0.10772255063056946 5.781569957733154 0.7653009295463562
-0.4716993272304535 7.294569969177246 0.023423096165060997
0.1106189489364624 8.565919876098633 0.08610574156045914
0.22568261623382568 8.486812591552734 0.5175469517707825
-0.43041059374809265 7.62976598739624 0.42073380947113037
-0.6560874581336975 7.460528373718262 0.11745825409889221
0.007074234075844288 6.865594387054443 0.5890356302261353
-0.15814916789531708 6.836441993713379 0.8460203409194946
-0.6894848942756653 8.089473724365234 0.2748076021671295
-0.48062998056411743 7.250030040740967 0.5320570468902588
-0.6541268229484558 7.614479064941406 0.3701694905757904
-0.6185691356658936 7.656175136566162 0.14105017483234406
-0.6447622776031494 7.93032169342041 0.3744875192642212
-0.144663468003273 6.743246555328369 0.8794796466827393
0.32402658462524414 8.486410140991211 0.3374680280685425
0.09196814894676208 8.384303092956543 0.20547688007354736
-0.6164554953575134 7.237067222595215 0.5014865398406982
0.28333526849746704 8.52719783782959 0.14939053356647491
-0.1699666976928711 8.375724792480469 0.3582323491573334
-0.6316583156585693 8.381446838378906 0.49222373962402344
-0.6475372314453125 8.254040718078613 0.3857239782810211
-0.2553165853023529 8.439647674560547 0.27806317806243896
0.03201378881931305 8.370328903198242 0.3111501932144165
-0.688717782497406 8.300007820129395 0.13899193704128265
-0.715021014213562 8.836089134216309 -0.1134934201836586
-0.13090281188488007 8.745416641235352 0.5016850233078003
-0.8063452243804932 8.746368408203125 -0.04555907100439072
-0.5975773334503174 8.927913665771484 0.3076092302799225
0.12793388962745667 8.362533569335938 0.4224749803543091
-0.7755733728408813 8.530983924865723 0.43316778540611267
0.3295305669307709 8.775774002075195 0.29864901304244995
-0.7880992293357849 8.370319366455078 0.16995584964752197
-0.8279643058776855 8.727605819702148 0.2662133574485779
0.17854177951812744 8.856154441833496 0.270687997341156
0.10375875234603882 8.967242240905762 0.3447796702384949
-0.06298878788948059 8.71395492553711 0.6472107172012329
-0.46756452322006226 8.937398910522461 0.1220429539680481
-0.15635596215724945 8.807454109191895 0.6716711521148682
-0.4291076958179474 8.558549880981445 0.20216919481754303
-0.4588524401187897 8.589326858520508 0.4838128387928009
-0.6218911409378052 8.799637794494629 -0.12289964407682419
-0.1666211038827896 9.070392608642578 0.5124288201332092
-0.6257330179214478 8.495482444763184 0.051372990012168884
0.011038621887564659 8.970390319824219 0.7391405701637268
-1.2210825681686401 10.10031509399414 0.9265732169151306
0.03827965259552002 9.386270523071289 0.8352140784263611
-0.9454188942909241 8.980141639709473 0.038175810128450394
-0.06822075694799423 9.3270263671875 0.780890941619873
-0.8764905333518982 9.143110275268555 -0.14426515996456146
-0.7824522256851196 9.154802322387695 -0.15837766230106354
-0.1008656769990921 9.534673690795898 0.608098030090332
0.12470462173223495 9.366827964782715 0.5834921598434448
-0.7126705050468445 9.211784362792969 0.18842892348766327
0.09348164498806 9.563830375671387 0.6294663548469543
0.3443359434604645 9.39465045928955 0.8287148475646973
-0.8027132749557495 9.500272750854492 -0.020557336509227753
-0.12308499217033386 9.72087574005127 0.614949643611908
-0.4382269084453583 10.113848686218262 -0.14178378880023956
-0.8461765050888062 9.22282886505127 0.2306385189294815
0.22357754409313202 9.304630279541016 0.8931645154953003
-0.8898951411247253 9.792863845825195 0.06855735182762146
0.07036833465099335 9.673702239990234 0.5235418081283569
0.19458872079849243 9.728068351745605 0.6856793761253357
-1.1194504499435425 10.047825813293457 0.7908211350440979
-1.0152010917663574 10.179651260375977 0.9963893890380859
-0.7884326577186584 10.27723503112793 0.7568200826644897
-0.4206596910953522 10.133868217468262 -0.11925957351922989
-0.9938317537307739 10.023762702941895 0.10804487019777298
-1.0638484954833984 10.332418441772461 0.7535481452941895
-0.9761467576026917 9.989212036132812 0.17990803718566895
-0.6756115555763245 10.45401668548584 0.7605883479118347
-0.9663905501365662 10.16051959991455 0.7391857504844666
-0.3736083507537842 10.238014221191406 -0.035036951303482056
-0.2670452296733856 10.616649627685547 1.1143274307250977
-0.8691073060035706 10.174440383911133 0.43930408358573914
-0.9593930840492249 10.23785400390625 0.9549687504768372
-0.8490118980407715 10.174379348754883 0.08186402916908264
-0.9736111164093018 10.598584175109863 0.5766089558601379
-1.043605089187622 10.5405855178833 0.4537433683872223
-0.7417901158332825 10.44033145904541 0.6653550267219543
-0.8917285799980164 10.269636154174805 0.20471782982349396
0.18225517868995667 10.619949340820312 0.5150482058525085
-0.29752177000045776 10.321916580200195 -0.07676564157009125
-1.0457199811935425 10.323282241821289 0.36074721813201904
0.24009822309017181 10.6115140914917 0.5127153992652893
-0.23687885701656342 10.517926216125488 1.1559985876083374
-0.9428951740264893 10.458614349365234 0.22708621621131897
0.3667462468147278 10.708293914794922 0.43212127685546875
-0.6783542037010193 10.636923789978027 0.6356661319732666
-1.1176676750183105 10.866193771362305 1.1385104656219482
-0.03608925640583038 10.782676696777344 1.0357238054275513
-0.8284844756126404 10.445075988769531 0.13660770654678345
-0.23212428390979767 10.57829761505127 -0.056247543543577194
0.22867658734321594 10.794142723083496 0.7528340816497803
0.4520829916000366 10.763113975524902 0.30130913853645325
-0.9207221865653992 10.76237964630127 0.8278550505638123
-1.1973539590835571 10.98350715637207 1.133652687072754
-1.234900951385498 10.95229721069336 0.028656288981437683
-0.8566474914550781 10.790560722351074 0.776019275188446
0.16709201037883759 10.899920463562012 0.931858479976654
0.34801119565963745 11.03845500946045 0.8243550658226013
-1.202960729598999 11.089292526245117 -0.19139070808887482
-0.7714279294013977 11.021770477294922 0.7889911532402039
-0.005853678565472364 10.987112998962402 1.0686641931533813
-0.22039251029491425 11.130392074584961 0.6875309944152832
-0.8235962986946106 11.059903144836426 0.5149199962615967
-1.2195336818695068 11.244564056396484 -0.2143513560295105
-0.40494346618652344 11.268875122070312 1.2749991416931152
-0.7778461575508118 11.108806610107422 0.7490333914756775
-0.09313544631004333 11.264080047607422 1.0687861442565918
-0.5584126114845276 11.292448997497559 0.016796771436929703
-1.0984574556350708 11.270838737487793 -0.228292316198349
-0.7342827916145325 11.3519868850708 -0.03700007498264313
-0.09785205870866776 11.251282691955566 0.8792349100112915
-0.0014925766736268997 11.31558609008789 1.0584622621536255
-0.9867331981658936 11.358750343322754 -0.2675739824771881
0.0024405806325376034 11.3656587600708 0.9812818765640259
-0.49344751238822937 11.436047554016113 1.0532991886138916
-0.751875638961792 11.391863822937012 0.4339117407798767
-1.2112421989440918 11.416768074035645 0.8362399339675903
-1.045107126235962 11.479165077209473 1.2402424812316895
-0.31260037422180176 11.437660217285156 0.837915301322937
0.22195835411548615 11.522167205810547 0.23520848155021667
0.1947738230228424 11.458829879760742 0.7573059797286987
-0.5311541557312012 11.485250473022461 1.103176236152649
-0.7269303202629089 11.53941535949707 -0.4303359389305115
-1.2728286981582642 11.516203880310059 0.5584194660186768
-0.28647762537002563 11.537554740905762 0.25820180773735046
-0.7807083129882812 11.556537628173828 0.7951263785362244
-1.363387107849121 11.565300941467285 -0.1673627495765686
0.04566275328397751 11.570748329162598 1.2766014337539673
