1411
-2.3863754272460938 0.2845063805580139 1.5950441360473633
-2.386474609375 0.2846066355705261 -0.76112961769104
-2.3863744735717773 0.5231300592422485 0.6288649439811707
0.9210299253463745 0.4824996888637543 -0.8800187110900879
-2.1450605392456055 0.284606397151947 0.01905749924480915
-1.340531349182129 0.2846066951751709 -1.205398678779602
-0.45427748560905457 0.284606397151947 1.316232681274414
-1.02314031124115 0.284606397151947 -0.948186993598938
-0.9729869365692139 0.2846064567565918 -1.2053987979888916
0.9210305213928223 0.2845063805580139 -1.2053391933441162
-2.386474609375 0.2846064567565918 -0.26297616958618164
-2.386474609375 0.2846064567565918 0.27692461013793945
-2.386474609375 0.2846064567565918 -0.4898216724395752
-1.79246187210083 0.28460609912872314 2.141308307647705
-2.386474609375 0.28460633754730225 -0.016281604766845703
-2.3863754272460938 0.2845063805580139 0.6833429336547852
0.6610357761383057 0.2845063805580139 -1.205300211906433
-0.5587844848632812 0.2846064567565918 -1.2053989171981812
-2.1176235675811768 0.284606397151947 1.3294254541397095
0.11950542032718658 0.28460633754730225 2.141308307647705
0.9211299419403076 0.2846064567565918 -0.8920397758483887
0.9211299419403076 0.2846064567565918 -0.7518060207366943
-2.386474609375 0.2846064567565918 0.11505424976348877
-1.576730489730835 0.284606397151947 1.903700590133667
-0.4396200180053711 0.2846064567565918 -1.2053989171981812
-2.3754751682281494 0.28460991382598877 2.141308307647705
-2.386474609375 0.2846064567565918 -0.1359872817993164
0.9211299419403076 0.2846064567565918 -1.0017223358154297
-2.166214942932129 0.284606397151947 1.698001742362976
-1.096367597579956 0.2846064567565918 -1.205398678779602
0.9211300611495972 0.28460657596588135 1.3685587644577026
0.9210300445556641 0.5291413068771362 1.5505321025848389
-1.9390482902526855 0.284606397151947 1.7279202938079834
-2.3863744735717773 0.5197495818138123 1.8063311576843262
-2.1840085983276367 0.2845063805580139 2.141206741333008
0.9210320711135864 0.2845063805580139 -0.6769266724586487
-2.386474609375 0.2846065163612366 -0.643884539604187
0.9211035370826721 0.2846064567565918 -1.2053993940353394
-2.386474609375 0.284606397151947 -0.874897301197052
-1.9529304504394531 0.2845063805580139 2.141207695007324
0.9210299849510193 0.2845063805580139 0.8814573287963867
-1.4505290985107422 0.2845063805580139 -1.205301284790039
0.31833529472351074 0.284606397151947 1.5920212268829346
-0.5694767236709595 0.284606397151947 -0.961428701877594
0.3861658573150635 0.28460633754730225 -1.2053991556167603
-2.386474370956421 0.2845783233642578 2.141207695007324
-2.3863754272460938 0.2845063805580139 1.008448600769043
-0.41126492619514465 0.284606397151947 -0.8346428275108337
-2.386474609375 0.5779532790184021 -1.2052984237670898
-2.386474609375 0.284606397151947 -1.2053494453430176
-1.7723193168640137 0.284606397151947 -0.6011973023414612
-1.5472297668457031 0.284606397151947 -0.9426420331001282
-2.3863744735717773 0.2845063805580139 1.6915855407714844
-2.0715994834899902 0.284606397151947 -0.7261306643486023
0.9210309982299805 0.2845063805580139 2.0378990173339844
-1.9226545095443726 0.284606397151947 1.3518511056900024
0.36526748538017273 0.284606397151947 -0.9463111758232117
-1.5409345626831055 0.2845063805580139 -1.2053003311157227
-2.386474609375 0.28460657596588135 0.5189225673675537
-1.712589144706726 0.284606397151947 -0.7854503393173218
-0.07917511463165283 0.2845063805580139 -1.2052959203720093
-1.3094698190689087 0.284606397151947 -0.964504599571228
-1.8737239837646484 0.2845063805580139 -1.2052993774414062
-2.3864400386810303 0.2846064567565918 -1.2053983211517334
0.9210300445556641 0.2845063805580139 1.7765569686889648
-2.386474370956421 0.2846064567565918 1.8019943237304688
-2.0479698181152344 0.284606397151947 1.8786565065383911
0.9210281372070312 0.2845063805580139 1.1020088195800781
-0.11023426055908203 0.2845063805580139 2.141207695007324
-2.386474609375 0.28460657596588135 -0.37545299530029297
0.5649155378341675 0.2846064567565918 2.141308307647705
0.9210300445556641 0.2845699191093445 2.141308307647705
-2.386474370956421 0.2846066951751709 1.4872324466705322
0.9210281372070312 0.2845063805580139 1.6778039932250977
0.7639188766479492 0.2845063805580139 2.141207695007324
-1.2224836349487305 0.2845063805580139 -1.2053003311157227
-2.0157995223999023 0.284606397151947 -0.1606774777173996
0.9210329055786133 0.2845063805580139 1.4679908752441406
0.9211300611495972 0.28460657596588135 1.5742805004119873
-1.9087951183319092 0.284606397151947 1.1350871324539185
-2.1639463901519775 0.284606397151947 0.7801139950752258
-1.3137016296386719 0.2845063805580139 2.141206741333008
0.921029806137085 0.2845063805580139 -0.5824929475784302
0.9210300445556641 0.2845063805580139 2.1412782669067383
-2.386474370956421 0.2846064567565918 0.9368255138397217
-1.7702198028564453 0.2845063805580139 -1.205301284790039
-1.3477692604064941 0.284606397151947 -0.7895384430885315
0.9211300611495972 0.28460657596588135 1.8825246095657349
0.06631975620985031 0.7465662360191345 2.1412081718444824
-0.3747835159301758 0.2845063805580139 2.141206741333008
-0.010610222816467285 0.2845063805580139 -1.2052977085113525
-1.6726617813110352 0.2845063805580139 -1.205301284790039
-2.026157855987549 0.284606397151947 -0.9044085741043091
-1.8964961767196655 0.5384555459022522 -1.2052985429763794
0.5547372698783875 0.284606397151947 0.5124571919441223
-1.455822229385376 0.2846081256866455 2.141308307647705
-1.9564261436462402 0.2846064567565918 -1.205398440361023
-0.6656084060668945 0.2845063805580139 2.1412057876586914
-2.386474370956421 0.6746091842651367 2.141207218170166
-2.386474370956421 0.2846064567565918 1.3053886890411377
-0.7737913131713867 0.2845063805580139 2.141207695007324
0.9210293889045715 0.2845063805580139 0.6542245745658875
-2.3863744735717773 0.2845063805580139 1.920766830444336
-2.102461099624634 0.284606397151947 1.1413062810897827
0.921029806137085 0.2845063805580139 0.03992608189582825
-2.3631255626678467 0.2846064567565918 -1.2053983211517334
-2.3863744735717773 0.5158809423446655 1.2680251598358154
-0.6944305896759033 0.2845063805580139 -1.2052981853485107
-0.8822622299194336 0.2845063805580139 2.141206741333008
-2.386474370956421 0.2846064567565918 1.1816861629486084
-0.9826522469520569 0.284606397151947 1.7330636978149414
-2.3863742351531982 0.793400764465332 -1.2053983211517334
0.9211300015449524 0.2846064567565918 0.13019585609436035
-2.180100917816162 0.284606397151947 0.4636550843715668
-1.688180923461914 0.2845063805580139 2.141207695007324
-2.386474609375 0.28460657596588135 -1.0095136165618896
-2.1529877185821533 0.2846064567565918 -1.205398440361023
-2.3863744735717773 0.2845063805580139 1.0633411407470703
0.9210299849510193 0.5250885486602783 -0.5505319237709045
-0.6272765398025513 0.284606397151947 1.9173481464385986
-1.3264710903167725 0.284606397151947 1.8729050159454346
-1.8060526847839355 0.284606397151947 -0.9431188702583313
-2.378521680831909 0.288090318441391 -0.947949230670929
-2.232302665710449 0.284606397151947 -0.2430778592824936
-1.8138399124145508 0.284606397151947 1.8736140727996826
-0.8953137397766113 0.2846062183380127 -1.2053987979888916
-2.031477212905884 0.2846064567565918 -1.205398440361023
0.03864998370409012 0.6027599573135376 -1.2052991390228271
0.4070945978164673 0.2846064567565918 2.141308307647705
0.9210299253463745 0.7625874876976013 -1.2053993940353394
-1.573221206665039 0.2845063805580139 2.141207695007324
-2.3863723278045654 0.9028245210647583 -1.2053983211517334
-2.055438995361328 0.2845063805580139 2.141207695007324
-0.35202527046203613 0.28460633754730225 -1.2053989171981812
0.9211300611495972 0.28460657596588135 1.2104309797286987
0.6542644500732422 0.284606397151947 -0.15202322602272034
0.9210299253463745 0.5295988917350769 -1.2053993940353394
-2.0300135612487793 0.284606397151947 0.6247798204421997
0.9210320711135864 0.2845063805580139 -0.25661590695381165
0.27317726612091064 0.28460657596588135 -1.2053991556167603
-0.8112096786499023 0.2846064567565918 -1.2053987979888916
-0.00424543023109436 0.2846064269542694 2.141308307647705
-0.2678031921386719 0.28460657596588135 -1.2053990364074707
0.826282262802124 0.2845063805580139 -1.2053000926971436
0.5669384598731995 0.284606397151947 -0.9289759993553162
-0.8570611476898193 0.284606397151947 1.9617918729782104
0.9210302829742432 0.2845063805580139 0.24899044632911682
-1.0839834213256836 0.2845063805580139 2.141207695007324
0.28906917572021484 0.2845063805580139 2.141207695007324
0.4710164964199066 0.284606397151947 1.2657681703567505
0.10887861251831055 0.28460657596588135 -1.2053990364074707
-2.386375665664673 0.8933471441268921 2.141308307647705
-1.653272271156311 0.469937264919281 -1.2052985429763794
0.9211300015449524 0.28460657596588135 0.5526015758514404
-0.2776947021484375 0.284606397151947 1.7576030492782593
-1.8708281517028809 0.2846100330352783 2.141308307647705
-0.626599907875061 0.3298340141773224 -1.205298900604248
0.5445497035980225 0.2846064567565918 -1.2053992748260498
0.3841158151626587 0.284606397151947 1.9273545742034912
-0.5807972550392151 0.28460636734962463 2.141308307647705
-0.4879446029663086 0.2845063805580139 2.141207695007324
0.4695483446121216 0.2845063805580139 -1.2052974700927734
-0.15831664204597473 0.284606397151947 1.0026066303253174
0.7369168996810913 0.284606397151947 -0.308565229177475
0.18824338912963867 0.2845063805580139 -1.205297589302063
0.07594652473926544 0.284606397151947 -0.03182681277394295
-1.1999053955078125 0.2845063805580139 2.141206741333008
-0.1078464537858963 0.284606397151947 1.916318416595459
0.9210315346717834 0.2845063805580139 -0.05947819724678993
0.9210294485092163 0.2845063805580139 0.7821837067604065
0.1294584423303604 0.284606397151947 -0.9214595556259155
0.921029806137085 0.2845063805580139 -0.47883525490760803
-1.8920639753341675 0.284606397151947 0.25762757658958435
-2.386373519897461 0.2845063805580139 0.4000434875488281
0.9211300015449524 0.2846064567565918 -0.3686513900756836
0.276498019695282 0.284606397151947 -0.6035533547401428
0.6655699014663696 0.284606397151947 1.476833462715149
-0.2557612955570221 0.284606397151947 -0.7247042059898376
-1.5280342102050781 0.284606397151947 -0.7431923747062683
-0.8033483028411865 0.284606397151947 -0.9166977405548096
0.1940060555934906 0.284606397151947 1.7240080833435059
-0.02312627248466015 0.284606397151947 1.7193429470062256
0.6755737066268921 0.284606397151947 -0.7593711018562317
0.9210286736488342 0.2845063805580139 0.42896202206611633
-0.26040226221084595 0.284606397151947 -0.9452478885650635
-0.08342377841472626 0.284606397151947 -0.6855349540710449
0.6642327308654785 0.284606397151947 -0.5480046272277832
-1.3934288024902344 0.284606397151947 -0.5980808734893799
-2.1033902168273926 0.284606397151947 0.24488607048988342
-1.9471813440322876 0.284606397151947 0.8025525808334351
-0.9237596392631531 0.5541719794273376 2.1412081718444824
-2.0852980613708496 0.284606397151947 1.5274159908294678
0.6939350366592407 0.284606397151947 1.6966241598129272
-2.386474609375 0.28460633754730225 -0.5696378946304321
-2.111046552658081 0.284606397151947 -0.5632667541503906
0.9211300611495972 0.28460657596588135 1.2848607301712036
0.05858183279633522 0.284606397151947 -0.5514675974845886
-1.9091418981552124 0.284606397151947 1.5636032819747925
-2.386448621749878 0.28460609912872314 2.141308307647705
-1.8368005752563477 0.284606397151947 0.9469054937362671
0.48827648162841797 0.2845063805580139 2.141207695007324
0.9211301207542419 0.8290062546730042 2.141209363937378
-2.3863744735717773 0.7434353232383728 1.8940529823303223
-2.3863744735717773 0.2845063805580139 0.8494644165039062
-0.8467927575111389 0.284606397151947 -0.5021494030952454
-0.27175045013427734 0.2845063805580139 2.141206741333008
-1.8945269584655762 0.284606397151947 -0.7604436278343201
-2.386474609375 0.44002026319503784 -1.2052984237670898
-1.7338796854019165 0.284606397151947 1.6976957321166992
-2.3863744735717773 0.5472362041473389 -0.3871315121650696
-2.3863744735717773 0.6137493252754211 -0.8980720639228821
-1.5751127004623413 0.284606397151947 1.3224564790725708
-1.5123456716537476 0.284606397151947 1.1344083547592163
-2.386474370956421 1.141287088394165 -1.2053120136260986
-2.3863754272460938 0.2845063805580139 0.193450927734375
-0.6387349367141724 0.6424066424369812 -1.205298900604248
-2.037992477416992 0.284606397151947 -0.3726101219654083
-1.8747968673706055 0.284606397151947 -0.28232625126838684
-2.3863744735717773 0.6173027753829956 1.0900534391403198
-1.9615719318389893 0.284606397151947 0.06004288047552109
-1.9199784994125366 0.284606397151947 -0.54421466588974
-0.7884498238563538 0.284606397151947 1.7502375841140747
0.48678404092788696 0.284606397151947 -0.7269524335861206
-1.5940072536468506 0.284606397151947 -0.553482711315155
0.9211299419403076 0.646425724029541 -1.2052996158599854
-1.7588566541671753 0.284606397151947 1.2624760866165161
-1.9813071489334106 0.284606397151947 0.4262300729751587
0.5712044835090637 0.553499162197113 -1.2052992582321167
0.13370876014232635 0.284606397151947 -0.2836551070213318
0.2043781578540802 0.2846064269542694 2.141308307647705
0.9210300445556641 0.2845063805580139 0.9902572631835938
0.3086489737033844 0.284606397151947 0.4857369363307953
-2.3863744735717773 1.0180896520614624 -1.2053983211517334
-1.1757842302322388 0.3146155774593353 -1.2052987813949585
-0.9859294891357422 0.2845063805580139 2.141207695007324
-0.9533742666244507 0.284606397151947 -0.7619947195053101
-1.3541572093963623 0.284606397151947 1.6582343578338623
-2.3863744735717773 0.4345608651638031 -0.07661329954862595
0.9211299419403076 0.3882014751434326 -1.2052996158599854
-1.8843590021133423 0.6985928416252136 2.1412081718444824
-1.2005268335342407 0.284606397151947 1.3146220445632935
-2.386474370956421 0.5600051879882812 2.1412086486816406
-1.7479679584503174 0.284606397151947 -0.374950110912323
0.9211301207542419 0.48113563656806946 2.1412084102630615
-1.514038324356079 0.284606397151947 1.7339532375335693
0.0773225650191307 0.284606397151947 0.44088345766067505
-1.2149474620819092 0.284606397151947 0.9105227589607239
-2.3863744735717773 0.8169136047363281 -0.91416335105896
-1.0624308586120605 0.284606397151947 1.5383154153823853
-2.386474609375 0.6905240416526794 -1.2052984237670898
-2.3863749504089355 0.4445672035217285 2.141308307647705
-2.386474370956421 1.1212217807769775 2.1412081718444824
-2.386474370956421 0.7850422859191895 2.1412081718444824
-0.4856756925582886 0.5999628305435181 2.1412081718444824
-0.18421947956085205 0.5591272115707397 -1.2052990198135376
0.9210300445556641 0.5245500802993774 0.9837595224380493
-2.386474609375 0.2846064567565918 0.6190996170043945
0.9211301207542419 0.6088886260986328 2.1412084102630615
0.6584383249282837 0.7512118220329285 -1.2052992582321167
-0.1888589859008789 0.2845063805580139 2.141206741333008
0.9210300445556641 0.5190984606742859 1.788730263710022
0.9211300015449524 0.2846064567565918 0.34430766105651855
-2.3863744735717773 0.6636244654655457 0.00923923123627901
-0.9618185758590698 0.284606397151947 0.047395188361406326
-1.97461998462677 0.7510493397712708 -1.2052985429763794
-2.3863744735717773 0.5170897245407104 -0.6513599157333374
-1.2426687479019165 0.284606397151947 1.5087525844573975
-1.3851395845413208 0.284606397151947 -0.4238799810409546
-2.386474370956421 0.2846064567565918 1.3944873809814453
-0.03577686473727226 0.284606397151947 -0.4003029465675354
0.5012710094451904 0.284606397151947 -0.33622902631759644
0.11133617162704468 0.284606397151947 1.9154314994812012
-0.5036447644233704 0.284606397151947 -0.6571784615516663
-1.8320062160491943 0.284606397151947 -0.08917829394340515
0.9211301207542419 0.9301689863204956 2.141209602355957
-0.8881540298461914 0.5569127202033997 -1.2052987813949585
0.9210300445556641 0.5056068301200867 0.7200757265090942
-1.7231861352920532 0.284606397151947 1.0776790380477905
-2.0105011463165283 0.5462916493415833 2.1412081718444824
-2.3863744735717773 0.540195882320404 0.8685747981071472
-1.383906364440918 0.2845063805580139 2.1412057876586914
-2.3863744735717773 0.6430937647819519 -0.22483353316783905
-1.4393383264541626 0.284606397151947 1.4890183210372925
-2.109916925430298 0.6119260191917419 -1.2052984237670898
-0.7109411358833313 0.6223406791687012 2.1412081718444824
-0.6763383150100708 0.284606397151947 1.6176162958145142
-0.33700820803642273 0.284606397151947 -0.18958435952663422
0.6548112630844116 0.5032913088798523 2.1412081718444824
0.9210386276245117 0.8776757717132568 -1.2053993940353394
0.9210386276245117 0.983681321144104 -1.2053993940353394
0.9210299849510193 0.5110021829605103 -0.3141876757144928
0.9210300445556641 0.7102442979812622 1.8987247943878174
-2.3863744735717773 0.551704466342926 0.4093937277793884
0.9210299253463745 0.6309628486633301 -0.7521493434906006
0.9210300445556641 0.7160507440567017 1.674626111984253
0.9210299849510193 0.5211647152900696 0.1784016340970993
-1.262209415435791 0.284606397151947 -0.2818199694156647
0.4506359398365021 0.284606397151947 -0.0887015163898468
-2.3863744735717773 0.7249448895454407 1.7110735177993774
0.655519962310791 0.284606397151947 1.2386623620986938
0.08743245899677277 0.284606397151947 1.5583080053329468
0.4114075005054474 0.5778668522834778 2.1412081718444824
0.9210299253463745 0.7646728754043579 -0.9527534246444702
-2.1021602153778076 0.7358458638191223 2.1412081718444824
-1.204806923866272 0.5421412587165833 2.1412081718444824
0.9210300445556641 0.7261981964111328 2.141308307647705
-0.16011857986450195 0.2852526605129242 2.6925244331359863
-1.8079386949539185 0.284606397151947 0.42433586716651917
0.654308021068573 0.284606397151947 1.9475947618484497
0.9210300445556641 0.5657975673675537 1.2357029914855957
0.9210299849510193 0.7144920229911804 0.28898385167121887
0.9210300445556641 0.908113956451416 1.835340976715088
-1.9993891716003418 0.8807699084281921 2.1412081718444824
-2.3863744735717773 0.5204803347587585 1.5610851049423218
-1.3812425136566162 0.284606397151947 1.2764607667922974
-0.8886387348175049 0.284606397151947 1.554792881011963
-2.3863744735717773 0.6937037110328674 1.3526215553283691
-2.3863744735717773 0.7216210961341858 1.5380494594573975
-2.3863744735717773 0.6930418610572815 -0.7243180274963379
-1.106189250946045 0.284606397151947 1.9221594333648682
0.2037462443113327 0.5680115818977356 2.1412081718444824
-0.6500142812728882 0.284606397151947 -0.7752617597579956
-1.7610231637954712 0.284606397151947 1.483427882194519
-2.3863744735717773 0.774365246295929 1.0054482221603394
-1.7842928171157837 0.284606397151947 0.12103281170129776
-1.4649068117141724 0.5616496801376343 2.1412081718444824
-0.3767540752887726 0.284606397151947 1.9424777030944824
-0.8540036678314209 0.749839723110199 2.584005355834961
-1.489189624786377 0.284606397151947 0.2589065432548523
-1.1565899848937988 0.284606397151947 -0.7875173091888428
-1.3498456478118896 0.9596178531646729 2.1412081718444824
-0.4502282440662384 0.5665777325630188 -1.2052990198135376
-1.3009542226791382 0.5954614281654358 -1.205298662185669
-2.3863744735717773 0.9207738041877747 1.4210377931594849
-2.1019022464752197 0.8761298060417175 -1.2052984237670898
-2.3863744735717773 0.9514671564102173 1.8254905939102173
0.760918140411377 0.284606397151947 0.6288427710533142
-0.07295797765254974 0.6201473474502563 2.1412081718444824
0.10114571452140808 0.284606397151947 -0.7240617275238037
-0.010928511619567871 0.7497397065162659 2.569340705871582
0.26162832975387573 0.5576505661010742 -1.2052991390228271
-2.3863744735717773 0.7228220701217651 0.5718764066696167
0.9210299849510193 0.4518817663192749 -0.09912589192390442
0.3732881247997284 1.1884410381317139 2.1412081718444824
-2.0355992317199707 0.984174370765686 0.11839332431554794
-1.4806702136993408 0.5977271199226379 -1.205298662185669
0.7042679190635681 0.284606397151947 0.02189639024436474
-0.1452416181564331 0.2845063805580139 -1.205297827720642
-0.63343745470047 0.284606397151947 2.6924619674682617
0.9210299849510193 0.5281972885131836 0.460020512342453
-2.00823712348938 0.8995190262794495 1.7685472965240479
-1.236304759979248 0.284606397151947 0.2929325997829437
-2.0633809566497803 0.925981342792511 -0.25462138652801514
-1.655251145362854 0.7015787363052368 2.1412081718444824
0.4733998477458954 0.284606397151947 1.4714879989624023
0.46334877610206604 0.8248188495635986 -1.2052992582321167
-2.1522929668426514 1.36846125125885 -1.1890413761138916
-1.674059271812439 0.284606397151947 0.5836496353149414
-1.8391510248184204 0.284606397151947 0.6362047791481018
-1.6742339134216309 0.284606397151947 -0.1204359158873558
-1.040151834487915 0.7188446521759033 2.1412081718444824
-1.7276040315628052 0.284606397151947 0.8105673789978027
-1.7924612760543823 0.8614955544471741 2.1412081718444824
-2.3863744735717773 0.8068273067474365 -0.1188068613409996
0.46149417757987976 0.284606397151947 -0.5425964593887329
-1.6209396123886108 0.284606397151947 0.10597360134124756
-2.3863744735717773 1.0356080532073975 -0.8815878033638
0.41319727897644043 0.661117434501648 -1.2052992582321167
-1.7510876655578613 0.533769965171814 2.1412081718444824
0.9210299849510193 0.6973003149032593 0.0526529997587204
0.9210299849510193 0.6765637993812561 -0.1809551864862442
-1.5978533029556274 0.284606397151947 1.5583772659301758
-2.0609326362609863 0.284606397151947 0.9745517373085022
0.5200496315956116 0.284606397151947 1.660600185394287
-2.3863744735717773 0.7204335331916809 0.7946016192436218
-0.855110228061676 0.7498397827148438 2.498974323272705
-0.48186007142066956 0.2846672534942627 2.6925277709960938
-0.8752555847167969 0.284606397151947 1.2327172756195068
0.4914347529411316 0.284606397151947 0.33555158972740173
-2.024928569793701 0.7085265517234802 -0.6386785507202148
-1.7867326736450195 0.6965009570121765 -1.2052985429763794
-2.3863744735717773 0.7105240225791931 -0.5115001797676086
-1.322261929512024 0.7019605040550232 2.1412081718444824
-2.3863744735717773 0.537132740020752 0.1895977258682251
-1.340590476989746 0.284606397151947 0.14144042134284973
-1.4248027801513672 0.8108190298080444 -1.205298662185669
-1.384610891342163 0.284606397151947 0.4244703948497772
-0.27784162759780884 0.60758376121521 2.1412081718444824
-2.3863744735717773 0.8200920820236206 1.2238582372665405
-1.5179163217544556 0.284606397151947 0.7518216371536255
-2.073972463607788 0.9278860688209534 1.1232898235321045
0.38322070240974426 0.284606397151947 1.7617026567459106
0.5818023085594177 0.9741072654724121 -1.2052992582321167
-1.5498918294906616 0.284606397151947 0.9577054977416992
-1.4417263269424438 0.8967081904411316 1.8389462232589722
-0.5357749462127686 0.284606397151947 1.7342350482940674
-2.0225276947021484 0.8291106224060059 -0.8135829567909241
-2.3767237663269043 1.2467738389968872 -1.2052984237670898
-1.182509422302246 0.284606397151947 3.7295849323272705
-0.31395867466926575 0.284606397151947 4.141748428344727
-1.151859164237976 0.8737341165542603 2.1412081718444824
-2.047919988632202 1.00657320022583 1.5455336570739746
-1.890684962272644 0.72226482629776 1.8045222759246826
-1.6525522470474243 0.284606397151947 0.3530632555484772
0.6185480356216431 0.7434512972831726 2.1412081718444824
-0.3266219198703766 0.284606397151947 2.693152666091919
0.9211301207542419 1.14052414894104 2.141209602355957
0.3397844135761261 0.284606397151947 1.0593453645706177
-1.4529708623886108 0.284606397151947 -0.19557499885559082
0.40576255321502686 0.7526940107345581 2.1412081718444824
-0.5679095387458801 0.284606397151947 -0.3612184524536133
0.7172845602035522 0.284606397151947 0.9976903796195984
0.9210300445556641 0.6776382923126221 1.4321733713150024
-0.8499721884727478 1.1170741319656372 2.4653446674346924
-2.3863744735717773 0.9115158915519714 1.6223286390304565
0.5547741055488586 0.9345583915710449 2.1412081718444824
-0.16533754765987396 0.284606397151947 1.6126866340637207
-0.8441299200057983 0.284606397151947 4.092791557312012
-0.30348408222198486 0.7253214716911316 -1.2052990198135376
0.9210300445556641 1.0482447147369385 1.7044109106063843
0.9210300445556641 0.7276232838630676 0.7612183690071106
0.9210301637649536 1.040733814239502 2.141308307647705
0.9210299849510193 0.8770639896392822 0.22287897765636444
-2.3863744735717773 0.8478109240531921 0.12008345127105713
-0.29872962832450867 0.284606397151947 1.4639780521392822
0.9210300445556641 0.7313591837882996 0.9580140709877014
-0.06340622156858444 0.7528911828994751 -1.2052991390228271
-1.8376871347427368 0.9411405920982361 -0.8519940376281738
0.9211299419403076 1.0817384719848633 -1.2052992582321167
-0.20306658744812012 0.284606397151947 3.24716854095459
0.9210299849510193 0.7548582553863525 -0.39703550934791565
-2.386375665664673 0.99727463722229 2.141308307647705
0.9210299849510193 0.7232201099395752 0.5334692597389221
-2.3863744735717773 0.8544435501098633 -0.7010251879692078
-2.1311442852020264 1.1909046173095703 -1.2052984237670898
0.9210300445556641 1.0054614543914795 1.2035863399505615
0.9198209643363953 1.2454372644424438 2.1359312534332275
0.5045636892318726 0.8675013184547424 1.9009588956832886
-1.6247062683105469 0.7707864046096802 -1.2052985429763794
-0.7969880700111389 0.7303684949874878 -1.205298900604248
-2.3863744735717773 0.7265030145645142 0.2668199837207794
0.4113486111164093 0.8504811525344849 -0.9176358580589294
-0.2038186490535736 0.8887863159179688 -1.2052990198135376
-1.8676390647888184 0.8982731103897095 -1.2052985429763794
-2.3863744735717773 0.8359395861625671 0.4187823534011841
-2.1334829330444336 1.1538652181625366 2.1412081718444824
-1.4909276962280273 0.284606397151947 0.5563148856163025
-1.8889994621276855 0.6532772183418274 -0.8244472742080688
-1.817997694015503 0.622703492641449 -0.5572354197502136
0.2929144501686096 0.284606397151947 1.2299134731292725
-0.99821537733078 0.284606397151947 1.3525062799453735
0.9210300445556641 0.7586346864700317 1.1754734516143799
0.38590508699417114 0.30566465854644775 3.4314332008361816
-1.4678996801376343 0.284606397151947 -0.01401551254093647
0.9210299253463745 0.7467712759971619 -0.5899221301078796
-2.3863744735717773 0.8218041062355042 -0.31642016768455505
-0.9290869832038879 0.284606397151947 0.6568993330001831
-1.9072483777999878 1.084495186805725 -1.2052985429763794
-1.2699267864227295 0.284606397151947 -0.09373526275157928
-2.3863744735717773 0.9803051948547363 1.134177565574646
0.9211299419403076 1.192753553390503 -1.2052991390228271
-1.2087006568908691 0.284606397151947 -0.5973326563835144
-1.0828841924667358 0.6276055574417114 -1.2052987813949585
-2.3863744735717773 1.0338797569274902 -0.3104676604270935
-2.3863744735717773 1.0725822448730469 -0.6850773692131042
0.27719414234161377 0.284606397151947 -0.43133190274238586
-2.3863744735717773 0.9142547845840454 -0.5080050826072693
-0.7818478345870972 1.3274633884429932 -0.8544432520866394
-0.5044587850570679 0.7843058705329895 -1.205298900604248
-0.8560605645179749 0.3466067910194397 4.004805564880371
-1.9878376722335815 1.3264594078063965 -0.7910935282707214
0.9210301041603088 1.2975951433181763 1.9579567909240723
-1.6583502292633057 0.9542416930198669 -1.2052985429763794
-1.1571557521820068 0.284606397151947 0.4507741332054138
0.9210300445556641 1.101169466972351 1.488817811012268
-2.3863744735717773 0.9799847602844238 -0.03943526744842529
0.2598506510257721 0.284606397151947 -0.08436506986618042
-0.3753853142261505 0.284606397151947 -0.5605548024177551
0.9210299253463745 0.820574939250946 -0.7832857966423035
-1.5770317316055298 0.284606397151947 -0.3207857012748718
0.9210300445556641 0.9192184805870056 1.0221147537231445
-1.0208077430725098 0.284606397151947 -0.5938722491264343
0.9210299253463745 1.2387689352035522 -0.9516158103942871
-0.06816060841083527 0.284606397151947 -0.8903165459632874
-2.3863744735717773 1.1493669748306274 1.406412124633789
-2.3863744735717773 1.2940852642059326 -0.9113215804100037
0.2689167559146881 0.38085120916366577 2.9707274436950684
-1.137437343597412 0.284606397151947 1.1421754360198975
0.3157978951931 0.284606397151947 3.5994784832000732
-0.9638822674751282 0.8042811155319214 -1.2052987813949585
0.5696743726730347 1.0245623588562012 -0.8111286163330078
0.9210300445556641 0.8738762140274048 1.575008749961853
0.9210299849510193 0.8546894192695618 -0.07830365747213364
0.5347135663032532 1.2689175605773926 2.1337900161743164
0.3116375803947449 0.284606397151947 -0.7746419310569763
-0.7899562120437622 0.284606397151947 -0.6676909327507019
-1.2201703786849976 0.7732337117195129 -1.2052987813949585
0.4578239619731903 1.1698989868164062 -1.2052992582321167
-2.0204696655273438 0.9986618161201477 -0.602072536945343
-0.9095863103866577 0.284606397151947 -0.14037325978279114
-1.121185064315796 0.284606397151947 -0.4192512333393097
-1.5922839641571045 0.9811911582946777 -0.836199939250946
0.01590176485478878 0.4883458614349365 3.139408826828003
-0.030608126893639565 0.2847141623497009 3.9639809131622314
-0.7563580870628357 0.284606397151947 -0.3014279901981354
-2.3863744735717773 1.2147877216339111 1.2153384685516357
0.9210300445556641 0.9996541738510132 0.8457303643226624
-0.03747350722551346 0.284606397151947 0.5613070726394653
-0.3744385540485382 0.284606397151947 -0.3677881956100464
0.32799872756004333 0.9364809989929199 2.135507822036743
-1.6404881477355957 1.3562407493591309 -1.1772359609603882
0.39659810066223145 0.2910913825035095 3.283906936645508
-1.0874685049057007 0.8359477519989014 -0.9052308797836304
-2.3863744735717773 0.9263121485710144 0.8937717080116272
-2.330659866333008 1.3271512985229492 2.1318705081939697
-2.0267059803009033 0.7785087823867798 1.3134959936141968
-2.062312364578247 0.9581236839294434 0.6842412352561951
-1.4805837869644165 0.8035009503364563 2.1412081718444824
0.025713665410876274 1.1535001993179321 -1.1911083459854126
-2.3863744735717773 1.2444809675216675 1.8277369737625122
-1.32542884349823 0.284606397151947 1.0806803703308105
-1.439611792564392 1.0192046165466309 -1.205298662185669
-1.850806713104248 0.6099134087562561 1.6183397769927979
-0.3194867968559265 0.98480623960495 -0.9133379459381104
0.21041502058506012 0.7697669267654419 -1.2052991390228271
-1.7206103801727295 0.7718246579170227 -0.7338026165962219
-1.9422624111175537 1.1351463794708252 2.1412081718444824
-0.7946866750717163 0.28460636734962463 2.6924242973327637
-2.3863744735717773 1.0378131866455078 0.4757966995239258
0.6999487280845642 0.284606397151947 0.269372820854187
0.9210299253463745 0.9806869626045227 -0.7943726778030396
-0.7121160626411438 0.8991991281509399 -1.205298900604248
-1.9875043630599976 0.6738885641098022 1.0763245820999146
-2.0358352661132812 0.7591443657875061 -0.10144495964050293
-1.5980918407440186 0.9668810367584229 2.1412081718444824
-1.7882635593414307 0.9398292303085327 1.8077372312545776
0.9210299849510193 1.1354670524597168 0.43322035670280457
0.9210299253463745 1.2845889329910278 -1.2038403749465942
-2.0269365310668945 0.7168498039245605 0.1793835312128067
-2.3863742351531982 1.235723614692688 2.108844518661499
0.04896874353289604 0.9153292179107666 -1.2052991390228271
-1.2358293533325195 1.3498221635818481 -1.2001348733901978
0.9210299849510193 1.1054552793502808 -0.30385637283325195
-1.7575167417526245 1.12994384765625 2.1412081718444824
-1.2340916395187378 0.3100171685218811 3.611053228378296
0.2856742739677429 0.284606397151947 1.4402916431427002
-2.3863744735717773 1.191145658493042 -0.1586766391992569
0.35603588819503784 0.6194853782653809 -0.8250401020050049
-1.609429955482483 0.7531870603561401 1.7283949851989746
-2.0444257259368896 0.7269883155822754 1.6213834285736084
-1.3767069578170776 0.284606397151947 0.8538715243339539
-2.055832862854004 0.7611042857170105 0.8608996868133545
0.34282878041267395 0.284606397151947 -0.25507551431655884
0.3157294690608978 1.3544255495071411 2.1204781532287598
0.14496804773807526 1.158308744430542 2.1412081718444824
-0.8483188152313232 0.28822964429855347 2.783071279525757
0.9131861329078674 1.3398282527923584 -0.831303060054779
-1.8173695802688599 0.9812793135643005 -0.6006834506988525
-2.3578763008117676 1.3698142766952515 -1.014072299003601
-1.1163560152053833 0.29630500078201294 3.844693660736084
-1.9643813371658325 0.7715747356414795 -0.4080706834793091
-2.3863744735717773 0.8927544951438904 0.6842003464698792
0.7546126246452332 1.3274550437927246 -1.2052993774414062
-0.20394277572631836 1.0824426412582397 -1.2052990198135376
-1.493338704109192 1.2560969591140747 -1.205298662185669
-1.198165774345398 0.9459097385406494 -1.2052987813949585
0.9210299849510193 0.953564465045929 -0.5527130365371704
-1.4538681507110596 0.7329766154289246 -0.856319010257721
-1.9834513664245605 1.3281805515289307 2.1319143772125244
-2.0703580379486084 0.8991222381591797 0.40653344988822937
-2.3863744735717773 1.1395820379257202 1.6450672149658203
-0.9780535697937012 0.9857117533683777 -1.2052987813949585
0.29984790086746216 0.9456882476806641 -1.2052992582321167
0.651579737663269 1.5050684213638306 1.851109504699707
-1.1722019910812378 0.284606397151947 1.7063984870910645
-0.4472976326942444 0.9626030921936035 -1.2052990198135376
0.43373188376426697 0.284606397151947 0.8592438697814941
0.9210299253463745 1.160454511642456 -0.6788589358329773
-2.3863744735717773 1.2185417413711548 -0.5731289386749268
-0.8373352289199829 0.284606397151947 0.32054245471954346
-1.5110113620758057 1.2239396572113037 2.1412081718444824
-2.3863744735717773 1.1301450729370117 0.6727659702301025
-2.3863744735717773 1.0017169713974 0.2524397671222687
-1.923269271850586 1.337835431098938 -1.1824785470962524
-1.7395108938217163 1.2148336172103882 -1.2052985429763794
-2.384251356124878 1.3635255098342896 -0.6333026885986328
0.4914743900299072 0.284606397151947 0.10059639811515808
-1.2627431154251099 1.1613258123397827 -1.205298662185669
0.5783208608627319 0.7310560345649719 -0.7862644195556641
-0.15924020111560822 0.32726603746414185 4.082601547241211
0.5057167410850525 0.284606397151947 1.0433155298233032
-0.17962801456451416 0.284606397151947 -0.268703818321228
-0.8643224239349365 1.1549909114837646 -1.2052987813949585
0.6135537624359131 0.284606397151947 0.7974392771720886
-1.15675950050354 0.284606397151947 0.06803835928440094
-0.2676907777786255 0.284606397151947 1.2433750629425049
-0.3945728838443756 0.284606397151947 1.6201229095458984
-0.010755162686109543 1.3228070735931396 -1.2027424573898315
-1.21895432472229 0.2984788417816162 3.198852062225342
-1.7425168752670288 1.3193755149841309 -0.7586768269538879
-1.3786678314208984 0.6675789952278137 1.7674620151519775
-0.09437114745378494 0.284606397151947 1.2615313529968262
-0.8266355991363525 0.284606397151947 1.0108840465545654
-2.3733646869659424 1.319274663925171 1.5681272745132446
-0.6359761953353882 1.1043529510498047 -1.205298900604248
0.6973245143890381 1.2521235942840576 2.140350818634033
-1.7035801410675049 1.317415475845337 2.1210763454437256
0.4070034325122833 0.38093101978302 3.1337943077087402
-0.6963995099067688 0.32441723346710205 4.158206462860107
-2.0244815349578857 0.6899780631065369 0.5515686273574829
-2.1596715450286865 1.4488162994384766 -0.8180098533630371
-2.309345006942749 1.405100703239441 -0.31880655884742737
-1.8730816841125488 0.862751305103302 1.5075244903564453
-2.0373589992523193 1.4408193826675415 -0.5490148663520813
0.23184968531131744 1.1709188222885132 -1.2052991390228271
0.9210299849510193 1.145546793937683 0.21653088927268982
-1.0887693166732788 1.095924973487854 2.1412081718444824
-1.87457275390625 0.6707904934883118 -0.2422458827495575
0.9210300445556641 1.275033950805664 1.0812801122665405
0.9210300445556641 1.3300062417984009 1.4329661130905151
0.5535402297973633 1.3290162086486816 -1.1923452615737915
-2.381467819213867 1.2941402196884155 0.7858242988586426
-2.0535128116607666 1.412314534187317 1.8719240427017212
-1.3295215368270874 0.9365535974502563 -0.8652047514915466
0.5951418876647949 0.8900080323219299 -0.6337693929672241
0.916264533996582 1.338200330734253 1.626894235610962
0.11120269447565079 0.33662447333335876 3.826878786087036
0.14589807391166687 0.8870091438293457 2.068816661834717
0.3567679524421692 1.2367221117019653 -0.838844358921051
-0.8937700390815735 0.42487725615501404 3.140850067138672
-0.4289989769458771 1.2437177896499634 -1.2052990198135376
0.9210300445556641 1.227573275566101 0.6819438934326172
-0.5480653047561646 0.3220648467540741 4.200570583343506
-1.264962077140808 0.3457081913948059 3.340019464492798
0.06239263713359833 0.8496168851852417 -0.8997116684913635
0.9210299849510193 1.162634015083313 -0.10810425877571106
-2.3863744735717773 1.1854095458984375 0.1449671983718872
0.2352679818868637 0.353226900100708 3.7264504432678223
-1.8696423768997192 1.0214612483978271 1.1376451253890991
-0.744884729385376 0.7518900632858276 -0.8702908158302307
-2.3863744735717773 1.1432561874389648 0.9457453489303589
-2.3714983463287354 1.2904455661773682 -0.36414843797683716
-1.2397319078445435 1.2268247604370117 2.1356449127197266
-1.8653805255889893 1.215023159980774 1.6784768104553223
-1.9460194110870361 1.1777973175048828 0.9433867335319519
-0.5169021487236023 0.284606397151947 1.5091805458068848
-2.384275436401367 1.3587459325790405 1.351914882659912
-1.0207345485687256 0.3167153298854828 3.964003086090088
0.9210300445556641 1.3084874153137207 0.894417405128479
-1.0890660285949707 0.284606397151947 -0.16409583389759064
-0.6318865418434143 0.284606397151947 0.27048009634017944
-1.070048213005066 0.3033492863178253 2.9898970127105713
0.1651054173707962 0.284606397151947 0.9602497220039368
-0.7276831865310669 0.284606397151947 -0.06904826313257217
-1.3546627759933472 1.3258681297302246 2.125901937484741
0.9210300445556641 1.3058794736862183 1.7807657718658447
-0.46314287185668945 0.2997633218765259 4.145773887634277
0.08537064492702484 0.284606397151947 1.1612370014190674
0.9066767692565918 1.4121323823928833 -0.6526792645454407
0.09220947325229645 0.5465915203094482 2.821737289428711
-0.6445476412773132 0.284606397151947 -0.5434984564781189
0.9210299849510193 1.2522482872009277 -0.5086445808410645
-2.365812063217163 1.3265535831451416 1.0780037641525269
-0.17126303911209106 0.2949461042881012 3.897869348526001
-1.022999882698059 0.38958075642585754 3.091493606567383
-0.17102237045764923 1.4668716192245483 -0.8648524284362793
-1.7664107084274292 1.4174045324325562 1.9305334091186523
-2.3775572776794434 1.258989930152893 0.4519578218460083
-0.9499905109405518 0.336873322725296 3.273667573928833
0.20792365074157715 0.284606397151947 0.6457666158676147
-0.7157378792762756 0.28790444135665894 3.8216910362243652
-1.8551628589630127 0.6117880344390869 1.272817611694336
-0.3276588022708893 0.4507656693458557 3.923305034637451
0.9210300445556641 0.8899247646331787 1.3809947967529297
-1.0379917621612549 0.6732982397079468 -0.790955662727356
0.14846684038639069 0.6133795380592346 2.9701313972473145
-0.7861061692237854 0.284606397151947 0.12272215634584427
0.6481382846832275 1.435305118560791 -0.9626092910766602
-1.5353047847747803 0.6529988646507263 -0.6490922570228577
0.04433055967092514 0.32591694593429565 2.7036187648773193
-0.5721070170402527 0.284606397151947 -0.18602025508880615
-1.039109706878662 0.284606397151947 0.829820454120636
-1.4970178604125977 1.3773599863052368 1.8805841207504272
-1.8434158563613892 1.4365711212158203 -0.9659379124641418
-0.7470651865005493 0.284606397151947 1.458992600440979
-0.5102534294128418 0.3554830253124237 3.7607901096343994
-2.3668975830078125 1.3175712823867798 -0.008185391314327717
0.9102603793144226 1.3552201986312866 0.49270614981651306
-1.045037865638733 1.2910808324813843 -1.1968045234680176
0.23471969366073608 0.3216540813446045 3.09165096282959
-0.29568570852279663 0.284606397151947 0.8594706058502197
-1.4118400812149048 1.4115204811096191 -1.052669882774353
0.9210299849510193 0.9106926918029785 -0.2952934205532074
0.8262271881103516 1.494749665260315 1.4975744485855103
-2.0250706672668457 1.333954930305481 -0.30583643913269043
-0.9647117853164673 1.268271803855896 2.1158015727996826
-1.9062888622283936 1.2177808284759521 -0.004929267335683107
-1.9242112636566162 1.4537121057510376 -0.12483767420053482
0.2936839163303375 1.3464628458023071 -1.1795496940612793
0.4216110110282898 0.284606397151947 0.6383773684501648
-1.0127811431884766 0.284606397151947 1.02448308467865
-2.12406325340271 1.4147446155548096 1.063701868057251
0.3340970575809479 0.284606397151947 0.2800601124763489
0.9153647422790527 1.3417119979858398 -0.3383747637271881
0.4180613160133362 0.6686684489250183 1.820475697517395
0.21763329207897186 0.31771320104599 3.470076560974121
-0.08039158582687378 0.284606397151947 1.4722052812576294
-2.3767924308776855 1.3718372583389282 1.8615573644638062
-1.850275993347168 1.4309959411621094 1.6525850296020508
-1.8505042791366577 1.1709117889404297 1.4117125272750854
-1.2835590839385986 0.6452866196632385 -0.711760938167572
-0.2190522402524948 1.304673671722412 -1.201386570930481
-1.9796640872955322 1.3539059162139893 1.2275655269622803
-0.9670284390449524 0.3527772128582001 3.6435546875
-2.1314284801483154 1.420225977897644 1.6071279048919678
0.9210299849510193 0.9195106625556946 0.42869850993156433
0.9210300445556641 1.3085993528366089 1.2626073360443115
-2.0492889881134033 1.4577122926712036 0.49807462096214294
-0.774316668510437 0.5512900352478027 3.529024362564087
-0.3639901578426361 0.6874653697013855 -0.8669031858444214
-0.5124524831771851 0.284606397151947 1.0690608024597168
0.5461520552635193 1.2347383499145508 1.6346393823623657
0.7299773693084717 1.433353304862976 2.0259125232696533
0.6550957560539246 0.8590492010116577 1.6864668130874634
-0.170253723859787 0.284606397151947 0.3892548680305481
0.3037714958190918 0.284606397151947 0.09974557161331177
0.63343346118927 1.5169248580932617 1.2805211544036865
0.5929948687553406 1.4837915897369385 -0.6735008955001831
-0.6497837901115417 0.2933714687824249 3.6372811794281006
-0.35470908880233765 0.6127721071243286 3.6184020042419434
-1.246445894241333 0.33471864461898804 3.4739797115325928
-0.2182241678237915 0.5854380130767822 3.3136374950408936
-0.9581097364425659 0.284606397151947 -0.32394540309906006
-0.0431344136595726 1.1809847354888916 2.3633522987365723
-1.3180484771728516 0.284606397151947 0.6412249207496643
0.8684791326522827 1.4138168096542358 0.2925871014595032
0.5596152544021606 1.5184051990509033 1.6773673295974731
-0.04141915589570999 0.29172056913375854 3.665522336959839
-0.1903863102197647 0.284606397151947 -0.5283200144767761
-0.610275387763977 1.3183470964431763 -1.189702033996582
0.9210300445556641 0.9050673842430115 0.6705238223075867
0.2893899977207184 1.213078498840332 1.9314348697662354
-1.8566569089889526 0.6259503364562988 0.03504616767168045
-0.023565474897623062 0.284606397151947 -0.17120574414730072
0.11708731204271317 0.37244462966918945 2.814357280731201
0.09676194190979004 0.284606397151947 1.3525912761688232
-0.11934126913547516 0.7336634993553162 2.9033987522125244
-0.340279221534729 0.37831947207450867 3.5729613304138184
-1.030871033668518 0.284606397151947 0.2269798070192337
0.004652213305234909 0.284606397151947 0.7547556161880493
-0.8403251767158508 0.868994951248169 2.458759069442749
0.32210758328437805 1.5205681324005127 -0.4797423481941223
-0.8385254144668579 1.3330470323562622 -1.195204257965088
-1.634568452835083 1.0220794677734375 1.6231240034103394
0.2681625187397003 0.8882204294204712 -0.758742094039917
0.4652960002422333 1.0233718156814575 1.7376827001571655
-0.0467170849442482 0.38617783784866333 3.5983643531799316
-1.6290961503982544 0.6761301755905151 1.5343095064163208
-0.5825293064117432 0.284606397151947 0.08495242893695831
-0.5868407487869263 0.8967838883399963 -0.8786898851394653
-1.68377685546875 0.6746416091918945 -0.21801422536373138
-1.0528020858764648 1.449212670326233 -0.9650688171386719
-0.340162992477417 0.3828463554382324 3.0757482051849365
-1.8232324123382568 1.3382819890975952 -0.5162012577056885
-0.6409015655517578 0.284606397151947 1.3181992769241333
-0.04518686980009079 0.6560219526290894 -0.8177363276481628
-1.121873378753662 0.8807617425918579 1.939314842224121
0.5548297166824341 1.0790095329284668 -0.44871434569358826
-1.9264518022537231 1.1534756422042847 0.41247013211250305
-1.8941752910614014 0.8552649021148682 0.7486149072647095
0.03798307105898857 1.4608542919158936 -0.8659489154815674
0.40773922204971313 1.4705349206924438 -0.8143989443778992
-0.16971249878406525 1.450165033340454 1.6547333002090454
-0.9018911719322205 1.5112699270248413 -0.29892539978027344
-1.4180138111114502 1.358665108680725 -0.7548321485519409
-0.4338775873184204 1.3754229545593262 2.13336443901062
-1.601890206336975 1.466858148574829 -0.7690789103507996
-0.46488577127456665 1.4717798233032227 -0.6234750747680664
-1.5353541374206543 1.092782974243164 -0.6031168103218079
0.2427000105381012 1.4610642194747925 1.4685934782028198
-0.8246322274208069 1.4460891485214233 1.4066420793533325
-0.1107935905456543 0.9629528522491455 -0.7998670339584351
-2.2057151794433594 1.4231189489364624 -0.011768462136387825
-0.32918447256088257 1.4163644313812256 -1.1173769235610962
-1.7058122158050537 1.476314902305603 -0.3784671425819397
-1.2406566143035889 1.488631010055542 -0.6556506752967834
0.9185600280761719 0.99831223487854 0.02357993647456169
-0.15355461835861206 1.4845142364501953 -0.554717481136322
-1.1405365467071533 1.3321118354797363 -0.8198477625846863
0.8764740228652954 1.4381294250488281 0.784725546836853
0.8686689138412476 1.4262546300888062 -0.190602108836174
-1.4320143461227417 1.4883074760437012 -0.44437816739082336
0.5329878330230713 1.4854954481124878 1.0409058332443237
-1.5181468725204468 1.511937141418457 0.025673100724816322
-1.8359296321868896 1.0498278141021729 -0.3230743408203125
0.9210299849510193 1.3090581893920898 0.03188342601060867
-1.8309962749481201 0.7510532140731812 0.9941935539245605
0.42701682448387146 0.6233588457107544 -0.6294313073158264
0.9014219045639038 1.4779900312423706 1.0964174270629883
-0.3777003288269043 0.43913060426712036 3.367644786834717
-0.6908347010612488 0.658664882183075 2.9082226753234863
-0.9424663186073303 0.9932751655578613 -0.8051712512969971
-1.594702959060669 1.495597004890442 0.71556556224823
-1.0579582452774048 1.4821287393569946 1.5506755113601685
-1.2557119131088257 1.4725936651229858 1.2637970447540283
-1.4191902875900269 1.468804955482483 1.7778345346450806
0.7259243130683899 1.491465449333191 -0.4508664608001709
-0.5628453493118286 1.2017333507537842 2.3921406269073486
-1.4683504104614258 1.5260868072509766 0.48065876960754395
-0.3442712724208832 0.284606397151947 1.0511916875839233
-1.1563421487808228 0.284606397151947 0.6541462540626526
-0.09966906905174255 0.8439325094223022 2.429594039916992
-1.5346155166625977 1.4864535331726074 1.2911045551300049
-1.0186883211135864 1.4197381734848022 1.024320363998413
-1.319549798965454 1.4711605310440063 0.9877600073814392
-1.3038369417190552 1.5250496864318848 -0.1602904349565506
-2.2735259532928467 1.4018583297729492 0.8355095982551575
0.5348566174507141 0.6304235458374023 1.6130632162094116
-1.5603042840957642 1.4737894535064697 1.566976547241211
-1.962918996810913 1.438995599746704 1.3737099170684814
-0.9036718606948853 0.7608665227890015 1.933599591255188
-0.17341433465480804 0.284606397151947 -0.022326398640871048
-1.222578525543213 1.4801427125930786 0.7405672073364258
-1.8933405876159668 0.7908862233161926 0.3503572642803192
-0.6869727373123169 1.5053929090499878 -0.24954472482204437
-1.905745267868042 1.410874843597412 0.3028601109981537
-1.3619012832641602 0.8835080862045288 -0.6256107687950134
-1.2969696521759033 1.5413926839828491 0.23593883216381073
-0.9214112162590027 1.370140552520752 2.1371405124664307
-0.2486588954925537 0.6575343608856201 2.811283826828003
-1.8488365411758423 1.3931775093078613 0.8298830389976501
-1.3787447214126587 1.0634567737579346 1.6106785535812378
-1.0728113651275635 1.5186452865600586 -0.1548672318458557
-1.678460717201233 1.4695900678634644 -0.15225525200366974
-0.2406219244003296 0.284606397151947 0.6826572418212891
-0.5830246210098267 0.4975869059562683 3.359219551086426
0.6137120723724365 0.872922420501709 -0.26224640011787415
-0.617992103099823 0.284606397151947 0.8786649703979492
-1.6029962301254272 0.886183500289917 -0.38895124197006226
-1.7768081426620483 0.8543586730957031 1.27272367477417
-0.8361404538154602 0.48624730110168457 2.983410596847534
-0.6988998651504517 1.4718587398529053 -0.9021332263946533
-0.8231397271156311 0.6730281710624695 -0.6937462091445923
-1.8456614017486572 0.949889600276947 -0.10623949021100998
-0.49466171860694885 0.284606397151947 0.6033903956413269
0.021021060645580292 1.3492634296417236 2.0997374057769775
-1.528913974761963 1.3033827543258667 1.5132416486740112
-1.171985149383545 0.8814226984977722 1.7093322277069092
-0.7952924966812134 0.284606397151947 0.8237214684486389
0.2254645824432373 1.4559266567230225 -1.0334078073501587
-0.13998565077781677 1.2403475046157837 1.6429636478424072
-1.8269681930541992 0.6475396752357483 0.5186259746551514
0.4348151683807373 1.0706558227539062 0.45296013355255127
-0.03383385390043259 0.29627132415771484 3.3349392414093018
-0.7427017092704773 0.363603413105011 3.439800262451172
0.1190723180770874 1.5142511129379272 -0.6292105913162231
-0.47328105568885803 1.4679028987884521 -0.8619028925895691
-0.9186708331108093 1.4675580263137817 -0.6318473815917969
-0.23012122511863708 1.1436128616333008 2.4891741275787354
0.8763407468795776 1.448792576789856 0.0604674257338047
-1.1782299280166626 1.2464752197265625 1.7874447107315063
-1.7234933376312256 1.451296329498291 1.1559100151062012
-0.36067458987236023 0.7943754196166992 2.601116418838501
0.357650488615036 1.100090503692627 -0.6531127095222473
-1.816413164138794 0.8551150560379028 0.12585224211215973
-0.37726733088493347 1.392703652381897 1.5825798511505127
-1.1626096963882446 1.4484750032424927 1.8829494714736938
0.55061274766922 1.5247145891189575 -0.30443075299263
0.3155428469181061 1.4900084733963013 1.8541202545166016
-0.7730666399002075 0.7939797639846802 2.7226996421813965
0.6929588317871094 0.9727783799171448 1.3416571617126465
-0.1643543839454651 0.9174636006355286 2.7545924186706543
-1.4233704805374146 1.290462851524353 -0.38795730471611023
-0.5588375329971313 0.6117927432060242 3.171476125717163
0.41156384348869324 1.4908976554870605 1.3722758293151855
-0.6307204961776733 1.1100561618804932 2.5669686794281006
0.07277850806713104 1.1684476137161255 -0.7501132488250732
-1.4216151237487793 0.6626282334327698 -0.4217001497745514
-0.6349803805351257 1.4557052850723267 1.7189364433288574
-1.8236515522003174 1.130240559577942 0.6464530825614929
-0.30659782886505127 0.7987422943115234 -0.7098098993301392
-1.5733083486557007 1.2222038507461548 1.182375431060791
-1.7074681520462036 1.4471453428268433 0.1512814164161682
0.05939679965376854 1.4861940145492554 1.6657118797302246
-0.44967231154441833 1.4687296152114868 1.7678017616271973
-0.4712936580181122 0.9481235146522522 2.7967934608459473
0.6154690980911255 0.7444969415664673 -0.06297622621059418
0.7568262815475464 0.8391415476799011 0.4868207275867462
-0.8911551237106323 1.4548932313919067 1.8385441303253174
0.590192973613739 0.7322078347206116 1.3136310577392578
-0.5704491138458252 0.790838360786438 2.435415744781494
0.27447062730789185 0.284606397151947 0.8225034475326538
-1.2130755186080933 1.4025217294692993 1.4706478118896484
0.133045494556427 0.284606397151947 0.2795790135860443
-0.476772278547287 0.5005113482475281 2.960494041442871
-0.4215626120567322 0.284606397151947 -0.029878122732043266
-1.4949060678482056 0.8579496145248413 1.3867950439453125
-1.6606518030166626 0.6498777270317078 0.2790503203868866
0.18034683167934418 0.8398373126983643 1.853456974029541
-1.1101878881454468 0.7148193717002869 -0.5767401456832886
-0.5594059228897095 0.6508400440216064 -0.7080494165420532
-0.9935538172721863 0.6773107647895813 1.7059941291809082
0.45709943771362305 1.4196897745132446 -0.07701393216848373
-0.24253711104393005 0.7490786910057068 1.9732017517089844
-0.3927099406719208 0.284606397151947 0.2837103307247162
-1.3636499643325806 0.6523745059967041 1.5747190713882446
-1.1275317668914795 1.381440281867981 -0.4934905469417572
0.11174990981817245 0.7102421522140503 -0.6644340753555298
0.5365978479385376 0.6461379528045654 -0.3926470875740051
-1.6714773178100586 1.061818242073059 0.9270986914634705
-0.2388352006673813 0.9731526970863342 2.496126174926758
-1.1984933614730835 1.0692414045333862 -0.6466289758682251
-0.665092408657074 1.365224003791809 2.1097042560577393
0.24100829660892487 0.6734319925308228 1.6798920631408691
0.6224079132080078 0.7604862451553345 0.7314648628234863
-0.07220540195703506 1.4325000047683716 1.9736249446868896
0.672652006149292 1.1544758081436157 1.0284110307693481
-1.7688260078430176 0.669508695602417 0.7717977166175842
-0.750334620475769 0.9768580794334412 2.0470361709594727
-1.523815631866455 0.6531596779823303 -0.022222012281417847
-0.2850489914417267 1.3421391248703003 2.194103717803955
-0.44332969188690186 0.7654524445533752 2.788841485977173
0.4192659258842468 1.300225853919983 -0.481793612241745
-1.7143137454986572 1.1479183435440063 0.2762589752674103
-0.10428785532712936 0.284606397151947 0.2280377745628357
-1.5311795473098755 1.2043981552124023 -0.1606360226869583
-1.5645748376846313 0.8138802647590637 1.1934722661972046
-1.6598268747329712 1.483790397644043 0.9733572602272034
-0.7190728187561035 1.0927678346633911 -0.735718309879303
-1.7447463274002075 1.4630119800567627 0.4718102514743805
-2.3477821350097656 1.3752070665359497 0.5392544269561768
0.348583847284317 0.8287239074707031 -0.4900795519351959
-0.08093675971031189 0.6639088988304138 1.7028498649597168
-0.3538185954093933 0.284606397151947 0.4817150831222534
-1.58103346824646 0.6657770872116089 1.0250375270843506
0.6653659343719482 0.7598438858985901 1.0331510305404663
0.4507766664028168 0.8679154515266418 1.5610053539276123
-1.3596094846725464 1.1966197490692139 1.2617136240005493
-1.978163719177246 1.4498600959777832 0.7326791286468506
-0.6198264360427856 0.7965043187141418 2.0023958683013916
0.42293068766593933 1.2195860147476196 -0.026494866237044334
-2.0566821098327637 1.435523509979248 0.17950183153152466
-1.3988162279129028 0.6703647375106812 1.0511038303375244
-0.7204854488372803 1.3254024982452393 1.6572469472885132
-0.7039754390716553 1.3775750398635864 1.305956482887268
-0.5383687019348145 1.1032429933547974 2.1093239784240723
0.14715711772441864 0.6711352467536926 1.4238016605377197
0.6473065614700317 0.9956278204917908 0.12693920731544495
-2.3595855236053467 1.3204092979431152 0.26281940937042236
0.7045892477035522 1.4442825317382812 0.5118168592453003
-0.4093659222126007 0.894709050655365 2.1711182594299316
-0.05347944051027298 0.838079571723938 1.9249752759933472
-0.735708475112915 0.284606397151947 0.6047144532203674
-0.94793301820755 1.1357758045196533 1.7689709663391113
0.7408369183540344 1.4876872301101685 0.7420245409011841
-0.3006547689437866 1.289336085319519 -0.7192642092704773
-1.2723007202148438 0.9091172218322754 1.481500506401062
-1.5028033256530762 0.8510593175888062 0.3512552082538605
0.023745253682136536 1.4913846254348755 -0.1553160846233368
-0.18865807354450226 1.4782830476760864 -0.1814330369234085
0.23582614958286285 1.4385418891906738 -0.1755533218383789
-0.9643685817718506 0.9875720143318176 -0.5937896370887756
-0.3484956920146942 1.4819279909133911 -0.3077794015407562
-1.4417624473571777 0.7984381914138794 -0.25063246488571167
-1.2480950355529785 0.9287256598472595 -0.2032071053981781
-1.0401532649993896 1.1523205041885376 1.4248167276382446
-0.46045616269111633 0.8954668641090393 -0.5775656700134277
-1.5903971195220947 0.9465541839599609 -0.05178648605942726
0.17727205157279968 1.114809513092041 -0.22976233065128326
-0.48701730370521545 1.4803147315979004 -0.18182699382305145
0.44435828924179077 1.2529267072677612 1.274645447731018
0.225595161318779 1.3237085342407227 1.7191286087036133
0.08046253770589828 1.3899034261703491 -0.39667177200317383
-1.69044029712677 0.900497317314148 0.5187588334083557
-0.7524086236953735 1.3877320289611816 -0.5727946758270264
-0.11214152723550797 0.9595956206321716 1.7489259243011475
-1.1617248058319092 0.6442016959190369 -0.3336641192436218
-0.3010408878326416 0.284606397151947 0.11908162385225296
-0.704851508140564 0.6899247765541077 1.728386640548706
-0.1418716460466385 0.6374836564064026 -0.6234228014945984
-0.7079224586486816 0.9770510196685791 1.7890138626098633
-1.296647310256958 0.7096331715583801 1.2938634157180786
-1.2640957832336426 1.0906202793121338 -0.3345852792263031
-1.5519230365753174 0.6703522205352783 0.6828184127807617
0.49540388584136963 0.6468569040298462 0.3841676414012909
-0.32235807180404663 1.2328184843063354 -0.32805225253105164
-0.7921253442764282 0.9540034532546997 -0.4832405149936676
-0.7034463286399841 0.33814337849617004 1.135946273803711
-0.16537044942378998 1.1360424757003784 -0.6078448295593262
-0.2184007167816162 1.1347335577011108 1.993011236190796
-1.3693076372146606 0.7342900633811951 0.08747762441635132
0.0727897584438324 1.0374163389205933 -0.5147593021392822
-0.7717463374137878 0.6675319075584412 -0.4966685175895691
0.21429821848869324 0.8608620166778564 1.5006963014602661
-1.0689467191696167 0.7188876271247864 1.5316689014434814
0.3322798013687134 0.9340704679489136 -0.2807314991950989
0.6742274761199951 1.1908804178237915 0.6036942601203918
0.3841492831707001 0.6389419436454773 -0.23345765471458435
0.41367635130882263 0.9926075339317322 0.1639488786458969
0.1953994482755661 1.0802394151687622 1.5939544439315796
-0.45754650235176086 1.0246386528015137 1.6959092617034912
0.4914165139198303 0.9913816452026367 0.9542805552482605
0.3914167284965515 0.5825355648994446 1.2803746461868286
0.4030408561229706 1.0245269536972046 1.3535257577896118
0.4717887043952942 1.1348333358764648 -0.21286900341510773
-0.109475277364254 0.8907609581947327 -0.46467718482017517
-1.1884186267852783 0.6823937296867371 -0.06451240926980972
0.1497156023979187 0.6489830613136292 -0.3824005722999573
0.4318080246448517 0.8329321146011353 1.1625828742980957
0.542916476726532 0.6916637420654297 0.16521993279457092
-0.529463529586792 1.0941628217697144 -0.6426036357879639
-1.4148510694503784 0.8051763772964478 0.6649790406227112
-0.6572925448417664 0.3007107377052307 0.44427505135536194
-0.39037615060806274 0.9218982458114624 1.8724840879440308
-0.8378402590751648 0.6479877233505249 -0.18620692193508148
-0.038129594177007675 0.927885115146637 1.5400664806365967
0.24623212218284607 0.6789501309394836 -0.08149178326129913
-1.3826414346694946 0.6545426249504089 0.38026946783065796
0.40150243043899536 0.830117404460907 0.4564368426799774
0.033260367810726166 0.3129231035709381 0.11934132874011993
-0.9657321572303772 0.29266202449798584 0.4527493715286255
-0.42478615045547485 0.7086374759674072 1.7305617332458496
0.4196377992630005 0.5587005615234375 0.7385725378990173
-0.5035147070884705 0.6629459261894226 -0.41944295167922974
0.044089194387197495 0.8623621463775635 -0.25534701347351074
-0.17945776879787445 0.640563428401947 -0.352627694606781
0.013865809887647629 0.37898749113082886 0.9671820998191833
0.3906216621398926 0.8241433501243591 -0.02124670147895813
-1.4847270250320435 1.0309191942214966 0.17947588860988617
-0.5852081775665283 0.746123731136322 1.5385240316390991
-1.2019922733306885 0.8351850509643555 0.2147310972213745
-1.008310317993164 0.6252569556236267 1.3026100397109985
-1.4636121988296509 0.9495890736579895 0.9059203863143921
-0.8045253157615662 0.6394506692886353 1.2010854482650757
-1.4643068313598633 1.0650920867919922 0.6064433455467224
-0.12676523625850677 0.5856987833976746 0.011282209306955338
0.38674768805503845 0.653447687625885 0.9563319087028503
-1.2076002359390259 0.6598001718521118 0.7379151582717896
-1.0200526714324951 0.8908562064170837 -0.32531237602233887
-0.2859569489955902 0.67362380027771 1.5621931552886963
-0.7514820694923401 0.8533483743667603 -0.27948200702667236
-1.5253126621246338 1.2995576858520508 0.7474095225334167
-0.5281674861907959 0.619971513748169 -0.09609903395175934
-1.0419492721557617 0.6050922274589539 0.2746913433074951
-1.2973872423171997 1.3542423248291016 -0.016697010025382042
-1.1639599800109863 0.9415993094444275 1.187610387802124
0.3125953674316406 0.5670003890991211 0.2589817941188812
-0.582836389541626 1.3940818309783936 -0.022098403424024582
-1.1864732503890991 0.7316684722900391 1.032954216003418
-0.8039439916610718 1.4965002536773682 0.11441083997488022
-0.147878035902977 0.4303145408630371 0.6412109136581421
-0.4948398768901825 0.4078019857406616 0.79456627368927
0.18247222900390625 0.7252656817436218 1.1533169746398926
-0.12872101366519928 0.794666588306427 -0.18823222815990448
-0.8359571695327759 0.9151453375816345 1.6045687198638916
-0.9245960712432861 0.522291898727417 0.6412182450294495
-0.8662742972373962 1.372780680656433 1.115675687789917
-1.473026990890503 1.3566917181015015 0.3219136893749237
-0.37841489911079407 0.8948339223861694 -0.35835278034210205
-1.2313529253005981 0.8998885154724121 0.665273904800415
-0.9542165398597717 1.2343288660049438 -0.30072927474975586
-0.8805429935455322 0.8537531495094299 1.4108335971832275
-1.3171679973602295 1.05898916721344 1.0516141653060913
-1.0871951580047607 1.5084686279296875 0.5399699807167053
-0.9703429341316223 0.8890827894210815 -0.10447729378938675
-1.2656328678131104 1.0829523801803589 0.03991835564374924
-0.6426883339881897 1.164952039718628 -0.25474613904953003
-0.950335681438446 1.2713485956192017 0.005733995232731104
0.10422643274068832 0.7716154456138611 0.06222540885210037
0.24551492929458618 0.6579530835151672 0.5186148881912231
-0.09372931718826294 0.639821469783783 1.358717679977417
-0.4784976840019226 0.5021136999130249 0.29524925351142883
-0.3593151271343231 0.7269672751426697 0.48675796389579773
-0.9855878353118896 0.7973842024803162 0.08045867085456848
-0.9303640127182007 1.415414810180664 0.7717146873474121
-0.47907257080078125 0.8119829297065735 -0.1905474066734314
-1.2771316766738892 1.0229556560516357 0.407297283411026
0.0326252281665802 0.7721999883651733 0.35683995485305786
-1.1252832412719727 1.2765870094299316 0.26789218187332153
-0.882644534111023 1.4960441589355469 0.2688600420951843
-0.42534226179122925 0.5383861660957336 1.0791330337524414
-0.9106362462043762 1.4351361989974976 0.44148799777030945
-1.2093791961669922 1.2484352588653564 0.6672006249427795
-0.2471967488527298 0.6455320715904236 1.0397106409072876
-0.33866700530052185 0.6916682720184326 0.1463371217250824
-0.42994651198387146 0.6604282259941101 0.7255846858024597
0.2592822313308716 0.9593602418899536 0.2126695215702057
-0.8514410257339478 1.1752041578292847 0.1621253937482834
-0.9785982966423035 0.8557943105697632 0.6143233776092529
-0.11552411317825317 0.6499103307723999 0.7817226648330688
0.23230032622814178 0.9606735706329346 1.2082428932189941
0.10567466914653778 0.7156816720962524 0.7175602912902832
0.4232103228569031 0.8656562566757202 0.6797009706497192
-0.13788028061389923 0.6761680841445923 0.40463051199913025
-0.5626739859580994 0.6992440819740295 1.2265832424163818
-0.24239392578601837 0.9088127613067627 1.4824092388153076
-0.62857586145401 0.6420630812644958 0.5321972966194153
-0.11447826772928238 0.821985125541687 0.0487552210688591
-1.0671412944793701 0.8107932209968567 0.3695548176765442
-0.9622955322265625 0.8304173350334167 1.1172446012496948
0.47016987204551697 1.3553105592727661 0.8088093996047974
-0.7257868647575378 0.692818284034729 0.14414146542549133
-0.9072345495223999 0.6937268376350403 0.8104081749916077
-1.1138277053833008 0.9353431463241577 0.8457543253898621
-0.34992173314094543 1.0124095678329468 -0.15306918323040009
-0.12375249713659286 1.1481034755706787 -0.14153802394866943
0.08202093094587326 1.3221732378005981 1.4188501834869385
-0.7108319401741028 0.8817247748374939 -0.05600890889763832
0.3525829017162323 1.2769100666046143 0.45566150546073914
-0.3376167416572571 1.225053071975708 1.4797197580337524
0.037181705236434937 1.2999224662780762 0.011683445423841476
-0.019978774711489677 1.2332273721694946 0.18344099819660187
-0.9737383127212524 1.1861002445220947 0.44719770550727844
0.2669277787208557 1.2582024335861206 0.23262012004852295
-0.8914446830749512 1.1223217248916626 1.1709157228469849
0.32521694898605347 1.3179832696914673 1.124999761581421
-1.0001635551452637 1.2008099555969238 0.8829541802406311
-0.40791594982147217 1.268489956855774 0.07219943404197693
0.3637140393257141 1.4427472352981567 0.2076665610074997
-0.006847484037280083 0.7333067655563354 1.0125484466552734
0.06851150840520859 1.198665976524353 1.2800383567810059
0.3305138349533081 1.300803780555725 0.7568528652191162
-0.7358611226081848 0.8046233654022217 0.39209020137786865
-0.6520176529884338 1.1195577383041382 1.456511378288269
0.3457053005695343 1.0351771116256714 0.8076954483985901
-0.42450642585754395 0.8794893026351929 0.14966915547847748
-0.6962721347808838 1.0430240631103516 0.18842852115631104
-0.5325459241867065 1.048107385635376 0.33966949582099915
-0.9451033473014832 1.6633211374282837 0.9538477659225464
-0.6077727675437927 0.853340744972229 1.3519645929336548
-0.7610873579978943 0.7472270131111145 0.8798523545265198
0.5016692280769348 1.4819930791854858 0.017960969358682632
-0.2741977870464325 0.9380325675010681 0.4962230622768402
0.005220746621489525 1.0403265953063965 0.27088648080825806
-0.5231431722640991 1.875814437866211 -0.5400389432907104
-0.17164136469364166 0.8372400999069214 1.218580722808838
0.6193358302116394 1.5819966793060303 0.21741540729999542
-0.6447174549102783 0.8938738107681274 1.024019479751587
-0.2685551643371582 1.054154872894287 0.23115676641464233
0.04945862665772438 1.1116464138031006 0.44284242391586304
-0.4798719882965088 1.9618183374404907 -0.3557724356651306
-0.19065256416797638 0.9522433280944824 0.8107802271842957
0.5877216458320618 1.5056999921798706 0.2732540965080261
-0.749607264995575 0.9539616107940674 0.6064863204956055
-0.9492167234420776 1.617620587348938 1.043408989906311
-0.6811973452568054 1.8364702463150024 -0.6032937169075012
0.17744073271751404 1.0694715976715088 0.8348392248153687
-0.614220917224884 0.9902761578559875 0.8384131789207458
0.6014994382858276 1.3651612997055054 0.2803199887275696
-0.828549861907959 1.8266581296920776 -0.42635083198547363
-0.8669507503509521 1.8791468143463135 -0.5680834054946899
-0.5834164023399353 1.0314321517944336 0.5864843130111694
0.01701238378882408 1.0500239133834839 0.6496134996414185
-0.00039751792792230844 2.484591245651245 0.6818875670433044
-0.973142147064209 1.668471097946167 0.9836419224739075
-0.6291678547859192 1.8160830736160278 -0.42963242530822754
-0.9669373631477356 1.6394304037094116 1.0708295106887817
-0.11991627514362335 2.3413772583007812 0.7283710241317749
-0.38865217566490173 0.9666591286659241 1.1604411602020264
-0.3770100474357605 2.3407766819000244 0.41598349809646606
-0.22381910681724548 2.3131656646728516 0.40650251507759094
-0.7145793437957764 2.005089521408081 -0.7070364356040955
0.0012347148731350899 0.9995242357254028 0.9871439337730408
-0.1024489775300026 2.295563220977783 0.552388608455658
-0.7563782334327698 1.850870966911316 -0.2942609488964081
-0.34891462326049805 1.0549306869506836 1.0723990201950073
-0.9487698078155518 2.074554681777954 -0.49516764283180237
0.3715384900569916 3.731843948364258 0.36413007974624634
0.20210620760917664 3.432239294052124 0.43624061346054077
-0.5181387066841125 2.1403040885925293 -0.5778267979621887
-0.5067449808120728 2.4417784214019775 0.5267758965492249
-0.6182206869125366 1.964799165725708 -0.22215746343135834
-0.6984068155288696 4.044339179992676 0.17388072609901428
0.4276430904865265 3.5101258754730225 0.4715961217880249
-0.0881461501121521 2.409684896469116 0.3841284513473511
-0.41247785091400146 2.6303882598876953 0.4141329228878021
-0.04865778237581253 2.6206963062286377 0.43476763367652893
0.14437749981880188 3.4924545288085938 0.29059579968452454
-0.372296541929245 2.294046640396118 0.5964081883430481
-0.8647962808609009 2.0426838397979736 -0.25477007031440735
-1.2643144130706787 3.763611078262329 0.3939741551876068
-0.6812188625335693 3.665776014328003 0.6381202936172485
-0.2667141854763031 2.285425901412964 0.698538064956665
-0.9323533177375793 3.557567834854126 0.45420506596565247
-0.25003883242607117 2.644937753677368 0.7806476354598999
0.2814336121082306 3.5876383781433105 0.17360450327396393
-0.4199095070362091 2.4210987091064453 0.7542306184768677
-0.9937676191329956 3.7137317657470703 0.8000614047050476
-0.6873216032981873 3.6635992527008057 0.35701343417167664
-0.5988656878471375 3.7912375926971436 0.6887940168380737
-1.018413782119751 3.6137747764587402 0.332794725894928
0.32050827145576477 3.391392707824707 0.2928959131240845
-1.0595128536224365 3.7258822917938232 0.207534521818161
0.3323715925216675 3.4378538131713867 0.4499746263027191
0.2574075162410736 3.4099085330963135 0.3667147159576416
-1.2313432693481445 3.7305305004119873 0.6399158835411072
-0.5375572443008423 3.9646289348602295 0.4360136091709137
-0.7836261987686157 3.5915958881378174 0.520854651927948
-1.1023589372634888 3.61496639251709 0.5690929889678955
-0.785654604434967 3.7792320251464844 0.16640956699848175
-1.2495448589324951 4.204078674316406 0.5552358627319336
-0.6004998087882996 3.8261399269104004 0.28209158778190613
-1.2165908813476562 3.939707040786743 0.20461039245128632
-1.2172954082489014 4.138704776763916 0.2210414856672287
-1.3283138275146484 3.9489259719848633 0.4864587187767029
-0.8988104462623596 4.0796918869018555 0.8193627595901489
-1.2479568719863892 3.9821255207061768 0.7174195051193237
-0.969851553440094 3.945554733276367 0.08630360662937164
-0.8920867443084717 3.6311376094818115 0.7022214531898499
-1.0180473327636719 3.8753817081451416 0.8709132671356201
0.06548309326171875 5.236144542694092 0.6857789754867554
-1.0010581016540527 4.255242347717285 0.6802403330802917
-1.1402299404144287 4.350528717041016 0.32620111107826233
-0.20256991684436798 5.161965847015381 0.435763418674469
-0.8691284656524658 4.1733317375183105 0.1097770482301712
-0.03395446762442589 5.159643650054932 0.5326385498046875
0.2763887345790863 5.339137554168701 0.6324324607849121
0.17613457143306732 5.227241516113281 0.49772554636001587
0.27879488468170166 5.3713483810424805 0.37391069531440735
-0.9518678784370422 4.484825134277344 0.40897953510284424
-0.633176326751709 3.989926815032959 0.7287716865539551
-0.78670334815979 4.328691005706787 0.2943563461303711
-0.07166734337806702 5.27968692779541 0.267949640750885
0.10613395273685455 5.261402130126953 0.32610589265823364
-0.6254328489303589 4.923361778259277 0.49706271290779114
-0.1730210781097412 5.250742435455322 0.7041464447975159
-0.035690754652023315 5.571435928344727 0.18444645404815674
-0.37310880422592163 5.217164993286133 0.45710253715515137
-0.5463616251945496 4.9396653175354 0.3747207224369049
-0.9652017951011658 4.679628849029541 0.4755008816719055
-0.7757821679115295 4.744484901428223 0.4472832977771759
0.09052633494138718 5.363070011138916 0.8166454434394836
0.2766786515712738 5.651998519897461 0.5859693884849548
0.1689290851354599 5.5814619064331055 0.7883411645889282
-0.6492224335670471 5.186933994293213 0.5084434747695923
-0.23103374242782593 5.402435779571533 0.7566317915916443
-0.9367603659629822 4.820680141448975 0.2641947567462921
-0.2616855800151825 5.420074462890625 0.25611239671707153
-1.0024491548538208 4.929257392883301 0.41964995861053467
0.05471692234277725 5.86792516708374 0.4012807011604309
0.16861602663993835 6.002063274383545 0.4529193043708801
-0.3873063027858734 5.529400825500488 0.47305214405059814
-0.948184609413147 5.046285629272461 0.2617190480232239
-0.11512219160795212 6.564610004425049 1.2977923154830933
0.11446906626224518 6.417263984680176 1.0824085474014282
-0.23729175329208374 6.577411651611328 0.8795508742332458
-0.11238762736320496 5.64223575592041 0.7469985485076904
0.033782944083213806 6.429839611053467 1.200311303138733
-0.2152271866798401 6.453253269195557 0.9932925701141357
-0.7004439234733582 5.1418538093566895 0.2229703664779663
0.26029759645462036 5.575282096862793 0.3027495741844177
-0.8590099215507507 7.472865104675293 0.7020905613899231
0.29992708563804626 6.171250820159912 0.38832196593284607
-0.6788806319236755 4.890581130981445 0.27335089445114136
-0.29899197816848755 6.659580707550049 1.2096261978149414
-1.3754749298095703 6.526774883270264 -0.3190157115459442
0.15012460947036743 5.843462944030762 0.1928541511297226
-0.7765938639640808 7.640705585479736 0.5155149698257446
0.1618274301290512 6.536854267120361 1.232323408126831
0.16793128848075867 5.954185962677002 0.07495398819446564
-0.2294502556324005 5.716902732849121 0.47233128547668457
0.27721908688545227 6.100739002227783 0.04403476417064667
-0.25118958950042725 6.535177707672119 1.2133867740631104
-0.7540823221206665 7.558486461639404 0.7708654999732971
0.29905202984809875 5.924952507019043 0.15372128784656525
0.09604096412658691 6.4299092292785645 0.9584172964096069
0.01036350429058075 6.479768753051758 0.8506655097007751
0.10716153681278229 6.064940452575684 0.04788915812969208
-1.0064071416854858 7.507211685180664 0.5676901340484619
-0.04567962512373924 6.806943416595459 1.246593713760376
-0.8158841729164124 7.720994472503662 0.9640609622001648
-1.0253686904907227 7.419722080230713 0.6829499006271362
-1.2370924949645996 7.763628005981445 0.8924673795700073
-1.2133420705795288 7.567341327667236 0.7211575508117676
0.17108255624771118 6.727719783782959 1.0082868337631226
0.0974539965391159 7.75888729095459 0.9476125240325928
0.09579815715551376 7.614743232727051 0.9785513281822205
-1.0536508560180664 7.581126689910889 0.9666389226913452
-1.0591214895248413 7.45904016494751 0.8451176285743713
-0.6651380658149719 7.775698661804199 0.5205636620521545
0.07278123497962952 7.491474628448486 0.8724640011787415
-0.11691335588693619 6.684475421905518 0.8257136344909668
-1.1067028045654297 7.665250778198242 0.490815669298172
0.16959238052368164 7.69681453704834 0.8557690382003784
-1.0921577215194702 7.851922988891602 0.46156129240989685
-0.22880414128303528 8.308941841125488 0.05457364767789841
-0.29711514711380005 8.294032096862793 -0.2717374563217163
0.07719701528549194 7.497468948364258 0.8280569314956665
-0.1286185383796692 8.160818099975586 -0.08306670188903809
-0.6635760068893433 7.786379337310791 0.8193986415863037
-0.20398084819316864 8.142936706542969 -0.14772118628025055
-0.1254511922597885 8.156085014343262 -0.250783234834671
-0.6803973317146301 7.9924516677856445 0.7450463771820068
-1.1236329078674316 9.308180809020996 0.009163879789412022
-1.2448440790176392 7.902091026306152 0.8259484171867371
-1.014382004737854 7.850992679595947 1.026158332824707
-0.7791961431503296 8.605072975158691 0.6972998976707458
-0.33831697702407837 8.263503074645996 -0.0786941796541214
-0.09306192398071289 7.6609272956848145 0.8251088261604309
-0.8196408748626709 8.262743949890137 0.8069935441017151
-1.0014973878860474 8.11513614654541 1.0382057428359985
-0.6261981129646301 8.251067161560059 0.7586702108383179
-0.007870426401495934 8.512537956237793 -0.1999344825744629
0.0032379422336816788 8.21323013305664 -0.19972902536392212
-0.6206827759742737 8.309277534484863 0.8914454579353333
-0.15127335488796234 8.54201889038086 -0.03082222491502762
-0.774880051612854 8.022587776184082 0.5025008320808411
-0.42354732751846313 9.024003028869629 0.6764811873435974
-1.0311272144317627 8.08630084991455 0.5873942375183105
-1.1303256750106812 9.348919868469238 0.2116442173719406
-0.08607859909534454 8.427712440490723 -0.40103578567504883
0.02604757621884346 9.17426872253418 0.3597482442855835
-1.1391160488128662 9.313728332519531 0.07491546124219894
-0.6916470527648926 8.524511337280273 0.971370279788971
-0.47017571330070496 8.661499977111816 0.773361325263977
-0.30507391691207886 9.026885986328125 0.6400647163391113
-0.9335388541221619 9.478590965270996 -0.07744693756103516
-0.12905603647232056 9.07789421081543 0.5082546472549438
-0.23902249336242676 9.108742713928223 0.7280957698822021
-0.3086144030094147 9.362504005432129 0.6767861247062683
-0.5037624835968018 8.50527572631836 0.933724045753479
-0.0588519386947155 9.101744651794434 0.2726261615753174
-0.08668150007724762 9.299694061279297 0.010672523640096188
-0.2466113567352295 9.756908416748047 0.11758081614971161
-0.6141545176506042 8.717268943786621 0.8587957620620728
-0.004259753972291946 9.158733367919922 0.15365400910377502
-0.23421066999435425 9.182356834411621 0.1317586600780487
-0.9393035769462585 9.32653522491455 0.05630841106176376
-0.6680930852890015 9.820781707763672 1.1411439180374146
-0.7591618895530701 9.817390441894531 1.1568907499313354
-0.849406898021698 9.830549240112305 1.308835744857788
-1.2048548460006714 9.6028413772583 -0.058998141437768936
-0.37863558530807495 9.353513717651367 0.2730964124202728
-0.8126223683357239 9.934797286987305 1.4832011461257935
-0.3240683674812317 9.331196784973145 0.40290436148643494
-1.1134028434753418 9.531805038452148 0.20528149604797363
-0.08810485899448395 9.656410217285156 -0.01243545114994049
-0.10509846359491348 9.50903034210205 0.07242222875356674
-0.7406560182571411 9.785282135009766 1.3593822717666626
-0.15369780361652374 9.532533645629883 0.4148736596107483
-0.9129172563552856 9.63234806060791 0.307879239320755
-0.011574197560548782 9.60740852355957 0.16749724745750427
-0.49103423953056335 9.9273681640625 1.1207600831985474
-0.934630274772644 10.035247802734375 1.1574702262878418
-0.3628401756286621 10.266627311706543 1.140464186668396
-0.6590568423271179 10.13534927368164 1.4858388900756836
-1.148669958114624 9.83470344543457 0.06654322892427444
-1.019225001335144 9.82245922088623 0.21262305974960327
-0.4409925937652588 10.413555145263672 0.7424138784408569
-0.7394905090332031 10.143241882324219 1.0112895965576172
-0.24079053103923798 10.387496948242188 1.1587284803390503
-0.1359061747789383 9.969945907592773 0.16586361825466156
-1.0283432006835938 9.938630104064941 0.04563736543059349
-0.221632719039917 10.511042594909668 1.2443859577178955
-0.303182989358902 10.370192527770996 1.134941577911377
-0.4137020707130432 10.357531547546387 0.7904605865478516
-0.44941049814224243 10.118460655212402 1.1769047975540161
-0.6689900159835815 10.340633392333984 1.225338339805603
0.06867669522762299 10.786539077758789 0.4950881600379944
-0.9296496510505676 10.60357666015625 0.1062910258769989
-0.3898743987083435 10.64544677734375 0.3293564021587372
-0.09022741764783859 10.701945304870605 0.8762828707695007
0.07382374256849289 10.707440376281738 0.47845032811164856
-0.7854135632514954 10.38007926940918 1.256688117980957
-0.5226504802703857 10.580083847045898 0.8069385290145874
-0.5494824051856995 10.659375190734863 0.5640577673912048
-0.5496150851249695 10.6228666305542 0.5605908632278442
0.17578622698783875 10.741683959960938 0.5746605396270752
-1.0861161947250366 10.534045219421387 -0.06098344177007675
0.2222653031349182 10.651826858520508 0.4066977798938751
-0.5138120055198669 10.774312019348145 -0.04711802303791046
-0.7198690176010132 10.551502227783203 1.0315577983856201
-0.6168845295906067 10.559539794921875 1.2421140670776367
-0.4450790584087372 10.598634719848633 1.224740743637085
-0.7650563716888428 10.823512077331543 0.01572001352906227
-0.8204045295715332 10.886590003967285 -0.018460571765899658
-0.6169643998146057 11.043785095214844 -0.2693164050579071
-0.0952184647321701 10.780102729797363 0.6764841079711914
0.26930397748947144 10.844392776489258 0.5512412190437317
0.3418550491333008 11.039586067199707 0.8807756900787354
-0.9435657858848572 11.115436553955078 0.4471130669116974
-0.8791134357452393 11.06451416015625 0.9631285071372986
-1.1294265985488892 11.131187438964844 0.27761155366897583
-1.3233187198638916 11.21899127960205 1.356642723083496
-0.7991222143173218 11.065515518188477 0.330796480178833
-1.312198281288147 11.293350219726562 1.3135038614273071
0.15243788063526154 11.275397300720215 -0.17362593114376068
-0.7285666465759277 11.072504997253418 0.08662710338830948
-1.0385658740997314 11.189523696899414 1.3124083280563354
0.06780833005905151 11.147318840026855 0.8220844864845276
-0.7882198095321655 11.264220237731934 0.8463420867919922
-0.9008677005767822 11.28598403930664 0.23010514676570892
-0.3919157385826111 11.20083999633789 0.6578010320663452
0.16069264709949493 11.32492733001709 1.444447636604309
-0.27166464924812317 11.31718921661377 1.3813400268554688
-0.37974271178245544 11.33276081085205 1.2449146509170532
-1.102430820465088 11.419600486755371 1.3533354997634888
-0.2203911393880844 11.424967765808105 1.1374739408493042
-0.5135787725448608 11.397244453430176 -0.3857622742652893
-1.1377623081207275 11.406356811523438 1.1818643808364868
-0.5931756496429443 11.491779327392578 1.2786818742752075
-1.0412863492965698 11.465256690979004 -0.1283838301897049
-1.119181752204895 11.516929626464844 1.35023832321167
-1.1887617111206055 11.52838134765625 1.1728700399398804
-0.4898514449596405 11.51894474029541 1.3057032823562622
0.5610712766647339 11.548279762268066 -0.3766295611858368
0.5073133111000061 11.547818183898926 1.2411342859268188
-1.004845380783081 11.544792175292969 1.2971359491348267
0.18782711029052734 11.550704002380371 1.441890001296997
0.37344858050346375 11.573241233825684 0.7977591753005981
-0.9151736497879028 11.580048561096191 0.08998872339725494
