1173
-2.3863754272460938 0.2845063805580139 1.5951271057128906
-2.386474609375 0.2846065163612366 -0.7599680423736572
-2.3863744735717773 0.584973156452179 0.6386513710021973
0.9210299253463745 0.5470159649848938 -0.8828424215316772
-2.130064010620117 0.284606397151947 0.041284818202257156
-1.3410921096801758 0.2846064567565918 -1.205398678779602
-0.3922775387763977 0.284606397151947 1.2417138814926147
-1.0181188583374023 0.284606397151947 -0.9485113620758057
-0.9659450054168701 0.2846066951751709 -1.2053987979888916
0.9210305213928223 0.2845063805580139 -1.2053391933441162
-2.386474609375 0.2846064567565918 -0.26435816287994385
-2.386474609375 0.28460657596588135 0.27040767669677734
-2.386474609375 0.2846066951751709 -0.49602973461151123
-1.7980140447616577 0.28460609912872314 2.141308307647705
-2.386474609375 0.2846066951751709 -0.016805529594421387
-2.3863744735717773 0.2845063805580139 0.6734619140625
0.6552145481109619 0.2845063805580139 -1.2052963972091675
-0.5576558113098145 0.28460633754730225 -1.2053989171981812
-2.119476556777954 0.284606397151947 1.3374335765838623
0.12517771124839783 0.2846065163612366 2.141308307647705
0.9211299419403076 0.2846066951751709 -0.8913867473602295
0.9211299419403076 0.2846064567565918 -0.7433645725250244
-2.386474609375 0.2846064567565918 0.12277638912200928
-1.573885202407837 0.284606397151947 1.8715884685516357
-0.4342637062072754 0.2846064567565918 -1.2053989171981812
-2.3706259727478027 0.28460800647735596 2.141308307647705
-2.386474609375 0.2846066951751709 -0.13633513450622559
0.9211299419403076 0.2846064567565918 -0.9969954490661621
-2.1737074851989746 0.284606397151947 1.705320954322815
-1.0952911376953125 0.2846064567565918 -1.205398678779602
0.9211300611495972 0.28460657596588135 1.3637466430664062
0.9210300445556641 0.5749514698982239 1.5161492824554443
-1.9319038391113281 0.284606397151947 1.7124860286712646
-2.3863744735717773 0.5487937331199646 1.7326549291610718
-2.1805925369262695 0.2845063805580139 2.141206741333008
0.9210319519042969 0.2845063805580139 -0.6780033707618713
-2.386474609375 0.284606397151947 -0.6363509893417358
0.9211055040359497 0.284606397151947 -1.2053993940353394
-2.386474609375 0.2846064567565918 -0.8737643957138062
-1.947159767150879 0.2845063805580139 2.141206741333008
0.9210333228111267 0.2845063805580139 0.8816690444946289
-1.4519920349121094 0.2845063805580139 -1.2053003311157227
0.2921972870826721 0.284606397151947 1.5400967597961426
-0.5854194760322571 0.284606397151947 -0.9749013781547546
0.38947153091430664 0.28460657596588135 -1.2053991556167603
-2.386474370956421 0.28458476066589355 2.141207695007324
-2.196390390396118 0.284606397151947 0.9350636601448059
-0.4378525912761688 0.284606397151947 -0.8186761736869812
-2.386474609375 0.5857223868370056 -1.2052984237670898
-2.38637375831604 0.29100823402404785 -1.2053983211517334
-1.7193403244018555 0.284606397151947 -0.5430324077606201
-1.502448320388794 0.284606397151947 -0.9254243969917297
-2.3863754272460938 0.2845063805580139 1.688894271850586
-1.9942045211791992 0.284606397151947 -0.6876158118247986
0.9210281372070312 0.2845063805580139 2.037302017211914
-1.91046941280365 0.284606397151947 1.35088050365448
0.3326362371444702 0.284606397151947 -0.9415939450263977
-1.5380191802978516 0.2845063805580139 -1.205301284790039
-2.386474609375 0.2846064567565918 0.5229740142822266
-1.6679117679595947 0.284606397151947 -0.7342736124992371
-0.06442422419786453 0.284606397151947 -1.008531093597412
-1.2616084814071655 0.284606397151947 -0.9925687313079834
-1.8777599334716797 0.2845063805580139 -1.2052993774414062
-2.3863725662231445 0.2845063805580139 -1.2053165435791016
0.9210309982299805 0.2845063805580139 1.7740564346313477
-2.386474370956421 0.2846064567565918 1.7976453304290771
-2.047208786010742 0.284606397151947 1.8940006494522095
0.9210300445556641 0.2845063805580139 1.105672836303711
-0.1180429458618164 0.2845063805580139 2.141207695007324
-2.386474609375 0.28460657596588135 -0.37762653827667236
0.5513122081756592 0.2846064269542694 2.141308307647705
0.9210329055786133 0.2845063805580139 2.1412086486816406
-2.386474370956421 0.2846066951751709 1.484365701675415
0.9210309982299805 0.2845063805580139 1.6776933670043945
0.6734539866447449 0.284606397151947 1.8826055526733398
-1.2224559783935547 0.2845063805580139 -1.205301284790039
-1.9778603315353394 0.284606397151947 -0.14031383395195007
0.9210300445556641 0.2845063805580139 1.4643135070800781
0.9211300611495972 0.28460627794265747 1.573364496231079
-1.8770471811294556 0.284606397151947 1.1616078615188599
-2.161644458770752 0.284606397151947 0.7351263165473938
-1.3230743408203125 0.2845063805580139 2.141207695007324
0.9210309982299805 0.2845063805580139 -0.5854206681251526
0.9211301207542419 0.2846064269542694 2.1412570476531982
-2.386474370956421 0.2846066951751709 0.936765193939209
-1.7726964950561523 0.2845063805580139 -1.205301284790039
-1.307647943496704 0.284606397151947 -0.7998205423355103
0.9211300611495972 0.28460633754730225 1.8782681226730347
0.26012036204338074 0.8168001770973206 2.1412081718444824
-0.3720436096191406 0.2845063805580139 2.141206741333008
-0.013157844543457031 0.2845063805580139 -1.2052967548370361
-1.6766014099121094 0.2845063805580139 -1.205301284790039
-1.9597969055175781 0.284606397151947 -0.9058842062950134
-1.88191819190979 0.5680750012397766 -1.2052985429763794
0.5929941534996033 0.284606397151947 0.43565893173217773
-1.4472931623458862 0.2846078872680664 2.141308307647705
-1.9550480842590332 0.2846064567565918 -1.205398440361023
-0.6605644226074219 0.2845063805580139 2.1412057876586914
-2.386474370956421 0.680668830871582 2.1412081718444824
-2.386474370956421 0.2846062183380127 1.3110549449920654
-0.7715187072753906 0.2845063805580139 2.141207695007324
0.9210292100906372 0.2845063805580139 0.6521665453910828
-2.3863744735717773 0.2845063805580139 1.9158039093017578
-2.1199307441711426 0.284606397151947 1.142488718032837
0.9210289716720581 0.2845063805580139 0.040737658739089966
-2.3600423336029053 0.2846064567565918 -1.2053983211517334
-2.3863744735717773 0.5255174040794373 1.2349656820297241
-0.6960554718971252 0.2845063805580139 -1.2052981853485107
-0.8813018798828125 0.2845063805580139 2.141206741333008
0.6752519607543945 0.2845063805580139 2.141207695007324
-2.386474370956421 0.2846066951751709 1.1820054054260254
-0.9627012014389038 0.284606397151947 1.7169852256774902
-2.3863747119903564 0.7992749214172363 -1.2053983211517334
0.9211300015449524 0.2846064567565918 0.12720656394958496
-2.1878209114074707 0.284606397151947 0.5290913581848145
-1.6908082962036133 0.2845063805580139 2.1412057876586914
-2.386474609375 0.28460657596588135 -1.0042924880981445
-2.146704912185669 0.2846064567565918 -1.205398440361023
-2.3863744735717773 0.2845063805580139 1.0597782135009766
0.9210299849510193 0.5699400305747986 -0.5505156517028809
-0.5877716541290283 0.284606397151947 1.9049736261367798
-1.2992991209030151 0.284606397151947 1.8681683540344238
-1.7370648384094238 0.284606397151947 -0.9381861686706543
-2.1627514362335205 0.284606397151947 -0.8470586538314819
-2.1813158988952637 0.284606397151947 -0.20327997207641602
-1.7997866868972778 0.284606397151947 1.8581265211105347
-0.8959267139434814 0.2846064567565918 -1.2053987979888916
-2.0213358402252197 0.2846064567565918 -1.205398440361023
0.06471651047468185 0.6127974390983582 -1.2052991390228271
0.4098967909812927 0.28460636734962463 2.141308307647705
0.9210302233695984 0.7705618739128113 -1.2053993940353394
-1.5712709426879883 0.2845063805580139 2.141207695007324
-2.3863723278045654 0.9089276790618896 -1.2053983211517334
-2.0490598678588867 0.2845063805580139 2.141206741333008
-0.3503437042236328 0.2846064567565918 -1.2053989171981812
0.9211300611495972 0.2846064567565918 1.2183274030685425
0.6195294260978699 0.284606397151947 -0.16145889461040497
0.9210295677185059 0.5343576073646545 -1.2053993940353394
-1.9409998655319214 0.284606397151947 0.6087045669555664
0.9210313558578491 0.2845063805580139 -0.25482967495918274
0.2686353921890259 0.28460657596588135 -1.2053991556167603
-0.8170437812805176 0.2846064567565918 -1.2053987979888916
-0.00825163722038269 0.2846064269542694 2.141308307647705
-0.27092981338500977 0.2846064567565918 -1.2053989171981812
0.8252615928649902 0.2845063805580139 -1.2052972316741943
0.5636765360832214 0.284606397151947 -0.9448379278182983
-0.8229489922523499 0.284606397151947 1.9222139120101929
0.9210314750671387 0.2845063805580139 0.251150518655777
-1.080535888671875 0.2845063805580139 2.141206741333008
0.2838754653930664 0.2845063805580139 2.1412086486816406
0.45616501569747925 0.284606397151947 1.1944469213485718
0.11414802074432373 0.28460633754730225 -1.2053991556167603
-2.386375665664673 0.9001337289810181 2.141308307647705
-1.6302766799926758 0.554023265838623 -1.2052985429763794
0.9211300015449524 0.2846064567565918 0.5539791584014893
-0.253552109003067 0.284606397151947 1.6931945085525513
-1.8701900243759155 0.28460800647735596 2.141308307647705
-0.6099882125854492 0.5098024606704712 -1.205298900604248
0.535399317741394 0.28460633754730225 -1.2053992748260498
0.4134977161884308 0.284606397151947 1.901432752609253
-0.5819628834724426 0.2846064567565918 2.141308307647705
-0.4921741485595703 0.2845063805580139 2.141206741333008
0.4686990976333618 0.2845063805580139 -1.2052993774414062
-0.15416789054870605 0.284606397151947 0.8677831292152405
0.6699942350387573 0.284606397151947 -0.3565971851348877
0.18691480159759521 0.2845063805580139 -1.2053004503250122
0.06125341355800629 0.284606397151947 0.18585599958896637
-1.2030725479125977 0.2845063805580139 2.141206741333008
-0.11972346901893616 0.284606397151947 1.914527177810669
0.9210290312767029 0.2845063805580139 -0.057623300701379776
0.9210288524627686 0.2845063805580139 0.7841635346412659
0.1156732365489006 0.284606397151947 -0.8946667909622192
0.9210307598114014 0.2845063805580139 -0.4809094965457916
-1.8925069570541382 0.284606397151947 0.2576248049736023
-2.38637638092041 0.2845063805580139 0.40041637420654297
0.9211300015449524 0.2846064567565918 -0.3695361614227295
0.28335556387901306 0.284606397151947 -0.585261344909668
0.6266542077064514 0.284606397151947 1.4054820537567139
0.9210299849510193 0.32283201813697815 2.141308307647705
-0.2935199737548828 0.284606397151947 -0.6858589053153992
-1.4825831651687622 0.284606397151947 -0.7193607687950134
-0.795567512512207 0.284606397151947 -0.9205111265182495
0.1469002664089203 0.284606397151947 1.6779170036315918
-0.04895102232694626 0.284606397151947 1.7402852773666382
0.6969396471977234 0.284606397151947 -0.7962309718132019
0.921028733253479 0.2845063805580139 0.4242327809333801
-0.3025960922241211 0.284606397151947 -0.9564735889434814
-0.07964317500591278 0.284606397151947 -0.6549701690673828
0.6493253111839294 0.284606397151947 -0.5805497765541077
-1.3349665403366089 0.284606397151947 -0.5970524549484253
-2.109675168991089 0.284606397151947 0.27146613597869873
-1.9267783164978027 0.284606397151947 0.8020908236503601
-1.1153030395507812 0.5370919704437256 2.1412081718444824
-2.0617029666900635 0.284606397151947 1.537127137184143
0.704937219619751 0.284606397151947 1.6088721752166748
-2.386474609375 0.2846064567565918 -0.5698940753936768
-2.1188344955444336 0.284606397151947 -0.5602694749832153
0.9211300611495972 0.28460657596588135 1.2845749855041504
0.03670069947838783 0.284606397151947 -0.5320255160331726
-1.8715952634811401 0.284606397151947 1.5495954751968384
-2.386448621749878 0.2846043109893799 2.141308307647705
-1.780556321144104 0.284606397151947 0.9705150723457336
0.48421192169189453 0.2845063805580139 2.141206741333008
0.9211301207542419 0.8388360142707825 2.141209602355957
-2.3863744735717773 0.711232602596283 1.8638168573379517
-2.3863754272460938 0.2845063805580139 0.8568143844604492
-0.7372318506240845 0.284606397151947 -0.4107612073421478
-0.2671480178833008 0.2845063805580139 2.141207695007324
-1.8371853828430176 0.284606397151947 -0.7494651079177856
-2.386474609375 0.4467748999595642 -1.2052984237670898
-1.7087430953979492 0.284606397151947 1.6772209405899048
-2.3863744735717773 0.5703979134559631 -0.38526156544685364
-2.3863744735717773 0.5259563326835632 -0.8540599942207336
-1.5101213455200195 0.284606397151947 1.3225574493408203
-1.4512617588043213 0.284606397151947 1.1261347532272339
-2.3863744735717773 1.1228959560394287 -1.0689038038253784
-1.3403359651565552 0.5096011161804199 -1.205298662185669
-2.386373519897461 0.2845063805580139 0.1927051544189453
-0.5707285404205322 0.7295881509780884 -1.205298900604248
-2.032299280166626 0.284606397151947 -0.367618590593338
-1.8600236177444458 0.284606397151947 -0.27560481429100037
-2.3863744735717773 0.5916258096694946 1.0550510883331299
-1.929880976676941 0.284606397151947 0.06087246537208557
-1.8823912143707275 0.284606397151947 -0.5131375789642334
-0.7848618030548096 0.284606397151947 1.7134298086166382
0.4920951724052429 0.284606397151947 -0.7221114039421082
-1.5299232006072998 0.284606397151947 -0.5089079141616821
0.9211299419403076 0.6517784595489502 -1.2052991390228271
-1.7211790084838867 0.284606397151947 1.2624537944793701
-1.9754639863967896 0.284606397151947 0.43231841921806335
0.5645312070846558 0.5852487683296204 -1.2052992582321167
0.09766962379217148 0.284606397151947 -0.175809845328331
0.20371176302433014 0.2846064567565918 2.141308307647705
0.9210309982299805 0.2845063805580139 0.9909753799438477
0.2835654616355896 0.284606397151947 0.544775128364563
-2.3672678470611572 1.036508321762085 -1.2052984237670898
-1.0743036270141602 0.5591849684715271 -1.2052987813949585
-0.9843711853027344 0.2845063805580139 2.141206741333008
-0.9075057506561279 0.284606397151947 -0.7452211380004883
-1.2888599634170532 0.284606397151947 1.6979305744171143
-2.3863744735717773 0.49115967750549316 -0.134367436170578
0.9211299419403076 0.39736056327819824 -1.2052996158599854
-1.8804957866668701 0.7396042346954346 2.1412081718444824
-1.0832263231277466 0.284606397151947 1.293249249458313
-2.386474370956421 0.5644798278808594 2.141207695007324
-1.704520583152771 0.284606397151947 -0.30918702483177185
0.9211301207542419 0.488437682390213 2.1412084102630615
-1.4818545579910278 0.284606397151947 1.7107176780700684
0.08740732818841934 0.284606397151947 0.4148147404193878
-1.0923912525177002 0.284606397151947 0.8815905451774597
-2.3863744735717773 0.7481173276901245 -0.9059942364692688
-0.9928489327430725 0.284606397151947 1.5128984451293945
-2.386474609375 0.69834965467453 -1.2052984237670898
-2.386373519897461 0.4535740613937378 2.141308307647705
-2.3863744735717773 1.078951120376587 2.0334925651550293
-2.386474370956421 0.7918121814727783 2.1412081718444824
-0.49747419357299805 0.6022530198097229 2.1412081718444824
-0.15270040929317474 0.5493926405906677 -1.2052990198135376
0.9210300445556641 0.6006133556365967 0.9464300870895386
-2.3863744735717773 0.3529306650161743 0.5265309810638428
0.9211301207542419 0.6169238090515137 2.1412084102630615
0.6394844055175781 0.7898179292678833 -1.2052992582321167
-0.18948745727539062 0.2845063805580139 2.141207695007324
0.9210300445556641 0.5679453015327454 1.758171558380127
0.9211300015449524 0.28460657596588135 0.3448476791381836
0.9210293292999268 0.2845063805580139 -0.1634105145931244
-2.3863744735717773 0.6614198684692383 0.005890431348234415
-0.9036330580711365 0.284606397151947 0.13478031754493713
-1.9322001934051514 0.7671052813529968 -1.2052985429763794
-2.3863744735717773 0.5965035557746887 -0.6404602527618408
-1.1899268627166748 0.284606397151947 1.4529001712799072
-1.3365873098373413 0.284606397151947 -0.40096408128738403
-2.386474370956421 0.2846064567565918 1.3942129611968994
-0.008751148357987404 0.284606397151947 -0.3148488402366638
0.46265095472335815 0.284606397151947 -0.35796380043029785
0.135014146566391 0.284606397151947 1.9026113748550415
-0.5057613253593445 0.284606397151947 -0.6494720578193665
-1.7841495275497437 0.284606397151947 -0.06940256059169769
0.9211301207542419 0.9376468062400818 2.141209602355957
-0.820652425289154 0.6104416251182556 -1.205298900604248
0.9210300445556641 0.5724578499794006 0.6831067800521851
-1.6390522718429565 0.284606397151947 1.0901973247528076
-2.0289723873138428 0.5760598182678223 2.1412081718444824
-2.3863744735717773 0.5141788721084595 0.8424176573753357
-1.3841733932495117 0.2845063805580139 2.141207695007324
-2.3863744735717773 0.7204939723014832 -0.2619767487049103
-1.3555113077163696 0.284606397151947 1.501036286354065
-2.1082980632781982 0.6212633848190308 -1.2052984237670898
-0.7739338278770447 0.5891429781913757 2.1412081718444824
-0.6472023725509644 0.284606397151947 1.5804216861724854
-0.2531109154224396 0.284606397151947 -0.002371022943407297
0.6455798149108887 0.6720163822174072 2.1412081718444824
0.9210387468338013 0.8889979124069214 -1.2053992748260498
0.9210299253463745 0.9944317936897278 -1.2016377449035645
0.9210299849510193 0.6557292342185974 -0.35194626450538635
0.9210300445556641 0.7591615915298462 1.8547427654266357
-2.3863744735717773 0.6518474817276001 0.37718069553375244
0.9210299253463745 0.6878451704978943 -0.7082905173301697
0.9210300445556641 0.758515477180481 1.6102187633514404
0.9210299849510193 0.5994053483009338 0.18398448824882507
-1.19719398021698 0.284606397151947 -0.2957083284854889
0.42863762378692627 0.284606397151947 -0.1337779313325882
-2.3863744735717773 0.81156325340271 1.7003189325332642
0.6427411437034607 0.284606397151947 1.1680957078933716
0.04061221703886986 0.284606397151947 1.5495326519012451
0.45128461718559265 0.5976199507713318 2.1412081718444824
0.9210299253463745 0.7965896129608154 -0.88319331407547
-2.086291790008545 0.7833823561668396 2.1412081718444824
-1.3490391969680786 0.6045852303504944 2.1412081718444824
0.9210301637649536 0.737123429775238 2.141308307647705
-0.08737609535455704 0.3078775405883789 2.693873405456543
-1.7784759998321533 0.284606397151947 0.42136064171791077
0.5067488551139832 0.284606397151947 1.7095857858657837
0.9210300445556641 0.5992633104324341 1.1978071928024292
0.9210299849510193 0.7752858996391296 0.276223361492157
0.9210300445556641 0.9716379642486572 1.763735055923462
-2.012647867202759 1.0078283548355103 2.1412081718444824
-2.3863744735717773 0.5777245163917542 1.5195897817611694
-1.2986184358596802 0.284606397151947 1.258217453956604
-0.8044614791870117 0.284606397151947 1.5012069940567017
-2.3863744735717773 0.7423816323280334 1.3202077150344849
-2.3863744735717773 0.7882763743400574 1.5111768245697021
-2.3863744735717773 0.7882012724876404 -0.7182807922363281
-1.068971037864685 0.284606397151947 1.9038920402526855
0.24455814063549042 0.6089232563972473 2.1412081718444824
-0.6670180559158325 0.284606397151947 -0.754744827747345
-1.7144596576690674 0.284606397151947 1.4748865365982056
-2.3863744735717773 0.7717547416687012 0.9590245485305786
-1.7484370470046997 0.284606397151947 0.15922637283802032
-1.548814296722412 0.6103997230529785 2.1412081718444824
-0.36185315251350403 0.284606397151947 1.8641927242279053
-0.8545370697975159 0.749839723110199 2.543018341064453
-1.4309182167053223 0.284606397151947 0.2969368100166321
-1.1087290048599243 0.284606397151947 -0.7616948485374451
-1.2803252935409546 1.0594505071640015 2.1412081718444824
-0.3812524974346161 0.622968852519989 -1.2052990198135376
-1.218316674232483 0.7178210020065308 -1.2052987813949585
-2.3863744735717773 1.0427712202072144 1.36521315574646
-2.0620007514953613 0.8976565003395081 -1.2052984237670898
-2.3798491954803467 1.0907702445983887 1.8136835098266602
0.7443814873695374 0.284606397151947 0.617214560508728
-0.017221050336956978 0.6343891620635986 2.1412081718444824
0.11517331749200821 0.284606397151947 -0.7115241885185242
-0.010828896425664425 0.749839723110199 2.5692834854125977
0.2990153431892395 0.5981072783470154 -1.2052992582321167
-2.3863744735717773 0.7784352898597717 0.5241782069206238
0.9210299849510193 0.5802783370018005 -0.13257601857185364
0.4712538421154022 1.357077717781067 2.048203468322754
-2.098883867263794 0.9027623534202576 -0.004747117403894663
-1.4476895332336426 0.704795777797699 -1.205298662185669
0.6746277213096619 0.284606397151947 0.03546328842639923
-0.14031565189361572 0.2845063805580139 -1.205297827720642
-0.6522312164306641 0.3232511579990387 2.6930136680603027
0.9210299849510193 0.6204190254211426 0.42958343029022217
-2.001316547393799 0.9167502522468567 1.8306394815444946
-1.0725270509719849 0.284606397151947 0.28490591049194336
-2.0459678173065186 0.7636322975158691 -0.2853715419769287
-1.6894780397415161 0.7862648963928223 2.1412081718444824
0.40335676074028015 0.284606397151947 1.3763680458068848
0.4841439127922058 0.929466187953949 -1.2052992582321167
-1.8236637115478516 1.2377883195877075 -0.9252257943153381
-1.5948240756988525 0.284606397151947 0.5792446732521057
-1.7663711309432983 0.284606397151947 0.6605859994888306
-1.6082786321640015 0.284606397151947 -0.0786043107509613
-1.1712720394134521 0.724532961845398 2.1412081718444824
-1.6683330535888672 0.284606397151947 0.8288210034370422
-1.8047832250595093 1.0302577018737793 2.1412081718444824
-2.3863744735717773 0.82098788022995 -0.07504954189062119
0.4460817575454712 0.284606397151947 -0.5414904952049255
-1.5673649311065674 0.284606397151947 0.15227533876895905
-2.378767967224121 1.0836009979248047 -0.8800082206726074
0.36700671911239624 0.752102255821228 -1.2052992582321167
-1.776131272315979 0.5633391737937927 2.1412081718444824
0.9210299849510193 0.7203234434127808 0.04405411332845688
0.9210299849510193 0.763279139995575 -0.1844344139099121
-1.5309263467788696 0.284606397151947 1.534697413444519
-1.9707179069519043 0.284606397151947 0.9931411147117615
0.48917779326438904 0.284606397151947 1.5384682416915894
-2.3863744735717773 0.7719320058822632 0.7485344409942627
-0.8552152514457703 0.749839723110199 2.4909040927886963
-0.43228113651275635 0.284606397151947 2.698836326599121
-0.7687644362449646 0.284606397151947 1.0599701404571533
0.41570109128952026 0.284606397151947 0.381074458360672
-2.0449366569519043 0.6886911988258362 -0.6237370371818542
-1.7560503482818604 0.742721676826477 -1.2052985429763794
-2.3863744735717773 0.7600136399269104 -0.5014878511428833
-1.4423449039459229 0.790825366973877 2.1412081718444824
-2.3863744735717773 0.5708125829696655 0.18763737380504608
-1.2768172025680542 0.284606397151947 0.1541808694601059
-1.3212374448776245 0.8965107202529907 -1.205298662185669
-1.2828409671783447 0.284606397151947 0.4004995822906494
-0.2737601697444916 0.6216899156570435 2.1412081718444824
-2.3863744735717773 0.8635709285736084 1.1673088073730469
-1.4846653938293457 0.284606397151947 0.7529076933860779
-2.116856813430786 0.8793075084686279 0.9398337006568909
0.32114914059638977 0.284606397151947 1.7390904426574707
0.4766328036785126 1.1114147901535034 -1.199722409248352
-1.4619944095611572 0.284606397151947 0.9436099529266357
-1.4381197690963745 0.6999108791351318 1.7851262092590332
-0.5340151190757751 0.284606397151947 1.7226227521896362
-2.079000949859619 0.8516466617584229 -0.8177263140678406
-2.187420606613159 1.1440997123718262 -1.1951050758361816
-0.7889494895935059 0.3648642897605896 2.9446988105773926
-0.3562878966331482 0.30272796750068665 3.1648077964782715
-1.2271438837051392 0.8951320052146912 2.134568929672241
-2.0645155906677246 0.7750552892684937 1.4503308534622192
-1.8919916152954102 0.6488687992095947 1.7488657236099243
-1.5957002639770508 0.284606397151947 0.38451701402664185
0.5053846836090088 0.8327175974845886 2.1412081718444824
-0.2338780164718628 0.3021855354309082 2.7143001556396484
0.7567229866981506 1.0778015851974487 2.1412081718444824
0.333626925945282 0.284606397151947 0.9872075319290161
-1.387906789779663 0.284606397151947 -0.16708965599536896
0.4003909230232239 1.099658727645874 2.1412081718444824
-0.4881657361984253 0.284606397151947 -0.335379958152771
0.7254858016967773 0.284606397151947 0.9255950450897217
0.9210300445556641 0.7345196604728699 1.4055094718933105
-1.0248215198516846 1.0957140922546387 2.1412081718444824
-2.386068820953369 1.0504432916641235 1.6091554164886475
0.5925247073173523 1.151023030281067 2.1351234912872314
-0.16593874990940094 0.284606397151947 1.5461416244506836
-0.5559341311454773 0.3420216143131256 3.1674883365631104
-0.21162228286266327 0.7687442302703857 -1.2052990198135376
0.9210300445556641 1.1280537843704224 1.5845999717712402
0.9210299849510193 0.7331435680389404 0.6270332932472229
0.9210301041603088 1.081207513809204 2.1145365238189697
0.9210299849510193 1.097377061843872 0.1340683102607727
-2.3863744735717773 1.0414639711380005 0.09357920289039612
-0.2635205090045929 0.284606397151947 1.3966363668441772
0.9210300445556641 0.7491438984870911 0.8444263339042664
-0.004044197034090757 0.7804681062698364 -1.2052991390228271
-1.7046574354171753 0.7398038506507874 -0.850998044013977
0.9210299253463745 1.034716010093689 -1.0103380680084229
-0.025420574471354485 0.3696894645690918 2.795024871826172
0.9210299849510193 0.9421921968460083 -0.43019095063209534
-2.348088026046753 1.03537118434906 2.1412081718444824
0.9210299849510193 0.8901047110557556 0.48895007371902466
-2.3863744735717773 0.973697304725647 -0.5890190601348877
-2.0236077308654785 1.2086560726165771 -1.111871361732483
0.9210300445556641 1.0273373126983643 1.1138107776641846
0.9063735604286194 1.1508897542953491 1.9219541549682617
0.6351584196090698 0.7829787731170654 1.7448208332061768
-1.6038533449172974 0.8383046984672546 -1.205298662185669
-0.7354740500450134 0.8017515540122986 -1.205298900604248
-2.3863744735717773 0.7966901659965515 0.19719737768173218
0.4256410598754883 0.7878839373588562 -0.909281313419342
-0.09575989842414856 1.0130075216293335 -1.2052991390228271
-1.8948239088058472 1.04715096950531 -1.2052985429763794
-2.3863744735717773 0.954075276851654 0.41455623507499695
-2.1429245471954346 1.1224422454833984 2.099583148956299
-1.397663950920105 0.284606397151947 0.5811038017272949
-1.8902393579483032 0.6523333191871643 -0.8039776682853699
-1.817492127418518 0.6656320095062256 -0.5743903517723083
0.2684114873409271 0.284606397151947 1.1431889533996582
-0.8488519191741943 0.284606397151947 1.306817650794983
0.9210300445556641 0.7666622996330261 1.1281459331512451
-0.03620893508195877 0.530351459980011 2.811384677886963
-1.4272536039352417 0.284606397151947 0.026168372482061386
0.9210299849510193 0.7954463362693787 -0.5663453936576843
-2.3863744735717773 0.9466398358345032 -0.28886789083480835
-0.6401469111442566 0.284606397151947 0.5419448614120483
-1.7410235404968262 1.1283642053604126 -1.1841812133789062
-1.2287545204162598 0.284606397151947 -0.061456792056560516
-2.3863744735717773 1.0643230676651 0.9455220699310303
0.7050918340682983 1.0602874755859375 -1.2012258768081665
-1.1598964929580688 0.284606397151947 -0.5745784044265747
-0.9834674596786499 0.7421733140945435 -1.2052987813949585
-2.293858289718628 1.2083889245986938 -0.17077796161174774
-2.368832588195801 1.129672884941101 -0.7219288349151611
0.2000691294670105 0.284606397151947 -0.41054561734199524
-2.369441270828247 1.1286104917526245 -0.43720728158950806
-0.5245221853256226 0.932965099811554 -0.9097551703453064
-0.40226778388023376 0.8587390184402466 -1.2052990198135376
-0.6785130500793457 0.8187953233718872 2.477069854736328
-1.8613611459732056 0.9167926907539368 -0.7597879767417908
0.9171460866928101 1.2677110433578491 1.706173300743103
-1.573330283164978 1.0989916324615479 -1.205298662185669
-0.9507830142974854 0.284606397151947 0.430744469165802
0.9137368202209473 1.186277985572815 1.3253601789474487
-2.3626935482025146 1.1064375638961792 -0.115000881254673
0.24074365198612213 0.284606397151947 -0.059718143194913864
-0.30614233016967773 0.284606397151947 -0.5182300209999084
0.9210299253463745 0.9954375624656677 -0.7614522576332092
-1.516131043434143 0.284606397151947 -0.2843461334705353
0.9210300445556641 0.9785064458847046 0.8560318350791931
-0.262916624546051 0.5763217210769653 2.9734609127044678
-0.97027188539505 0.284606397151947 -0.5630560517311096
0.628020167350769 1.1498016119003296 -0.7150160074234009
-0.1397121399641037 0.284606397151947 -0.8149558901786804
-2.3676981925964355 1.095812439918518 1.1481802463531494
-2.106285572052002 1.2241356372833252 -0.761929452419281
0.017506565898656845 1.158236026763916 2.1412081718444824
-1.0060714483261108 0.284606397151947 1.102928876876831
-0.18175704777240753 0.35517406463623047 3.030355453491211
-0.8660598397254944 0.9925517439842224 -1.2052987813949585
0.59377121925354 0.7302666902542114 -0.7301076650619507
0.9210300445556641 0.9567418098449707 1.4200490713119507
0.9210299849510193 0.9607727527618408 -0.0443621464073658
0.5115756988525391 1.3554662466049194 1.7339248657226562
0.31838536262512207 0.284606397151947 -0.7717266082763672
-0.7848258018493652 0.284606397151947 -0.6015403270721436
-1.0617159605026245 0.9676260352134705 -1.2052987813949585
0.30841073393821716 1.121222734451294 -0.8558459877967834
-2.0263595581054688 0.9617624282836914 -0.49058857560157776
-0.8238380551338196 0.284606397151947 -0.1254286766052246
-1.0272380113601685 0.284606397151947 -0.3758701980113983
-1.4152781963348389 0.7692870497703552 -0.8986924886703491
0.16941574215888977 1.3092418909072876 2.0351879596710205
-0.22636479139328003 0.42433711886405945 3.1409494876861572
-0.6242096424102783 0.284606397151947 -0.207529217004776
-2.177727699279785 1.2184040546417236 0.9893499612808228
0.9210300445556641 1.1221115589141846 0.6749202609062195
-0.1321268081665039 0.284606397151947 0.49376311898231506
-0.2941860556602478 0.284606397151947 -0.28065985441207886
0.3926061689853668 0.7785789966583252 1.9501324892044067
-1.1663212776184082 1.0030502080917358 -0.9195460081100464
-0.01448916457593441 0.773396909236908 2.5750391483306885
-0.8447383046150208 0.6967347860336304 -0.8717412352561951
-2.3863744735717773 1.0551255941390991 0.774616539478302
-2.0057268142700195 1.2497942447662354 1.732995867729187
-2.071913242340088 0.7066542506217957 1.159364104270935
-2.096923828125 0.845887303352356 0.5314634442329407
-1.5952763557434082 1.0410466194152832 2.1412081718444824
-0.05953920632600784 0.958318829536438 -0.9121707677841187
-2.344111680984497 1.1873211860656738 1.514254093170166
-1.2362829446792603 0.284606397151947 1.0522856712341309
-1.3770077228546143 1.111472725868225 -1.2028535604476929
-1.8617358207702637 0.6715908050537109 1.5361641645431519
-0.27673986554145813 0.7298197150230408 -0.8884286880493164
0.20928940176963806 0.8550752401351929 -1.2052991390228271
-1.5232255458831787 0.674268901348114 -0.6717790961265564
-1.8799418210983276 1.2042529582977295 2.090343952178955
-0.8172781467437744 0.3482300937175751 2.6982996463775635
-2.367983102798462 1.111709713935852 0.29866862297058105
0.6360997557640076 0.284606397151947 0.25786587595939636
0.894844114780426 1.1226398944854736 -0.6041992902755737
-0.5760891437530518 1.0821813344955444 -1.1996396780014038
-1.9310801029205322 0.6547749638557434 0.9502359628677368
-1.962182879447937 0.6567179560661316 -0.0605139434337616
-1.4259201288223267 1.1543322801589966 2.096832513809204
-1.7632741928100586 0.7898558974266052 1.8651238679885864
0.9210299849510193 1.1948996782302856 0.31002190709114075
0.8844313621520996 1.1783647537231445 -0.8942352533340454
-1.9068602323532104 0.6637485027313232 0.1853063851594925
-2.236443042755127 1.2190816402435303 1.8225414752960205
0.11914143711328506 1.0787233114242554 -1.1989507675170898
-0.8434848785400391 1.0587702989578247 -0.8065176010131836
0.9041345715522766 1.2195676565170288 -0.19112585484981537
-1.6388864517211914 1.2502057552337646 2.0313663482666016
-0.8445976376533508 0.7601660490036011 2.7569119930267334
0.2387138158082962 0.284606397151947 1.346156120300293
-2.006535053253174 1.2276630401611328 -0.07284194976091385
0.3554311990737915 0.6311819553375244 -0.7449347376823425
-1.627729058265686 0.6710981130599976 1.6150953769683838
-2.0908379554748535 0.7291399240493774 1.6570255756378174
-1.2992771863937378 0.284606397151947 0.8535451889038086
-1.9796373844146729 0.6418732404708862 0.6856289505958557
0.30492717027664185 0.284606397151947 -0.2724246382713318
0.47463536262512207 0.9809648394584656 1.6732643842697144
0.22184352576732635 1.1457170248031616 2.12375807762146
-0.8416512608528137 0.3291291892528534 2.860642910003662
0.6239280104637146 0.9881458282470703 -0.3924389183521271
-1.7432132959365845 0.9061224460601807 -0.5186283588409424
-1.8413420915603638 1.2444288730621338 -0.6493701934814453
-0.693813145160675 0.4498875141143799 3.1046361923217773
-1.8533982038497925 0.6902070045471191 -0.28255322575569153
-2.3610079288482666 1.089951753616333 0.5985854268074036
0.54816073179245 1.2495384216308594 -0.952389657497406
-0.16520409286022186 1.1498384475708008 -1.1700962781906128
-1.3264647722244263 1.264962911605835 -0.856235146522522
-1.1541268825531006 1.1330132484436035 -1.1918132305145264
0.9210299849510193 1.0920569896697998 -0.3067410886287689
-1.2150131464004517 0.649631917476654 -0.7908841371536255
-1.766738772392273 1.2604193687438965 1.690160870552063
-2.057346820831299 0.8192977905273438 0.2597714364528656
-2.1898772716522217 1.2202205657958984 1.3074626922607422
-0.7889290452003479 1.1471712589263916 -1.2027640342712402
0.271865576505661 1.1843841075897217 -1.1878677606582642
0.7056314945220947 0.9549328088760376 1.5631825923919678
-1.1280914545059204 0.284606397151947 1.6444679498672485
-0.3753509521484375 1.1158721446990967 -1.1970621347427368
0.3814842700958252 0.284606397151947 0.7777299284934998
0.7621167302131653 1.2947818040847778 -0.5154064297676086
-2.1410505771636963 1.2295359373092651 -0.45988747477531433
-0.7219534516334534 0.284606397151947 0.37198635935783386
-1.4488823413848877 1.2779560089111328 1.8598288297653198
-2.19651460647583 1.2051516771316528 0.5773715972900391
-2.2409896850585938 1.20420503616333 0.22034665942192078
-1.6001992225646973 1.0391911268234253 -0.8035163283348083
-1.5277836322784424 1.2486557960510254 -0.9640012383460999
-1.8553410768508911 1.2446560859680176 -0.3907960057258606
0.47573861479759216 0.284606397151947 0.08865796774625778
-1.0864897966384888 1.2690253257751465 -0.8893322944641113
0.4536226689815521 0.7400509715080261 -0.5942661166191101
-0.34285858273506165 0.7736397981643677 2.8620309829711914
0.5149185061454773 0.284606397151947 0.9921063780784607
-0.1154017522931099 0.284606397151947 -0.12134385108947754
-0.7758889198303223 1.2634756565093994 -1.0198113918304443
0.571543276309967 0.284606397151947 0.7716197967529297
-1.086854100227356 0.284606397151947 0.08227289468050003
-0.27370721101760864 0.284606397151947 1.0895975828170776
-0.39213621616363525 0.284606397151947 1.561633586883545
-0.015008767135441303 1.2801119089126587 -0.7499690651893616
-0.8518024682998657 0.9959738850593567 2.4847142696380615
-1.3695517778396606 0.8789278864860535 -0.6709381341934204
-1.3266178369522095 0.6876521706581116 1.638540506362915
-0.14150866866111755 0.284606397151947 1.1919525861740112
-0.7045943140983582 0.284606397151947 0.8688558340072632
-1.9625798463821411 1.241236925125122 1.2717759609222412
-0.46801891922950745 1.254611849784851 -1.0069963932037354
0.67877197265625 1.3208606243133545 1.9168509244918823
-1.6285173892974854 1.0123982429504395 1.7634855508804321
-0.03390098735690117 0.8010722398757935 2.4843788146972656
-0.5392479300498962 0.7607821226119995 2.87429141998291
-1.8949493169784546 0.6740449666976929 0.44422221183776855
-1.5680820941925049 1.267866611480713 -0.6224618554115295
-1.6949492692947388 1.2395025491714478 -0.19597235321998596
-1.2036765813827515 0.284606397151947 0.702962338924408
-1.7372071743011475 0.7024778127670288 1.3325636386871338
-1.4358106851577759 1.2721951007843018 -0.36499708890914917
0.096377894282341 1.265012264251709 -0.9466896057128906
0.8563597202301025 1.3303951025009155 0.06522670388221741
-1.1608386039733887 1.2085866928100586 2.1329336166381836
-1.6375998258590698 0.6830796599388123 -0.2965567111968994
0.8958466053009033 1.2885422706604004 0.7277488112449646
0.8985031247138977 1.2414294481277466 1.0649912357330322
0.45056864619255066 1.297363042831421 -0.7126554250717163
-1.870862603187561 1.2522118091583252 0.4858248829841614
-1.7767053842544556 1.2565300464630127 1.3889766931533813
-1.0341740846633911 0.790916919708252 -0.7790050506591797
0.560168445110321 0.6540070176124573 -0.33105501532554626
0.7135186791419983 1.3498567342758179 1.2507164478302002
-0.12908442318439484 0.869676947593689 2.662688970565796
0.40391841530799866 0.6418927907943726 1.7159818410873413
0.2347223311662674 0.8311424255371094 -0.740448534488678
-1.0463488101959229 0.8374660611152649 1.871280550956726
-0.2892017364501953 1.274878740310669 -0.8520877361297607
0.8647890686988831 1.3009320497512817 0.4676077663898468
-0.5118608474731445 0.5060258507728577 3.0606777667999268
-0.9176362156867981 0.7801213264465332 2.0595240592956543
0.04050276800990105 0.6519089937210083 -0.8008249998092651
0.7987942695617676 1.1857035160064697 0.07204818725585938
-1.9727455377578735 1.2403039932250977 0.22131125628948212
-0.2654018700122833 1.1372283697128296 2.4508237838745117
-1.7266745567321777 0.7119256258010864 0.8691926002502441
-0.5533126592636108 0.6960473656654358 -0.7902898788452148
-2.0133168697357178 1.177673101425171 0.8056470155715942
-1.8675800561904907 1.0764354467391968 -0.1983800083398819
-1.3365505933761597 1.0219078063964844 1.737783432006836
-1.73005211353302 0.9852580428123474 1.5187480449676514
-1.8861182928085327 0.8303279876708984 0.6694452166557312
-0.557118833065033 0.284606397151947 1.4248008728027344
-1.8646090030670166 1.2524526119232178 1.056881308555603
-0.6511383652687073 0.893674373626709 2.718228578567505
0.6498255729675293 1.343981146812439 0.5271199941635132
-1.0579882860183716 0.284606397151947 -0.14441949129104614
-0.43677905201911926 0.284606397151947 0.3518926501274109
-0.8838933110237122 1.2150958776474 2.080862045288086
0.197477325797081 0.284606397151947 0.847352147102356
-0.5815978646278381 0.284606397151947 -0.023138204589486122
-1.3379067182540894 1.2759079933166504 1.66001558303833
0.7361379861831665 1.3285863399505615 1.4777588844299316
-0.4134499728679657 1.0099525451660156 2.60237455368042
0.07482729852199554 0.284606397151947 1.0447853803634644
0.4487539231777191 1.312952995300293 -0.4544299840927124
0.21905744075775146 0.8960356712341309 1.9768924713134766
-0.5723880529403687 0.284606397151947 -0.5105214715003967
0.6841845512390137 1.3614293336868286 -0.26567259430885315
-1.904026746749878 1.2641223669052124 0.7282068133354187
-0.4142908453941345 0.7734774947166443 2.532649040222168
-0.13637538254261017 1.2476259469985962 2.129645586013794
-1.0103214979171753 1.262323260307312 1.7625099420547485
-0.07451818138360977 0.8526024222373962 -0.7093050479888916
-1.522372841835022 1.2692137956619263 1.4377814531326294
-1.8622726202011108 1.0927437543869019 0.31726133823394775
-0.7190699577331543 1.25173020362854 1.8147525787353516
0.12991806864738464 0.284606397151947 0.6396570801734924
-0.6211463809013367 1.1349542140960693 2.311815023422241
-1.8372104167938232 0.752193033695221 1.1562691926956177
-0.3727990388870239 1.218442440032959 2.163330316543579
0.7952870726585388 0.8921256065368652 1.202213168144226
-0.7612520456314087 0.6678923964500427 -0.6876211762428284
0.1234370544552803 1.3367265462875366 1.74693763256073
-0.6062135100364685 0.284606397151947 0.16637298464775085
0.34238186478614807 0.9674858450889587 -0.48634636402130127
-1.4041831493377686 0.6945241093635559 -0.4601215720176697
-0.04830646514892578 0.7639413475990295 2.038184642791748
-0.3991767466068268 0.284606397151947 -0.12032162398099899
-0.9822783470153809 0.284606397151947 0.6892734169960022
-1.4713664054870605 0.941792368888855 1.5301958322525024
-1.4138351678848267 1.1681911945343018 -0.5110515356063843
-0.6298198699951172 0.284606397151947 1.242535948753357
-0.6432697772979736 0.7818081974983215 2.055166482925415
-1.748097538948059 1.2352298498153687 0.12148593366146088
0.5191688537597656 1.3044753074645996 0.2522375285625458
-0.8302584886550903 1.2848860025405884 -0.761742353439331
-0.023653890937566757 0.7048824429512024 1.7676711082458496
-0.31001198291778564 0.284606397151947 0.739552915096283
-1.139798641204834 1.2726562023162842 -0.6192806363105774
0.6530317664146423 0.8493403792381287 -0.12388810515403748
0.6758024096488953 1.0149179697036743 0.9094908237457275
-1.6060649156570435 0.9290553331375122 -0.2501246929168701
-1.0817275047302246 1.050246000289917 1.6057795286178589
-1.743762731552124 0.7606927752494812 -0.03114047646522522
-1.4119701385498047 1.3146247863769531 -0.08099975436925888
0.19695670902729034 1.287304162979126 -0.6250110268592834
0.4749789237976074 0.284606397151947 0.600545346736908
-0.9123100638389587 0.2885756492614746 0.9216970205307007
-1.7044776678085327 1.0260522365570068 0.5732436776161194
0.26298484206199646 0.284606397151947 0.30152323842048645
0.42474913597106934 1.3099619150161743 -0.14214171469211578
0.43391162157058716 0.6936057209968567 1.5497534275054932
-0.14717912673950195 0.99931800365448 2.012108564376831
-0.012121561914682388 0.284606397151947 1.404741883277893
-1.9614217281341553 1.0809400081634521 1.5559519529342651
-1.549688696861267 1.335749864578247 1.1422728300094604
-1.6190062761306763 0.7952682375907898 1.1192808151245117
-1.1522083282470703 0.6899622082710266 -0.6032410264015198
-0.23480172455310822 1.1237822771072388 -0.7398141026496887
-1.8092797994613647 0.9542466402053833 0.9473376870155334
-0.47035831212997437 1.2075368165969849 2.0160162448883057
-1.9315975904464722 0.9227314591407776 1.273044466972351
0.7561459541320801 0.9371269345283508 0.405025452375412
0.7175880074501038 1.3655039072036743 0.937454342842102
-1.7750086784362793 0.8260422945022583 0.27156513929367065
-0.5050016045570374 1.2319408655166626 1.6433066129684448
-0.2808440029621124 0.6849638223648071 -0.687992513179779
-0.4419662654399872 0.284606397151947 0.9571295380592346
0.614075243473053 0.7091922760009766 0.9432068467140198
0.4310522973537445 1.3292937278747559 1.4693245887756348
0.5557181239128113 0.7000309228897095 1.3505098819732666
-0.08602703362703323 0.284606397151947 0.2815026044845581
0.29336756467819214 0.284606397151947 0.09694941341876984
0.4842464327812195 1.2745741605758667 0.9428383708000183
0.4163375198841095 0.8030124306678772 -0.3168705403804779
-0.7337358593940735 0.7973476648330688 1.8437680006027222
-0.2735843360424042 1.2462743520736694 1.6686005592346191
-0.7273767590522766 1.0435022115707397 2.0999491214752197
-0.09167741984128952 1.2869192361831665 1.6346441507339478
-0.8699067831039429 0.284606397151947 -0.2923944294452667
0.21801640093326569 1.3007358312606812 1.5644803047180176
-1.1678436994552612 0.284606397151947 0.5293652415275574
0.6059175729751587 0.7543308138847351 0.192871555685997
0.4183206558227539 1.079480767250061 1.2084873914718628
-0.34805822372436523 0.8360475897789001 2.253328323364258
-0.15215185284614563 0.33239996433258057 -0.4250803589820862
-0.4732005000114441 1.2844051122665405 -0.6163350939750671
0.5818139910697937 0.6827021241188049 0.4946449398994446
0.37378764152526855 0.7645524740219116 1.2962664365768433
-1.5747145414352417 0.716643214225769 0.07555369287729263
-0.005532900337129831 0.284606397151947 0.02101156860589981
0.09956727921962738 1.0255300998687744 1.7288122177124023
0.07196155935525894 0.3857155442237854 1.2552915811538696
0.2899205684661865 0.852855920791626 1.6127275228500366
-0.3832146227359772 0.8494399785995483 1.9683935642242432
-0.8147911429405212 0.3050139248371124 0.22797085344791412
-0.02918453887104988 0.29971301555633545 0.6251753568649292
-1.0250946283340454 0.6803585886955261 1.7456467151641846
0.05968156456947327 1.227476716041565 -0.11593208461999893
-0.5764939188957214 1.0513488054275513 -0.6795430183410645
-1.4433873891830444 0.8260791301727295 1.360829472541809
0.15819278359413147 0.7874944806098938 -0.5608590245246887
0.4662559926509857 0.7749946117401123 1.0260921716690063
-0.3434053659439087 0.7195213437080383 1.8045436143875122
-1.4425135850906372 0.6901873350143433 1.2354291677474976
-0.4173564612865448 0.284606397151947 0.1721230298280716
-0.41288691759109497 0.7781785726547241 -0.5927116274833679
-1.2213897705078125 0.6995534896850586 -0.13982394337654114
-0.7561785578727722 1.270999550819397 -0.5589205622673035
0.05487214773893356 0.9219245314598083 1.4799778461456299
-1.369672417640686 0.8776622414588928 -0.2720647156238556
-0.5736348032951355 0.3301782011985779 1.1145308017730713
-0.07790176570415497 0.7109547257423401 -0.5174708962440491
-1.1517643928527832 0.7723724246025085 1.5602713823318481
0.4649660587310791 0.7674228549003601 -0.05000079423189163
-1.6143516302108765 0.7523128390312195 0.37383729219436646
-1.6046174764633179 0.7310702800750732 0.6093733906745911
-0.1515965610742569 1.2915866374969482 -0.398791640996933
0.15814733505249023 1.3153233528137207 -0.33711546659469604
0.3180725872516632 1.2988739013671875 1.1464595794677734
-0.612374484539032 1.2158081531524658 -0.1481495201587677
-0.9171989560127258 0.8634248971939087 -0.5863165855407715
-0.1437373161315918 1.0588692426681519 1.5717018842697144
-1.1104189157485962 1.0574361085891724 -0.475280225276947
-0.3494618535041809 1.342695713043213 -0.3598504066467285
-1.1776174306869507 0.7416954636573792 -0.36347123980522156
0.3911838233470917 1.2375454902648926 0.6674838662147522
-1.0418657064437866 1.2304540872573853 1.2649809122085571
-0.1829746663570404 0.5870549082756042 -0.2974306643009186
-1.476639747619629 1.3146250247955322 0.09155404567718506
-0.16839653253555298 1.0857141017913818 -0.4044336974620819
-1.1776939630508423 1.2697429656982422 -0.3022897243499756
-0.924686074256897 1.2733967304229736 -0.3360581696033478
0.4662782847881317 0.5881384611129761 0.15861719846725464
-0.12111663073301315 1.2216503620147705 -0.1575103998184204
-0.724615216255188 0.7870786190032959 -0.528063952922821
0.39603331685066223 1.0947939157485962 0.23477545380592346
0.22610387206077576 1.2304940223693848 -0.004292667843401432
-1.013472318649292 0.8254209756851196 -0.26065078377723694
0.5117897391319275 0.8751361966133118 0.674769937992096
-1.076366662979126 1.293470025062561 0.02569643035531044
-1.4305875301361084 0.8787370920181274 -0.06229095160961151
0.3873179256916046 1.3294812440872192 0.11538518965244293
-1.4776251316070557 0.7765167951583862 0.7329654693603516
0.31709039211273193 0.6561360359191895 -0.22318512201309204
0.3807392418384552 1.256445050239563 0.4972820580005646
-0.4714548885822296 0.5480180382728577 1.568060040473938
-0.5953483581542969 1.1199275255203247 1.602381944656372
-0.568713366985321 0.6665771007537842 -0.4019114375114441
-1.3719735145568848 1.1814020872116089 0.3494209349155426
-1.2309297323226929 1.1043390035629272 1.1924058198928833
-1.2522552013397217 1.2384042739868164 0.9720908999443054
-1.2542524337768555 1.2839089632034302 1.2214727401733398
0.2104862481355667 0.9733926653862 -0.17085078358650208
-0.7924008369445801 1.222676396369934 1.4835331439971924
-1.1892828941345215 1.086006999015808 0.16759853065013885
-0.3637283146381378 0.3271758258342743 0.8628187775611877
-0.8806056380271912 0.39084166288375854 0.5822099447250366
0.009763240814208984 0.4851487874984741 0.9856034517288208
-1.4234442710876465 1.3234447240829468 0.7403805255889893
-1.344159722328186 1.162269949913025 0.7146077752113342
-1.2789790630340576 1.2479125261306763 0.5374558568000793
-0.8382233381271362 1.0241429805755615 -0.21665813028812408
-1.5248472690582275 1.3097100257873535 0.36551281809806824
0.20213721692562103 0.5072696805000305 0.7533949613571167
-1.4781162738800049 1.0480633974075317 0.9979918599128723
-1.6430014371871948 1.2939317226409912 0.8631377816200256
-0.8570335507392883 0.4716397225856781 1.3174355030059814
-0.2074352651834488 0.39601048827171326 0.18646858632564545
-1.1242905855178833 1.222322940826416 0.25977712869644165
-1.353324055671692 0.6552828550338745 0.30836305022239685
-0.44852811098098755 1.2305562496185303 -0.18829312920570374
-1.3916146755218506 0.8047512173652649 0.14559586346149445
-0.862277090549469 0.698040246963501 -0.1910887509584427
-0.9019649028778076 1.189294695854187 0.05261921137571335
-1.0128283500671387 1.2560737133026123 1.4679226875305176
0.023294057697057724 0.6930765509605408 1.559035301208496
-1.4111485481262207 0.9096387028694153 0.43928471207618713
-1.2124837636947632 0.5707569122314453 1.155116319656372
-0.7086437344551086 1.193689227104187 -0.015486324205994606
-0.9811179041862488 0.8492847681045532 0.07767017930746078
-0.23631128668785095 0.4320453405380249 0.5095508098602295
-0.3540520668029785 1.0402278900146484 1.6153372526168823
0.2622336149215698 0.6057152152061462 0.17676784098148346
-0.3927541673183441 0.584209680557251 0.5259422063827515
-0.8338021636009216 0.45559608936309814 -0.021731004118919373
-1.4358333349227905 0.8172000646591187 0.9296905994415283
-0.7897694706916809 0.7427855730056763 1.6815663576126099
-0.4271814823150635 0.937800407409668 -0.35077136754989624
-0.4326355755329132 0.6416289210319519 -0.08022522926330566
-1.1645054817199707 0.8257511258125305 0.05522565543651581
-0.4511812925338745 0.32621824741363525 0.5959933996200562
0.274835467338562 1.1877996921539307 1.3319944143295288
-1.24000883102417 0.8687954545021057 0.9122035503387451
-0.9635616540908813 0.6227849721908569 0.9122861623764038
-0.643377959728241 0.34755390882492065 0.7831029295921326
-0.0524519607424736 0.8063636422157288 -0.34055137634277344
0.3142310678958893 1.1382075548171997 0.8869858980178833
-1.190393328666687 0.7108538150787354 0.46426016092300415
0.43425023555755615 0.9179680347442627 0.4137093126773834
-0.21571692824363708 0.7385832667350769 1.5129026174545288
-0.5254917144775391 0.8473409414291382 1.5720114707946777
-0.06948951631784439 0.9517466425895691 -0.08574922382831573
-0.31994757056236267 0.898291826248169 -0.15270672738552094
-0.6371873617172241 0.8818702697753906 -0.24668754637241364
0.050363555550575256 0.7151463031768799 1.026318073272705
0.23604881763458252 1.0444797277450562 0.13670851290225983
-1.1986287832260132 0.8257089853286743 1.292804479598999
-1.24383544921875 0.8743781447410583 0.6057316064834595
-0.2906143069267273 0.6005213260650635 1.0801599025726318
0.07276638597249985 0.7517262697219849 -0.07445886731147766
-0.7401015162467957 0.5981624722480774 0.2870928943157196
0.08798882365226746 1.1047396659851074 1.2640199661254883
-1.059542179107666 0.8920834064483643 1.1379725933074951
0.15634793043136597 0.8302091956138611 0.180438831448555
0.3522026836872101 0.7914106249809265 1.0763628482818604
-0.8983170986175537 0.9173666834831238 1.484777569770813
0.40850937366485596 0.7478940486907959 0.5903095006942749
0.04063401371240616 0.8472080826759338 1.2906949520111084
-0.6305297017097473 0.8478888273239136 -0.050903551280498505
-0.5416995882987976 0.8137376308441162 1.336111307144165
0.1843106597661972 0.8575852513313293 0.6371862888336182
-0.7596315145492554 0.842965304851532 1.3668133020401
-0.15236370265483856 0.7281315326690674 0.07758648693561554
-0.5170580744743347 0.8232515454292297 0.26218992471694946
-0.8458989262580872 0.8473721146583557 1.148896336555481
-1.0033167600631714 0.8721504211425781 0.3425227999687195
-0.3157891631126404 0.8030836582183838 0.1517219841480255
-0.9489492774009705 0.7780916094779968 0.5745481252670288
-1.0454363822937012 0.8510230779647827 0.8438534140586853
-0.7548896670341492 0.8445665836334229 0.19247514009475708
0.1475437432527542 0.89969402551651 0.8825779557228088
-0.38919201493263245 0.9187031388282776 1.2579313516616821
-0.21167248487472534 0.8474874496459961 1.165947437286377
-0.04705537483096123 0.8903651237487793 0.36724892258644104
0.04610290750861168 0.7576138377189636 0.38835206627845764
-0.7526846528053284 0.7985824346542358 0.985908031463623
0.0006459210999310017 1.3823224306106567 0.4858059585094452
-0.5445833206176758 0.7682446837425232 0.9312806725502014
-0.18329258263111115 1.2060129642486572 0.4707765579223633
-0.7820541858673096 0.7828174233436584 0.7038485407829285
-0.07508271932601929 1.272076964378357 0.32713621854782104
-0.18028783798217773 0.8136756420135498 0.9267702102661133
-0.3475399315357208 1.139945387840271 0.3073458969593048
-0.6061441898345947 0.7446622848510742 0.5534191131591797
-0.5329347252845764 1.263648509979248 0.36521828174591064
-0.1604650318622589 0.7542147040367126 0.6831445097923279
-0.36688467860221863 1.2408334016799927 0.19144058227539062
-0.33748263120651245 2.0625534057617188 0.20071157813072205
-0.35168951749801636 1.1841751337051392 0.48038172721862793
0.040820710361003876 1.5394254922866821 0.28512775897979736
-0.22904425859451294 1.3042352199554443 0.6543948650360107
-0.33878055214881897 0.7446920275688171 0.48247894644737244
-0.6211432218551636 1.524530291557312 0.5614543557167053
-0.5157435536384583 1.76113760471344 0.16291119158267975
-0.17868845164775848 1.2943559885025024 0.16061218082904816
-0.18109551072120667 1.8520081043243408 0.1765013039112091
-0.6636053323745728 1.7218838930130005 0.4741829037666321
-0.2353057563304901 1.5560617446899414 0.7985109686851501
-0.48220622539520264 1.3835735321044922 0.11440329998731613
-0.4075661897659302 1.8353573083877563 0.7938715815544128
-1.4659043550491333 3.581873893737793 0.11932152509689331
-0.04584308713674545 1.825513243675232 0.6041952967643738
-0.05216890200972557 2.020481586456299 0.4065908193588257
-0.0771806463599205 1.4793150424957275 0.6866000890731812
0.014151528477668762 1.7490043640136719 0.3809913396835327
-0.6258386969566345 1.3963686227798462 0.46707847714424133
-0.4407530128955841 1.3413835763931274 0.6409140825271606
-0.5060392022132874 2.2067031860351562 0.28792381286621094
-0.1621185690164566 2.0223989486694336 0.7251222133636475
-0.31794196367263794 1.7092427015304565 0.7568682432174683
-0.15558797121047974 1.456653118133545 0.06241366267204285
-0.6024322509765625 1.9282575845718384 0.2920489013195038
-0.23047387599945068 3.792844533920288 0.25940755009651184
-0.5819646716117859 1.5307304859161377 0.15353545546531677
-0.6624621748924255 1.9465513229370117 0.5294573307037354
-1.416966438293457 3.379258632659912 0.277879536151886
-0.23390276730060577 1.670207142829895 0.05263802781701088
-1.2547575235366821 3.351789951324463 0.2199980616569519
-1.4047996997833252 3.3077962398529053 0.15649741888046265
-0.13008730113506317 3.80987811088562 0.08492749184370041
-0.1501820683479309 2.2334144115448 0.6448303461074829
-0.19219960272312164 2.255892038345337 0.3840711712837219
-0.44394102692604065 2.3623361587524414 0.5562947988510132
0.014625831507146358 3.915505886077881 0.373237282037735
-0.05576859787106514 4.024780750274658 0.5297084450721741
-0.6657813191413879 2.160275936126709 0.5374857783317566
-1.3606024980545044 3.2674245834350586 0.12911160290241241
-0.4051642417907715 2.194401264190674 0.7730342745780945
0.09612339735031128 3.967081069946289 0.04419751092791557
-1.3000811338424683 3.297440767288208 0.09197577834129333
-0.6781699061393738 4.158276557922363 0.9389171004295349
-0.7664541006088257 4.263372421264648 1.1869404315948486
-0.6859710216522217 4.275913238525391 1.1399526596069336
-0.6276403665542603 4.421017646789551 1.0912142992019653
-0.23354877531528473 3.8666927814483643 0.45814037322998047
0.008241351693868637 3.854308843612671 0.19212029874324799
-1.4952244758605957 3.39141845703125 0.14252756536006927
0.165841743350029 4.102242469787598 0.21153879165649414
-0.6787092685699463 4.155802249908447 1.0385853052139282
-0.2574651539325714 4.010523796081543 0.6265661120414734
-0.40715283155441284 3.833679437637329 0.30992674827575684
-0.5520683526992798 1.9808135032653809 0.741898238658905
0.10159853845834732 4.223969459533691 0.39871644973754883
-0.23575446009635925 3.8332390785217285 -0.018227431923151016
-0.6857267022132874 4.014808654785156 0.6734912395477295
-0.7640811204910278 4.282949924468994 0.607333242893219
-0.08839505910873413 4.006278991699219 -0.17307791113853455
-0.12067766487598419 4.261305809020996 -0.20223096013069153
0.08868703991174698 4.155142784118652 -0.07214527577161789
-0.4844107925891876 3.8681282997131348 0.10120348632335663
-0.26810988783836365 3.9504923820495605 -0.16679313778877258
-0.6940404772758484 3.956958293914795 0.33090531826019287
-0.7937089204788208 4.299051761627197 0.4810163080692291
-0.8315318822860718 4.391962051391602 1.1371302604675293
-0.3810517489910126 4.463320255279541 0.1289767026901245
-0.4541524052619934 4.4521307945251465 0.41647279262542725
0.05850813910365105 4.401054859161377 0.0994519293308258
-0.4692387580871582 4.164364337921143 -0.13952715694904327
-0.09438656270503998 4.31020450592041 0.5209160447120667
-0.3168940544128418 4.350034236907959 0.6080089211463928
-0.14390356838703156 4.514408111572266 0.15955579280853271
-0.6011320352554321 4.008602619171143 0.49685320258140564
-0.49735137820243835 3.974594831466675 -0.07333175837993622
-0.015251701697707176 5.174430847167969 0.6891234517097473
-0.3039841949939728 4.948273658752441 0.3698676824569702
-0.17634978890419006 4.6357550621032715 0.3934430778026581
-0.4927941858768463 4.009019374847412 0.6163361668586731
-0.19958439469337463 4.871302127838135 0.22288617491722107
-0.2151547223329544 5.227818012237549 0.6816349029541016
-0.34089580178260803 5.4739227294921875 0.6223644614219666
-0.6279757022857666 3.9757590293884277 0.16735783219337463
-0.33727484941482544 5.1701579093933105 0.5003013610839844
-0.057096753269433975 4.801446437835693 0.4117208421230316
-0.318541020154953 4.381188869476318 -0.0714208260178566
-0.6546920537948608 4.29354190826416 0.2016420066356659
-0.0974692553281784 4.9551005363464355 0.5598721504211426
-0.21154914796352386 5.142833709716797 0.20129413902759552
-0.10827901214361191 5.484492778778076 0.7912057042121887
-0.35813939571380615 5.511969566345215 0.330754816532135
-0.05589836835861206 5.470046520233154 0.24821728467941284
-0.3903557062149048 5.731455326080322 0.36648058891296387
-0.09555129706859589 6.005978107452393 0.749646008014679
-0.440504252910614 5.764739036560059 0.579152524471283
-0.25778377056121826 6.142418384552002 0.2617550492286682
0.12130559235811234 5.6659955978393555 0.500558078289032
0.05418367683887482 5.035789966583252 0.37980324029922485
-0.053706880658864975 5.984914302825928 0.2697497308254242
0.048449695110321045 5.664239406585693 0.7605406045913696
-0.2261270135641098 5.8018388748168945 0.756443440914154
0.0981701985001564 5.918621063232422 0.6224987506866455
0.10698676854372025 5.170095443725586 0.574100136756897
0.1491212397813797 5.413456916809082 0.6266620755195618
0.04829097166657448 5.844010353088379 0.36481165885925293
-0.3763558864593506 6.336282730102539 0.3159887194633484
-0.47957560420036316 6.008485794067383 0.5297858715057373
-0.258938193321228 5.886347770690918 0.2569008767604828
-0.196100115776062 6.51345157623291 0.6849614381790161
0.12653939425945282 5.350796699523926 0.3847869336605072
-0.26676246523857117 5.3905229568481445 0.2716394066810608
-0.8471099138259888 7.388519287109375 0.4248620271682739
-0.5795808434486389 7.28679084777832 0.5384136438369751
-0.3675680458545685 6.057977199554443 0.7194636464118958
-0.5667014122009277 7.136515140533447 0.4275071322917938
-0.2579179108142853 6.28871488571167 0.8022264838218689
-0.558343768119812 7.3139543533325195 0.19704154133796692
-0.5357754230499268 6.24577522277832 0.5807900428771973
-0.010441410355269909 6.230343341827393 0.44379591941833496
-0.4095038175582886 6.83474588394165 0.5755225419998169
-0.5323200821876526 6.43510103225708 0.5320373773574829
-0.4088238477706909 6.260073184967041 0.8024707436561584
-0.24833396077156067 6.765531539916992 0.5658667087554932
-0.38993194699287415 6.629103660583496 0.47193217277526855
-0.42142221331596375 7.558624744415283 0.24918194115161896
-0.9695718884468079 7.540528297424316 0.4398280084133148
-0.5927723050117493 7.373455047607422 0.16026641428470612
-0.4547383189201355 7.48879337310791 0.5483902096748352
-0.15946133434772491 6.485540390014648 0.408691942691803
-0.9189304709434509 7.4803547859191895 0.23332054913043976
0.11309376358985901 8.351999282836914 0.6235702633857727
-0.5133237838745117 7.188570976257324 0.3859144151210785
-0.8588268160820007 7.680251121520996 0.5633662939071655
-0.7629978656768799 8.33088493347168 0.6201908588409424
-0.14919187128543854 8.285972595214844 0.6022166013717651
-0.4583597779273987 8.452103614807129 0.9156537652015686
-1.0401365756988525 7.670039176940918 0.3144528567790985
0.06443341821432114 8.2469482421875 0.5005235075950623
-0.5400662422180176 7.763473033905029 0.42176419496536255
-0.5014417767524719 8.39546012878418 0.8598471879959106
-0.7399359345436096 7.634237289428711 0.13038910925388336
-0.6872342824935913 7.636749744415283 0.5747220516204834
-0.15894559025764465 8.367504119873047 0.35865816473960876
-1.0068049430847168 7.8664751052856445 0.2719612121582031
0.025816330686211586 8.222798347473145 0.42645254731178284
-0.10533259809017181 8.236906051635742 0.41123709082603455
-1.0056471824645996 8.157157897949219 0.2727303206920624
-0.5433977842330933 8.72574520111084 0.8680875301361084
-0.7108883857727051 7.990425109863281 0.36783432960510254
-0.7883061766624451 7.792966365814209 0.0894133672118187
-0.6996572613716125 8.324557304382324 0.9350477457046509
-0.8784614205360413 7.967117786407471 0.11591772735118866
0.17067532241344452 8.515946388244629 0.36072567105293274
-0.6458708047866821 8.31411075592041 0.8911083340644836
0.31479352712631226 8.847777366638184 0.3220900595188141
0.11797331273555756 8.607461929321289 0.29143452644348145
-0.6941166520118713 8.24315357208252 0.729482114315033
-0.1687411218881607 8.753976821899414 0.4517148435115814
-0.9137149453163147 8.62802505493164 0.9886508584022522
-1.0928382873535156 8.290718078613281 0.34193018078804016
-0.8553664088249207 8.296095848083496 0.3398873209953308
-0.7561830282211304 8.871234893798828 0.7813735008239746
-0.9458828568458557 8.5146484375 0.15481692552566528
-0.026063580065965652 8.654292106628418 0.5295684933662415
-0.9246509075164795 8.457873344421387 0.9316251277923584
-0.8601869344711304 8.514660835266113 0.8127208352088928
-0.7821641564369202 8.577472686767578 0.31127673387527466
-0.9644082188606262 8.700814247131348 0.24086003005504608
-0.035536590963602066 8.595355033874512 0.15870483219623566
-0.7917715311050415 8.5824556350708 0.4963247776031494
0.13006767630577087 9.126988410949707 0.41156575083732605
0.20738273859024048 8.872060775756836 0.1342923641204834
0.27581697702407837 8.708259582519531 0.15919214487075806
-0.11787496507167816 8.963936805725098 0.2043018639087677
0.09999004006385803 9.397932052612305 0.5933088064193726
-0.7286669015884399 8.847715377807617 0.3373871445655823
-0.9585931301116943 8.697991371154785 0.7782221436500549
-0.046989019960165024 9.07835578918457 0.38957470655441284
-0.9374880790710449 9.215442657470703 0.2030586302280426
0.036271870136260986 9.718012809753418 0.5946483016014099
-0.9311049580574036 9.003576278686523 0.12763860821723938
-0.8723182082176208 8.903255462646484 0.2325281947851181
0.20223850011825562 8.913454055786133 0.5048753023147583
-0.8722363114356995 9.414440155029297 0.2082391381263733
-0.9125540256500244 9.45899772644043 0.18759571015834808
-0.5261569023132324 9.918645858764648 0.821731448173523
-0.03636833280324936 9.812731742858887 0.7153232097625732
-0.5160704255104065 9.892387390136719 0.6658400297164917
0.19798047840595245 9.914817810058594 0.5253645181655884
-1.2703547477722168 10.199602127075195 -0.3070460259914398
-0.6098038554191589 10.224087715148926 0.45580896735191345
0.18161650002002716 9.698250770568848 0.7206918597221375
0.026294076815247536 9.874017715454102 0.8271780014038086
0.17315463721752167 9.73031234741211 0.5743429660797119
0.30070409178733826 10.010473251342773 0.6500959396362305
0.34765639901161194 10.025164604187012 -0.20606794953346252
-0.8023154139518738 10.033032417297363 0.9029897451400757
-0.6811896562576294 10.080567359924316 0.9199690222740173
-0.6435217261314392 10.064545631408691 0.2458525449037552
0.06715336441993713 10.107117652893066 0.5911470651626587
-0.621009886264801 10.214481353759766 0.32967185974121094
-0.6967133283615112 9.872177124023438 0.859768271446228
0.22732993960380554 10.204086303710938 0.8302065134048462
-0.5719192624092102 10.171892166137695 0.22002051770687103
-0.8809375762939453 10.16006088256836 0.7894150018692017
-0.8655681610107422 10.262529373168945 0.8085476160049438
-0.5567073225975037 10.315526008605957 0.172901913523674
-0.1282569020986557 10.253691673278809 0.6415523290634155
-0.08760344237089157 10.272761344909668 0.7162895202636719
-1.1774994134902954 10.306428909301758 -0.17660346627235413
0.1890806257724762 10.23876667022705 0.7778347730636597
-0.7472708821296692 10.217925071716309 0.7832058072090149
-0.38870754837989807 10.453890800476074 0.43286970257759094
0.1452268660068512 10.608565330505371 0.5612543821334839
-0.8620496988296509 10.355627059936523 0.07272293418645859
0.10496453940868378 10.481193542480469 0.6652940511703491
-0.3018305003643036 10.540048599243164 0.48919233679771423
0.19654516875743866 10.555726051330566 0.8356480002403259
-0.8550313711166382 10.468849182128906 0.8534940481185913
-0.6985186338424683 10.519710540771484 0.034288182854652405
0.2915734052658081 10.83226203918457 -0.26430457830429077
0.11457416415214539 10.743340492248535 0.6949639916419983
0.0736573189496994 10.570320129394531 1.0021657943725586
0.2783946692943573 10.639426231384277 0.8194561004638672
-0.55075603723526 10.900178909301758 0.8768064975738525
-0.9955929517745972 10.533509254455566 0.9358289241790771
0.2333713173866272 10.713747024536133 0.5616076588630676
-0.426568865776062 10.801268577575684 0.5777593851089478
-0.5749343633651733 10.808327674865723 0.2667142152786255
-0.3465103209018707 11.030242919921875 1.1613821983337402
-1.3316303491592407 11.011393547058105 1.37860906124115
-0.37370169162750244 10.823282241821289 0.7018625140190125
-0.4013858437538147 10.998953819274902 1.1149134635925293
0.3953442871570587 10.995649337768555 -0.2718724310398102
-0.4526470899581909 11.09819507598877 0.8877891302108765
0.2685353457927704 11.004676818847656 0.585710883140564
-1.2017273902893066 11.105321884155273 -0.2584453225135803
-0.40598148107528687 11.084487915039062 1.2589610815048218
0.28278031945228577 11.120648384094238 -0.07116961479187012
-1.0114105939865112 11.126288414001465 0.4285022020339966
-0.6103276014328003 11.117959976196289 0.7959763407707214
-0.2845798134803772 11.13818073272705 0.8200902342796326
-0.805531919002533 11.380663871765137 -0.45775219798088074
-0.5796406269073486 11.193563461303711 0.09051485359668732
0.533463716506958 11.268105506896973 -0.07403416186571121
-0.2990283668041229 11.229182243347168 1.3209450244903564
-1.2071199417114258 11.378381729125977 1.3887044191360474
-0.9435526132583618 11.37209701538086 -0.30788564682006836
0.17538413405418396 11.281237602233887 0.8248410224914551
-0.40350064635276794 11.385860443115234 0.13298770785331726
0.5076544284820557 11.428396224975586 0.3937174677848816
-1.291322946548462 11.471490859985352 -0.3305182456970215
-0.8593039512634277 11.454463958740234 -0.4712972640991211
-0.11833340674638748 11.439474105834961 0.5505359768867493
-0.6171438694000244 11.4284029006958 0.4342695474624634
0.17622767388820648 11.520342826843262 1.3130215406417847
-1.4082673788070679 11.482041358947754 1.390866756439209
-0.6016160845756531 11.496659278869629 -0.35909804701805115
-1.1640859842300415 11.523509979248047 1.0846385955810547
0.41995570063591003 11.55647087097168 1.4153728485107422
-0.3404656946659088 11.550858497619629 0.7609158754348755
-0.2511652708053589 11.563148498535156 1.3976116180419922
-0.6043488383293152 11.56689739227295 1.3173449039459229
-0.96148681640625 11.581732749938965 -0.33713969588279724
