1453
-2.386474370956421 0.2846064567565918 1.5949976444244385
-2.38637638092041 0.2845063805580139 -0.7608652114868164
-2.3863744735717773 0.5210700035095215 0.6434401273727417
0.9210299253463745 0.3760566711425781 -0.8976709246635437
-2.1100215911865234 0.284606397151947 0.030407587066292763
-1.3409748077392578 0.2845063805580139 -1.205301284790039
-0.4479581117630005 0.284606397151947 1.260733962059021
-1.0220297574996948 0.284606397151947 -0.9129745364189148
-0.9735960960388184 0.2845063805580139 -1.205295443534851
0.9210317134857178 0.2845063805580139 -1.2053296566009521
-2.3863754272460938 0.2845063805580139 -0.26294994354248047
-2.38637638092041 0.2845063805580139 0.27802562713623047
-2.3863744735717773 0.2845063805580139 -0.48895263671875
-1.791574478149414 0.2845063805580139 2.141206741333008
-2.3863773345947266 0.2845063805580139 -0.015482902526855469
-2.386474609375 0.2846064567565918 0.684699535369873
0.6619207859039307 0.28460657596588135 -1.2053992748260498
-0.5575087666511536 0.2845063805580139 -1.2052980661392212
-2.085451602935791 0.284606397151947 1.3106803894042969
0.11853599548339844 0.2845063805580139 2.141206741333008
0.9210300445556641 0.2845063805580139 -0.8919543623924255
0.9210313558578491 0.2845063805580139 -0.7527751922607422
-2.3863754272460938 0.2845063805580139 0.11447811126708984
-1.5350228548049927 0.284606397151947 1.8890700340270996
-0.4398631453514099 0.2845063805580139 -1.2052998542785645
-2.3765430450439453 0.2845063805580139 2.141207695007324
-2.3863754272460938 0.2845063805580139 -0.1366434097290039
0.9210319519042969 0.2845063805580139 -1.0027045011520386
-2.130486011505127 0.284606397151947 1.6805109977722168
-1.0952616930007935 0.2845063805580139 -1.205300211906433
0.9210300445556641 0.2845063805580139 1.3692302703857422
0.9210300445556641 0.5213016867637634 1.5290040969848633
-1.9132165908813477 0.284606397151947 1.717869520187378
-2.3863744735717773 0.48466697335243225 1.81160569190979
-2.1846120357513428 0.28460824489593506 2.141308307647705
0.9211299419403076 0.2846064567565918 -0.67669677734375
-2.3863754272460938 0.2845063805580139 -0.6447963714599609
0.9211008548736572 0.2846066355705261 -1.2053993940353394
-2.3863754272460938 0.2845063805580139 -0.8735074996948242
-1.953786015510559 0.28460800647735596 2.141308307647705
0.9211300611495972 0.2846064567565918 0.8813992738723755
-1.4502239227294922 0.2846064567565918 -1.2053985595703125
0.30533918738365173 0.284606397151947 1.565735101699829
-0.5661898255348206 0.284606397151947 -0.9090931415557861
0.3857067823410034 0.2845063805580139 -1.2052955627441406
-2.386474370956421 0.28458714485168457 2.1412086486816406
-2.386474370956421 0.2846064567565918 1.0083003044128418
-0.4065827429294586 0.284606397151947 -0.8051513433456421
-2.3863742351531982 0.5770089626312256 -1.2053983211517334
-2.386474609375 0.2846064567565918 -1.2053524255752563
-1.7637219429016113 0.284606397151947 -0.6017292737960815
-1.534904956817627 0.284606397151947 -0.935128927230835
-2.386474370956421 0.2846064567565918 1.691920518875122
-2.077392101287842 0.284606397151947 -0.7297052145004272
0.9211301207542419 0.284606397151947 2.038869619369507
-1.8958165645599365 0.284606397151947 1.3400068283081055
0.36566659808158875 0.284606397151947 -0.9146881699562073
-1.5410728454589844 0.2846066951751709 -1.2053985595703125
-2.3863773345947266 0.2845063805580139 0.5183248519897461
-1.713860034942627 0.284606397151947 -0.7897162437438965
-0.07919800281524658 0.2846064567565918 -1.2053990364074707
-1.3005317449569702 0.284606397151947 -0.9368826150894165
-1.8732988834381104 0.2846064567565918 -1.205398440361023
-2.3864386081695557 0.2846064567565918 -1.2053983211517334
0.9211300611495972 0.28460657596588135 1.7769219875335693
-2.3863754272460938 0.2845063805580139 1.802546501159668
-2.031932830810547 0.284606397151947 1.8724217414855957
0.9211300611495972 0.28460657596588135 1.1013814210891724
-0.10911467671394348 0.2846064269542694 2.141308307647705
-2.3863773345947266 0.2845063805580139 -0.37523555755615234
0.5664157867431641 0.2845063805580139 2.141207695007324
0.9210300445556641 0.28455638885498047 2.141308307647705
-2.3863773345947266 0.2845063805580139 1.4876594543457031
0.9211300611495972 0.2846065163612366 1.6777452230453491
0.7646085023880005 0.2846064567565918 2.141308307647705
-1.224198818206787 0.2846064567565918 -1.205398678779602
-1.9949620962142944 0.284606397151947 -0.14610669016838074
0.9211300611495972 0.2846066951751709 1.4685114622116089
0.9210309982299805 0.2845063805580139 1.574366569519043
-1.8829164505004883 0.284606397151947 1.1348788738250732
-2.12994122505188 0.284606397151947 0.7786718606948853
-1.3110142946243286 0.2846100330352783 2.141308307647705
0.9211299419403076 0.2846064567565918 -0.582129716873169
0.9210300445556641 0.2845063805580139 2.1412353515625
-2.3863754272460938 0.2845063805580139 0.9354953765869141
-1.7700612545013428 0.2846064567565918 -1.2053985595703125
-1.3481189012527466 0.284606397151947 -0.7611356377601624
0.9210309982299805 0.2845063805580139 1.8833370208740234
-0.015321629121899605 0.7130333185195923 2.1412081718444824
-0.375282347202301 0.28460636734962463 2.141308307647705
-0.00952756404876709 0.2846064567565918 -1.2053990364074707
-1.672177791595459 0.2846064567565918 -1.2053985595703125
-2.0341877937316895 0.284606397151947 -0.9224288463592529
-1.9103808403015137 0.5451416373252869 -1.2052985429763794
0.544603168964386 0.284606397151947 0.5190881490707397
-1.456324577331543 0.2845063805580139 2.141207695007324
-1.9566984176635742 0.2845063805580139 -1.2052984237670898
-0.6662700176239014 0.2846062183380127 2.141308307647705
-2.3863749504089355 0.6737805604934692 2.141308307647705
-2.3863754272460938 0.2845063805580139 1.3047542572021484
-0.7740908861160278 0.2846062183380127 2.141308307647705
0.9211300015449524 0.28460633754730225 0.6546976566314697
-2.386474370956421 0.2846064567565918 1.9217355251312256
-2.074183464050293 0.284606397151947 1.1242984533309937
0.9211300015449524 0.2846064567565918 0.039894819259643555
-2.363779067993164 0.2845063805580139 -1.2052984237670898
-2.3863744735717773 0.5138735175132751 1.2563852071762085
-0.6954803466796875 0.28460657596588135 -1.2053987979888916
-0.8826825618743896 0.2846040725708008 2.141308307647705
-2.3863744735717773 0.2845063805580139 1.1821575164794922
-0.980002224445343 0.284606397151947 1.7328987121582031
-2.386474609375 0.7927643656730652 -1.2052981853485107
0.9210300445556641 0.2845063805580139 0.13069960474967957
-2.1521458625793457 0.284606397151947 0.4595009982585907
-1.6875889301300049 0.28460633754730225 2.141308307647705
-2.3863754272460938 0.2845063805580139 -1.0117435455322266
-2.1539154052734375 0.2845063805580139 -1.2052984237670898
-2.386474370956421 0.2846064567565918 1.0652565956115723
0.9210299849510193 0.5334176421165466 -0.5560562610626221
-0.6291669011116028 0.284606397151947 1.8739343881607056
-1.2963210344314575 0.284606397151947 1.8906811475753784
-1.8041805028915405 0.284606397151947 -0.9364474415779114
-2.386474609375 0.2846065163612366 -0.9481852650642395
-2.1885244846343994 0.284606397151947 -0.25891029834747314
-1.7871066331863403 0.284606397151947 1.8597773313522339
-0.8951771259307861 0.2845063805580139 -1.205295443534851
-2.0329513549804688 0.2845063805580139 -1.2052993774414062
0.03355813026428223 0.5944172739982605 -1.2052991390228271
0.40636157989501953 0.2845063805580139 2.1412086486816406
0.9211299419403076 0.7615368366241455 -1.2052998542785645
-1.5730918645858765 0.2846078872680664 2.141308307647705
-2.386474609375 0.9020965695381165 -1.2053120136260986
-2.056396007537842 0.2846078872680664 2.141308307647705
-0.3520703911781311 0.2845063805580139 -1.2052998542785645
0.9210300445556641 0.2845063805580139 1.2090692520141602
0.5928410887718201 0.284606397151947 -0.11556444317102432
0.9211299419403076 0.5288844108581543 -1.2052996158599854
-2.01993727684021 0.284606397151947 0.6208220720291138
0.9211300015449524 0.2846062183380127 -0.2559664249420166
0.27386295795440674 0.2845063805580139 -1.205297589302063
-0.8107390403747559 0.2845063805580139 -1.2052972316741943
-0.0036611557006835938 0.2845063805580139 2.141206741333008
-0.2674275040626526 0.2845063805580139 -1.205297827720642
0.8266104459762573 0.2846066355705261 -1.2053992748260498
0.5688625574111938 0.284606397151947 -0.9071983695030212
-0.8579848408699036 0.284606397151947 1.9273707866668701
0.9211300015449524 0.2846064567565918 0.24879693984985352
-1.0857588052749634 0.2846078872680664 2.141308307647705
0.2896757125854492 0.2846064567565918 2.141308307647705
0.4600910544395447 0.284606397151947 1.235021948814392
0.10837399959564209 0.2845063805580139 -1.2052977085113525
-2.386474370956421 0.8922092318534851 2.141207695007324
-1.6628444194793701 0.4443185329437256 -1.2052985429763794
0.9210289716720581 0.2845063805580139 0.5526449680328369
-0.2796047329902649 0.284606397151947 1.7402443885803223
-1.8708620071411133 0.2845063805580139 2.141206741333008
-0.6250176429748535 0.2846064567565918 -1.2053989171981812
0.5457673072814941 0.2845063805580139 -1.2052993774414062
0.36432456970214844 0.284606397151947 1.875062108039856
-0.5806179046630859 0.2845063805580139 2.141207695007324
-0.48746615648269653 0.28460636734962463 2.141308307647705
0.46953439712524414 0.2846064567565918 -1.2053991556167603
-0.17330622673034668 0.284606397151947 0.9746761322021484
0.7131940722465515 0.284606397151947 -0.2710733115673065
0.18856000900268555 0.2846064567565918 -1.2053991556167603
0.07687647640705109 0.284606397151947 -0.011056201532483101
-0.12829214334487915 0.284606397151947 1.8687496185302734
0.9211300015449524 0.2846064567565918 -0.059793949127197266
0.9211300611495972 0.28460657596588135 0.7818913459777832
0.13065986335277557 0.284606397151947 -0.8974083065986633
0.9211300015449524 0.2846064567565918 -0.478729248046875
-1.862971544265747 0.284606397151947 0.26635247468948364
-2.386474609375 0.2846064567565918 0.4000577926635742
0.9210312366485596 0.2845063805580139 -0.36844751238822937
0.2704419493675232 0.284606397151947 -0.5761885046958923
0.6304886341094971 0.284606397151947 1.4502594470977783
-0.25116559863090515 0.284606397151947 -0.6975460648536682
-1.5271793603897095 0.284606397151947 -0.7352873682975769
-0.7980964779853821 0.284606397151947 -0.8887116312980652
0.185967355966568 0.284606397151947 1.7037172317504883
-0.03266080468893051 0.284606397151947 1.6933680772781372
0.6473749279975891 0.284606397151947 -0.7207943797111511
0.9211300015449524 0.28460657596588135 0.4297819137573242
-0.263266921043396 0.284606397151947 -0.9142801761627197
-0.07709220051765442 0.284606397151947 -0.6682308912277222
0.6248247027397156 0.284606397151947 -0.5215835571289062
-1.39342200756073 0.284606397151947 -0.5782874226570129
-2.069661855697632 0.284606397151947 0.25187328457832336
-1.9232021570205688 0.284606397151947 0.7944498658180237
-0.8784212470054626 0.5519131422042847 2.1412081718444824
-2.058929443359375 0.284606397151947 1.5127507448196411
0.638145923614502 0.284606397151947 1.6955829858779907
-2.3863754272460938 0.2845063805580139 -0.5694971084594727
-2.0935099124908447 0.284606397151947 -0.5547388792037964
0.9210300445556641 0.2845063805580139 1.2848272323608398
0.06563079357147217 0.284606397151947 -0.5140730738639832
-1.8913687467575073 0.284606397151947 1.5529390573501587
-2.386453151702881 0.2846081256866455 2.141308307647705
-1.8128260374069214 0.284606397151947 0.9443773627281189
0.4884263277053833 0.2846064567565918 2.141308307647705
0.9210301637649536 0.8274936676025391 2.141308307647705
-2.3863744735717773 0.7438132762908936 1.9007500410079956
-2.386474370956421 0.28460657596588135 0.8477351665496826
-0.848517119884491 0.284606397151947 -0.47409647703170776
-0.2724301218986511 0.2846064567565918 2.141308307647705
-1.9013081789016724 0.284606397151947 -0.7569617033004761
-2.3863747119903564 0.43906521797180176 -1.2053983211517334
-1.710766315460205 0.284606397151947 1.6931488513946533
-2.3863744735717773 0.5516541600227356 -0.3610851466655731
-2.3863744735717773 0.6194910407066345 -0.8988417387008667
-1.5347601175308228 0.284606397151947 1.3055775165557861
-1.4725133180618286 0.284606397151947 1.1169062852859497
-2.3863744735717773 1.1408318281173706 -1.2053983211517334
-2.386474609375 0.28460633754730225 0.19391381740570068
-0.6444664597511292 0.5991453528404236 -1.205298900604248
-2.010007858276367 0.284606397151947 -0.3686034083366394
-1.8505734205245972 0.284606397151947 -0.26210635900497437
-2.3863744735717773 0.6247029304504395 1.0899364948272705
-1.9418717622756958 0.284606397151947 0.07691769301891327
-1.9145643711090088 0.284606397151947 -0.5496573448181152
-0.7921056747436523 0.284606397151947 1.730033040046692
0.468294233083725 0.284606397151947 -0.7119231820106506
-1.5914298295974731 0.284606397151947 -0.5476076602935791
0.9210299253463745 0.6456250548362732 -1.2053993940353394
-1.7230757474899292 0.284606397151947 1.2513866424560547
-1.9646297693252563 0.284606397151947 0.43233373761177063
0.5713428854942322 0.5375193357467651 -1.2052992582321167
0.1381145864725113 0.284606397151947 -0.249790221452713
0.2043285369873047 0.2845063805580139 2.141207695007324
0.9211300611495972 0.2846064567565918 0.9901120662689209
0.3088201582431793 0.284606397151947 0.4822562634944916
-2.386474609375 1.0172656774520874 -1.2053121328353882
-1.163765788078308 0.2845063805580139 -1.2052974700927734
-0.986847996711731 0.2846062183380127 2.141308307647705
-0.958394467830658 0.284606397151947 -0.743371307849884
-1.3245619535446167 0.284606397151947 1.654118299484253
-2.3753628730773926 0.2968406081199646 -0.07004944980144501
0.9210295677185059 0.3864935040473938 -1.2053993940353394
-1.8695523738861084 0.7008076310157776 2.1412081718444824
-1.166242003440857 0.284606397151947 1.3135675191879272
-2.3863744735717773 0.5593352317810059 2.141308307647705
-1.7422679662704468 0.284606397151947 -0.3804715573787689
0.9210300445556641 0.4792298674583435 2.141308307647705
-1.4829435348510742 0.284606397151947 1.7259254455566406
0.06224806234240532 0.284606397151947 0.4539411664009094
-1.1713021993637085 0.284606397151947 0.8996796011924744
-2.3863744735717773 0.8282027244567871 -0.9274724721908569
-1.0476841926574707 0.284606397151947 1.5354392528533936
-2.3863747119903564 0.6896085739135742 -1.2053983211517334
-2.386474370956421 0.44297122955322266 2.1412081718444824
-2.386375665664673 1.119969367980957 2.141308307647705
-2.3863754272460938 0.7841461896896362 2.141308307647705
-0.4862343668937683 0.6376963257789612 2.1412081718444824
-0.18743111193180084 0.5464449524879456 -1.2052990198135376
0.9210300445556641 0.5119892954826355 0.9921981692314148
-2.3863744735717773 0.2845063805580139 0.6186466217041016
0.9210297465324402 0.6074775457382202 2.141308307647705
0.665553867816925 0.7548329830169678 -1.2052992582321167
-0.18878652155399323 0.2846064567565918 2.141308307647705
0.9210300445556641 0.5143595933914185 1.7655385732650757
0.9210295677185059 0.2845063805580139 0.3443940579891205
-2.3863744735717773 0.6507399082183838 0.005866355262696743
-0.9402511119842529 0.284606397151947 0.07162710279226303
-1.982513189315796 0.7576954364776611 -1.2052985429763794
-2.3863744735717773 0.5174841284751892 -0.6423825025558472
-1.215424656867981 0.284606397151947 1.5097464323043823
-1.3784555196762085 0.284606397151947 -0.4008956551551819
-2.3863754272460938 0.2845063805580139 1.3946189880371094
-0.03795114532113075 0.284606397151947 -0.35377249121665955
0.5050500631332397 0.284606397151947 -0.30838653445243835
0.08666122704744339 0.284606397151947 1.8714863061904907
-0.5022369623184204 0.284606397151947 -0.6381946206092834
-1.8142287731170654 0.284606397151947 -0.07452350854873657
0.9210301637649536 0.9286007881164551 2.141308307647705
-0.8818440437316895 0.5382646918296814 -1.2052987813949585
0.9210300445556641 0.5075528025627136 0.7374897599220276
-1.6847764253616333 0.284606397151947 1.0646905899047852
-1.991734504699707 0.554215133190155 2.1412081718444824
-2.3863744735717773 0.5551946759223938 0.8781233429908752
-1.3828755617141724 0.2846062183380127 2.141308307647705
-2.3863744735717773 0.6211421489715576 -0.18727824091911316
-1.408859372138977 0.284606397151947 1.4679045677185059
-2.1304361820220947 0.6193307042121887 -1.2052984237670898
-0.6623046398162842 0.6395308971405029 2.1412081718444824
-0.675010085105896 0.284606397151947 1.5954761505126953
-0.3368746340274811 0.284606397151947 -0.13854919373989105
0.6132789850234985 0.5501881837844849 2.1412081718444824
0.9211299419403076 0.8761599063873291 -1.2052948474884033
0.9211299419403076 0.9820599555969238 -1.2052948474884033
0.9210299849510193 0.5290311574935913 -0.27740177512168884
0.9210300445556641 0.7176061272621155 1.871584415435791
-2.3863744735717773 0.5461302995681763 0.40510040521621704
0.9210299253463745 0.6198661923408508 -0.7537229657173157
0.9210300445556641 0.7032600045204163 1.659612774848938
0.9210299849510193 0.5173488855361938 0.17791303992271423
-1.253412127494812 0.284606397151947 -0.25604742765426636
0.4488506317138672 0.284606397151947 -0.03379903361201286
-2.3863744735717773 0.7161630392074585 1.7078990936279297
0.6239835023880005 0.284606397151947 1.2084386348724365
0.06891989707946777 0.284606397151947 1.5316643714904785
0.37877166271209717 0.5865393877029419 2.1412081718444824
0.9210299253463745 0.7584442496299744 -0.9613054394721985
-2.0895845890045166 0.7541618347167969 2.1412081718444824
-1.1767343282699585 0.44845956563949585 2.1412081718444824
0.9211301207542419 0.7246061563491821 2.1412081718444824
-0.11423899233341217 0.284606397151947 2.6924426555633545
-1.7779821157455444 0.284606397151947 0.4303748905658722
0.6535218358039856 0.284606397151947 2.058929204940796
0.9210300445556641 0.5569746494293213 1.2148469686508179
0.9210299849510193 0.6682789325714111 0.31521525979042053
0.9210300445556641 0.8888882398605347 1.82209312915802
-1.994825005531311 0.8887717723846436 2.1412081718444824
-2.3863744735717773 0.5162814855575562 1.5487397909164429
-1.3474938869476318 0.284606397151947 1.2616832256317139
-0.8833751678466797 0.284606397151947 1.5404607057571411
-2.3863744735717773 0.7026215195655823 1.3503868579864502
-2.3863744735717773 0.7184619307518005 1.536718487739563
-2.3863744735717773 0.6926895380020142 -0.7112097144126892
-1.1180787086486816 0.284606397151947 1.9976608753204346
0.14986371994018555 0.6221097707748413 2.1412081718444824
-0.6561691164970398 0.284606397151947 -0.7500714659690857
-1.7338980436325073 0.284606397151947 1.4762394428253174
-2.3863744735717773 0.788906991481781 1.003456711769104
-1.7574143409729004 0.284606397151947 0.12413202226161957
-1.419079303741455 0.562490701675415 2.1412081718444824
-0.3798491358757019 0.284606397151947 1.897703766822815
-0.8538397550582886 0.7497397065162659 2.588916063308716
-1.449900507926941 0.284606397151947 0.27069351077079773
-1.15791654586792 0.284606397151947 -0.7768602967262268
-1.3236935138702393 0.9306398034095764 2.1412081718444824
-0.4496595859527588 0.5434269905090332 -1.2052990198135376
-1.2907588481903076 0.561561644077301 -1.205298662185669
-2.3863744735717773 0.9196837544441223 1.4132747650146484
-2.1248700618743896 0.8951429128646851 -1.2052984237670898
-2.3863744735717773 0.9368934631347656 1.8217735290527344
0.7068353891372681 0.284606397151947 0.6179721355438232
-0.13397890329360962 0.5933888554573059 2.1412081718444824
0.09814255684614182 0.284606397151947 -0.704558253288269
-0.010830162093043327 0.7498397827148438 2.5690696239471436
0.26388275623321533 0.5396785736083984 -1.2052991390228271
-2.3863744735717773 0.7104323506355286 0.567356526851654
0.9210299849510193 0.31447193026542664 -0.1485096663236618
0.36999890208244324 1.0615092515945435 2.1412081718444824
-2.0171196460723877 1.0218781232833862 0.1103711947798729
-1.4807519912719727 0.5912192463874817 -1.205298662185669
0.650417149066925 0.284606397151947 0.09737321734428406
-0.14662468433380127 0.2846064567565918 -1.2053990364074707
-0.6340566277503967 0.2850404381752014 2.692563533782959
0.9210299849510193 0.5120092630386353 0.46865740418434143
-2.0017528533935547 0.8697595596313477 1.753032922744751
-1.1956655979156494 0.284606397151947 0.2996382713317871
-2.063997745513916 0.9509327411651611 -0.250458300113678
-1.6131032705307007 0.7018011212348938 2.1412081718444824
0.46251681447029114 0.284606397151947 1.446142554283142
0.4651099145412445 0.8275522589683533 -1.2052992582321167
-2.185242176055908 1.3770195245742798 -1.1987227201461792
-1.6389213800430298 0.284606397151947 0.5828707814216614
-1.8274595737457275 0.284606397151947 0.6305961012840271
-1.6500606536865234 0.284606397151947 -0.11324894428253174
-0.9798781275749207 0.6994024515151978 2.1412081718444824
-1.691570520401001 0.284606397151947 0.8058401942253113
-1.7647675275802612 0.8476898670196533 2.1412081718444824
-2.3863744735717773 0.8174580931663513 -0.1093965545296669
0.4531959891319275 0.284606397151947 -0.5219826698303223
-1.5827455520629883 0.284606397151947 0.11746229231357574
-2.3863744735717773 1.0232102870941162 -0.8829928040504456
0.41392114758491516 0.6604763269424438 -1.2052992582321167
-1.7134981155395508 0.5455980896949768 2.1412081718444824
0.9210299849510193 0.6642993092536926 0.0631621778011322
0.9210299849510193 0.6385740637779236 -0.13769148290157318
-1.5634455680847168 0.284606397151947 1.557072401046753
-2.0223336219787598 0.284606397151947 0.9659835696220398
0.5085069537162781 0.284606397151947 1.6345690488815308
-2.3863744735717773 0.7284960150718689 0.7940812706947327
-0.8550007939338684 0.7497397065162659 2.499694585800171
-0.46473655104637146 0.28500130772590637 2.6925270557403564
-0.8530265092849731 0.284606397151947 1.2165535688400269
0.48484915494918823 0.284606397151947 0.35313883423805237
-2.041430950164795 0.7329134345054626 -0.606896698474884
-1.7895067930221558 0.683992326259613 -1.2052985429763794
-2.3863744735717773 0.7059075236320496 -0.5011256337165833
-1.2647243738174438 0.6753551959991455 2.1412081718444824
-2.3863744735717773 0.5503668189048767 0.17433084547519684
-1.3150198459625244 0.284606397151947 0.15048933029174805
-1.4270539283752441 0.8020068407058716 -1.205298662185669
-1.3374360799789429 0.284606397151947 0.4378022253513336
-0.3196312189102173 0.6228145360946655 2.1412081718444824
-2.3863744735717773 0.8250108957290649 1.2107484340667725
-1.491839051246643 0.284606397151947 0.7353823184967041
-2.042147636413574 0.9276506304740906 1.1038905382156372
0.3900935649871826 0.284606397151947 1.7394049167633057
0.607366681098938 0.95674729347229 -1.2052992582321167
-1.5070065259933472 0.284606397151947 0.9375786781311035
-1.3972666263580322 0.9252346754074097 1.8253459930419922
-0.5288650989532471 0.284606397151947 1.7287310361862183
-2.0351929664611816 0.8320115804672241 -0.8048953413963318
-2.386474609375 1.2639410495758057 -1.2053121328353882
-1.2730475664138794 0.284606397151947 3.8635096549987793
-0.2817901372909546 0.284606397151947 4.278173923492432
-1.1441609859466553 0.8228774666786194 2.1412081718444824
-2.0101184844970703 1.056016445159912 1.5375020503997803
-1.8315750360488892 0.7156975269317627 1.7856866121292114
-1.6111432313919067 0.284606397151947 0.3458101153373718
0.5717127323150635 0.7479122877120972 2.1412081718444824
-0.293956995010376 0.284604549407959 2.6924242973327637
0.9210300445556641 1.1395416259765625 2.141308307647705
0.3417399525642395 0.284606397151947 1.0353281497955322
-1.438450813293457 0.284606397151947 -0.1828288435935974
0.3280639946460724 0.7377519607543945 2.1412081718444824
-0.5710127949714661 0.284606397151947 -0.3354649245738983
0.6767074465751648 0.284606397151947 0.9624057412147522
0.9210300445556641 0.672254741191864 1.4250051975250244
-0.8669180274009705 0.6566054821014404 2.8561594486236572
-2.3863744735717773 0.9008886814117432 1.620519995689392
0.5532044172286987 0.9091846346855164 2.1412081718444824
-0.174066424369812 0.284606397151947 1.5897774696350098
-0.8681291341781616 0.284606397151947 4.245866298675537
-0.3099427819252014 0.7159242033958435 -1.2052990198135376
0.9210300445556641 1.0411641597747803 1.7330012321472168
0.9210300445556641 0.7069157361984253 0.7635631561279297
0.9211300611495972 1.0386021137237549 2.141209840774536
0.9210299849510193 0.8324787020683289 0.20598150789737701
-2.3863744735717773 0.8375126123428345 0.12063802033662796
-0.29796603322029114 0.284606397151947 1.4252326488494873
0.9210300445556641 0.7055093050003052 0.955024242401123
-0.060364581644535065 0.7539270520210266 -1.2052991390228271
-1.8645267486572266 0.9786620736122131 -0.8566822409629822
0.9210386276245117 1.081031322479248 -1.2053993940353394
-0.20813080668449402 0.284606397151947 3.380176544189453
0.9210299849510193 0.7153736352920532 -0.39303651452064514
-2.386474370956421 0.9963088035583496 2.141207695007324
0.9210299849510193 0.6923433542251587 0.5517638921737671
-2.3863744735717773 0.856113851070404 -0.7006844282150269
-2.0975582599639893 1.205885887145996 -1.2052984237670898
0.9210300445556641 0.9505178332328796 1.207582950592041
0.9210300445556641 1.2822374105453491 2.141308307647705
0.43697720766067505 0.8795968890190125 1.8736937046051025
-1.6271910667419434 0.76229327917099 -1.2052985429763794
-0.8019102215766907 0.7329062819480896 -1.205298900604248
-2.3863744735717773 0.7248603701591492 0.27755847573280334
0.40970438718795776 0.872961163520813 -0.9078889489173889
-0.21684060990810394 0.8763047456741333 -1.2052990198135376
-1.8620562553405762 0.8854115605354309 -1.2052985429763794
-2.3863744735717773 0.8274977803230286 0.42609903216362
-2.1054229736328125 1.2031216621398926 2.1412081718444824
-1.4642291069030762 0.284606397151947 0.5415052771568298
-1.878909945487976 0.6624529361724854 -0.8017526268959045
-1.8268710374832153 0.6258490085601807 -0.5436691045761108
0.2733435034751892 0.284606397151947 1.1915992498397827
-0.984066903591156 0.284606397151947 1.3231374025344849
0.9210300445556641 0.730363130569458 1.1736935377120972
0.4887864589691162 0.28624194860458374 3.522834539413452
-1.4413248300552368 0.284606397151947 -0.0010397779988124967
0.9210299253463745 0.7432795166969299 -0.5910195112228394
-2.3863744735717773 0.8039596080780029 -0.30412185192108154
-0.903831422328949 0.284606397151947 0.6467410922050476
-1.9210031032562256 1.068548560142517 -1.2052985429763794
-1.246309518814087 0.284606397151947 -0.06473824381828308
-2.3863744735717773 0.9926412105560303 1.1414752006530762
0.9210383892059326 1.1926602125167847 -1.2053993940353394
-1.2081531286239624 0.284606397151947 -0.5764653086662292
-1.087002158164978 0.6107124090194702 -1.2052987813949585
-2.3863744735717773 1.0047005414962769 -0.2891097366809845
-2.3863744735717773 1.0635991096496582 -0.6758885383605957
0.28997504711151123 0.284606397151947 -0.38950809836387634
-2.3863744735717773 0.9150596261024475 -0.4979511797428131
-0.8832103610038757 1.332693099975586 -1.0663830041885376
-0.5313593149185181 0.7806333303451538 -1.205298900604248
-1.003064513206482 0.31425991654396057 4.193110942840576
-2.0535316467285156 1.514937162399292 -0.8219510912895203
0.9210301041603088 1.4146572351455688 2.094855308532715
-1.6792851686477661 0.9576775431632996 -1.2052985429763794
-1.1339428424835205 0.284606397151947 0.47336545586586
0.9210300445556641 1.0371408462524414 1.5058408975601196
-2.3863744735717773 0.9896105527877808 -0.021593574434518814
0.2674379050731659 0.284606397151947 -0.05328776687383652
-0.3784081041812897 0.284606397151947 -0.5274478793144226
0.9210299253463745 0.810126006603241 -0.7703416347503662
-1.566715955734253 0.284606397151947 -0.30275943875312805
0.9210300445556641 0.8791888356208801 1.028491735458374
-1.0256412029266357 0.284606397151947 -0.5719109773635864
0.9210299253463745 1.2806981801986694 -0.9743250608444214
-0.07161978632211685 0.284606397151947 -0.8720738291740417
-2.3863744735717773 1.128475546836853 1.4256134033203125
-2.3863744735717773 1.2999770641326904 -0.8506917357444763
0.4238071143627167 0.33414798974990845 2.944101572036743
-1.1141408681869507 0.284606397151947 1.1358956098556519
0.38789504766464233 0.284606397151947 3.7207701206207275
-0.9854250550270081 0.7857381701469421 -1.2052987813949585
0.5394473075866699 1.085240125656128 -0.8001463413238525
0.9210300445556641 0.8486442565917969 1.5864444971084595
0.9210299849510193 0.8009732961654663 -0.07814996689558029
0.47692134976387024 1.3195304870605469 2.1390597820281982
0.30067726969718933 0.284606397151947 -0.7602372765541077
-0.7985455393791199 0.284606397151947 -0.6540812849998474
-1.2334131002426147 0.7676844000816345 -1.205298662185669
0.4751651883125305 1.1246109008789062 -1.2052992582321167
-2.034144401550293 1.0588107109069824 -0.6197815537452698
-0.8848743438720703 0.284606397151947 -0.10307476669549942
-1.1155856847763062 0.284606397151947 -0.3854578733444214
-1.6451133489608765 1.0315710306167603 -0.8133708834648132
0.11342718452215195 0.32028651237487793 3.3262572288513184
0.08203263580799103 0.284606397151947 4.106631755828857
-0.7469130158424377 0.284606397151947 -0.26511433720588684
-2.3863744735717773 1.2218132019042969 1.217186689376831
0.9210300445556641 0.9443913102149963 0.8531114459037781
-0.055265285074710846 0.284606397151947 0.5815733075141907
-0.37886402010917664 0.284606397151947 -0.3247981071472168
0.3011520206928253 0.8962585926055908 2.1412081718444824
-1.6998265981674194 1.3956915140151978 -1.2047629356384277
0.5001170635223389 0.34877756237983704 3.3759803771972656
-1.1892738342285156 0.8324530720710754 -0.8612531423568726
-2.3863744735717773 0.9356470704078674 0.8910288214683533
-2.375434160232544 1.317803978919983 2.1283175945281982
-1.9921187162399292 0.7852318286895752 1.3267406225204468
-2.0240893363952637 1.0194039344787598 0.6926050782203674
0.023826371878385544 1.110411524772644 -1.2052991390228271
-2.3863744735717773 1.2501493692398071 1.8048256635665894
-1.293982744216919 0.284606397151947 1.0556468963623047
-1.4591141939163208 0.9821727275848389 -1.205298662185669
-1.8212952613830566 0.6218691468238831 1.5807503461837769
-0.330422580242157 0.9406037926673889 -0.8902044892311096
0.21098917722702026 0.7540972232818604 -1.2052991390228271
-1.7389075756072998 0.8110114932060242 -0.7213956713676453
-1.9045567512512207 1.0898562669754028 2.1412081718444824
-0.7930647134780884 0.28460636734962463 2.6924242973327637
-2.3863744735717773 1.012658953666687 0.4838310778141022
0.6560941934585571 0.284606397151947 0.32091259956359863
0.9210299253463745 0.9665803909301758 -0.8483744859695435
-0.718707263469696 0.893729031085968 -1.205298900604248
-1.9551677703857422 0.6525302529335022 1.0924583673477173
-2.0418241024017334 0.7649385929107666 -0.07558026164770126
-1.5337947607040405 0.9029526114463806 2.1412081718444824
-1.7682337760925293 0.9506934881210327 1.8090174198150635
0.9210299849510193 1.071529507637024 0.4387742877006531
0.9210299253463745 1.3305703401565552 -1.1999320983886719
-2.0249972343444824 0.7099435329437256 0.20281854271888733
-2.3860762119293213 1.2311491966247559 2.130765438079834
0.043856993317604065 0.9012395143508911 -1.2052991390228271
-1.3056082725524902 1.3840234279632568 -1.1931294202804565
0.9210299849510193 1.0520156621932983 -0.3095223903656006
-1.6994473934173584 1.0715599060058594 2.1412081718444824
-1.3190017938613892 0.30047112703323364 3.707904100418091
0.27912959456443787 0.284606397151947 1.3918370008468628
-2.3863744735717773 1.1878817081451416 -0.1428244709968567
0.3398272395133972 0.6400001049041748 -0.7895169854164124
-1.5574579238891602 0.7923570871353149 1.718621850013733
-2.0126585960388184 0.7419284582138062 1.5780221223831177
-1.3376935720443726 0.284606397151947 0.850131630897522
-2.026946544647217 0.794521152973175 0.867353618144989
0.35175007581710815 0.284606397151947 -0.21586790680885315
0.2687808871269226 1.3301613330841064 2.1384384632110596
0.044909022748470306 1.1034574508666992 2.1412081718444824
-0.9064819812774658 0.284606397151947 2.8009912967681885
0.914607048034668 1.4468456506729126 -0.907890796661377
-1.8359074592590332 1.0025211572647095 -0.5939225554466248
-2.371612787246704 1.3530113697052002 -1.0880515575408936
-1.1920663118362427 0.3304089903831482 3.999835252761841
-1.9615424871444702 0.7951450347900391 -0.39938345551490784
-2.3863744735717773 0.885908305644989 0.6854417324066162
0.7758878469467163 1.3918468952178955 -1.2052993774414062
-0.21077267825603485 1.0567359924316406 -1.2052990198135376
-1.507873773574829 1.2236473560333252 -1.205298662185669
-1.1961702108383179 0.9421905875205994 -1.2052987813949585
0.9210299849510193 0.919114351272583 -0.5464745759963989
-1.503192663192749 0.7470940947532654 -0.8478934168815613
-2.0028817653656006 1.3557173013687134 2.122896671295166
-2.0355751514434814 0.916634738445282 0.4034837484359741
-2.3863744735717773 1.1179622411727905 1.6372478008270264
-0.9775300025939941 0.9505457878112793 -1.2052987813949585
0.29885333776474 0.9279120564460754 -1.2052992582321167
0.6754058599472046 1.4636088609695435 1.9631282091140747
-1.1578874588012695 0.284606397151947 1.7297428846359253
-0.442006915807724 0.9441864490509033 -1.2052990198135376
0.4330112636089325 0.284606397151947 0.8447451591491699
0.9210299253463745 1.0928531885147095 -0.7050369381904602
-2.3863744735717773 1.2166340351104736 -0.5475236773490906
-0.8024221062660217 0.284606397151947 0.35010021924972534
-1.4684096574783325 1.1592583656311035 2.1412081718444824
-2.3863744735717773 1.1155089139938354 0.680900514125824
-2.3863744735717773 0.9822645783424377 0.2591242492198944
-1.948824167251587 1.3714327812194824 -1.1928027868270874
-1.7486317157745361 1.1850948333740234 -1.2052985429763794
-2.3728389739990234 1.3842980861663818 -0.6589117646217346
0.4780403971672058 0.284606397151947 0.15010544657707214
-1.2673273086547852 1.1138185262680054 -1.205298662185669
0.5579743385314941 0.7696442604064941 -0.7609718441963196
-0.11201803386211395 0.30450814962387085 4.229034423828125
0.5194904208183289 0.284606397151947 1.0246480703353882
-0.19563011825084686 0.284606397151947 -0.2389850914478302
-0.8684391379356384 1.0963736772537231 -1.2052987813949585
0.5945168137550354 0.284606397151947 0.771823525428772
-1.1239286661148071 0.284606397151947 0.09204358607530594
-0.27113133668899536 0.284606397151947 1.2186750173568726
-0.3968551456928253 0.284606397151947 1.5946067571640015
0.04205569252371788 1.3726317882537842 -1.2052991390228271
-1.254574179649353 0.30611681938171387 3.303506374359131
-1.848983645439148 1.4063831567764282 -0.7836211919784546
-1.316756010055542 0.7004735469818115 1.760852336883545
-0.10739289969205856 0.284606397151947 1.2101725339889526
-0.817972719669342 0.284606397151947 0.9998472332954407
-2.3851373195648193 1.3695851564407349 1.595037579536438
-0.6292776465415955 1.0574512481689453 -1.205298900604248
0.6449204683303833 1.21109139919281 2.1412081718444824
-1.6967464685440063 1.2977763414382935 2.1224780082702637
0.5134326815605164 0.2896805703639984 3.2186965942382812
-0.724728524684906 0.31266355514526367 4.273627758026123
-2.0063345432281494 0.728442370891571 0.5848672986030579
-2.277959108352661 1.477773666381836 -0.8540088534355164
-2.3707315921783447 1.4102842807769775 -0.2969091236591339
-1.8209291696548462 0.894689679145813 1.5141973495483398
-2.1505520343780518 1.5072096586227417 -0.5641357898712158
0.2502371668815613 1.1218081712722778 -1.2052991390228271
0.9210299849510193 1.105380654335022 0.2228795886039734
-1.0382922887802124 1.0109859704971313 2.1412081718444824
-1.9151012897491455 0.6489527225494385 -0.21290116012096405
0.9210300445556641 1.137028455734253 1.1177232265472412
0.9210300445556641 1.2752649784088135 1.4885016679763794
0.553814172744751 1.363337516784668 -1.202658772468567
-2.3863744735717773 1.3088281154632568 0.7727776765823364
-2.1142172813415527 1.4735212326049805 1.9829944372177124
-1.3853552341461182 0.9464623332023621 -0.8481719493865967
0.5995538234710693 0.8704767823219299 -0.5848137140274048
0.9210300445556641 1.3538966178894043 1.7207733392715454
0.19537439942359924 0.3197895288467407 3.9977898597717285
0.048007234930992126 0.9056836366653442 2.1037850379943848
0.40030938386917114 1.387838363647461 -0.9185559153556824
-0.9935473203659058 0.31177204847335815 3.3539891242980957
-0.423075795173645 1.1898137331008911 -1.2052990198135376
0.9210300445556641 1.1069501638412476 0.6807937622070312
-0.5884515643119812 0.31319481134414673 4.3032989501953125
-1.315037727355957 0.309445321559906 3.4416372776031494
0.0709964781999588 0.8598226308822632 -0.8894131183624268
0.9210299849510193 1.1155564785003662 -0.11043920367956161
-2.3863744735717773 1.1804786920547485 0.16127635538578033
0.2835608124732971 0.3284419775009155 3.85367751121521
-1.8738049268722534 1.1031479835510254 1.1535205841064453
-0.7983697652816772 0.7565157413482666 -0.8368383049964905
-2.3863744735717773 1.1447919607162476 0.9692468047142029
-2.3806021213531494 1.292067289352417 -0.3879310190677643
-1.1967413425445557 1.1845388412475586 2.1412081718444824
-1.8631535768508911 1.2732588052749634 1.7361044883728027
-1.9739887714385986 1.2776925563812256 0.9778435826301575
-0.5214672684669495 0.284606397151947 1.477843165397644
-2.3863744735717773 1.3834121227264404 1.3869208097457886
-1.0966366529464722 0.33078038692474365 4.0954999923706055
0.9210300445556641 1.199575662612915 0.9207198619842529
-1.0698444843292236 0.284606397151947 -0.14588876068592072
-0.5869005918502808 0.284606397151947 0.30060625076293945
-1.1590548753738403 0.293875128030777 2.972665786743164
0.1709911972284317 0.284606397151947 0.9387637972831726
-0.7081571817398071 0.284606397151947 -0.03783112019300461
-1.3621180057525635 1.3159637451171875 2.1194891929626465
0.9210300445556641 1.3213881254196167 1.8627607822418213
-0.43442073464393616 0.3215785026550293 4.334869384765625
0.061972517520189285 0.284606397151947 1.1269580125808716
0.909324586391449 1.3705668449401855 -0.7028356790542603
0.3505755364894867 0.4382195770740509 2.710200548171997
-0.6527599096298218 0.284606397151947 -0.5087621808052063
0.9210299849510193 1.1920868158340454 -0.5165644884109497
-2.3791427612304688 1.3847166299819946 1.111648440361023
-0.08735403418540955 0.30647775530815125 4.079339504241943
-1.2843568325042725 0.37727710604667664 3.1190760135650635
-0.12476621568202972 1.5977813005447388 -1.0858746767044067
-1.8242042064666748 1.4487063884735107 2.0777556896209717
-2.3863744735717773 1.2551242113113403 0.41776224970817566
-1.0605446100234985 0.3013913929462433 3.516519069671631
0.18059907853603363 0.284606397151947 0.6282421946525574
-0.7636499404907227 0.30766594409942627 4.0111002922058105
-1.7676446437835693 0.6353092789649963 1.2533187866210938
-0.361177533864975 0.3363414406776428 4.150872230529785
0.9210300445556641 0.8401395678520203 1.3730130195617676
-1.078181266784668 0.6502976417541504 -0.748314380645752
0.3024674654006958 0.30300799012184143 3.090712070465088
-0.769015371799469 0.284606397151947 0.15967613458633423
0.7200124263763428 1.5359714031219482 -1.1095951795578003
-1.5606763362884521 0.6565091609954834 -0.6180837154388428
0.04804738610982895 0.30822888016700745 2.6926639080047607
-0.5650661587715149 0.284606397151947 -0.14085914194583893
-1.0003423690795898 0.284606397151947 0.8220356702804565
-1.5766427516937256 1.4571737051010132 2.0917012691497803
-1.9000922441482544 1.5015225410461426 -1.0948269367218018
-0.7550831437110901 0.284606397151947 1.4307382106781006
-0.5188440084457397 0.33051615953445435 3.966142177581787
-2.3799760341644287 1.3436963558197021 0.004578963853418827
0.9117999076843262 1.2582732439041138 0.5430184602737427
-1.0942507982254028 1.282163381576538 -1.2052987813949585
0.42580023407936096 0.31993961334228516 3.140744209289551
-0.31021496653556824 0.284606397151947 0.8468577265739441
-1.5009074211120605 1.4785022735595703 -1.1410526037216187
0.9210299849510193 0.8575785756111145 -0.2744268476963043
0.874029278755188 1.4014921188354492 1.5620251893997192
-2.1153383255004883 1.515260100364685 -0.3203318417072296
-0.9354533553123474 1.179883599281311 2.137397289276123
-1.9329761266708374 1.2750447988510132 0.02626773901283741
-2.03216552734375 1.5079102516174316 -0.11709877848625183
0.3436674177646637 1.3502660989761353 -1.1974533796310425
0.41093355417251587 0.284606397151947 0.6486070156097412
-0.9933319091796875 0.284606397151947 1.0247236490249634
-2.23410701751709 1.5133016109466553 1.098335862159729
0.31183573603630066 0.284606397151947 0.30844447016716003
0.9210299849510193 1.3153958320617676 -0.33967721462249756
0.34067729115486145 0.6971091032028198 1.7692115306854248
0.390846312046051 0.33574727177619934 3.5998036861419678
-0.09124136716127396 0.284606397151947 1.4187337160110474
-2.3851232528686523 1.4023525714874268 1.904417634010315
-1.9043703079223633 1.4976584911346436 1.725132942199707
-1.8559035062789917 1.2517690658569336 1.4148120880126953
-1.328334093093872 0.6462724804878235 -0.6842198967933655
-0.1524769514799118 1.3093035221099854 -1.2052990198135376
-2.0875964164733887 1.5322915315628052 1.257406234741211
-1.0872843265533447 0.32854577898979187 3.7937276363372803
-2.216386318206787 1.4755922555923462 1.6609755754470825
0.9210299849510193 0.8593546748161316 0.42800891399383545
0.9210300445556641 1.2624521255493164 1.3140181303024292
-2.159884452819824 1.4852272272109985 0.5238438248634338
-0.9168040156364441 0.444657564163208 3.8233652114868164
-0.39302918314933777 0.6773000955581665 -0.8403845429420471
-0.5204114317893982 0.284606397151947 1.0482091903686523
0.481049507856369 1.328010082244873 1.6312044858932495
0.7636248469352722 1.453194260597229 2.2775464057922363
0.5813400745391846 0.8416339755058289 1.6631909608840942
-0.17902398109436035 0.284606397151947 0.4174823462963104
0.28435274958610535 0.284606397151947 0.12875951826572418
0.6517099738121033 1.4222861528396606 1.33920419216156
0.6905511617660522 1.545163869857788 -0.772159993648529
-0.6575462222099304 0.3578309714794159 3.8136229515075684
-0.30096569657325745 0.39174017310142517 3.8982536792755127
-1.325617790222168 0.3331674039363861 3.5697696208953857
-0.1142318919301033 0.47066807746887207 3.6452579498291016
-0.9461778998374939 0.284606397151947 -0.2954970896244049
-0.0045461528934538364 0.7804943323135376 2.7332406044006348
-1.283573031425476 0.284606397151947 0.654992938041687
0.8491985201835632 1.2727423906326294 0.313432902097702
0.5669189691543579 1.4643492698669434 1.7081668376922607
0.005339601542800665 0.2915525734424591 3.877937078475952
-0.18435993790626526 0.284606397151947 -0.494796484708786
-0.6000887155532837 1.319474220275879 -1.2036385536193848
0.9210300445556641 0.8764275312423706 0.6639845371246338
0.12148909270763397 1.36703360080719 2.069856643676758
-1.8459779024124146 0.6366590261459351 0.0668538436293602
-0.02921701967716217 0.284606397151947 -0.15101797878742218
0.265611469745636 0.2925853729248047 2.6927268505096436
0.0703769251704216 0.284606397151947 1.3043725490570068
0.06651977449655533 0.4805305302143097 3.3605592250823975
-0.34516897797584534 0.3419226109981537 3.7485928535461426
-0.9981326460838318 0.284606397151947 0.27195924520492554
-0.01747157610952854 0.284606397151947 0.7662943601608276
-0.829193115234375 0.6129642724990845 3.0702576637268066
0.35746708512306213 1.5892179012298584 -0.5977714657783508
-0.8758493065834045 1.430603265762329 -1.1974509954452515
-1.650841474533081 1.0690275430679321 1.6070563793182373
0.26878196001052856 0.9274436235427856 -0.7438433766365051
0.38703104853630066 1.0935341119766235 1.708863377571106
0.06810002774000168 0.28677883744239807 3.6907639503479004
-1.5755397081375122 0.657736599445343 1.5356996059417725
-0.5637294054031372 0.284606397151947 0.11992738395929337
-0.5977969169616699 0.8643961548805237 -0.8663939237594604
-1.7258999347686768 0.6948012113571167 -0.20682673156261444
-1.1435973644256592 1.5428998470306396 -1.2729238271713257
-0.3222357928752899 0.4007381498813629 3.226959705352783
-1.911381483078003 1.419865608215332 -0.5554594993591309
-0.6276955604553223 0.284606397151947 1.2955396175384521
-0.059862229973077774 0.6463682055473328 -0.8026071190834045
-1.0023385286331177 0.8742600679397583 1.9609019756317139
0.5583858489990234 1.1798691749572754 -0.5299328565597534
-1.9543275833129883 1.2224576473236084 0.42898163199424744
-1.8215488195419312 0.9360314607620239 0.7749234437942505
0.09651769697666168 1.6095503568649292 -1.052013874053955
0.4619251489639282 1.592123031616211 -0.9644654393196106
-0.2460297793149948 1.4045597314834595 1.7652177810668945
-1.210140347480774 1.2899445295333862 -0.13165852427482605
-1.5523693561553955 1.5359305143356323 -0.875674843788147
-0.49310049414634705 1.1078555583953857 2.495482921600342
-1.733180284500122 1.5758183002471924 -0.8581090569496155
-0.33429327607154846 1.3145803213119507 -0.7557399272918701
-1.6092581748962402 1.1911998987197876 -0.6119637489318848
0.09541599452495575 1.4540550708770752 1.492085337638855
-0.7467402219772339 1.3594509363174438 1.4547374248504639
-0.09555305540561676 0.9405495524406433 -0.7678482532501221
-2.355550527572632 1.4805853366851807 -0.03706521913409233
-0.3283300995826721 1.414238691329956 -1.1681653261184692
-1.815687894821167 1.5422487258911133 -0.41420283913612366
-1.4289087057113647 1.5925102233886719 -0.7557931542396545
0.9171621203422546 0.9641799926757812 0.041429318487644196
-0.04617980867624283 1.6126368045806885 -0.6481736302375793
-1.3404422998428345 1.5326550006866455 -0.9825244545936584
0.9194178581237793 1.3446135520935059 0.8469519019126892
0.8970811367034912 1.3089969158172607 -0.1727645844221115
-1.5605223178863525 1.569734811782837 -0.481369286775589
0.4311854839324951 1.4538795948028564 1.090011477470398
-1.6105517148971558 1.5448498725891113 0.07449628412723541
-1.879995584487915 1.1711505651474 -0.30522435903549194
0.9210299849510193 1.2250359058380127 0.03999711200594902
-1.805461049079895 0.8151917457580566 0.998229444026947
0.4041544795036316 0.6203111410140991 -0.5946550965309143
0.9061625003814697 1.3579729795455933 1.1590008735656738
-0.3605080246925354 0.2925315201282501 3.5685513019561768
-0.8350653052330017 0.33609214425086975 3.2589833736419678
-1.0059177875518799 0.9524451494216919 -0.8164047598838806
-1.62825608253479 1.512485146522522 0.7545077204704285
-0.9909616708755493 1.4148428440093994 1.6420295238494873
-1.2866510152816772 1.4225125312805176 1.314103603363037
-1.4180806875228882 1.463070273399353 1.8560445308685303
0.9101642370223999 1.434316635131836 -0.5239850878715515
-0.5498247742652893 0.8346714973449707 2.9650983810424805
-1.5108275413513184 1.4812984466552734 0.5489327907562256
-0.3489566445350647 0.284606397151947 1.0340567827224731
-1.1101276874542236 0.284606397151947 0.654257595539093
-0.022595448419451714 0.7055749893188477 2.906956195831299
-1.5545824766159058 1.4931211471557617 1.336585283279419
-1.1323227882385254 1.1708111763000488 1.0552395582199097
-1.376477599143982 1.4029091596603394 1.0437930822372437
-1.4421443939208984 1.5457491874694824 -0.19217808544635773
-2.3326034545898438 1.4245716333389282 0.8657194375991821
0.45186859369277954 0.6298205256462097 1.5739398002624512
-1.6436549425125122 1.504759430885315 1.6667832136154175
-2.0367722511291504 1.496132254600525 1.489791989326477
-0.7300311923027039 0.8390156626701355 2.194855213165283
-0.16744688153266907 0.284606397151947 0.006938321981579065
-1.28425133228302 1.3813371658325195 0.7852753400802612
-1.873766541481018 0.8116530776023865 0.36832019686698914
-0.7365380525588989 1.1333569288253784 0.005875886417925358
-1.9943710565567017 1.538882851600647 0.32546451687812805
-1.4227293729782104 0.9073718786239624 -0.5734245777130127
-1.3400979042053223 1.4588080644607544 0.2956364154815674
-0.8211957216262817 1.3052003383636475 2.1198205947875977
-0.14019830524921417 0.4306810200214386 3.065452814102173
-1.9307847023010254 1.5497932434082031 0.8950446248054504
-1.3524543046951294 1.1558964252471924 1.641933560371399
-1.2391053438186646 1.5371692180633545 -0.002662044018507004
-1.7915862798690796 1.5422310829162598 -0.1573750376701355
-0.2827304005622864 0.284606397151947 0.6758359670639038
-0.6280943155288696 0.36290934681892395 3.6296627521514893
0.5797434449195862 0.9062479138374329 -0.24892984330654144
-0.6098923683166504 0.284606397151947 0.8838319182395935
-1.6778737306594849 0.9320799112319946 -0.3889272212982178
-1.775714635848999 0.9120100140571594 1.2562499046325684
-1.0809293985366821 0.33056437969207764 3.0037894248962402
-0.7013257741928101 1.5572782754898071 -1.3777822256088257
-0.8508745431900024 0.645480751991272 -0.6770411133766174
-1.8666353225708008 0.9678411483764648 -0.11458666622638702
-0.49689817428588867 0.284606397151947 0.6039008498191833
-0.04788222908973694 1.2578134536743164 2.217672109603882
-1.541955828666687 1.339695930480957 1.579006314277649
-1.1485637426376343 0.8777385950088501 1.7447932958602905
-0.7872811555862427 0.284606397151947 0.8095982074737549
0.2460048347711563 1.478596568107605 -1.134660243988037
-0.2198663204908371 1.245966911315918 1.7097276449203491
-1.8133212327957153 0.6268901228904724 0.5255858302116394
0.3549017012119293 0.9718186855316162 0.5909309387207031
0.09628710895776749 0.3653090298175812 3.5228893756866455
-0.8724543452262878 0.3348815441131592 3.6215903759002686
0.16645939648151398 1.5988030433654785 -0.762463390827179
-0.37371909618377686 1.537990689277649 -1.2529120445251465
-1.1765848398208618 1.2364603281021118 -0.788169264793396
-0.2082473635673523 0.7559768557548523 2.997701406478882
0.5954486727714539 1.3571486473083496 -0.035122960805892944
-1.1677414178848267 1.3630130290985107 1.7835460901260376
-1.8374789953231812 1.5205492973327637 1.2462166547775269
-0.30930477380752563 0.32174986600875854 2.915642738342285
0.32701337337493896 1.1678247451782227 -0.6428700685501099
-1.8026622533798218 0.9197965860366821 0.1499110907316208
-0.4127354919910431 1.4216886758804321 1.500860571861267
-1.1301223039627075 1.4074870347976685 2.0654497146606445
0.6292443871498108 1.4913688898086548 -0.42615917325019836
0.3204733431339264 1.455662488937378 2.0063815116882324
-1.0122041702270508 0.4173043370246887 3.0557098388671875
0.5622811317443848 1.0028607845306396 1.3885101079940796
0.04512437433004379 0.481386661529541 3.1797733306884766
-1.5687134265899658 1.3228106498718262 -0.37062275409698486
-0.6646942496299744 0.35500237345695496 3.511793375015259
0.35368987917900085 1.482410192489624 1.4206069707870483
-0.6008837223052979 0.6494597792625427 3.1295900344848633
0.12420099228620529 1.3016990423202515 -0.7845629453659058
-1.4510862827301025 0.6479573249816895 -0.36063528060913086
-0.5880831480026245 1.3811954259872437 1.8883140087127686
-1.8416473865509033 1.2326335906982422 0.670133113861084
-0.2719848155975342 0.7773064374923706 -0.6745139956474304
-1.6094245910644531 1.2656244039535522 1.194129467010498
-1.8040035963058472 1.54164719581604 0.18588176369667053
-0.05018887668848038 1.4218437671661377 1.7532613277435303
-0.43252983689308167 1.269128441810608 2.0399036407470703
-0.5476913452148438 0.5811052918434143 3.3237524032592773
0.5541607737541199 0.7358454465866089 -0.07701674848794937
0.6324615478515625 0.8257297277450562 0.517279863357544
-0.8105635046958923 1.397843837738037 2.0007736682891846
0.5115962624549866 0.7492868900299072 1.3418384790420532
-0.5510451197624207 0.5808849334716797 2.878889560699463
0.2673090994358063 0.284606397151947 0.7897335886955261
-1.245762586593628 1.4693526029586792 1.573447585105896
0.1215294674038887 0.284606397151947 0.2846679389476776
-0.5579438805580139 0.3462456464767456 3.1581857204437256
-0.4187876582145691 0.284606397151947 0.006980629172176123
-1.4643137454986572 0.9219166040420532 1.4284536838531494
-1.7026863098144531 0.6529411673545837 0.29493248462677
0.04672166705131531 0.860622227191925 1.8427629470825195
-1.164766788482666 0.7198124527931213 -0.5260120034217834
-0.5596868395805359 0.6204809546470642 -0.6714188456535339
-0.9304128885269165 0.6606482267379761 1.753393292427063
0.38619816303253174 1.541033148765564 -0.29965120553970337
-0.35917890071868896 0.7615028023719788 2.5032799243927
-0.3919510245323181 0.284606397151947 0.3073076903820038
-1.3338656425476074 0.659092128276825 1.5431575775146484
-1.344281792640686 1.4104962348937988 -0.4919288158416748
0.11199113726615906 0.6944770812988281 -0.6242826581001282
0.505506694316864 0.697313666343689 -0.3976171314716339
-1.7410919666290283 1.1442482471466064 0.9405574202537537
-0.09737668931484222 0.6566648483276367 3.1739206314086914
-1.3100887537002563 1.1013647317886353 -0.6373598575592041
-0.7228837609291077 1.08439302444458 2.45398211479187
0.11330698430538177 0.6468226313591003 1.6864768266677856
0.5864067673683167 0.7768195867538452 0.8157943487167358
-0.21012192964553833 1.259836196899414 2.2012319564819336
0.5289058089256287 1.2241965532302856 1.1349825859069824
-1.8416392803192139 0.6481174826622009 0.7813626527786255
-0.8463605046272278 0.9110910892486572 2.6784863471984863
-1.5443060398101807 0.652586817741394 -1.1531225027283654e-05
-0.23294280469417572 0.9475939273834229 2.6817259788513184
-0.5443193316459656 0.527727484703064 3.4463589191436768
0.4376593232154846 1.407702088356018 -0.5570574402809143
-1.790912389755249 1.2235325574874878 0.26981547474861145
-0.11614391207695007 0.284606397151947 0.2617972493171692
-1.6708049774169922 1.2541370391845703 -0.12039430439472198
-1.5220754146575928 0.8705410957336426 1.188268780708313
-1.66525137424469 1.5095669031143188 1.0054996013641357
-0.7646817564964294 1.02195143699646 -0.7682932615280151
-1.8090038299560547 1.5112674236297607 0.5257557034492493
-2.361464023590088 1.39113187789917 0.5632104277610779
0.35009273886680603 0.9040558934211731 -0.5192568302154541
-0.157215878367424 0.7181899547576904 1.7973476648330688
-0.359966903924942 0.284606397151947 0.4921855926513672
-1.6041882038116455 0.6639484167098999 1.0092978477478027
0.5698525309562683 0.7656005620956421 1.0686490535736084
0.41185957193374634 0.8812740445137024 1.5986744165420532
-1.2899501323699951 1.2331055402755737 1.302581787109375
-2.1177968978881836 1.5059536695480347 0.7467311024665833
0.34004470705986023 1.1536059379577637 -0.037268899381160736
-2.1787099838256836 1.494581699371338 0.17791345715522766
-1.4009665250778198 0.6888010501861572 1.0615204572677612
-0.6787636280059814 1.382678747177124 1.6888912916183472
-0.5058794021606445 1.4264512062072754 1.2120640277862549
-0.5670994520187378 1.0329207181930542 2.7479677200317383
0.02942897193133831 0.7011294960975647 1.4997464418411255
0.6175416707992554 0.9002960920333862 0.13818614184856415
-2.3739311695098877 1.3877509832382202 0.2755599021911621
0.6909077167510986 1.4130229949951172 0.7342690229415894
-0.34204062819480896 0.8614065051078796 2.7624244689941406
-0.21518844366073608 0.8928308486938477 2.2869536876678467
-0.7099581956863403 0.284606397151947 0.6304324269294739
-0.8240594267845154 1.1584606170654297 1.8199052810668945
0.705177366733551 1.4326341152191162 0.9094067215919495
-0.14651483297348022 1.260934829711914 -0.8822553753852844
-1.2129229307174683 0.957287609577179 1.542820692062378
-1.5215802192687988 0.8395758867263794 0.369706392288208
0.05822816863656044 1.5817664861679077 -0.08673867583274841
-0.17237447202205658 1.6134003400802612 -0.004259769804775715
0.20360344648361206 1.5795133113861084 -0.20822986960411072
-1.0857911109924316 0.9816420078277588 -0.5820205807685852
-0.13238339126110077 1.5357434749603271 -0.27216440439224243
-1.4776893854141235 0.814120352268219 -0.2263965755701065
-1.3388997316360474 0.9289682507514954 -0.15203166007995605
-0.9918816685676575 1.1874245405197144 1.5268830060958862
-0.526587724685669 0.867438018321991 -0.5750292539596558
-1.6288259029388428 0.9587960243225098 -0.029881926253437996
0.14400836825370789 1.1902084350585938 -0.27777591347694397
-0.3677915036678314 1.4215826988220215 -0.046768542379140854
0.269657701253891 1.4275950193405151 1.2872334718704224
0.18355944752693176 1.5173401832580566 1.762658953666687
0.07330432534217834 1.5955355167388916 -0.4574783444404602
-1.7514134645462036 0.9544500708580017 0.533220112323761
-0.8278332948684692 1.1480094194412231 -0.5625699162483215
-0.23031194508075714 0.9698622822761536 1.9040964841842651
-1.2256760597229004 0.6581575274467468 -0.2574978470802307
-0.29362809658050537 0.284606397151947 0.15705707669258118
-0.6923491358757019 0.7161861658096313 1.8365739583969116
-0.16830989718437195 0.6019996404647827 -0.594703197479248
-0.6214010715484619 0.9666734337806702 2.0480599403381348
-1.323500156402588 0.6818204522132874 1.2988001108169556
-1.4071049690246582 1.1332439184188843 -0.2970826029777527
-1.5584664344787598 0.6440209150314331 0.685468316078186
0.5120998024940491 0.6379168033599854 0.45813050866127014
-0.2485637068748474 1.1533024311065674 -0.34057605266571045
-0.7753350138664246 0.9217463731765747 -0.503489077091217
-0.6901890635490417 0.284606397151947 1.1257442235946655
-0.10643583536148071 1.1699566841125488 -0.5727375745773315
-0.2541104555130005 1.1226553916931152 2.4871137142181396
-1.4265309572219849 0.7507429718971252 0.1254064440727234
0.10425303876399994 1.1182559728622437 -0.5422218441963196
-0.8398764133453369 0.650158703327179 -0.4353950321674347
0.12508903443813324 0.9032753109931946 1.5918474197387695
-1.0747578144073486 0.7182455062866211 1.592345118522644
0.3369358777999878 0.9358375072479248 -0.27486294507980347
0.5604378581047058 1.153656005859375 0.7923606634140015
0.4091581702232361 0.6203195452690125 -0.2213658094406128
0.424972265958786 0.9525342583656311 0.16060204803943634
0.11686557531356812 1.1854506731033325 1.6461161375045776
-0.46590515971183777 1.0851994752883911 1.8448361158370972
0.43117865920066833 0.9611908793449402 1.0848009586334229
0.3401857018470764 0.6204209327697754 1.306455135345459
0.33330434560775757 1.1179938316345215 1.4325165748596191
0.4928930997848511 1.2037832736968994 -0.23631973564624786
-0.09480959177017212 0.8978352546691895 -0.5134628415107727
-1.2293202877044678 0.6471839547157288 -0.009928992949426174
0.10455778241157532 0.6465933918952942 -0.3637056052684784
0.39677172899246216 0.8258337378501892 1.195449709892273
0.5129912495613098 0.6759861707687378 0.18336930871009827
-0.49188196659088135 1.0999070405960083 -0.6291113495826721
-1.5067863464355469 0.8332425951957703 0.6671956777572632
-0.6383438110351562 0.284606397151947 0.46288537979125977
-0.45325157046318054 0.9429014325141907 2.2338778972625732
-0.9325723052024841 0.6276503205299377 -0.17016497254371643
-0.1129191592335701 0.9805794358253479 1.6309133768081665
0.22536353766918182 0.6595616936683655 -0.110432468354702
-1.4056023359298706 0.6473729610443115 0.4009668827056885
0.3736463785171509 0.807433545589447 0.4380924105644226
-0.003343266900628805 0.284606397151947 0.14049629867076874
-0.9323578476905823 0.284606397151947 0.4680500030517578
-0.4427605867385864 0.7902694940567017 1.9182124137878418
0.3873952329158783 0.635103702545166 0.803563117980957
-0.5136262774467468 0.6215197443962097 -0.38801342248916626
0.057086121290922165 0.9123636484146118 -0.27968961000442505
-0.20914870500564575 0.6129745244979858 -0.31339433789253235
-0.0059970589354634285 0.30842846632003784 0.9622126221656799
0.3636997640132904 0.8559379577636719 -0.05967918410897255
-1.5632073879241943 1.124591588973999 0.2231331765651703
-0.5915098786354065 0.671873927116394 1.660718321800232
-1.2715626955032349 0.9077174067497253 0.217685729265213
-1.0382404327392578 0.6679055094718933 1.3804932832717896
-1.464629888534546 0.927773654460907 0.9148588180541992
-0.8481189012527466 0.6845308542251587 1.3028744459152222
-1.5219686031341553 1.1566160917282104 0.6087599992752075
-0.12685945630073547 0.6032818555831909 -0.033806852996349335
0.3579038381576538 0.66530442237854 1.0113842487335205
-1.3055440187454224 0.6526602506637573 0.7490764856338501
-1.114870309829712 0.85551917552948 -0.32574933767318726
-0.34976616501808167 0.6674380302429199 1.6787701845169067
-0.8034619092941284 0.8533837199211121 -0.2853686809539795
-1.4967187643051147 1.3143433332443237 0.8262785077095032
-0.6054172515869141 0.6007260680198669 -0.10618451237678528
-1.130751132965088 0.6101953387260437 0.2768428921699524
-1.4100126028060913 1.4254106283187866 0.07490147650241852
-1.181536316871643 0.9415357708930969 1.268264889717102
0.3149489760398865 0.6221357583999634 0.21711990237236023
-0.6572574377059937 1.4303656816482544 0.17043815553188324
-1.2031434774398804 0.6964831352233887 1.05866539478302
-0.7814015746116638 1.4636236429214478 0.21211200952529907
-0.15340150892734528 0.4585900902748108 0.6532173156738281
-0.5165718793869019 0.3407219350337982 0.7880253791809082
0.14342597126960754 0.7234957814216614 1.215126872062683
-0.14276699721813202 0.8144091963768005 -0.22416840493679047
-0.7871699333190918 0.9039417505264282 1.7422802448272705
-1.018518328666687 0.614251434803009 0.6299811601638794
-0.4716441035270691 1.2471898794174194 1.1875698566436768
-1.5572381019592285 1.3934581279754639 0.36426326632499695
-0.37308740615844727 0.9033409357070923 -0.3722352981567383
-1.3110824823379517 0.9108900427818298 0.6412754058837891
-1.0460501909255981 1.0934747457504272 -0.24961157143115997
-0.8724244236946106 0.8659321069717407 1.5323326587677002
-1.3517215251922607 1.1205304861068726 1.0600383281707764
-1.0510419607162476 1.313835620880127 0.6346219778060913
-1.0469403266906738 0.9283462762832642 -0.06050638481974602
-1.346462607383728 1.113874912261963 0.08800667524337769
-0.6803072690963745 1.0607633590698242 -0.23505468666553497
-1.0566638708114624 1.2346941232681274 0.12374096363782883
0.08503720164299011 0.7632972598075867 0.039952896535396576
0.24843280017375946 0.6590657830238342 0.5526120662689209
-0.19613566994667053 0.6572315096855164 1.5087807178497314
-0.5497821569442749 0.6264843940734863 0.28415578603744507
-0.4317586421966553 0.7140811681747437 0.47826993465423584
-1.0657024383544922 0.8405066132545471 0.14140205085277557
-0.7967519760131836 1.195752501487732 0.8216692805290222
-0.5066048502922058 0.7903046607971191 -0.20629213750362396
-1.3336467742919922 1.0633301734924316 0.4105323553085327
0.03931678459048271 0.7131474614143372 0.37299931049346924
-1.1934369802474976 1.3120477199554443 0.37843242287635803
-0.9027041792869568 1.3679783344268799 0.4321930408477783
-0.5002288222312927 0.6384798288345337 1.2059147357940674
-0.8719712495803833 1.3001995086669922 0.7256633639335632
-1.2260173559188843 1.2077137231826782 0.7324934005737305
-0.23696193099021912 0.6639938950538635 1.160886526107788
-0.32246673107147217 0.6733103394508362 0.11078037321567535
-0.5002813339233398 0.6723229289054871 0.884630024433136
0.18074467778205872 0.8707035183906555 0.23755516111850739
-0.9424418807029724 1.088794469833374 0.29094943404197693
-1.1009514331817627 0.8148366212844849 0.6120352745056152
-0.10287126153707504 0.6700451374053955 0.7660704255104065
0.0915769711136818 1.0147539377212524 1.315183162689209
0.13638736307621002 0.7395799160003662 0.7797985076904297
0.43083155155181885 0.8232837915420532 0.7438640594482422
-0.14591501653194427 0.6781500577926636 0.3854709565639496
-0.5980727672576904 0.6900011897087097 1.4012011289596558
-0.336954265832901 0.9112756848335266 1.6149433851242065
-0.7072010636329651 0.6554032564163208 0.5551608204841614
-0.14612536132335663 0.8753670454025269 0.037274494767189026
-1.1487079858779907 0.8266118168830872 0.4051087200641632
-1.0125131607055664 0.8203795552253723 1.154008388519287
0.24589502811431885 1.495710015296936 0.9405781030654907
-0.8437524437904358 0.6466726064682007 0.129004567861557
-0.9904767870903015 0.6794995069503784 0.9180395007133484
-1.1851083040237427 0.874014675617218 0.9102339148521423
-0.37932825088500977 0.9832518100738525 -0.10655919462442398
-0.08389521390199661 1.112493872642517 -0.1406659632921219
-0.14059725403785706 1.4837313890457153 1.3059626817703247
-0.7900760769844055 0.8387078642845154 -0.023973938077688217
0.3527943789958954 1.236067533493042 0.7237123847007751
-0.3203847110271454 1.3347564935684204 1.3641859292984009
0.08942019939422607 1.415581226348877 0.005642378702759743
-0.09086239337921143 1.1513338088989258 0.06329602003097534
-0.9958008527755737 1.089463710784912 0.560139536857605
0.21943235397338867 1.0828170776367188 0.28452828526496887
-0.8244436383247375 0.9594885110855103 1.2947642803192139
0.03806157037615776 1.4750386476516724 1.1343034505844116
-0.9600738883018494 0.9600314497947693 0.8692635297775269
-0.47977590560913086 1.1379348039627075 0.05054616183042526
0.42428058385849 1.254254698753357 0.22340059280395508
0.016772767528891563 0.6849517822265625 1.0803714990615845
-0.18762525916099548 1.374649167060852 1.2042864561080933
0.23239164054393768 1.3445467948913574 0.9620331525802612
-0.8451123237609863 0.7482292652130127 0.35225439071655273
-0.5910364389419556 1.187313199043274 1.4966357946395874
0.3428316116333008 0.9991044998168945 0.918917715549469
-0.5266270041465759 0.8361181616783142 0.1483325958251953
-0.7527590990066528 0.9144424200057983 0.22671003639698029
-0.6092873811721802 0.9203007817268372 0.3992173969745636
-0.7140294909477234 1.1768159866333008 1.0090609788894653
-0.607879102230072 0.858330488204956 1.5513850450515747
-0.8019440174102783 0.65943843126297 0.9729210734367371
0.44884926080703735 1.3876835107803345 -0.05725856125354767
-0.2715153694152832 0.8124713897705078 0.5550516247749329
-0.08514659106731415 0.86787348985672 0.271895170211792
-0.2757143974304199 1.4600430727005005 -0.6350579261779785
-0.15577563643455505 0.8078572154045105 1.3667227029800415
0.6834841370582581 1.2818244695663452 0.2530464231967926
-0.7043493986129761 0.7858508229255676 1.1526000499725342
-0.3325711786746979 0.8936219811439514 0.2546873092651367
0.013602638617157936 0.8628882765769958 0.5748766660690308
-0.34210601449012756 1.4412180185317993 -0.28150880336761475
-0.28420040011405945 0.7365500926971436 0.912659227848053
0.5183147192001343 1.2665036916732788 0.559434175491333
-0.8512573838233948 0.8162693381309509 0.6310553550720215
-0.7670338749885559 1.2126905918121338 1.1937906742095947
-0.6554048657417297 1.28268301486969 -0.793692946434021
0.02922104112803936 1.1655511856079102 1.1124156713485718
-0.6648468375205994 0.812545657157898 0.913494348526001
0.5691569447517395 1.0761499404907227 0.4219730794429779
-0.9890779256820679 1.2576663494110107 -0.39027419686317444
-1.0721611976623535 1.4496737718582153 -0.8081350922584534
-0.6038561463356018 0.81245356798172 0.6344156861305237
-0.05084541067481041 0.8292573690414429 0.8004074096679688
0.008749909698963165 1.3504713773727417 0.8057736754417419
-0.9156026244163513 1.2793437242507935 0.9638616442680359
-0.5733627080917358 1.221582055091858 -0.35389742255210876
-0.971211850643158 1.2582734823226929 1.330137848854065
-0.1284569799900055 1.1877775192260742 0.9738044738769531
-0.4494885802268982 0.8436020612716675 1.3571499586105347
-0.5133836269378662 1.258018136024475 0.38094231486320496
-0.22685569524765015 1.2351869344711304 0.3291303813457489
-0.7753039598464966 1.4659940004348755 -0.9566553831100464
-0.04715627431869507 0.8751154541969299 1.1589974164962769
-0.011752721853554249 1.1244665384292603 0.6218303442001343
-0.7979167103767395 1.3665845394134521 -0.06644769757986069
-0.346177339553833 0.9150993227958679 1.1833654642105103
-1.0960179567337036 1.3700395822525024 -0.5346160531044006
0.40695688128471375 1.604290246963501 0.4079393148422241
0.12781602144241333 1.4944190979003906 0.5861914157867432
-0.5323301553726196 1.344548225402832 -0.6147878766059875
-0.6257063150405884 1.3294671773910522 0.7199254631996155
-0.555038332939148 1.435989260673523 -0.040954913944005966
-0.7079136967658997 1.8320558071136475 0.1569003164768219
0.4794260561466217 1.447325587272644 0.4543902277946472
0.06153663247823715 1.3149386644363403 0.22316744923591614
-0.3946385979652405 1.3647816181182861 0.44697850942611694
-0.04432925581932068 1.2785149812698364 0.48566779494285583
0.11321809887886047 1.5083997249603271 0.2911165952682495
-0.5191017985343933 1.012673258781433 0.6495644450187683
-0.9723373651504517 1.3920302391052246 -0.13837461173534393
-1.2850935459136963 1.6378837823867798 0.4459277093410492
-0.6412580609321594 1.5577495098114014 0.6699674725532532
-0.32644781470298767 0.9383203983306885 0.8690245151519775
-0.9453312754631042 1.515916109085083 0.5325140953063965
-0.3153154253959656 1.2824612855911255 0.8247523903846741
0.3634300231933594 1.5034881830215454 0.23196734488010406
-0.5313080549240112 1.273717999458313 0.9674351215362549
-0.9796656370162964 1.5916998386383057 0.8741112947463989
-0.6884698867797852 1.5674487352371216 0.3556707203388214
-0.5950902104377747 1.6655786037445068 0.695984423160553
-1.0650532245635986 1.5414482355117798 0.3631710708141327
0.19649402797222137 1.442478895187378 0.3843918442726135
-1.1101362705230713 1.605088233947754 0.21587608754634857
0.37627536058425903 1.448173999786377 0.5614345669746399
0.18382403254508972 1.4199564456939697 0.4966154396533966
-1.2373110055923462 1.623060941696167 0.7143473029136658
-0.5761281847953796 1.7976891994476318 0.4245803654193878
-0.7395057082176208 1.5128427743911743 0.5655220150947571
-1.122011661529541 1.5426018238067627 0.6699953079223633
-0.8549260497093201 1.6188015937805176 0.15178793668746948
-1.2912681102752686 1.9838858842849731 0.5929195284843445
-0.6329242587089539 1.656949758529663 0.2595812976360321
-1.2544773817062378 1.7322003841400146 0.21460388600826263
-1.262946367263794 1.9132291078567505 0.1958870142698288
-1.3617793321609497 1.7593532800674438 0.5150847434997559
-0.8803201913833618 1.9153800010681152 0.8357315063476562
-1.250307321548462 1.787023901939392 0.777348518371582
-1.0262415409088135 1.7287662029266357 0.07592641562223434
-0.856171727180481 1.5363339185714722 0.7999515533447266
-1.0120880603790283 1.709136724472046 0.9182860255241394
-0.022195391356945038 3.103534460067749 0.6931760311126709
-1.0125375986099243 2.0497217178344727 0.7099025249481201
-1.1949400901794434 2.096479654312134 0.3073985278606415
-0.2780958414077759 2.977919340133667 0.43482857942581177
-0.9443857669830322 1.922539234161377 0.0793292447924614
-0.13165508210659027 3.014014482498169 0.5214189291000366
0.192803293466568 3.2288658618927 0.6259801387786865
0.0729900598526001 3.0910377502441406 0.49448052048683167
0.1894734501838684 3.215074300765991 0.3773389756679535
-0.9556689858436584 2.158851146697998 0.4261265993118286
-0.6597556471824646 1.850795865058899 0.7285528779029846
-0.7947104573249817 2.0464823246002197 0.3127198815345764
-0.19863176345825195 3.131448268890381 0.25165295600891113
-0.006802228279411793 3.1353259086608887 0.29723644256591797
-0.6703891754150391 2.697497844696045 0.5179716944694519
-0.2675968110561371 3.085195302963257 0.6926052570343018
-0.1479552537202835 3.4065349102020264 0.18858133256435394
-0.5045225620269775 3.010099411010742 0.5026299953460693
-0.5668264627456665 2.763838768005371 0.43246105313301086
-0.965087354183197 2.3895323276519775 0.5028102993965149
-0.7883337140083313 2.426555871963501 0.4161829948425293
-0.017350532114505768 3.2548434734344482 0.8025400638580322
0.2707735002040863 3.491487741470337 0.6452183127403259
0.09945633262395859 3.447352886199951 0.7899737358093262
-0.6788619756698608 2.9471261501312256 0.5804694294929504
-0.34008392691612244 3.249321699142456 0.7440630793571472
-0.9376749992370605 2.47084641456604 0.28974053263664246
-0.37017595767974854 3.2407636642456055 0.25434598326683044
-0.965270459651947 2.636793613433838 0.5338574051856995
-0.17192861437797546 3.736189365386963 0.5881391167640686
0.15365467965602875 3.774049997329712 0.6181920766830444
-0.503433108329773 3.314361333847046 0.48235106468200684
-0.9432314038276672 2.746140480041504 0.2999108135700226
-0.06440167874097824 4.564629077911377 1.3070383071899414
-0.05169453099370003 4.34986686706543 1.0933341979980469
-0.2945500314235687 4.533884048461914 0.9259899854660034
-0.1898072510957718 3.4999282360076904 0.7638135552406311
-0.10861784964799881 4.403519630432129 1.19373619556427
-0.2889501750469208 4.48029088973999 1.083509922027588
-0.6572737693786621 2.86215877532959 0.25360700488090515
0.26258692145347595 3.353466749191284 0.3082859516143799
-0.8010308146476746 5.587924957275391 0.6393030285835266
0.23618166148662567 3.801295042037964 0.45469287037849426
-0.7194458842277527 2.586564779281616 0.31077608466148376
-0.3114199638366699 4.722737789154053 1.1329551935195923
-1.3842796087265015 4.288114547729492 -0.32237672805786133
0.06102713197469711 3.4830145835876465 0.16480468213558197
-0.8123391270637512 5.716887950897217 0.4224171042442322
0.10187715291976929 4.4755353927612305 1.1504085063934326
0.12336692959070206 3.6157007217407227 0.12290466576814651
-0.2950071394443512 3.5753414630889893 0.47894731163978577
0.3032560348510742 3.777860164642334 0.23168820142745972
-0.19646917283535004 4.791723728179932 1.2745524644851685
-0.6962292790412903 5.6585540771484375 0.7393447160720825
0.3490372598171234 3.5860280990600586 0.3354729413986206
-0.033714208751916885 4.37001371383667 0.9617928266525269
-0.12132176756858826 4.386948108673096 0.9153802990913391
0.024947671219706535 3.804672956466675 0.2065173089504242
-0.9881793260574341 5.619937896728516 0.49754875898361206
0.0042175971902906895 4.818553924560547 1.2151942253112793
-0.7637324333190918 5.793999195098877 0.9665078520774841
-0.9828587174415588 5.560173988342285 0.6591886878013611
-1.1891881227493286 5.764468193054199 0.8856157064437866
-1.186238169670105 5.662982940673828 0.7019097208976746
0.13036538660526276 4.624255180358887 0.9712234735488892
-0.035888977348804474 5.929042339324951 1.1018178462982178
-0.01326042041182518 5.716058731079102 1.0026856660842896
-1.000193476676941 5.652497291564941 0.9347483515739441
-0.9739513397216797 5.571904182434082 0.8060103058815002
-0.6509262919425964 5.82534646987915 0.4939974546432495
0.08631837368011475 5.814137935638428 0.9695304036140442
-0.13513903319835663 4.636804580688477 0.8148178458213806
-1.1325602531433105 5.736363887786865 0.4570600390434265
0.15041384100914001 5.90977668762207 1.0206118822097778
-1.1067899465560913 5.919783592224121 0.402106374502182
-0.21090419590473175 6.448013782501221 0.0933687761425972
-0.3288272023200989 6.404917240142822 -0.28847402334213257
0.08026202768087387 5.793553829193115 1.077346920967102
-0.17454612255096436 6.308221340179443 0.02222706750035286
-0.5878660678863525 5.836028099060059 0.8314236402511597
-0.26808226108551025 6.282161712646484 -0.09326218068599701
-0.1815897673368454 6.279991149902344 -0.2045263946056366
-0.5179464221000671 5.996518611907959 0.700614869594574
-1.0315639972686768 7.6816864013671875 0.12272661924362183
-1.2424086332321167 5.956883907318115 0.7725315093994141
-0.967391848564148 5.877795696258545 1.0337421894073486
-0.8274274468421936 6.469038009643555 0.652638852596283
-0.3992859423160553 6.3927788734436035 -0.10457799583673477
-0.01556485891342163 5.694377899169922 1.0030076503753662
-1.0650125741958618 6.262653350830078 0.6947667598724365
-0.9256660342216492 6.089820861816406 0.9453697204589844
-0.6730096340179443 6.210536003112793 0.49419066309928894
0.019806288182735443 6.514381408691406 -0.19460386037826538
-0.057542651891708374 6.3014349937438965 -0.10918793827295303
-0.6604803204536438 6.226866245269775 0.8132734298706055
-0.18152223527431488 6.629977226257324 0.02371864765882492
-0.7523566484451294 5.999086380004883 0.4003955125808716
-0.36126238107681274 7.183011054992676 0.48021644353866577
-1.1139874458312988 6.109840393066406 0.5211459398269653
-0.9684184193611145 7.751222610473633 0.37596845626831055
-0.12572579085826874 6.409400463104248 -0.33012285828590393
0.01060678344219923 7.495669841766357 0.47342559695243835
-1.1040124893188477 7.676021099090576 0.2069704681634903
-0.7535625696182251 6.409200668334961 0.8463777303695679
-0.6180365681648254 6.628827095031738 0.6665520071983337
-0.4112321734428406 7.224984169006348 0.4486457109451294
-0.9413844347000122 7.829842567443848 0.004677112214267254
-0.2150488942861557 7.25891637802124 0.44947099685668945
-0.36210399866104126 7.25258731842041 0.5893136262893677
-0.37811514735221863 7.523994445800781 0.6383795142173767
-0.5939687490463257 6.398307800292969 0.5611676573753357
-0.08320946246385574 7.316324234008789 0.3484497666358948
-0.04893450066447258 7.525877952575684 0.15998975932598114
-0.46488818526268005 7.77229642868042 0.3136058449745178
-0.7070806622505188 6.696628093719482 0.6800646185874939
-0.05853389948606491 7.403034687042236 0.2624378502368927
-0.2515718638896942 7.35490608215332 0.1830700784921646
-0.9024771451950073 7.726574897766113 0.14575397968292236
-0.6469345688819885 8.338371276855469 1.0629222393035889
-0.7603563666343689 8.336372375488281 1.1433980464935303
-0.698492705821991 8.362586975097656 1.378373146057129
-1.1459577083587646 7.814919471740723 0.00447092205286026
-0.5341525673866272 7.466193675994873 0.2587871253490448
-0.6338041424751282 8.415566444396973 1.4381693601608276
-0.5852444171905518 7.539017677307129 0.5120559930801392
-1.2515249252319336 7.8763628005981445 0.39177870750427246
-0.39620479941368103 7.712465763092041 0.0987524688243866
-0.21061855554580688 7.596370220184326 0.033104654401540756
-0.5852664113044739 8.311518669128418 1.2843194007873535
-0.1329086422920227 7.684925079345703 0.5582208037376404
-1.203145980834961 7.728174686431885 0.34761664271354675
-0.0817187950015068 7.812056064605713 0.3361654281616211
-0.4827291965484619 8.40658187866211 1.059056043624878
-0.8585977554321289 8.485342025756836 1.1838490962982178
-0.30147749185562134 8.501215934753418 1.0381187200546265
-0.5535612106323242 8.605565071105957 1.434615135192871
-1.2383567094802856 8.010183334350586 0.09598366171121597
-0.886277973651886 7.922140121459961 0.424354612827301
-0.5079629421234131 8.913545608520508 0.8243887424468994
-0.5708134770393372 8.577653884887695 0.9355267882347107
-0.21855446696281433 8.77639102935791 1.1064504384994507
-0.5452983379364014 7.7990899085998535 0.29334762692451477
-0.9083373546600342 8.065757751464844 0.12482485175132751
-0.37785863876342773 8.931944847106934 1.2233656644821167
-0.22014842927455902 8.687690734863281 1.0609955787658691
-0.38976582884788513 8.804902076721191 0.8963296413421631
-0.35554444789886475 8.4301118850708 1.1950255632400513
-0.8106414079666138 8.798465728759766 1.388060212135315
-0.2566266655921936 9.418778419494629 0.4800683557987213
-0.8529542684555054 9.487030982971191 0.35093241930007935
-0.5749136805534363 9.394723892211914 0.6877579092979431
-0.3864746689796448 9.360893249511719 0.9435132145881653
-0.1565493643283844 9.150163650512695 0.6312046647071838
-0.8710967898368835 8.719789505004883 1.2374475002288818
-0.7004566788673401 9.194437980651855 1.0052673816680908
-0.7068488597869873 9.17927074432373 0.7292011976242065
-0.5930650234222412 9.080059051513672 0.6842336058616638
0.0194801464676857 9.196455955505371 0.7385892868041992
-0.47497814893722534 9.469090461730957 0.36525654792785645
-0.1303125023841858 9.202276229858398 0.9183090925216675
-0.782643735408783 9.340070724487305 0.3434916138648987
-0.7564822435379028 8.938043594360352 1.0644234418869019
-0.67262202501297 8.992975234985352 1.2908730506896973
-0.4604724943637848 9.126120567321777 1.231208324432373
-0.8083585500717163 9.368162155151367 0.17995233833789825
-0.729085385799408 9.472887992858887 0.03456432372331619
-0.6106521487236023 9.692770957946777 0.14331437647342682
-0.26037970185279846 9.123947143554688 0.726405143737793
0.10505002737045288 9.339552879333496 0.6605520844459534
-0.08733295649290085 9.500303268432617 0.4820847809314728
-0.5997660756111145 9.840825080871582 0.4224502146244049
-0.8274943828582764 10.173949241638184 1.1319018602371216
-0.7768840789794922 9.884483337402344 0.34855589270591736
-0.9757477641105652 10.338004112243652 1.3924286365509033
-0.7701467275619507 9.60348129272461 0.5280503630638123
-1.1186290979385376 10.261834144592285 1.2012600898742676
0.14696800708770752 10.196990013122559 -0.1878136843442917
-0.9097932577133179 9.689286231994629 0.11529683321714401
-1.0526161193847656 10.252197265625 1.1538165807724
-0.014318441972136497 9.493359565734863 0.6484322547912598
-0.8592316508293152 10.04769229888916 1.144913911819458
-0.9186875820159912 9.905366897583008 0.18430374562740326
-0.5664464235305786 9.42837905883789 0.8374038934707642
-0.1356838047504425 10.528162002563477 1.1088738441467285
-0.32377761602401733 10.392252922058105 1.0255851745605469
-0.3667651116847992 10.340234756469727 1.15755033493042
-0.8550748825073242 10.342065811157227 1.3867676258087158
-0.3864036798477173 10.40714168548584 1.128387451171875
-0.8980402946472168 10.001031875610352 0.17668545246124268
-1.017180323600769 10.332053184509277 1.033236026763916
-0.5923006534576416 10.424878120422363 1.1720942258834839
-0.8166645169258118 10.330618858337402 0.22027134895324707
-1.0905967950820923 10.618505477905273 1.4612196683883667
-1.1765915155410767 10.573555946350098 1.2092427015304565
-0.5772929787635803 10.422621726989746 1.256615161895752
0.3591572344303131 10.733081817626953 -0.23560519516468048
0.06660188734531403 10.681863784790039 1.1196259260177612
-0.9114598035812378 10.61196517944336 1.3670012950897217
-0.004601530730724335 10.500995635986328 1.1407634019851685
0.2908599376678467 10.859759330749512 0.9517918825149536
-0.9927064776420593 10.6658935546875 0.015289237722754478
-0.998157262802124 10.673299789428711 0.10397755354642868
-1.1676356792449951 10.552895545959473 1.373300313949585
0.044035643339157104 10.848104476928711 1.0494258403778076
0.15361939370632172 10.775046348571777 0.972635805606842
-0.04616277292370796 10.719773292541504 1.2835161685943604
-0.5260806083679199 10.924006462097168 0.3386046886444092
0.2906193137168884 10.969388961791992 0.9884836077690125
-0.32057416439056396 10.692085266113281 1.2162442207336426
-0.9713737368583679 10.876141548156738 0.16669510304927826
0.30695652961730957 11.028227806091309 0.8455221652984619
0.17873616516590118 10.946930885314941 0.6870095133781433
-0.8465133905410767 10.821919441223145 1.0186039209365845
-1.1647429466247559 10.933450698852539 0.7548584342002869
-0.8374305963516235 10.951600074768066 -0.0035990532487630844
-0.8421790599822998 11.007966041564941 -0.042215872555971146
0.29791486263275146 11.048147201538086 0.5071609616279602
-0.14667944610118866 10.849539756774902 1.3054856061935425
0.15060389041900635 11.168120384216309 -0.3626542389392853
-1.082887887954712 11.122493743896484 0.11451257020235062
-0.8948175311088562 11.197861671447754 0.5080283880233765
-1.1506054401397705 11.089573860168457 0.1997799277305603
0.41521701216697693 11.240386009216309 -0.3652614951133728
0.07578444480895996 11.162487030029297 -0.3835287392139435
-0.05398084595799446 11.219325065612793 -0.32053494453430176
0.2470061331987381 11.240388870239258 0.7919660210609436
0.4036529064178467 11.222869873046875 1.0791531801223755
-0.26819267868995667 11.25187873840332 1.3866584300994873
-0.992618978023529 11.363069534301758 1.3997702598571777
-0.3828260600566864 11.379925727844238 1.1080384254455566
-0.4991745352745056 11.337135314941406 0.11332511901855469
0.30409517884254456 11.418623924255371 0.4213835597038269
0.037059031426906586 11.423911094665527 0.5408574938774109
-0.8073960542678833 11.3988037109375 -0.34040752053260803
0.3521132469177246 11.389881134033203 0.5804637670516968
-1.062268853187561 11.449848175048828 -0.10672178119421005
0.41638535261154175 11.48660659790039 0.4805469512939453
-0.3238084614276886 11.504541397094727 1.088823676109314
-0.8668683171272278 11.488797187805176 0.7997481822967529
-0.8829246759414673 11.532979965209961 1.384904146194458
-1.3317781686782837 11.540572166442871 0.2274465709924698
0.2365587204694748 11.530034065246582 0.7844799160957336
0.24618595838546753 11.5520601272583 0.1006074994802475
0.07646171003580093 11.569917678833008 0.549173891544342
-0.14240148663520813 11.564022064208984 1.3644317388534546
0.030709346756339073 11.578089714050293 0.8290983438491821
