1601
-2.3863754272460938 0.2845063805580139 1.595088005065918
-2.386474609375 0.2846066355705261 -0.7601345777511597
-2.3863744735717773 0.4718514680862427 0.6977850794792175
0.9211299419403076 0.2846064567565918 -0.8526947498321533
-2.089035749435425 0.284606397151947 0.004157038871198893
-1.3416109085083008 0.2846064567565918 -1.205398678779602
-0.449181467294693 0.284606397151947 1.275307059288025
-0.9604070782661438 0.284606397151947 -0.9206847548484802
-0.9752025604248047 0.2846064567565918 -1.2053987979888916
0.9210314750671387 0.2845063805580139 -1.2053430080413818
-2.386474609375 0.2846064567565918 -0.2638288736343384
-2.386474609375 0.2846064567565918 0.2810790538787842
-2.386474609375 0.2846064567565918 -0.4860539436340332
-1.7895830869674683 0.28460800647735596 2.141308307647705
-2.386474609375 0.2846064567565918 -0.011072158813476562
-2.3863744735717773 0.2845063805580139 0.6887340545654297
0.664982795715332 0.2845063805580139 -1.2052973508834839
-0.5536084175109863 0.28460633754730225 -1.2053989171981812
-2.070932388305664 0.284606397151947 1.3079930543899536
0.11561071872711182 0.28460636734962463 2.141308307647705
0.9211299419403076 0.2846064567565918 -0.8987085819244385
0.9211299419403076 0.2846064567565918 -0.7524721622467041
-2.386474609375 0.28460633754730225 0.11296236515045166
-1.601805329322815 0.284606397151947 1.8679556846618652
-0.4406569004058838 0.2846064567565918 -1.2053989171981812
-2.3801016807556152 0.2846081256866455 2.141308307647705
-2.386474609375 0.2846066951751709 -0.1429077386856079
0.9211299419403076 0.2846066951751709 -1.0086405277252197
-2.151050090789795 0.284606397151947 1.7102261781692505
-1.0914568901062012 0.2846062183380127 -1.205398678779602
0.9211300611495972 0.2846064567565918 1.3711357116699219
0.9210300445556641 0.4771929979324341 1.5670117139816284
-1.898836374282837 0.284606397151947 1.711381435394287
-2.3863744735717773 0.2845063805580139 1.8746910095214844
-2.186307907104492 0.2845063805580139 2.141206741333008
0.9210312366485596 0.2845063805580139 -0.6739359498023987
-2.386474609375 0.2846066355705261 -0.6476384401321411
0.9211001992225647 0.28460627794265747 -1.2053993940353394
-2.386474609375 0.2846065163612366 -0.8694270253181458
-1.9566497802734375 0.2845063805580139 2.141207695007324
0.9210332036018372 0.2845063805580139 0.8811149597167969
-1.447805404663086 0.2845063805580139 -1.205301284790039
0.3158757984638214 0.284606397151947 1.5879578590393066
-0.5846367478370667 0.284606397151947 -0.9200636148452759
0.3845938444137573 0.28460633754730225 -1.2053991556167603
-2.386474370956421 0.28456759452819824 2.141207456588745
-2.3863744735717773 0.2845063805580139 1.0079011917114258
-0.40894046425819397 0.284606397151947 -0.824344277381897
-2.386474609375 0.5736905932426453 -1.2052984237670898
-2.386474609375 0.28460633754730225 -1.2053500413894653
-1.749456524848938 0.284606397151947 -0.6182953715324402
-1.4830968379974365 0.284606397151947 -0.8972188234329224
-2.3863744735717773 0.2845063805580139 1.6932601928710938
-2.0967068672180176 0.284606397151947 -0.7297670245170593
0.9210300445556641 0.2845063805580139 2.0431718826293945
-1.885324239730835 0.284606397151947 1.3565850257873535
0.38065022230148315 0.284606397151947 -0.9321076273918152
-1.5389432907104492 0.2845063805580139 -1.205301284790039
-2.386474609375 0.2846064567565918 0.5168166160583496
-1.6921604871749878 0.284606397151947 -0.7955265045166016
-0.0793006420135498 0.2845063805580139 -1.2052968740463257
-1.247059941291809 0.284606397151947 -0.9135227799415588
-1.8728570938110352 0.2845063805580139 -1.2052993774414062
-2.386437177658081 0.2846064567565918 -1.2053983211517334
0.9210300445556641 0.2845063805580139 1.7761917114257812
-2.050431728363037 0.284606397151947 1.878059983253479
0.9210309982299805 0.2845063805580139 1.1000747680664062
-0.10646533966064453 0.2845063805580139 2.141207695007324
-2.386474609375 0.2846064567565918 -0.374267578125
0.5696340203285217 0.28460636734962463 2.141308307647705
0.9210300445556641 0.28456124663352966 2.141308307647705
-2.386474370956421 0.2846062183380127 1.4891202449798584
0.9210300445556641 0.2845063805580139 1.6765727996826172
0.7704677581787109 0.2845063805580139 2.141206741333008
-1.2292718887329102 0.2845063805580139 -1.2053003311157227
-1.9654338359832764 0.284606397151947 -0.1417020708322525
0.9210309982299805 0.2845063805580139 1.4698667526245117
0.9211300611495972 0.28460657596588135 1.5744377374649048
-1.8810313940048218 0.284606397151947 1.158444881439209
-2.115201234817505 0.284606397151947 0.7924194931983948
-1.3106870651245117 0.2845063805580139 2.141207695007324
0.9210314750671387 0.2845063805580139 -0.5796843767166138
0.9210309982299805 0.2845063805580139 2.141249656677246
-2.386474370956421 0.2846064567565918 0.9317483901977539
-1.7716445922851562 0.2845063805580139 -1.205301284790039
-1.3327387571334839 0.284606397151947 -0.7492239475250244
0.9211300611495972 0.2846066355705261 1.8880505561828613
-0.12201207131147385 0.6771616339683533 2.1412081718444824
-0.376556396484375 0.2845063805580139 2.141207695007324
-0.0063370466232299805 0.2845063805580139 -1.2052977085113525
-1.674367904663086 0.2845063805580139 -1.2053003311157227
-2.0274856090545654 0.284606397151947 -0.9150431752204895
-1.932573914527893 0.4941517412662506 -1.2052985429763794
0.5226548314094543 0.284606397151947 0.5282703042030334
-1.4617482423782349 0.2846062183380127 2.141308307647705
-1.958143711090088 0.2846062183380127 -1.205398440361023
-0.6677923202514648 0.2845063805580139 2.141207695007324
-2.386474370956421 0.6710362434387207 2.1412081718444824
-2.386474370956421 0.2846064567565918 1.3030750751495361
-0.7741565704345703 0.2845063805580139 2.141207695007324
0.9210288524627686 0.2845063805580139 0.6558887362480164
-2.3863754272460938 0.2845063805580139 1.9272127151489258
-2.0805554389953613 0.284606397151947 1.1194411516189575
0.921028733253479 0.2845063805580139 0.03884175419807434
-2.366149663925171 0.2846064567565918 -1.2053983211517334
-2.3863744735717773 0.4562607407569885 1.2878129482269287
-0.6988473534584045 0.2845063805580139 -1.2052981853485107
-0.8815975189208984 0.2845063805580139 2.141206741333008
-2.386474370956421 0.2846066951751709 1.1836035251617432
-0.9699288606643677 0.284606397151947 1.7595584392547607
-2.3863742351531982 0.7904512882232666 -1.2053983211517334
0.9211300015449524 0.2846064567565918 0.1317615509033203
-2.11725115776062 0.284606397151947 0.43498173356056213
-1.6869258880615234 0.2845063805580139 2.141206741333008
-2.386474609375 0.284606397151947 -1.0187084674835205
-2.1571569442749023 0.2846064567565918 -1.205398440361023
-2.3863754272460938 0.2845063805580139 1.0709123611450195
0.9210299849510193 0.5036972761154175 -0.5435050129890442
-0.6150240898132324 0.284606397151947 1.8894323110580444
-1.3342180252075195 0.284606397151947 1.84107506275177
-1.7975027561187744 0.284606397151947 -0.9300426244735718
-2.3863754272460938 0.2845063805580139 -0.9480981826782227
-2.1071529388427734 0.284606397151947 -0.26693880558013916
-1.811169981956482 0.284606397151947 1.8618417978286743
-0.8946714401245117 0.2846062183380127 -1.2053987979888916
-2.0380747318267822 0.2846064567565918 -1.205398440361023
0.0569235123693943 0.5475632548332214 -1.2052991390228271
0.40467190742492676 0.2846064567565918 2.141308307647705
0.9210299253463745 0.7579132914543152 -1.2053993940353394
-1.5747194290161133 0.2845063805580139 2.141206741333008
-2.3863751888275146 0.8992530703544617 -1.2053983211517334
-2.059525489807129 0.2845063805580139 2.141207695007324
-0.3522350788116455 0.28460633754730225 -1.2053989171981812
0.9211300611495972 0.2846062183380127 1.2055022716522217
0.5941978693008423 0.284606397151947 -0.1167994886636734
0.9210302233695984 0.5258890986442566 -1.2053993940353394
-2.0260777473449707 0.284606397151947 0.6182501316070557
0.9210318326950073 0.2845063805580139 -0.25678470730781555
0.27610528469085693 0.28460633754730225 -1.2053991556167603
-0.8094730377197266 0.28460657596588135 -1.2053987979888916
-0.002206087112426758 0.28460636734962463 2.141308307647705
-0.26630067825317383 0.28460633754730225 -1.2053990364074707
0.8277170658111572 0.2845063805580139 -1.2052972316741943
0.581977128982544 0.284606397151947 -0.9014576077461243
-0.8502406477928162 0.284606397151947 1.9283884763717651
0.9210285544395447 0.2845063805580139 0.24792614579200745
-1.0820245742797852 0.2845063805580139 2.141207695007324
0.29176998138427734 0.2845063805580139 2.141207695007324
0.45067593455314636 0.284606397151947 1.277124047279358
0.10699915885925293 0.2846064567565918 -1.2053990364074707
-2.386375665664673 0.8882858753204346 2.141308307647705
-1.6074762344360352 0.2845063805580139 -1.205301284790039
0.9211300015449524 0.2846064567565918 0.5526406764984131
-0.2633742690086365 0.284606397151947 1.7438496351242065
-1.8714497089385986 0.28460800647735596 2.141308307647705
-0.625116229057312 0.2845063805580139 -1.2052980661392212
0.5497796535491943 0.2846064567565918 -1.2053992748260498
0.3423216938972473 0.284606397151947 1.9101529121398926
-0.5801143050193787 0.2846064567565918 2.141308307647705
-0.4864053726196289 0.2845063805580139 2.141207695007324
0.46977531909942627 0.2845063805580139 -1.2052974700927734
-0.16573943197727203 0.284606397151947 1.0253033638000488
0.6440898180007935 0.284606397151947 -0.29666560888290405
0.1897284984588623 0.2845063805580139 -1.2052994966506958
0.08320673555135727 0.284606397151947 -0.03902697563171387
-0.12449467182159424 0.284606397151947 1.8757089376449585
0.9210312366485596 0.2845063805580139 -0.06027928367257118
0.9210300445556641 0.2845063805580139 0.7807322144508362
0.15174320340156555 0.284606397151947 -0.9043601155281067
0.9210309982299805 0.2845063805580139 -0.47773757576942444
-1.828168272972107 0.284606397151947 0.26472023129463196
-2.3863754272460938 0.2845063805580139 0.40021419525146484
0.9211300015449524 0.2846066951751709 -0.36832165718078613
0.2352752387523651 0.284606397151947 -0.593768835067749
0.6542537808418274 0.284606397151947 1.486066222190857
-0.23295804858207703 0.284606397151947 -0.7099997997283936
-1.5222370624542236 0.284606397151947 -0.7105826735496521
0.20544718205928802 0.284606397151947 1.7194435596466064
-0.007768276613205671 0.284606397151947 1.6902590990066528
0.6206876039505005 0.284606397151947 -0.7095669507980347
0.9210284352302551 0.2845063805580139 0.43196895718574524
-0.25649258494377136 0.284606397151947 -0.900335431098938
0.6293298602104187 0.284606397151947 -0.52956223487854
-1.3690004348754883 0.284606397151947 -0.5669366717338562
-2.0594289302825928 0.284606397151947 0.22662559151649475
-1.9071670770645142 0.284606397151947 0.7900892496109009
-0.6343936920166016 0.61225825548172 2.1412081718444824
-2.0878305435180664 0.284606397151947 1.5149095058441162
0.5795035362243652 0.284606397151947 1.8158516883850098
-2.386474609375 0.28460657596588135 -0.5689836740493774
-2.099773645401001 0.284606397151947 -0.5313555598258972
0.9211300611495972 0.28460657596588135 1.2847542762756348
0.02614845521748066 0.284606397151947 -0.5777439475059509
-1.9195598363876343 0.284606397151947 1.548667311668396
-2.3863821029663086 0.2845063805580139 2.141207695007324
-1.8265442848205566 0.284606397151947 0.9702360033988953
0.4890003204345703 0.2845063805580139 2.141207695007324
0.9211301207542419 0.8228014707565308 2.1412081718444824
-2.3863744735717773 0.7044590711593628 1.893419861793518
-2.3863773345947266 0.2845063805580139 0.8427495956420898
-0.8435963988304138 0.284606397151947 -0.5145443081855774
-0.2744426727294922 0.2845063805580139 2.141207695007324
-1.8967310190200806 0.284606397151947 -0.7578386664390564
-2.386474609375 0.4356157183647156 -1.2052984237670898
-1.714542269706726 0.284606397151947 1.6765464544296265
-2.3863744735717773 0.4881201684474945 -0.3403194546699524
-2.3863744735717773 0.5768742561340332 -0.8756308555603027
-1.53780198097229 0.284606397151947 1.319104790687561
-1.4784756898880005 0.284606397151947 1.1235461235046387
-2.386474370956421 1.1362351179122925 -1.2053122520446777
-2.3863754272460938 0.2845063805580139 0.19525814056396484
-0.6685178279876709 0.5682325959205627 -1.205298900604248
-1.9529529809951782 0.284606397151947 -0.37118402123451233
-1.7958992719650269 0.284606397151947 -0.24214370548725128
-2.3863744735717773 0.6123562455177307 1.1307134628295898
-1.9252545833587646 0.284606397151947 0.10010179877281189
-1.9234099388122559 0.284606397151947 -0.5819958448410034
-0.7478619813919067 0.284606397151947 1.7373510599136353
0.4358126223087311 0.284606397151947 -0.7393973469734192
-1.5594457387924194 0.284606397151947 -0.5284884572029114
0.9211299419403076 0.6427803039550781 -1.2052998542785645
-1.7223206758499146 0.284606397151947 1.265458345413208
-1.9470134973526 0.284606397151947 0.4135020673274994
0.5931652784347534 0.4665933847427368 -1.2052992582321167
0.16317641735076904 0.284606397151947 -0.29010266065597534
0.20434308052062988 0.28460636734962463 2.141308307647705
0.9210300445556641 0.2845063805580139 0.9894924163818359
0.3235488831996918 0.284606397151947 0.4832563102245331
-2.3863744735717773 1.013364553451538 -1.2053983211517334
-1.1635017395019531 0.2846064567565918 -1.205398678779602
-0.9846286773681641 0.2845063805580139 2.141206741333008
-0.9234433770179749 0.284606397151947 -0.7836979627609253
-1.3281574249267578 0.284606397151947 1.6539520025253296
-2.3863754272460938 0.2845063805580139 -0.07828235626220703
0.9211299419403076 0.38114237785339355 -1.2052996158599854
-1.9007858037948608 0.6764519810676575 2.1412081718444824
-1.1958328485488892 0.284606397151947 1.3949402570724487
-2.386474370956421 0.5568742752075195 2.141207695007324
-1.7580304145812988 0.284606397151947 -0.42103418707847595
0.9211301207542419 0.4744201600551605 2.1412081718444824
-1.4941660165786743 0.284606397151947 1.7180209159851074
0.07459936290979385 0.284606397151947 0.43038731813430786
-1.1806784868240356 0.284606397151947 0.9094370007514954
-2.3863744735717773 0.778761088848114 -0.965112030506134
-1.0179884433746338 0.284606397151947 1.5494771003723145
-2.386474609375 0.6866554617881775 -1.2052984237670898
-2.386373996734619 0.43834221363067627 2.141308307647705
-2.386474370956421 1.11362886428833 2.1412081718444824
-2.386474370956421 0.7811994552612305 2.1412081718444824
-0.4586257338523865 0.6546072959899902 2.1412081718444824
-0.18768396973609924 0.5380907654762268 -1.2052990198135376
0.9210300445556641 0.4952358603477478 1.0244522094726562
-2.386474609375 0.2846064567565918 0.6172783374786377
0.9211301207542419 0.6031920909881592 2.1412084102630615
0.6964476108551025 0.7042619585990906 -1.2052993774414062
-0.18873310089111328 0.2845063805580139 2.141207695007324
0.9211300611495972 0.2846064567565918 1.850593090057373
0.9211300015449524 0.2846064567565918 0.3442707061767578
-2.3863744735717773 0.6821123361587524 0.0041883266530931
-0.9306051731109619 0.284606397151947 0.06422644108533859
-1.9964543581008911 0.7318175435066223 -1.2052985429763794
-2.3863744735717773 0.49092257022857666 -0.6178712248802185
-1.1872867345809937 0.284606397151947 1.586782693862915
-1.365001916885376 0.284606397151947 -0.3798382878303528
-2.386474370956421 0.2846064567565918 1.395320177078247
-0.02693609520792961 0.284606397151947 -0.4066246449947357
0.47952359914779663 0.284606397151947 -0.3630877137184143
0.08592933416366577 0.284606397151947 1.887643814086914
-0.5042698383331299 0.284606397151947 -0.6725267171859741
-1.805092215538025 0.284606397151947 -0.05538749322295189
0.9211301207542419 0.9237318634986877 2.141209602355957
-0.8870327472686768 0.5085375905036926 -1.2052987813949585
0.9210300445556641 0.46778634190559387 0.7673603296279907
-1.6933412551879883 0.284606397151947 1.0782139301300049
-2.0098509788513184 0.4846656918525696 2.1412081718444824
-2.3863744735717773 0.5576286315917969 0.9292817115783691
-1.3852663040161133 0.2845063805580139 2.141206741333008
-2.3863744735717773 0.5621427297592163 -0.1358591467142105
-1.3847373723983765 0.284606397151947 1.4733332395553589
-2.1584558486938477 0.5773470997810364 -1.2052984237670898
-0.5729208588600159 0.5925728678703308 2.9200503826141357
-0.6436718106269836 0.284606397151947 1.5836118459701538
-0.3494924008846283 0.284606397151947 -0.15609420835971832
0.5838424563407898 0.5608993172645569 2.1412081718444824
0.9210383892059326 0.8707727789878845 -1.2053993940353394
0.9210386276245117 0.9765322804450989 -1.2053993940353394
0.9210299849510193 0.4571804404258728 -0.2514062821865082
0.9210301041603088 0.6603098511695862 1.9430484771728516
-2.3863744735717773 0.4476829469203949 0.40215227007865906
0.9210299253463745 0.5639113187789917 -0.7868746519088745
0.9210300445556641 0.6224476099014282 1.7349261045455933
0.9210299849510193 0.47313192486763 0.16261109709739685
-1.2313605546951294 0.284606397151947 -0.25102466344833374
0.4450395703315735 0.284606397151947 -0.03538646176457405
-2.3863744735717773 0.5359429717063904 1.7730294466018677
0.6219279766082764 0.284606397151947 1.2409089803695679
0.08696117997169495 0.284606397151947 1.538760781288147
0.31413838267326355 0.5488413572311401 2.1412081718444824
0.9210299253463745 0.6921879649162292 -0.9610716700553894
-2.126352548599243 0.6998493075370789 2.1412081718444824
-1.2355749607086182 0.2846081256866455 2.141308307647705
0.9210299849510193 0.7195990681648254 2.141308307647705
-0.13915026187896729 0.284606397151947 2.6924431324005127
-1.7575838565826416 0.284606397151947 0.44033029675483704
0.6923112869262695 0.2845063805580139 2.141207695007324
0.9210300445556641 0.5532054305076599 1.2739570140838623
0.9210299849510193 0.648301899433136 0.3463808000087738
0.9210300445556641 0.8736190795898438 1.872222661972046
-2.064361572265625 0.8704861402511597 2.1412081718444824
-2.3863744735717773 0.29368627071380615 1.6354050636291504
-1.3478115797042847 0.284606397151947 1.2522348165512085
-0.8570610880851746 0.284606397151947 1.5899033546447754
-2.3863744735717773 0.6587985157966614 1.4268208742141724
-2.3863744735717773 0.6569530963897705 1.5905143022537231
-2.3863744735717773 0.6665254831314087 -0.6960859894752502
-1.1456317901611328 0.2845063805580139 2.141206741333008
0.029014211148023605 0.5526394248008728 2.1412081718444824
-0.6751612424850464 0.284606397151947 -0.8028286099433899
-1.7379425764083862 0.284606397151947 1.4908199310302734
-2.3863744735717773 0.7689111828804016 1.0430607795715332
-1.714855670928955 0.284606397151947 0.11117669939994812
-1.404549479484558 0.5694661736488342 2.1412081718444824
-0.3772784173488617 0.284606397151947 1.914426326751709
-0.8537119030952454 0.749839723110199 2.606424331665039
-1.4151126146316528 0.284606397151947 0.32292142510414124
-1.1301380395889282 0.284606397151947 -0.7707769870758057
-1.2066543102264404 0.799441933631897 2.1412081718444824
-0.43907827138900757 0.5046416521072388 -1.2052990198135376
-1.311196208000183 0.5400779247283936 -1.205298662185669
-2.3863744735717773 0.8643817901611328 1.4775946140289307
-2.1456503868103027 0.8601270318031311 -1.2052984237670898
-2.3863744735717773 0.9152839779853821 1.8668794631958008
0.6840193271636963 0.284606397151947 0.64005047082901
-0.2914699614048004 0.6001423001289368 2.1412081718444824
0.013442546129226685 0.284606397151947 -0.7351706624031067
-0.010907888412475586 0.7497397065162659 2.5728135108947754
0.3007058799266815 0.5221784710884094 -1.2052992582321167
-2.3863744735717773 0.6381683349609375 0.571975827217102
0.9210300445556641 0.2845063805580139 -0.16586527228355408
0.1983884871006012 0.9021450281143188 2.1412081718444824
-2.0336122512817383 1.1219066381454468 0.057429298758506775
-1.5150038003921509 0.5713880062103271 -1.205298662185669
0.6464111804962158 0.284606397151947 0.09061145782470703
-0.15054357051849365 0.2845063805580139 -1.205299735069275
-0.6362325549125671 0.28611859679222107 2.692619562149048
0.9210299849510193 0.475624680519104 0.49587762355804443
-2.0204899311065674 0.9121403098106384 1.7859156131744385
-1.1805617809295654 0.284606397151947 0.2996814548969269
-2.0703771114349365 0.9078368544578552 -0.3102210462093353
-1.5868536233901978 0.6469272375106812 2.1412081718444824
0.4621901512145996 0.284606397151947 1.4684643745422363
0.49127504229545593 0.8266855478286743 -1.2052992582321167
-2.3745172023773193 1.4486362934112549 -1.2052984237670898
-1.6573940515518188 0.284606397151947 0.6067599058151245
-1.8371927738189697 0.284606397151947 0.6164485812187195
-1.6254565715789795 0.284606397151947 -0.10327143967151642
-0.8679364323616028 0.5763603448867798 2.1412081718444824
-1.705754280090332 0.284606397151947 0.8171476721763611
-1.7586987018585205 0.7663992643356323 2.1412081718444824
-2.3863744735717773 0.8193799257278442 -0.14792495965957642
0.43494150042533875 0.284606397151947 -0.5692533850669861
-1.5265027284622192 0.284606397151947 0.14285311102867126
-2.3863744735717773 0.9539303183555603 -0.9002462029457092
0.445445716381073 0.6566877961158752 -1.2052992582321167
-1.737367868423462 0.5115893483161926 2.1412081718444824
0.9210299849510193 0.691047191619873 0.12886938452720642
0.9210299849510193 0.593751847743988 -0.05717989057302475
-1.5521416664123535 0.284606397151947 1.5384433269500732
-2.0145246982574463 0.284606397151947 0.9665594696998596
0.5597096681594849 0.284606397151947 1.6265488862991333
-2.3863744735717773 0.7022612690925598 0.8199639916419983
-0.8550004959106445 0.749839723110199 2.5074076652526855
-0.4605492651462555 0.28460633754730225 2.6924242973327637
-0.8536500930786133 0.284606397151947 1.2317150831222534
0.45896655321121216 0.284606397151947 0.33697932958602905
-2.011223793029785 0.6780054569244385 -0.6510193347930908
-1.7611080408096313 0.5930028557777405 -1.2052985429763794
-2.3863744735717773 0.6957166194915771 -0.5014593005180359
-1.1774035692214966 0.5800876617431641 2.1412081718444824
-2.3863744735717773 0.5277171730995178 0.1363251954317093
-1.3028719425201416 0.284606397151947 0.14975638687610626
-1.4501389265060425 0.7650389075279236 -1.205298662185669
-1.2954809665679932 0.284606397151947 0.46926045417785645
-0.3963342010974884 0.39184004068374634 2.9482784271240234
-2.3863744735717773 0.7644845247268677 1.2768861055374146
-1.5069350004196167 0.284606397151947 0.7389038801193237
-2.082134962081909 0.9591379761695862 1.2265044450759888
0.40755340456962585 0.284606397151947 1.7389929294586182
0.6744984984397888 0.9229528307914734 -1.2052993774414062
-1.5277814865112305 0.284606397151947 0.9495552778244019
-1.3798351287841797 0.9650343060493469 1.861056923866272
-0.5118670463562012 0.284606397151947 1.720514178276062
-2.0517632961273193 0.8550962805747986 -0.7974907755851746
-2.3863744735717773 1.258320927619934 -1.2053983211517334
-1.5403937101364136 0.284606397151947 4.144479751586914
-0.16862237453460693 0.284606397151947 4.6992316246032715
-1.0101181268692017 0.7284426093101501 2.1412081718444824
-2.031176805496216 1.223828911781311 1.687382698059082
-1.8270232677459717 0.7063360214233398 1.796531081199646
-1.606682538986206 0.284606397151947 0.3381747305393219
0.567658543586731 0.7295587062835693 2.1412081718444824
-0.2922651767730713 0.284604549407959 2.6924242973327637
0.9211301207542419 1.1363370418548584 2.141209602355957
0.35154828429222107 0.284606397151947 1.0881695747375488
-1.416348934173584 0.284606397151947 -0.18887662887573242
0.3475708067417145 0.706646740436554 2.1412081718444824
-0.5540602207183838 0.284606397151947 -0.38090455532073975
0.668706476688385 0.284606397151947 0.9697229862213135
0.9210300445556641 0.6515319347381592 1.5053212642669678
-1.4302173852920532 0.30560097098350525 3.0845859050750732
-2.3863744735717773 0.8021298050880432 1.6853686571121216
0.6259444952011108 0.8764872550964355 2.1412081718444824
-0.14707593619823456 0.284606397151947 1.6045631170272827
-0.9934534430503845 0.284606397151947 4.633657932281494
-0.34515613317489624 0.6876799464225769 -1.2052990198135376
0.9210300445556641 1.0497760772705078 1.8038674592971802
0.9210300445556641 0.6877356767654419 0.7629678845405579
0.9210300445556641 1.0322930812835693 2.141308307647705
0.9210299849510193 0.8417035937309265 0.2622136175632477
-2.3863744735717773 0.8166552186012268 0.12532973289489746
-0.285494863986969 0.284606397151947 1.4520021677017212
0.9210300445556641 0.6905267834663391 0.9637011885643005
-0.058503806591033936 0.7054126262664795 -1.2052991390228271
-1.8891479969024658 0.9920176267623901 -0.8770931959152222
0.9211299419403076 1.0779720544815063 -1.2052993774414062
-0.08195003867149353 0.284606397151947 3.9143176078796387
0.9210299849510193 0.669895350933075 -0.36455467343330383
-2.386375665664673 0.9923081994056702 2.141308307647705
0.9210299849510193 0.6849971413612366 0.5663105249404907
-2.3863744735717773 0.8255017399787903 -0.7266433835029602
-2.0941824913024902 1.0845705270767212 -1.2052984237670898
0.9210300445556641 0.8806688785552979 1.2794671058654785
0.9211301207542419 1.2713661193847656 2.141209840774536
0.36088666319847107 0.9095798134803772 2.095075845718384
-1.6571089029312134 0.7438762784004211 -1.2052985429763794
-0.832339346408844 0.7090867161750793 -1.205298900604248
-2.3863744735717773 0.6623095273971558 0.29582899808883667
0.47147876024246216 0.8683239817619324 -0.8763927817344666
-0.19185614585876465 0.8154455423355103 -1.2052990198135376
-1.8521075248718262 0.788375198841095 -1.2052985429763794
-2.3863744735717773 0.7634459733963013 0.4464553892612457
-2.044055938720703 1.0515695810317993 2.1412081718444824
-1.4691441059112549 0.284606397151947 0.528285801410675
-1.8503353595733643 0.6501830220222473 -0.8195089101791382
-1.8204312324523926 0.6042571663856506 -0.5768497586250305
0.2536279857158661 0.284606397151947 1.2371269464492798
-1.0019325017929077 0.284606397151947 1.3385676145553589
0.9210300445556641 0.7014037370681763 1.1863211393356323
0.7480340600013733 0.284606397151947 3.7908897399902344
-1.4266464710235596 0.284606397151947 -0.009444237686693668
0.9210299253463745 0.6948524713516235 -0.5916872024536133
-2.3863744735717773 0.7181515693664551 -0.3042773902416229
-0.9051247239112854 0.284606397151947 0.6555607914924622
-1.9171072244644165 0.9594804644584656 -1.2052985429763794
-1.225202202796936 0.284606397151947 -0.05815446004271507
-2.3863744735717773 0.9207353591918945 1.180902123451233
0.9211299419403076 1.1894885301589966 -1.2052991390228271
-1.193043828010559 0.284606397151947 -0.5819497108459473
-1.1064422130584717 0.5788823962211609 -1.2052987813949585
-2.3863744735717773 0.9461122751235962 -0.2950987219810486
-2.3863744735717773 0.9784292578697205 -0.6705465316772461
0.28139644861221313 0.284606397151947 -0.430605411529541
-2.3863744735717773 0.8856856822967529 -0.48720115423202515
-0.9951119422912598 1.5338661670684814 -1.3259272575378418
-0.5695490837097168 0.722727358341217 -1.205298900604248
-1.1345652341842651 0.3001108169555664 4.543501853942871
-2.500272035598755 1.53435480594635 -0.9147946834564209
0.9210300445556641 1.3661901950836182 2.141308307647705
-1.7016820907592773 0.9344695210456848 -1.2052985429763794
-1.1021201610565186 0.284606397151947 0.4837436378002167
0.9210300445556641 0.9092616438865662 1.5518121719360352
-2.3863744735717773 0.9534193873405457 -0.014066983014345169
0.2610339820384979 0.284606397151947 -0.09007557481527328
-0.38127824664115906 0.284606397151947 -0.5561637878417969
0.9210299253463745 0.7735037207603455 -0.7510114908218384
-1.5717066526412964 0.284606397151947 -0.3069027066230774
0.9210300445556641 0.8570400476455688 1.061701774597168
-1.0106703042984009 0.284606397151947 -0.5955933928489685
0.9210299253463745 1.0949009656906128 -0.8667153716087341
-0.06614904850721359 0.284606397151947 -0.8809241056442261
-2.3863744735717773 1.0898808240890503 1.5326257944107056
-2.3863744735717773 1.1559656858444214 -0.8686264753341675
0.47592693567276 0.3068903088569641 2.895118236541748
-1.1553548574447632 0.284606397151947 1.181158185005188
0.6194693446159363 0.284606397151947 4.116387367248535
-1.0281320810317993 0.751123309135437 -1.2052987813949585
0.5070016384124756 1.1368224620819092 -0.8344124555587769
0.9210300445556641 0.7993484735488892 1.6878172159194946
0.9210299849510193 0.8218651413917542 -0.04193413630127907
0.25677868723869324 0.284606397151947 -0.7600352764129639
-0.788983941078186 0.284606397151947 -0.7019058465957642
-1.2681334018707275 0.7411714792251587 -1.205298662185669
0.49648115038871765 1.0290440320968628 -1.2052992582321167
-2.066438674926758 1.2857933044433594 -0.6927729249000549
-0.8710286617279053 0.284606397151947 -0.12335088849067688
-1.0940791368484497 0.284606397151947 -0.39401713013648987
-1.8100191354751587 1.2568862438201904 -0.8823599815368652
0.5409857034683228 0.30549389123916626 3.6718761920928955
0.29262545704841614 0.284606397151947 4.459497451782227
-0.7218145728111267 0.284606397151947 -0.29100319743156433
-2.3863744735717773 1.0541826486587524 1.3333131074905396
0.9210300445556641 0.8680315613746643 0.8493908643722534
-0.03533440828323364 0.284606397151947 0.576265811920166
-0.37126782536506653 0.284606397151947 -0.35648930072784424
0.086113341152668 0.7479134798049927 2.1412081718444824
-1.858128547668457 1.4044255018234253 -1.2052985429763794
0.7767972350120544 0.3101201057434082 3.6335673332214355
-1.271461844444275 0.8679894208908081 -0.8529172539710999
-2.3863744735717773 0.9178342223167419 0.9289710521697998
-2.3863742351531982 1.3236466646194458 2.141308307647705
-2.0219526290893555 0.8676792979240417 1.4805904626846313
-2.075289011001587 1.2045077085494995 0.9001275300979614
-0.0039148274809122086 0.9841164946556091 -1.2052991390228271
-2.3863744735717773 1.1754188537597656 1.8374239206314087
-1.3006094694137573 0.284606397151947 1.0531525611877441
-1.4776800870895386 0.9335585236549377 -1.205298662185669
-1.8722742795944214 0.6149548888206482 1.5860055685043335
-0.31363293528556824 0.962945282459259 -0.892076313495636
0.23651239275932312 0.7162704467773438 -1.2052991390228271
-1.7574489116668701 0.8623278141021729 -0.7899847626686096
-1.8639930486679077 0.9093831777572632 2.1412081718444824
-0.7976697683334351 0.2852264940738678 2.692556381225586
-2.3863744735717773 0.937573254108429 0.5389525890350342
0.6402720212936401 0.284606397151947 0.3393297493457794
0.9210299253463745 0.8951407074928284 -0.9143503308296204
-0.7626553177833557 0.8679866194725037 -1.205298900604248
-1.9965041875839233 0.6767312288284302 1.2063230276107788
-2.033015727996826 0.8224194645881653 -0.05759959667921066
-1.401199460029602 0.7627912163734436 2.1412081718444824
-1.831272840499878 1.0820857286453247 1.8542560338974
0.9210299849510193 1.0438686609268188 0.4396061599254608
0.9211299419403076 1.3006205558776855 -1.2052992582321167
-2.0398051738739014 0.7661241888999939 0.2371874749660492
-2.3863742351531982 1.2177983522415161 2.141308307647705
0.07413121312856674 0.8324940204620361 -1.2052991390228271
-1.3613333702087402 1.2382094860076904 -1.205298662185669
0.9210299849510193 0.9317031502723694 -0.262813538312912
-1.5808074474334717 0.8796966671943665 2.1412081718444824
-1.5937459468841553 0.29659131169319153 3.977546215057373
0.26895639300346375 0.284606397151947 1.4279221296310425
-2.3863744735717773 1.1185864210128784 -0.1743171662092209
0.3601718246936798 0.6528441309928894 -0.8321921825408936
-1.5796844959259033 0.79133141040802 1.7497035264968872
-2.033200263977051 0.7377733588218689 1.6414300203323364
-1.3555315732955933 0.284606397151947 0.8493699431419373
-2.029452323913574 0.8604729771614075 0.9689591526985168
0.3685952425003052 0.284606397151947 -0.23482449352741241
0.0010673488723114133 1.030266284942627 2.1412081718444824
0.12989114224910736 0.5219475626945496 3.3469228744506836
-0.9309086799621582 0.284606397151947 2.69852352142334
0.9210299253463745 1.428907036781311 -0.9563881754875183
-1.946173906326294 1.117186427116394 -0.6561391949653625
-2.3863747119903564 1.3506503105163574 -1.2053983211517334
-1.3916001319885254 0.3072929382324219 4.339651584625244
-1.9932050704956055 0.8507851362228394 -0.5305007100105286
-2.3863744735717773 0.8211934566497803 0.6975873112678528
0.9195852279663086 1.4181690216064453 -1.20345139503479
-0.24586506187915802 0.9727128148078918 -1.2052990198135376
-1.5788826942443848 1.1329162120819092 -1.205298662185669
-1.183104157447815 0.9001225233078003 -1.2052987813949585
0.9210299849510193 0.8523479104042053 -0.4654996991157532
-1.5132381916046143 0.8206509947776794 -0.8543513417243958
-1.9856921434402466 1.2318286895751953 2.1412081718444824
-2.0574581623077393 1.044355034828186 0.3883117139339447
-2.3863744735717773 0.9881188869476318 1.6772242784500122
-0.9781708121299744 0.927806556224823 -1.2052987813949585
0.31164076924324036 0.8726360201835632 -1.2052992582321167
0.4826624393463135 1.3347184658050537 2.1287779808044434
-1.128475546836853 0.284606397151947 1.7996617555618286
-0.4309553802013397 0.8708420991897583 -1.2052990198135376
0.4076578617095947 0.284606397151947 0.8985128998756409
0.9210299253463745 0.9347909092903137 -0.6688690185546875
-2.3863744735717773 1.1184550523757935 -0.5594207048416138
-0.7804391384124756 0.284606397151947 0.34509989619255066
-1.3713860511779785 0.9615839719772339 2.1412081718444824
-2.3863744735717773 1.0154446363449097 0.7481048107147217
-2.3863744735717773 0.8857907056808472 0.296861857175827
-2.012622833251953 1.2688874006271362 -1.2052984237670898
-1.7959725856781006 1.1497172117233276 -1.2052985429763794
-2.3863744735717773 1.280794620513916 -0.6955879330635071
0.4766119122505188 0.284606397151947 0.15272456407546997
-1.3077596426010132 1.0367295742034912 -1.205298662185669
0.5653971433639526 0.7139103412628174 -0.7409487366676331
-0.017593881115317345 0.2909875810146332 4.648560523986816
0.5233420133590698 0.284606397151947 1.0661314725875854
-0.1884542852640152 0.284606397151947 -0.2975083589553833
-0.8424348831176758 1.0630587339401245 -1.205298900604248
0.5532665848731995 0.284606397151947 0.7910712361335754
-1.1140389442443848 0.284606397151947 0.09793803095817566
-0.26969343423843384 0.284606397151947 1.252450704574585
-0.3588789105415344 0.284606397151947 1.6068775653839111
0.08535114675760269 1.2268338203430176 -1.2052991390228271
-1.64090895652771 0.284606397151947 3.5376949310302734
-2.045497179031372 1.5781056880950928 -0.8616023659706116
-1.258331060409546 0.7218936681747437 1.801488995552063
-0.10683922469615936 0.284606397151947 1.2050931453704834
-0.8371997475624084 0.284606397151947 1.0332037210464478
-2.3863744735717773 1.3463822603225708 1.7132540941238403
-0.5938979387283325 0.9489951133728027 -1.205298900604248
0.47245335578918457 1.0022810697555542 2.1412081718444824
-1.7220706939697266 1.0413410663604736 2.1412081718444824
0.7769408226013184 0.3284517526626587 3.479358673095703
-0.7974305748939514 0.2958959639072418 4.70766019821167
-2.037058115005493 0.7977865934371948 0.728032648563385
-2.3863744735717773 1.4325612783432007 -0.9292736053466797
-2.3863744735717773 1.4083715677261353 -0.2932916581630707
-1.838791847229004 0.9578080177307129 1.6427638530731201
-2.3828072547912598 1.4679858684539795 -0.6098576784133911
0.257863849401474 1.0413198471069336 -1.2052991390228271
0.9210299849510193 1.12413489818573 0.23339396715164185
-0.8402427434921265 0.7816858887672424 2.4836618900299072
-1.9892133474349976 0.6534435153007507 -0.22976726293563843
0.9210300445556641 1.0429550409317017 1.222632884979248
0.9210300445556641 1.0722182989120483 1.5969549417495728
0.5861603021621704 1.229749083518982 -1.2052992582321167
-2.3863744735717773 1.2264822721481323 0.8203309178352356
-2.2068591117858887 1.46926748752594 2.2758848667144775
-1.4993661642074585 1.141799807548523 -0.8451359868049622
0.6197949051856995 0.9241226315498352 -0.6422202587127686
0.9210300445556641 1.3170427083969116 1.8570410013198853
0.4104011356830597 0.2900370955467224 4.3647565841674805
0.3067838251590729 0.5072185397148132 3.0760271549224854
0.6711910963058472 1.564822793006897 -0.9371069073677063
-1.4161591529846191 0.2980668544769287 3.6472601890563965
0.9210300445556641 1.0797507762908936 0.7148630023002625
-0.6532571911811829 0.3020637631416321 4.748570442199707
-1.6541872024536133 0.3060552179813385 3.6902055740356445
0.08233953267335892 0.8544708490371704 -0.8789642453193665
0.9210299849510193 1.058165192604065 -0.06473144143819809
-2.3863744735717773 1.0632227659225464 0.2447660267353058
0.5201159715652466 0.29546940326690674 4.2563276290893555
-2.0155622959136963 1.3086642026901245 1.4023069143295288
-0.9055100083351135 0.826463520526886 -0.8555434942245483
-2.3863744735717773 1.1060984134674072 1.0221015214920044
-2.3863744735717773 1.1916590929031372 -0.37286296486854553
-1.1287400722503662 0.9579222798347473 2.1412081718444824
-1.900914192199707 1.557079553604126 2.0855815410614014
-2.2059967517852783 1.604477882385254 1.4018241167068481
-0.49847251176834106 0.284606397151947 1.496364951133728
-2.3863744735717773 1.2950917482376099 1.479728102684021
-1.280072569847107 0.2979859709739685 4.448136806488037
0.9210300445556641 1.0344034433364868 0.9643361568450928
-1.0524983406066895 0.284606397151947 -0.17150337994098663
-0.5542099475860596 0.284606397151947 0.320606529712677
-1.5218616724014282 0.2855648398399353 3.1940062046051025
0.20298485457897186 0.284606397151947 0.9817205667495728
-0.6973237991333008 0.284606397151947 -0.059466470032930374
-1.234824299812317 1.1522165536880493 2.1412081718444824
0.855894923210144 1.4567533731460571 2.266892194747925
-0.48026275634765625 0.28893110156059265 4.758687496185303
0.06532314419746399 0.284606397151947 1.1331629753112793
0.9210299253463745 1.2020310163497925 -0.700988233089447
0.3296957314014435 0.30386412143707275 2.6925244331359863
-0.6505758762359619 0.284606397151947 -0.5527749061584473
0.9210299849510193 1.0666073560714722 -0.5010464191436768
-2.3863744735717773 1.2365955114364624 1.2133508920669556
0.13179059326648712 0.28682029247283936 4.571574687957764
-1.5999269485473633 0.3284963369369507 3.37518572807312
-0.03741106390953064 1.4396371841430664 -1.2052991390228271
-1.7732268571853638 1.2464679479599 2.1412081718444824
-2.3863744735717773 1.1342288255691528 0.49156051874160767
-1.382401466369629 0.2854859232902527 3.8962690830230713
0.1977807730436325 0.284606397151947 0.6178057193756104
-0.8678687214851379 0.284606397151947 4.551651954650879
-1.8267048597335815 0.6820321679115295 1.381618857383728
-0.32405540347099304 0.3281953036785126 4.729802131652832
0.9210300445556641 0.7985690832138062 1.42592191696167
-1.1335477828979492 0.6884878277778625 -0.8029786944389343
0.6889553666114807 0.31186777353286743 3.1126716136932373
-0.769075870513916 0.284606397151947 0.16021518409252167
0.8103088736534119 1.4785053730010986 -1.202989935874939
-1.6294152736663818 0.6812305450439453 -0.6887834072113037
0.0276864655315876 0.284606397151947 2.692495822906494
-0.5391133427619934 0.284606397151947 -0.16663815081119537
-1.0106335878372192 0.284606397151947 0.858941912651062
-1.491641879081726 1.14287269115448 2.1412081718444824
-2.142202854156494 1.474022388458252 -1.2052984237670898
-0.7912411093711853 0.284606397151947 1.4321209192276
-0.5177558660507202 0.28754177689552307 4.585214138031006
-2.3863744735717773 1.1715651750564575 0.06263402849435806
0.9210299849510193 1.2364661693572998 0.5370754599571228
-1.1084343194961548 1.1354256868362427 -1.2052987813949585
0.7494694590568542 0.3002166450023651 3.306934356689453
-0.29275786876678467 0.284606397151947 0.8755156993865967
-1.588324785232544 1.3624131679534912 -1.205298662185669
0.9210299849510193 0.7471885681152344 -0.2031639665365219
0.9210300445556641 1.3546171188354492 1.6835654973983765
-2.4670777320861816 1.5289912223815918 -0.4270186424255371
-0.9838724732398987 0.6084041595458984 2.953850030899048
-2.0821590423583984 1.4148393869400024 -0.04859602078795433
-2.3724565505981445 1.5519132614135742 -0.09383155405521393
0.33392083644866943 1.2209773063659668 -1.2052992582321167
0.4073421061038971 0.284606397151947 0.676448404788971
-1.0205875635147095 0.284606397151947 1.0699046850204468
-2.383754253387451 1.4703419208526611 1.3095765113830566
0.2761506736278534 0.284606397151947 0.3010560870170593
0.9210299849510193 1.1582146883010864 -0.2950199246406555
0.3009316325187683 0.7294736504554749 1.8170502185821533
0.7190105319023132 0.3028119206428528 3.9533607959747314
-0.0920659601688385 0.284606397151947 1.4381097555160522
-2.3863742351531982 1.432076334953308 2.1222245693206787
-1.9999144077301025 1.481375813484192 2.336514949798584
-1.99478280544281 1.578270673751831 1.858960509300232
-1.3865077495574951 0.6174537539482117 -0.7632606625556946
-0.11383959650993347 1.1908116340637207 -1.2052990198135376
-2.380316734313965 1.5022993087768555 1.5644383430480957
-1.4351481199264526 0.2946939766407013 4.19753885269165
-2.385279655456543 1.4668673276901245 1.8952406644821167
0.9210299849510193 0.833948016166687 0.4451950490474701
0.9210300445556641 1.2154722213745117 1.4830925464630127
-2.5609633922576904 1.5469157695770264 0.539779543876648
-1.1171674728393555 0.3158842921257019 4.336035251617432
-0.39984604716300964 0.693122148513794 -0.8359422087669373
-0.5243880152702332 0.284606397151947 1.0636441707611084
0.4555984437465668 1.4633287191390991 2.261781692504883
0.5834234952926636 1.174397587776184 2.1412081718444824
0.5371055603027344 0.858379065990448 1.787889838218689
-0.19328990578651428 0.284606397151947 0.4647112190723419
0.2814413011074066 0.284606397151947 0.1087348461151123
0.9051860570907593 1.5466761589050293 1.5940790176391602
0.9094251394271851 1.4240974187850952 -0.7954224348068237
-0.8542407155036926 0.2945156693458557 4.332812786102295
-0.18539392948150635 0.3088529407978058 4.49604606628418
-1.6315876245498657 0.3044969439506531 3.8371760845184326
-0.019027916714549065 0.3046134114265442 4.213066101074219
-0.9037676453590393 0.284606397151947 -0.3189777731895447
0.3784846067428589 0.3582226634025574 3.582150459289551
-1.303113341331482 0.284606397151947 0.670732855796814
0.9064415693283081 1.3931763172149658 0.36652040481567383
0.9106091856956482 1.4583616256713867 2.024782657623291
0.09319853037595749 0.284606397151947 4.407814025878906
-0.17523673176765442 0.284606397151947 -0.5572942495346069
-0.5956017971038818 1.1311942338943481 -1.205298900604248
0.9210300445556641 0.8742783665657043 0.644578218460083
0.2861269414424896 0.3151473104953766 3.3214542865753174
-1.9071934223175049 0.6386086344718933 0.023494822904467583
-0.02759663388133049 0.284606397151947 -0.19402530789375305
0.20311224460601807 0.28461194038391113 2.6924242973327637
0.05737391486763954 0.284606397151947 1.3247177600860596
0.5181054472923279 0.4174944758415222 4.036323547363281
-0.2770885229110718 0.2900868058204651 4.310751438140869
-0.9807040095329285 0.284606397151947 0.2858263850212097
0.04432542994618416 0.284606397151947 0.7742941379547119
-1.2887494564056396 0.3279814124107361 3.4947874546051025
0.5599688291549683 1.5681519508361816 -0.7288712859153748
-0.9230625629425049 1.2498130798339844 -1.2052987813949585
-1.7311769723892212 1.2973015308380127 1.8181822299957275
0.2927207052707672 0.9976192116737366 -0.8011892437934875
0.252488374710083 1.437345266342163 2.1317028999328613
0.24791887402534485 0.284606397151947 4.187204360961914
-1.654259443283081 0.6380132436752319 1.5980949401855469
-0.5724272727966309 0.284606397151947 0.12368786334991455
-0.6526972055435181 0.8849149346351624 -0.8884648084640503
-1.8174628019332886 0.6981694102287292 -0.35529825091362
-1.2241761684417725 1.5381207466125488 -1.3528088331222534
-0.49893301725387573 0.328989177942276 3.968261480331421
-2.275143623352051 1.6089222431182861 -0.7258749604225159
-0.6188204884529114 0.284606397151947 1.3404252529144287
-0.06394389271736145 0.6674212217330933 -0.8310756087303162
-1.0981345176696777 0.471702516078949 3.082237482070923
0.6148105263710022 1.2423832416534424 -0.6044008731842041
-2.068068265914917 1.3818273544311523 0.52040034532547
-1.8817802667617798 1.1746680736541748 0.9961228966712952
0.15408173203468323 1.4701920747756958 -1.2030551433563232
0.5855965614318848 1.4816374778747559 -1.1888622045516968
-0.30295687913894653 0.5221184492111206 3.5166871547698975
-1.39901602268219 1.3857297897338867 -0.4458876848220825
-1.7309041023254395 1.5451890230178833 -1.3263978958129883
-0.7991600632667542 0.5073694586753845 3.8574507236480713
-2.002082109451294 1.560468316078186 -1.1303218603134155
-0.37316545844078064 1.5464273691177368 -1.2971405982971191
-1.8046016693115234 1.4658055305480957 -0.7789852023124695
0.019625218585133553 1.4999322891235352 2.330636978149414
-0.6372546553611755 1.1723530292510986 2.625119209289551
-0.05232090502977371 1.1085985898971558 -0.8666177988052368
-2.3863744735717773 1.3426477909088135 -0.03455134481191635
-0.36052054166793823 1.1470803022384644 -1.2052990198135376
-2.0916543006896973 1.6514824628829956 -0.5114256143569946
-1.6298904418945312 1.585774302482605 -1.0404767990112305
0.9210299849510193 0.9475508332252502 0.10514690726995468
0.1184169352054596 1.5967514514923096 -0.955420970916748
-1.4677826166152954 1.5358306169509888 -1.3002558946609497
0.9210300445556641 1.2326195240020752 0.99293053150177
0.9210299849510193 1.2728681564331055 -0.09415002912282944
-1.8213255405426025 1.6453298330307007 -0.7446293234825134
0.910692036151886 1.4144039154052734 1.3692187070846558
-2.042679786682129 1.6716750860214233 -0.04372242093086243
-2.0956733226776123 1.3888053894042969 -0.3878285884857178
0.9210299849510193 1.3267372846603394 0.18010161817073822
-1.867435336112976 0.9355308413505554 1.2052001953125
0.3849727213382721 0.6175454258918762 -0.60953688621521
0.9210300445556641 1.23772132396698 1.2447723150253296
-0.22661271691322327 0.3121110200881958 4.09512186050415
-1.1717016696929932 0.3094066381454468 3.8629324436187744
-1.1020625829696655 1.0979949235916138 -0.8735770583152771
-2.1761436462402344 1.6323494911193848 1.1445471048355103
-0.8526433110237122 0.8897405862808228 2.680846691131592
-1.2704315185546875 1.5540846586227417 1.9667980670928955
-1.4367139339447021 1.4712443351745605 2.3125717639923096
0.9210299849510193 1.3355306386947632 -0.5249009728431702
-0.7453591823577881 0.31983593106269836 3.910027265548706
-2.241014003753662 1.6495898962020874 0.7475732564926147
-0.3494834899902344 0.284606397151947 1.0564368963241577
-1.1222145557403564 0.284606397151947 0.6864035129547119
0.6540490984916687 0.34460803866386414 3.0236849784851074
-1.7233134508132935 1.5803382396697998 1.8917566537857056
-1.0864994525909424 1.3065191507339478 1.5587570667266846
-1.5407052040100098 1.5827176570892334 1.7464159727096558
-1.7531647682189941 1.679669976234436 -0.4702172875404358
-2.3863744735717773 1.3535068035125732 1.0149719715118408
0.488346129655838 0.6483409404754639 1.6484757661819458
-1.7067749500274658 1.4784876108169556 2.293027639389038
-2.285898208618164 1.577583909034729 1.8542157411575317
-1.1205263137817383 0.3272319734096527 3.512706756591797
-0.17975196242332458 0.284606397151947 -0.05709882080554962
-1.6341831684112549 1.4011380672454834 1.341389775276184
-2.0101099014282227 0.8039621710777283 0.5033743977546692
-0.8725387454032898 1.1560208797454834 -0.5421499013900757
-2.376943588256836 1.4850897789001465 0.3466379940509796
-1.4858084917068481 0.9645367860794067 -0.6299572587013245
-1.9163709878921509 1.6301168203353882 0.2090478092432022
-1.1549121141433716 0.3542586863040924 2.8767952919006348
0.16591455042362213 0.3040953278541565 3.7533702850341797
-2.5090959072113037 1.53282630443573 1.1236540079116821
-1.382145643234253 1.4395394325256348 2.101595401763916
-1.5169689655303955 1.6659919023513794 -0.6448953151702881
-2.18721604347229 1.6652016639709473 -0.24683572351932526
-0.29448914527893066 0.284606397151947 0.6683680415153503
-0.6789625883102417 0.3005013167858124 4.2436418533325195
0.6160486340522766 0.9026678204536438 -0.24028074741363525
-0.6433228254318237 0.284606397151947 0.9287667870521545
-1.7963030338287354 1.0044633150100708 -0.5560036897659302
-1.8404420614242554 1.155202031135559 1.487923264503479
-1.3176625967025757 0.2898322343826294 2.9784958362579346
-0.6465258002281189 1.293950080871582 -1.205298900604248
-0.8632324934005737 0.6086446642875671 -0.7693805694580078
-1.9476598501205444 1.142194390296936 -0.2697497606277466
-0.5045928955078125 0.284606397151947 0.6265309453010559
0.36966583132743835 0.4144545793533325 2.898683547973633
-1.5891577005386353 1.5032621622085571 2.185087203979492
-0.882482647895813 0.9574554562568665 2.128962755203247
-0.8110178112983704 0.284606397151947 0.8421473503112793
0.3872263729572296 1.418868899345398 -1.2052992582321167
-0.23830007016658783 0.6657372117042542 3.2613120079040527
-1.9080783128738403 0.6233178377151489 0.5627636909484863
0.388347864151001 0.9610710144042969 0.7100936770439148
0.46327924728393555 0.30571573972702026 3.912360668182373
-1.1774643659591675 0.28552740812301636 4.1037516593933105
0.3620365262031555 1.560187816619873 -1.1361908912658691
-0.27949172258377075 1.3414043188095093 -1.2052990198135376
-1.2736656665802002 1.3844529390335083 -0.9240814447402954
0.05362275615334511 0.4870985448360443 4.070405006408691
0.9159482717514038 1.4371392726898193 0.023041866719722748
-1.03397798538208 1.4697160720825195 2.2875092029571533
-2.0888969898223877 1.6189709901809692 1.6402409076690674
-0.2423953413963318 0.2903430163860321 3.325093984603882
0.43562331795692444 1.3612289428710938 -0.7472807765007019
-1.8549107313156128 0.9440013766288757 0.11169365793466568
-0.43707388639450073 0.9922501444816589 2.909193992614746
-0.9632121920585632 1.1786478757858276 2.1412081718444824
0.9179432988166809 1.4002803564071655 -0.29070472717285156
0.24218973517417908 1.136354923248291 2.1388473510742188
-1.4665361642837524 0.2911011576652527 3.319749116897583
0.5556807518005371 1.2118302583694458 1.6974904537200928
0.6023696064949036 0.35608503222465515 3.395676612854004
-1.8392993211746216 1.3979377746582031 -0.4854350984096527
-1.0003858804702759 0.322557270526886 4.0339884757995605
0.5829544067382812 1.4930369853973389 1.904281735420227
-0.816301167011261 0.34033989906311035 4.089314937591553
0.23176142573356628 1.4019839763641357 -0.8719862699508667
-1.4995269775390625 0.6948204040527344 -0.5081586837768555
-0.695397138595581 0.5233262777328491 3.6507294178009033
-2.1038424968719482 1.514940619468689 0.9301608204841614
-0.23391416668891907 0.8223208785057068 -0.7540070414543152
-1.7891650199890137 1.4299585819244385 1.6155786514282227
-2.3034348487854004 1.6414626836776733 0.18003201484680176
0.11333482712507248 0.548696756362915 3.006486654281616
-0.4964318871498108 0.3304510712623596 3.7622625827789307
-0.4798595905303955 0.31497621536254883 4.185207366943359
0.546556293964386 0.6867606043815613 -0.09942079335451126
0.5996336936950684 0.8451641201972961 0.7172282934188843
-0.9693054556846619 0.39388057589530945 3.1712698936462402
0.582991361618042 0.834789514541626 1.57335364818573
-0.6732187867164612 0.31466737389564514 3.070136547088623
0.253191739320755 0.284606397151947 0.7994441390037537
-1.208059549331665 1.462837815284729 2.3548755645751953
0.08323024958372116 0.284606397151947 0.2315594106912613
-0.632492184638977 0.29752179980278015 3.5001637935638428
-0.4177418053150177 0.284606397151947 0.03587125241756439
-1.4624050855636597 1.1550489664077759 1.7205784320831299
-1.8661901950836182 0.6236127018928528 0.2737397253513336
0.027353696525096893 0.6858628392219543 2.8883426189422607
-1.2528481483459473 0.6827030777931213 -0.6224145293235779
-0.6381498575210571 0.6319801211357117 -0.7959192991256714
-0.649355411529541 0.8568532466888428 2.18082332611084
0.9070247411727905 1.5441772937774658 -0.3550051152706146
-0.32733720541000366 0.35163748264312744 2.99593448638916
-0.3604440689086914 0.284606397151947 0.28787535429000854
-1.348966360092163 0.6357566714286804 1.6253653764724731
-1.4857639074325562 1.621399998664856 -0.8627071976661682
0.16194728016853333 0.693960964679718 -0.7213476896286011
0.5477340817451477 0.7535742521286011 -0.5020454525947571
-1.9392648935317993 1.3190618753433228 1.1974565982818604
0.20710723102092743 0.3062617778778076 3.9380135536193848
-1.4998679161071777 1.3346680402755737 -0.7206861972808838
-1.2324296236038208 0.37240004539489746 2.8140952587127686
-0.08652230352163315 0.8177164793014526 2.5440754890441895
0.5927648544311523 0.8577244281768799 1.1096543073654175
0.0656665712594986 0.34089580178260803 3.4242615699768066
0.7073986530303955 1.486940622329712 1.686964988708496
-1.918358325958252 0.6484070420265198 0.959836483001709
-1.0894556045532227 0.32837730646133423 3.321545124053955
-1.7365965843200684 0.6608590483665466 -0.14827266335487366
-0.03077550418674946 0.3056503236293793 3.097460985183716
-0.5144296884536743 0.2944670617580414 4.404675483703613
0.8912488222122192 1.4880297183990479 -0.6348199844360352
-1.9993880987167358 1.346585750579834 0.24068792164325714
-0.10740745067596436 0.284606397151947 0.3093384802341461
-1.8431862592697144 1.2995364665985107 -0.20727650821208954
-1.6463892459869385 0.9586061239242554 1.4992395639419556
-1.861484169960022 1.6131709814071655 1.4739986658096313
-0.8421300053596497 1.3564674854278564 -0.9158610701560974
-2.4994027614593506 1.5589812994003296 0.6458011269569397
-2.3863744735717773 1.2722442150115967 0.6213754415512085
0.3612825572490692 0.943885326385498 -0.598899781703949
-0.08213504403829575 0.6437187194824219 3.384650945663452
-0.38541296124458313 0.284606397151947 0.4803088903427124
-1.7923977375030518 0.6957799196243286 1.1162214279174805
0.5457140207290649 0.7947572469711304 1.3336576223373413
0.3315330743789673 0.9903363585472107 1.7945369482040405
-1.2991801500320435 1.3742555379867554 1.7618129253387451
-2.521078586578369 1.5324000120162964 0.8648961186408997
0.4755873382091522 1.3334277868270874 -0.1244625449180603
-2.524308681488037 1.531178593635559 0.15906238555908203
-1.5767931938171387 0.7505105137825012 1.269404649734497
-0.7201154828071594 0.7046675086021423 3.1769955158233643
-0.855121910572052 1.5036262273788452 1.8718489408493042
-1.0784800052642822 0.2849145531654358 3.7384092807769775
-0.0070268018171191216 0.6737322807312012 1.7675648927688599
0.5977361798286438 0.8747549057006836 0.044214166700839996
-2.3863744735717773 1.2632777690887451 0.29994308948516846
0.9210300445556641 1.3034342527389526 0.769058346748352
-0.2717491388320923 0.3573433458805084 3.7606201171875
0.49392810463905334 0.3379305899143219 3.1955513954162598
-0.6860334277153015 0.284606397151947 0.6899076104164124
-0.9032526016235352 0.5968820452690125 3.259308338165283
0.9085723757743835 1.482452630996704 1.1876336336135864
-0.21304190158843994 1.5947335958480835 -1.2174981832504272
-1.0622787475585938 1.1844167709350586 1.8816750049591064
-1.8057767152786255 0.9104642868041992 0.3641124665737152
0.25670719146728516 1.5871820449829102 -0.3243621289730072
-0.21908468008041382 1.2055622339248657 -0.4469499886035919
0.5277751684188843 1.6092687845230103 -0.3786299228668213
-1.238633632659912 1.2423826456069946 -0.6989334225654602
0.005648295860737562 1.5850874185562134 -0.6050335168838501
-1.6323373317718506 0.869258463382721 -0.3394697606563568
-1.4300968647003174 0.952926516532898 -0.24796566367149353
-0.73764967918396 1.2871915102005005 2.432706832885742
-0.5937967300415039 0.9679484367370605 -0.7087457776069641
-1.8191038370132446 0.9636281728744507 -0.17067363858222961
0.37000930309295654 1.434215784072876 -0.5008436441421509
-0.2623014450073242 1.607742428779602 -0.5523804426193237
0.33841225504875183 1.5086727142333984 1.8792791366577148
0.1449507623910904 1.4825860261917114 2.2714383602142334
0.2683882713317871 1.5980820655822754 -0.6728498339653015
-1.984135627746582 1.1549808979034424 0.6424078345298767
-0.871149480342865 1.6109912395477295 -1.1128971576690674
0.279739111661911 0.5161314010620117 3.6089248657226562
-1.3476587533950806 0.6665026545524597 -0.35614532232284546
-0.25775012373924255 0.284606397151947 0.14173175394535065
-0.5136649012565613 0.3633390963077545 3.224724531173706
-0.18070901930332184 0.5626881122589111 -0.6638034582138062
-0.9174532890319824 0.39801469445228577 3.63622784614563
-1.431898593902588 0.8390771150588989 1.539954662322998
-1.6220375299453735 1.223130702972412 -0.5123559832572937
-1.804261565208435 0.6564415693283081 0.7790184617042542
0.5187708139419556 0.6280665993690491 0.49839678406715393
-0.29798227548599243 1.3330023288726807 -0.654997706413269
-0.8844649791717529 1.1574300527572632 -0.7776450514793396
-0.6763230562210083 0.284606397151947 1.159231185913086
-0.09464417397975922 1.3340092897415161 -0.7880018353462219
-0.02463413029909134 0.3067055940628052 3.6652257442474365
-1.7042818069458008 0.7269647121429443 0.1262912154197693
0.1503256857395172 1.197288990020752 -0.6655380725860596
-0.9500405192375183 0.6577892303466797 -0.6193444132804871
-0.05377108231186867 0.9707604050636292 1.97611665725708
-0.973829448223114 0.7858795523643494 1.8580905199050903
0.4729054272174835 1.0917094945907593 -0.3741523325443268
0.5896602869033813 1.2214211225509644 1.2197502851486206
0.44413208961486816 0.6547170877456665 -0.3292258381843567
0.4588916301727295 1.0481408834457397 0.021163396537303925
0.03970153629779816 0.77935791015625 2.9112865924835205
-0.17023219168186188 0.4639248549938202 3.6782381534576416
0.47181418538093567 1.1891628503799438 1.4774600267410278
0.29156991839408875 0.6268562078475952 1.5754978656768799
0.3043406009674072 1.307336688041687 1.7603874206542969
0.6431307196617126 1.4426259994506836 -0.3195924758911133
-0.026965657249093056 0.9602986574172974 -0.6553131937980652
-1.4897358417510986 0.6243064403533936 -0.1448482871055603
0.116242416203022 0.6763797402381897 -0.5307354927062988
0.3678376376628876 0.8658384680747986 1.5061250925064087
0.5286532640457153 0.7139959931373596 0.23517641425132751
-0.5050289630889893 1.2650859355926514 -0.8817448616027832
-1.845960021018982 0.9359003305435181 0.8009499907493591
-0.652647852897644 0.284606397151947 0.49393564462661743
-0.3196583390235901 0.5247756242752075 3.986198902130127
-1.0768636465072632 0.6415247917175293 -0.39682477712631226
0.03535345196723938 0.9170588254928589 2.7705516815185547
0.3192012310028076 0.6357816457748413 -0.19239504635334015
-1.744302749633789 0.7556573152542114 0.5094187259674072
0.41620755195617676 0.8144169449806213 0.4804048240184784
-0.05287180095911026 0.284606397151947 0.0928979143500328
-0.9076236486434937 0.284606397151947 0.48795706033706665
-0.4981308877468109 0.34164175391197205 3.4233005046844482
0.5042335987091064 0.664044976234436 0.9964575171470642
-0.5562906265258789 0.6288090944290161 -0.6285505294799805
0.22513127326965332 0.886210024356842 -0.38531848788261414
-0.32622963190078735 0.6735193729400635 -0.5111672878265381
-0.011046727187931538 0.284606397151947 0.9469824433326721
0.3751198649406433 0.9029091000556946 -0.20238545536994934
-1.820613145828247 1.200402855873108 0.19296851754188538
-0.43932366371154785 0.7849522829055786 2.690816879272461
-1.5855283737182617 0.9392025470733643 -0.029042672365903854
-1.107353687286377 0.6557996273040771 1.601233959197998
-1.7114609479904175 1.048513412475586 1.1620973348617554
-0.7994846105575562 0.6461378931999207 1.7494724988937378
-1.7704315185546875 1.420265555381775 0.66375732421875
-0.03489556163549423 0.5779836177825928 -0.2846248149871826
0.3847945034503937 0.6444059610366821 1.315172791481018
-1.5591144561767578 0.6840062141418457 1.0509557723999023
-1.2652220726013184 0.9715076684951782 -0.6207926273345947
-0.22806183993816376 0.7472102046012878 2.8382580280303955
-0.9611285328865051 0.9179197549819946 -0.659156858921051
-1.932466745376587 1.642059564590454 1.087659478187561
-0.7166653275489807 0.5960001945495605 -0.3175361156463623
-1.4795498847961426 0.6428351402282715 0.15926773846149445
-1.8208569288253784 1.658881425857544 -0.2154638171195984
-1.2254469394683838 0.9407359957695007 1.6592744588851929
0.3787771463394165 0.5956364274024963 0.09035515040159225
-0.610455334186554 1.2688369750976562 -0.49252572655677795
-1.3639590740203857 0.72791987657547 1.3560868501663208
-1.0814383029937744 1.273437261581421 -0.3662776052951813
-0.13659636676311493 0.284606397151947 0.7498487234115601
-0.47913554310798645 0.284606397151947 0.8324508666992188
0.10864435881376266 0.853601336479187 1.6929521560668945
-0.10682299733161926 0.8087183833122253 -0.49702322483062744
-0.8879824876785278 0.4565192759037018 3.431123971939087
-1.321232557296753 0.6439424157142639 1.0207558870315552
-0.3855372965335846 1.2260347604751587 2.5564141273498535
-2.107445478439331 1.666074514389038 0.43798649311065674
-0.3825156092643738 1.129650354385376 -0.7158895134925842
-1.6412904262542725 0.8873257637023926 0.8262413144111633
-1.0903351306915283 1.3795381784439087 -0.6039133071899414
-0.6405510902404785 0.9894793629646301 2.579726457595825
-1.4713904857635498 1.2696374654769897 1.5247280597686768
-1.4644982814788818 0.9086220860481262 1.057798981666565
-1.168604850769043 0.9097768664360046 -0.38938748836517334
-1.7097222805023193 1.2939337491989136 -0.043839242309331894
-0.6921650767326355 1.34865403175354 -0.7027676701545715
-1.2957266569137573 1.2017823457717896 -0.27434346079826355
0.10676047205924988 0.7019484043121338 -0.12415666878223419
0.4259541630744934 0.6921379566192627 0.8237082958221436
-0.318643718957901 0.8700007796287537 2.0775396823883057
-0.6177141070365906 0.5417807698249817 -0.03703584149479866
-0.21764954924583435 0.5622326731681824 0.44495728611946106
-1.302253007888794 0.7544062733650208 -0.15498529374599457
-0.7532294392585754 1.109745979309082 1.6402947902679443
-0.6536803245544434 0.8062100410461426 -0.5552818775177002
-1.7751708030700684 1.1003035306930542 0.5190117359161377
0.315277636051178 0.6373679637908936 0.3686440587043762
-1.6420931816101074 1.417006492614746 0.44367823004722595
-0.9501409530639648 0.5735472440719604 0.10354390740394592
-0.42652010917663574 0.6577484011650085 1.6865280866622925
-0.9498493075370789 0.8257026672363281 1.4100974798202515
-1.6058133840560913 1.3717349767684937 1.1113256216049194
-0.19894182682037354 0.7265576124191284 1.7648879289627075
-0.31741055846214294 0.5851103067398071 -0.23792554438114166
-0.3984501361846924 0.6307339072227478 1.3780251741409302
0.3210749328136444 0.8276588916778564 0.05245225504040718
-1.310420274734497 0.7994280457496643 0.06798048317432404
-1.534115195274353 0.6728236079216003 0.7563056945800781
-0.019586052745580673 0.6394741535186768 1.0817465782165527
-0.17375068366527557 1.2352889776229858 2.205984592437744
0.33147892355918884 0.6449650526046753 1.113189458847046
0.42556995153427124 0.9312958121299744 0.9926924705505371
-0.0641874149441719 0.5553602576255798 0.12150485813617706
-0.5495288372039795 0.7743781805038452 1.9208345413208008
-0.50346440076828 0.6928828954696655 3.3423259258270264
-0.7745417356491089 0.5757254362106323 0.822045087814331
-0.06057388335466385 0.8039109110832214 -0.24932146072387695
-1.515967845916748 0.6385278105735779 0.4862857162952423
-0.9076669812202454 0.9178726673126221 1.7358813285827637
0.6045121550559998 1.5185661315917969 1.2155317068099976
-1.0845601558685303 0.5884302258491516 -0.1430402547121048
-1.1415883302688599 0.6401682496070862 1.2950881719589233
-1.4243756532669067 1.0507442951202393 1.3083596229553223
-0.3754497766494751 0.9413787126541138 -0.5200009346008301
0.08123456686735153 1.3267019987106323 -0.45579490065574646
-0.23712489008903503 1.2804735898971558 2.459120750427246
-0.8614873290061951 0.8057346343994141 -0.3879988193511963
0.39161914587020874 1.3435072898864746 1.2655881643295288
-0.18724307417869568 1.0249714851379395 2.8055012226104736
0.43467822670936584 1.6054211854934692 -0.05577860027551651
0.04425276443362236 1.0764307975769043 -0.35857954621315
-1.366997241973877 0.7661022543907166 0.7258121371269226
0.42905378341674805 0.9981619715690613 0.3113935589790344
-0.6836848258972168 1.0893877744674683 1.9855542182922363
-0.014788024127483368 1.4104278087615967 2.1354129314422607
-1.1544055938720703 0.9891940951347351 1.49628746509552
-0.7217486500740051 1.001293659210205 -0.3619329631328583
0.5917439460754395 1.2600194215774536 0.12436187267303467
0.05728704482316971 0.6528656482696533 1.4462471008300781
-0.42610645294189453 1.4416844844818115 2.2192327976226807
0.5452499389648438 1.4904727935791016 1.4856404066085815
-1.3049856424331665 0.6345423460006714 0.2832478880882263
-0.7057061791419983 0.9489182233810425 2.939103841781616
0.345527708530426 0.9435557723045349 1.2325981855392456
-0.5404385328292847 0.7129157185554504 -0.26042214035987854
-0.9821672439575195 0.7899443507194519 -0.19208292663097382
-0.6113472580909729 0.5592551827430725 0.39581361413002014
-0.5478315353393555 1.2576173543930054 2.0803184509277344
-0.678977370262146 0.7456872463226318 2.907723903656006
-0.8805447816848755 0.6810917258262634 1.5372471809387207
0.8091928362846375 1.5938676595687866 -0.09220904111862183
-0.051291391253471375 0.6118094325065613 0.770318329334259
0.14847543835639954 0.7355214953422546 0.2251756638288498
-0.16894105076789856 1.6074615716934204 -0.940083384513855
-0.2577221691608429 0.9874694347381592 2.4014077186584473
0.9202614426612854 1.5801911354064941 0.3517594039440155
-0.6305390000343323 0.900340735912323 1.7953510284423828
-0.3165241777896881 0.6642044186592102 -0.0037654757034033537
0.33958277106285095 0.6320074796676636 0.6428239941596985
-0.2978803515434265 1.6286895275115967 -0.767621636390686
-0.22829218208789825 0.746983528137207 1.576869249343872
0.9264376163482666 1.530302882194519 0.8100513219833374
-0.8923314809799194 0.6314284205436707 1.2277847528457642
-0.6692554354667664 1.3966951370239258 2.194429636001587
-0.5627095699310303 1.4783333539962769 -1.1855452060699463
0.039275769144296646 1.4875946044921875 1.815097451210022
-0.645363450050354 0.6871763467788696 1.5340890884399414
0.6192173361778259 0.9118505120277405 0.4145253002643585
-0.9684270620346069 1.6538435220718384 -0.9160714745521545
-1.1866379976272583 1.445106863975525 -1.2023025751113892
-0.5966114401817322 0.6371580958366394 1.1849148273468018
-0.011113555170595646 0.9413080811500549 1.5098756551742554
0.2951089143753052 1.5103144645690918 1.6131787300109863
-0.8504918217658997 1.3257149457931519 1.7660764455795288
-0.6341774463653564 1.6592395305633545 -0.8331368565559387
-0.9601580500602722 1.447999358177185 2.1388072967529297
-0.18080054223537445 1.568951964378357 1.9514803886413574
-0.4611704647541046 0.9081284999847412 2.362537384033203
-0.5528345108032227 0.6562400460243225 0.1487618088722229
-0.01994599588215351 0.755861759185791 0.062441278249025345
-0.7723200917243958 1.5359787940979004 -1.310990810394287
-0.11045505106449127 1.0305088758468628 1.7612941265106201
0.08897513151168823 0.793855607509613 1.2362916469573975
-0.8242733478546143 1.6517095565795898 -0.6259735822677612
-0.33747997879981995 1.0312083959579468 1.90946626663208
-1.2360343933105469 1.6400318145751953 -0.9962002038955688
0.7355459332466125 1.6323094367980957 0.6033130884170532
0.21403467655181885 1.1298688650131226 1.6206989288330078
-0.528602123260498 1.610679030418396 -1.0075688362121582
-0.45087704062461853 0.9916604161262512 1.6548655033111572
-0.587295413017273 1.6246306896209717 -0.5443394780158997
-0.8925946354866028 1.436318039894104 -0.3619388937950134
0.9210299849510193 1.4366744756698608 0.6177065372467041
0.28728875517845154 1.2200696468353271 -0.23783409595489502
0.1724366396665573 0.7323212623596191 0.8282119035720825
0.04959488287568092 0.6539015173912048 0.5057104229927063
0.23640267550945282 1.1537078619003296 -0.0114769721403718
-0.2761932909488678 0.6163958311080933 1.1323562860488892
-1.1507923603057861 1.6504154205322266 -0.7227423191070557
-1.888945460319519 1.6171540021896362 0.4919147491455078
-0.4569036662578583 0.9587999582290649 1.4574159383773804
-0.13148269057273865 0.786344051361084 1.3317674398422241
-1.2576847076416016 0.8481792211532593 1.200800895690918
-0.28057539463043213 1.2275071144104004 1.8295994997024536
0.7554937601089478 1.637373924255371 0.1471768468618393
-0.5311819911003113 1.5473898649215698 1.8373974561691284
-1.0477508306503296 1.5169572830200195 1.5589123964309692
-0.24292579293251038 0.7181082367897034 0.2641744613647461
-0.5398242473602295 1.2577142715454102 1.6888976097106934
-1.5048319101333618 0.8845791816711426 0.25279000401496887
0.5638436079025269 1.2651795148849487 0.45465755462646484
-1.3406449556350708 1.6246974468231201 -0.18183688819408417
0.8831692337989807 1.4468146562576294 1.0114538669586182
0.6012117266654968 1.1596002578735352 0.8803562521934509
-1.7321785688400269 1.5891544818878174 1.2103630304336548
-0.4408918619155884 0.583743691444397 0.7381319403648376
-0.8799487948417664 0.7000873684883118 1.0422568321228027
-1.4258228540420532 1.5855402946472168 1.2785829305648804
-0.92039954662323 1.6256457567214966 -0.4252517521381378
-1.679382085800171 1.6280677318572998 0.8099476099014282
-0.43870824575424194 0.8555104732513428 -0.24508802592754364
-1.6899840831756592 1.6142449378967285 0.024380145594477654
-1.5672906637191772 1.669705867767334 -0.26002970337867737
-1.936652421951294 1.623594045639038 0.7376022338867188
-0.9127966165542603 1.3027509450912476 1.365935206413269
-1.4341334104537964 1.5576231479644775 1.5274622440338135
-1.3249765634536743 1.684037446975708 -0.5006164908409119
-0.6826508641242981 1.5198478698730469 1.6667327880859375
-1.1372944116592407 1.5552717447280884 1.7470557689666748
-0.21459399163722992 0.7085153460502625 0.9093806147575378
-1.1669586896896362 1.335094690322876 1.3275110721588135
-1.644421935081482 1.6046351194381714 0.2707214653491974
-1.117508053779602 0.7995505928993225 0.1057855635881424
-1.102668285369873 1.6388521194458008 -0.336434543132782
-0.8229485750198364 0.6460487246513367 0.5424404144287109
0.5078008770942688 1.3566263914108276 0.6293287873268127
0.05083080381155014 0.8238748908042908 0.37717586755752563
0.366081565618515 1.2703571319580078 0.2939414381980896
-1.515699028968811 0.8878412842750549 0.5013242959976196
-0.7807585597038269 1.0062589645385742 1.393792748451233
-0.7439693808555603 0.7352455854415894 -0.053565219044685364
-1.1165685653686523 1.0501530170440674 -0.15331372618675232
-0.5609910488128662 0.8262258172035217 0.20835748314857483
-1.1847283840179443 0.7254078984260559 0.9287421107292175
-1.0411863327026367 0.8876657485961914 1.1544970273971558
-0.8357254266738892 0.8790556788444519 0.003040746320039034
-1.5075095891952515 1.1532678604125977 0.6742985844612122
-1.1359440088272095 0.6525858640670776 0.4355115592479706
-1.7116776704788208 1.2784979343414307 0.8477281332015991
-1.1310348510742188 0.6142786741256714 0.6811166405677795
-0.6000059843063354 0.8585091829299927 1.2948826551437378
0.534795343875885 1.5890048742294312 0.9803730845451355
0.16292531788349152 0.8554271459579468 1.0502512454986572
-1.3008242845535278 1.2789757251739502 1.1658324003219604
-1.3199189901351929 1.005682349205017 0.9459407925605774
-1.4741719961166382 1.2509137392044067 0.028706250712275505
-1.2926510572433472 1.0409213304519653 0.10483476519584656
-1.4353591203689575 1.3769861459732056 0.9212871193885803
-0.4884275496006012 0.7567430138587952 0.435386598110199
0.3049928545951843 1.1392799615859985 0.5811658501625061
-1.2674401998519897 0.8098368048667908 0.49293822050094604
-1.4940224885940552 1.2178401947021484 0.30660828948020935
-0.03163566067814827 1.5647023916244507 1.6694161891937256
-0.23707668483257294 1.0292736291885376 1.3841774463653564
-0.6038255095481873 0.7232950329780579 0.9449681043624878
-0.9613195061683655 0.72611004114151 0.7987395524978638
-0.3252195715904236 1.5655966997146606 1.8752636909484863
-0.4000312089920044 1.4723029136657715 1.569679856300354
-1.3432310819625854 1.4660425186157227 -0.11600486934185028
0.4894393980503082 1.548945426940918 0.2283104509115219
-0.6688607335090637 0.7511393427848816 0.6979941129684448
0.32665297389030457 1.6617910861968994 0.8275765776634216
-0.33649471402168274 0.8425968885421753 1.1903809309005737
-1.555808186531067 1.231935977935791 -0.2837647497653961
-0.21693333983421326 0.8745964169502258 -0.16937099397182465
-0.9041667580604553 0.7865630388259888 0.44700121879577637
0.3802528381347656 1.2234399318695068 0.8469343781471252
0.3687301576137543 1.6186498403549194 0.2624991536140442
-0.9333677887916565 0.7274826765060425 0.24363109469413757
0.4723748564720154 1.6529109477996826 0.5081735849380493
-0.17900684475898743 1.2436697483062744 1.5586392879486084
-0.21571321785449982 0.886418342590332 0.9810647964477539
0.5033761262893677 1.6601061820983887 0.7505179047584534
0.01399900484830141 0.8475051522254944 0.7255202531814575
-0.231649249792099 0.7407307028770447 0.6000010967254639
0.005992993712425232 0.9623446464538574 0.5394718050956726
-1.3165098428726196 1.0424178838729858 0.5254883170127869
0.08509066700935364 1.0435572862625122 0.91751629114151
-0.19347012042999268 1.549425482749939 1.4817572832107544
-1.1273447275161743 0.8896282911300659 0.8308523297309875
-1.1675153970718384 1.5116125345230103 1.2258158922195435
-1.2926596403121948 1.5053999423980713 0.7988842725753784
0.19242805242538452 1.6129734516143799 1.0220561027526855
0.3617563843727112 1.5369378328323364 1.1594524383544922
-0.01860487088561058 1.4943827390670776 1.3728164434432983
-0.5894790887832642 1.323196530342102 1.2656373977661133
-0.7639498710632324 0.8429787158966064 1.0901864767074585
-0.4136926531791687 0.8045845031738281 0.73792564868927
-0.01202035415917635 1.2210804224014282 1.2422118186950684
0.13942065834999084 1.4756311178207397 0.9232320189476013
-1.3974124193191528 1.494073510169983 0.5751307010650635
0.1445387750864029 1.1767950057983398 1.3951319456100464
-1.3190486431121826 1.5945494174957275 0.1234179362654686
-0.38818445801734924 1.037095308303833 0.9894459247589111
-0.4442974925041199 1.49626624584198 -0.45368459820747375
0.2487908899784088 1.2908917665481567 1.0560808181762695
-0.05300639197230339 1.1920051574707031 0.9717506170272827
-0.20487746596336365 1.2841854095458984 1.2122634649276733
-0.8350040316581726 0.9097151756286621 0.46853137016296387
-0.6134575009346008 1.0608984231948853 -0.18785665929317474
-0.023631464689970016 1.5295032262802124 1.1700197458267212
-0.7722343802452087 1.1684727668762207 0.10111089050769806
-1.4566717147827148 1.571280837059021 0.9398733377456665
-0.6844979524612427 1.4214208126068115 1.4501464366912842
-1.2185485363006592 1.3345694541931152 0.6856993436813354
-0.977178692817688 1.1502503156661987 -0.09939882159233093
0.13558615744113922 1.4584237337112427 1.4856032133102417
-1.1240527629852295 1.427945613861084 0.9315437078475952
-0.9564405083656311 1.4176700115203857 1.1650217771530151
-1.1460503339767456 0.9847390055656433 0.33482682704925537
0.24781879782676697 1.5083688497543335 -0.056333284825086594
0.2764275074005127 1.3958557844161987 0.5977770090103149
-0.3914209306240082 1.399131178855896 1.19442880153656
-0.13452355563640594 0.8973453640937805 0.147688090801239
-1.2763307094573975 1.3918641805648804 0.18790724873542786
-0.03813116252422333 1.1384302377700806 0.15160374343395233
-1.4159345626831055 1.538939356803894 0.3604041635990143
-0.8892536163330078 1.2507323026657104 0.8213897943496704
0.0050680972635746 1.5517523288726807 -0.3562886416912079
-0.055555105209350586 1.333810806274414 0.7284442782402039
-1.015254020690918 1.18495774269104 0.5390128493309021
-0.7480027079582214 1.1789158582687378 1.1895078420639038
-0.5353773832321167 1.0498331785202026 1.158600926399231
-0.404112309217453 1.0179803371429443 0.0785687267780304
-0.5011292695999146 1.3159067630767822 0.031963422894477844
-0.2186104953289032 1.0237759351730347 0.47598299384117126
-0.4543410539627075 0.9290792346000671 0.524611234664917
-0.5364702343940735 1.2167245149612427 0.9112833142280579
-0.8954311013221741 1.3451563119888306 1.0468860864639282
0.047743912786245346 1.263501763343811 0.5071035623550415
-0.07020699977874756 1.3859364986419678 0.14736434817314148
-0.36753416061401367 1.248674988746643 0.6545913219451904
-0.9684845805168152 0.9979010820388794 0.8629134297370911
0.13603046536445618 1.3275132179260254 0.2120368778705597
-0.13014459609985352 1.2081881761550903 -0.19587016105651855
-0.5187195539474487 1.3402403593063354 -0.19192086160182953
-0.6746352314949036 1.5039249658584595 0.9416799545288086
-0.6445344686508179 1.5239696502685547 1.1425031423568726
-0.568699836730957 1.5940319299697876 1.3592584133148193
-0.8048436045646667 1.4165035486221313 -0.10380695015192032
-0.5810351967811584 1.0155521631240845 0.26797616481781006
-0.3576728105545044 1.6474692821502686 1.3796051740646362
-0.6760886311531067 1.0124744176864624 0.6419265270233154
-0.9877960681915283 1.362402319908142 0.5790478587150574
-0.2913745939731598 1.391153335571289 -0.18422146141529083
-0.09814918041229248 1.4206624031066895 -0.087839275598526
-0.37599286437034607 1.5490260124206543 1.137887716293335
-0.29686644673347473 1.276592493057251 0.8999733924865723
-1.0348049402236938 1.3264790773391724 0.14731305837631226
-0.17899830639362335 1.272002100944519 0.39465659856796265
-0.4768126606941223 1.4989471435546875 0.8834823966026306
-0.8093696236610413 1.5791597366333008 1.2041829824447632
-0.30363965034484863 1.5656918287277222 0.9112563729286194
-0.3136850893497467 1.7401005029678345 1.4515172243118286
-1.0009592771530151 1.4050064086914062 0.3147285580635071
-0.7029616832733154 1.2956699132919312 0.7087205648422241
-0.8076966404914856 1.6514863967895508 0.7773104310035706
-0.7058479189872742 1.5566847324371338 0.8115161657333374
-0.14801476895809174 1.850441336631775 1.1177328824996948
-0.4532996416091919 1.188745379447937 0.4372149705886841
-0.6195140480995178 1.2141697406768799 0.2923033535480499
-0.2671400010585785 1.8796885013580322 1.4005244970321655
-0.19111958146095276 1.737175703048706 0.9162185788154602
-0.37810108065605164 1.6340043544769287 0.7579948902130127
-0.19636811316013336 1.6620454788208008 1.15402352809906
-0.6715663075447083 1.6849696636199951 1.4587817192077637
-0.9019702076911926 2.082650661468506 0.7674762010574341
-1.012349009513855 2.4099771976470947 1.0078001022338867
-0.6243433356285095 2.4812986850738525 1.2007125616073608
-0.5544448494911194 2.277850389480591 1.2092125415802002
-0.5233734250068665 1.8872873783111572 0.6398943066596985
-0.9149290919303894 1.6565860509872437 1.1860754489898682
-0.9140202403068542 1.8966742753982544 1.2919020652770996
-0.9980624914169312 1.9659878015518188 1.046379566192627
-0.9264688491821289 1.8045105934143066 0.8143739104270935
-0.2526554465293884 2.0562055110931396 1.092955231666565
-0.4906904101371765 2.5458056926727295 1.0191208124160767
-0.4582855999469757 2.0944557189941406 1.334132432937622
-0.9726241230964661 2.195748805999756 1.0938459634780884
-0.962614893913269 1.720644474029541 1.022033929824829
-0.7825398445129395 1.8067286014556885 1.4380838871002197
-0.5873181223869324 1.928475022315979 1.4760494232177734
-0.9405174851417542 2.2282822132110596 0.7408202886581421
-0.6346797347068787 2.3361501693725586 0.6720031499862671
-0.5339627861976624 2.5047318935394287 0.708465576171875
-0.5196651220321655 1.7024025917053223 0.6806592345237732
-0.36862048506736755 2.0424177646636963 0.8827081322669983
-0.7132297158241272 1.9820832014083862 0.6693374514579773
-0.5036557912826538 2.6928956508636475 0.8314436078071594
-0.5056902766227722 4.007719039916992 1.179788589477539
-0.706893801689148 2.842625379562378 0.9561793208122253
-0.6798030138015747 4.207089900970459 1.5710935592651367
-0.8325747847557068 2.591304302215576 1.1403231620788574
-0.6228786706924438 3.9760231971740723 1.3094874620437622
0.3025239408016205 3.5909807682037354 -0.25710588693618774
-0.977820098400116 2.4144022464752197 0.7194474339485168
-0.7514141201972961 4.022132873535156 1.1571879386901855
-0.45182469487190247 2.232065439224243 0.8529871106147766
-0.5378214120864868 4.064890384674072 1.48305344581604
-0.7982810735702515 2.572965383529663 0.6356896758079529
-0.8179090619087219 2.1634714603424072 1.2737747430801392
-0.7031168341636658 4.552962779998779 0.9172969460487366
-0.7759682536125183 4.348248481750488 0.9060283303260803
-0.3177819550037384 4.112980365753174 1.1251968145370483
-0.38693967461586 4.122921943664551 1.4384171962738037
-0.49769753217697144 4.114628791809082 0.9785012006759644
-0.9869683384895325 2.6652884483337402 0.9387627840042114
-0.8956277966499329 4.23646354675293 1.0658472776412964
-0.6866494417190552 4.124660968780518 0.9735909700393677
-0.8423365354537964 2.76194429397583 0.7340375781059265
-0.8533481955528259 4.248850345611572 1.487892985343933
-0.9232679009437561 4.179828643798828 1.272268295288086
-0.2841504216194153 4.213885307312012 1.3546454906463623
0.10404232144355774 5.212723255157471 -0.27051228284835815
-0.308759868144989 4.331582546234131 0.9140646457672119
-0.505337655544281 4.412567138671875 1.54530668258667
-0.5080421566963196 4.3891706466674805 0.8352454304695129
-0.2236757129430771 4.526212692260742 1.2535903453826904
-0.902163028717041 4.987203598022461 0.3167114555835724
-0.8671491146087646 4.889493942260742 0.17522744834423065
-0.7508124113082886 4.033958911895752 1.38946533203125
-0.5143750309944153 4.781399726867676 1.1455748081207275
-0.2738397419452667 4.491254806518555 0.8824951648712158
-0.20035672187805176 4.2760210037231445 1.131649374961853
-0.805252194404602 5.192666530609131 0.35969069600105286
-0.2245975285768509 4.7402119636535645 1.1914347410202026
-0.7588624954223633 4.630035877227783 1.2610450983047485
-0.7982931733131409 4.994624137878418 -0.07559972256422043
-0.22673681378364563 4.898618698120117 1.0550037622451782
-0.26237019896507263 4.711507797241211 0.9595997333526611
-0.9052610993385315 4.473546981811523 1.2801766395568848
-1.1078855991363525 5.219115257263184 -0.12385688722133636
-0.961529016494751 4.908832550048828 0.0375811867415905
-1.0823239088058472 5.033554553985596 -0.08800122886896133
-0.09771136194467545 5.064801216125488 1.0011738538742065
-0.5093419551849365 4.615626811981201 1.4186906814575195
0.14209742844104767 5.3434600830078125 -0.35489580035209656
-1.130171537399292 5.333975315093994 0.034907132387161255
-1.1849638223648071 5.076608657836914 0.17274756729602814
-1.0829895734786987 4.944514274597168 0.11003629118204117
0.14083437621593475 5.265323638916016 -0.22339682281017303
0.15854805707931519 5.368043422698975 -0.33013901114463806
0.1335040181875229 5.313436031341553 -0.2690229117870331
-0.046799980103969574 5.7250895500183105 0.929923415184021
-0.050831202417612076 5.346050262451172 1.0138994455337524
-0.10609038174152374 5.145472049713135 1.1040986776351929
-0.431710422039032 6.51713228225708 0.7823534607887268
-0.052528295665979385 6.474850654602051 1.0342875719070435
-0.7955490350723267 5.221700191497803 -0.12072954326868057
0.052190493792295456 5.981064796447754 0.8642227053642273
-0.15179188549518585 6.03179407119751 0.8071446418762207
-1.0596009492874146 5.0931620597839355 0.34015029668807983
-0.06604041904211044 5.859995365142822 0.900669276714325
-0.6840447187423706 5.052461624145508 0.2065998762845993
0.04694594442844391 6.06720495223999 0.684894323348999
-0.31050294637680054 6.28868293762207 0.8716946244239807
-0.35478174686431885 6.822864532470703 1.084903597831726
-0.5093452334403992 6.676383018493652 0.5372490882873535
-0.6916678547859192 5.003927707672119 0.038524918258190155
-0.12369588017463684 6.035393714904785 0.980431318283081
0.17852763831615448 6.214635372161865 0.711477518081665
-0.13953061401844025 6.466614246368408 0.44007521867752075
-0.3078896999359131 6.293387413024902 0.6407819390296936
0.036215681582689285 6.2466559410095215 1.0408616065979004
0.18220332264900208 6.417659759521484 0.8778466582298279
-0.47712957859039307 6.604573726654053 0.9217320084571838
-0.6740977764129639 6.9047651290893555 1.0006107091903687
-0.13587743043899536 6.175860404968262 0.5831568241119385
0.18009741604328156 6.488820552825928 0.6515573859214783
0.03947213664650917 6.43689489364624 0.4993568956851959
0.0043200962245464325 6.796506881713867 0.8716418147087097
-0.3724687397480011 7.382300853729248 0.31219422817230225
-0.29070040583610535 7.451467037200928 0.6664591431617737
-0.2864115834236145 6.474019527435303 0.5303241014480591
-0.5881229639053345 6.733583450317383 0.943762481212616
-0.25301393866539 7.191275119781494 0.38632848858833313
-0.3691246211528778 6.757071018218994 0.4468385577201843
-0.7424468994140625 6.881975173950195 0.8501070737838745
-0.05705757439136505 7.366646766662598 0.4703577756881714
-0.3198496401309967 8.154139518737793 0.045795589685440063
-0.24678951501846313 7.04252290725708 0.47857531905174255
-0.21561267971992493 6.540318965911865 1.0376898050308228
-0.5209699273109436 6.968021392822266 0.5974364280700684
-0.33882102370262146 7.765117645263672 0.13868017494678497
-0.22016294300556183 6.985991954803467 0.9871066212654114
0.03819378465414047 6.820390224456787 0.6211814284324646
-0.11468175053596497 6.759748458862305 0.4378393292427063
-0.6092809438705444 6.945456504821777 1.0852776765823364
-0.6509535312652588 7.350037574768066 0.5734670758247375
-0.7292050123214722 7.479043483734131 0.6162017583847046
-0.5139849781990051 7.306151390075684 0.8631832599639893
-0.6433106064796448 7.110348701477051 0.5938274264335632
-0.11747995018959045 7.367671012878418 0.6211081147193909
-0.3288634121417999 7.585973739624023 0.2012142390012741
-0.5076518654823303 7.882828712463379 0.1523890495300293
-0.22030508518218994 8.581302642822266 0.1428774744272232
-0.10217489302158356 7.062948226928711 0.7526357173919678
-0.7939186692237854 7.119063854217529 0.9435126781463623
-0.15595310926437378 7.342110633850098 0.31074607372283936
-0.5667893290519714 8.235265731811523 0.13441140949726105
-0.759247899055481 6.961814880371094 0.6333886981010437
-0.3338038921356201 8.324681282043457 0.23773470520973206
0.045344237238168716 8.395933151245117 1.012097954750061
-0.30005794763565063 7.784920692443848 0.4293370544910431
-0.274909108877182 8.659379005432129 0.2948429584503174
-0.6158575415611267 8.388181686401367 -0.02430524304509163
0.042630285024642944 8.353020668029785 1.0397090911865234
-0.3060048222541809 8.293745040893555 -0.016009099781513214
-0.203217551112175 7.6851420402526855 0.16697657108306885
-0.7197391986846924 8.579166412353516 0.09570620954036713
0.0744389072060585 8.419041633605957 1.015523910522461
-0.49358081817626953 8.066859245300293 0.27591535449028015
-0.5827251076698303 7.812520980834961 0.5337915420532227
-0.2389642298221588 8.708864212036133 -0.15081645548343658
-0.10853996872901917 8.672758102416992 -0.09732260555028915
-0.5484281778335571 7.695587158203125 0.5336640477180481
-0.09751904755830765 8.66747760772705 0.014143289998173714
-0.6412084102630615 7.646072864532471 0.40026387572288513
-0.5456849336624146 8.471805572509766 -0.17410346865653992
-0.62041836977005 8.532018661499023 0.09075212478637695
-0.4828231632709503 8.795820236206055 -0.2376548796892166
-0.25392431020736694 8.803635597229004 0.3571867346763611
-1.0087671279907227 9.437018394470215 1.08924400806427
-0.7016384601593018 8.691649436950684 -0.17383062839508057
-0.1383136361837387 8.948220252990723 -0.07864224910736084
-0.7653372883796692 8.731228828430176 0.20532426238059998
-0.9854412078857422 9.475156784057617 1.1440682411193848
-0.7543096542358398 8.956329345703125 -0.13597236573696136
-0.2040414810180664 9.810295104980469 0.8183962106704712
-0.4632004499435425 9.070168495178223 0.16084828972816467
-0.5963563323020935 8.901214599609375 0.3194807767868042
-0.04430807754397392 8.986696243286133 0.18179351091384888
0.01819329336285591 9.855450630187988 1.1950808763504028
0.1677696704864502 9.675050735473633 0.5802057385444641
-0.585667073726654 9.08158016204834 0.03162594139575958
-0.24441318213939667 9.068533897399902 0.13746486604213715
0.12722109258174896 9.647758483886719 0.597444474697113
-0.1491355448961258 9.637614250183105 0.9319314360618591
-0.8802837133407593 9.374656677246094 1.051318883895874
-0.0660330206155777 9.596622467041016 0.7679493427276611
0.17098450660705566 9.620329856872559 0.6692305207252502
-0.7925547361373901 9.726256370544434 -0.24513821303844452
-0.16944670677185059 9.817621231079102 1.1242982149124146
-0.19283939898014069 9.716033935546875 1.275538682937622
-0.1057957336306572 9.779001235961914 1.360935091972351
-0.7412694096565247 9.082262992858887 0.0359417088329792
0.14749984443187714 9.707144737243652 0.9036384224891663
0.15908898413181305 10.246156692504883 -0.1333676278591156
-0.2198348194360733 9.79963207244873 1.3544920682907104
-0.15742845833301544 9.961665153503418 1.3576627969741821
-0.8490887880325317 9.703535079956055 1.075323224067688
-0.8284400701522827 10.33038330078125 -0.08722410351037979
0.2546952962875366 10.19827651977539 -0.2344307005405426
-1.1629762649536133 10.27224063873291 0.435192734003067
0.04427506402134895 10.283844947814941 -0.23831774294376373
-0.04678778350353241 9.908187866210938 0.7740963697433472
-1.1732676029205322 10.279191970825195 0.41284239292144775
-1.084305763244629 10.001262664794922 1.070753812789917
0.043144144117832184 9.875900268554688 0.3251990079879761
0.2710372507572174 9.90368938446045 0.3558439612388611
-0.88249671459198 10.44569206237793 -0.19378966093063354
0.08398681879043579 10.214933395385742 -0.2715955674648285
-0.7703957557678223 10.56766128540039 -0.14107759296894073
-0.8796384930610657 10.373045921325684 -0.200689896941185
0.23055782914161682 10.30163288116455 -0.24346329271793365
-1.008366346359253 10.382220268249512 0.8543401956558228
0.08434649556875229 9.973139762878418 0.715164303779602
-1.1253823041915894 10.470958709716797 0.8116031885147095
-0.7248140573501587 10.693612098693848 -0.1430409848690033
-1.004123330116272 10.592907905578613 -0.031161537393927574
0.3991091549396515 10.760096549987793 1.0783392190933228
-0.901208758354187 10.754561424255371 -0.10290732234716415
-0.9211807250976562 10.64411449432373 -0.3151845633983612
-0.658073902130127 10.780770301818848 0.04055510461330414
0.45232728123664856 10.86422348022461 1.2214891910552979
-1.194880723953247 10.70303726196289 0.572491466999054
-0.19958746433258057 10.808938980102539 0.7479462027549744
0.4215971529483795 10.824440956115723 1.1328377723693848
0.093350850045681 10.421463966369629 -0.09016687422990799
0.3533146381378174 10.855610847473145 1.2730635404586792
-1.0279052257537842 10.803922653198242 0.45339298248291016
0.38106778264045715 10.916361808776855 1.0578856468200684
-1.1242408752441406 11.127347946166992 1.417893409729004
-0.9358659386634827 11.11814022064209 1.3732842206954956
0.26423200964927673 11.082243919372559 0.3170054256916046
-0.2550785541534424 11.136131286621094 1.4486836194992065
-0.19243936240673065 11.001545906066895 0.3027304410934448
-0.1584966778755188 10.99112606048584 0.32740524411201477
-0.2894764244556427 11.082929611206055 0.3858942985534668
-0.9251904487609863 10.969685554504395 0.280818372964859
-0.9594506621360779 10.90604019165039 -0.16405998170375824
-0.8302284479141235 11.102298736572266 1.3399147987365723
-1.0717833042144775 11.20304012298584 1.3930559158325195
0.11001107096672058 11.119133949279785 1.0942682027816772
-0.6622222065925598 11.107523918151855 0.07019253075122833
-0.8556520342826843 11.119009971618652 0.05451273173093796
-0.5604240894317627 11.260466575622559 0.010102769359946251
0.16022764146327972 11.280431747436523 0.7177853584289551
-0.6079450249671936 11.302659034729004 -0.03627198189496994
-0.712494969367981 11.335219383239746 1.425307035446167
-0.9991751313209534 11.354235649108887 1.1797504425048828
0.48488014936447144 11.324089050292969 0.29737550020217896
0.2904253602027893 11.367958068847656 -0.3458167016506195
-0.7906190156936646 11.336058616638184 -0.12814341485500336
-0.30085113644599915 11.417356491088867 -0.16960762441158295
-0.5723559260368347 11.358366966247559 1.3913097381591797
-0.23475973308086395 11.485774993896484 -0.388387531042099
0.07391324639320374 11.4828462600708 -0.38153934478759766
-1.3643300533294678 11.461526870727539 0.0010422226041555405
-1.023223876953125 11.467086791992188 -0.04909339174628258
-0.9508326649665833 11.507023811340332 -0.3067532479763031
0.13156938552856445 11.524653434753418 0.04646074399352074
-0.33149453997612 11.506422996520996 -0.3104628622531891
-0.11027394235134125 11.515464782714844 1.100986123085022
-0.4973665177822113 11.559436798095703 -0.2280813455581665
0.5754448175430298 11.556673049926758 0.08267676085233688
-0.6399314999580383 11.572986602783203 1.388566017150879
0.3958052098751068 11.574462890625 1.3154665231704712
