754
-2.386474370956421 0.2846066951751709 1.6029298305511475
-2.3863744735717773 0.2845063805580139 -0.7587604522705078
-2.3461740016937256 0.5941590666770935 0.6837294101715088
0.9111518859863281 0.5352372527122498 -0.8030586838722229
-2.0547471046447754 0.284606397151947 0.04872579127550125
-1.3365774154663086 0.2845063805580139 -1.205301284790039
-0.22495436668395996 0.284606397151947 1.0607348680496216
-2.3862881660461426 0.32162949442863464 2.1336066722869873
-0.8028087615966797 0.284606397151947 -0.9722672700881958
-0.9476041793823242 0.2845063805580139 -1.2052963972091675
0.9211299419403076 0.2846064567565918 -1.2053444385528564
-2.3863754272460938 0.2845063805580139 -0.2685995101928711
-2.3863754272460938 0.2845063805580139 0.26436710357666016
-2.3863725662231445 0.2845063805580139 -0.5012140274047852
-1.8014850616455078 0.2845063805580139 2.141206741333008
-2.3863754272460938 0.2845063805580139 -0.018729209899902344
-2.386474609375 0.2846064567565918 0.6854662895202637
0.649172306060791 0.2846064567565918 -1.2053992748260498
-0.5576536059379578 0.2920321822166443 -1.2016594409942627
-2.081974744796753 0.284606397151947 1.2801779508590698
0.14581584930419922 0.2845063805580139 2.141207695007324
0.9210293292999268 0.2845063805580139 -0.8996580839157104
0.9210314750671387 0.2845063805580139 -0.729619026184082
-2.3863754272460938 0.2845063805580139 0.133697509765625
-1.4066206216812134 0.284606397151947 1.829250454902649
-0.42508959770202637 0.2845063805580139 -1.2052979469299316
-2.367452621459961 0.2845063805580139 2.141206741333008
-2.38637638092041 0.2845063805580139 -0.13580322265625
0.9210307598114014 0.2845063805580139 -0.9931257963180542
-2.050806760787964 0.284606397151947 1.6159380674362183
-1.0927733182907104 0.2845063805580139 -1.2052973508834839
0.9210281372070312 0.2845063805580139 1.3649482727050781
0.9210300445556641 0.5516749620437622 1.5629512071609497
-1.7805315256118774 0.284606397151947 1.642267107963562
-2.379169464111328 0.6571581959724426 1.5700994729995728
-2.179905891418457 0.28460609912872314 2.141308307647705
0.9064658880233765 0.6042016744613647 -0.6113499999046326
-2.3863773345947266 0.2845063805580139 -0.6272296905517578
0.9210832118988037 0.28460633754730225 -1.2053993940353394
-2.3807411193847656 0.284606397151947 -0.8683858513832092
-1.947333812713623 0.2846062183380127 2.141308307647705
0.9211300611495972 0.28460657596588135 0.8796621561050415
-1.3945828676223755 0.284606397151947 -0.9174579381942749
0.3129328191280365 0.284606397151947 1.5353262424468994
-0.4722230136394501 0.284606397151947 -0.9427978992462158
0.3943042755126953 0.2845063805580139 -1.2052974700927734
-2.382086753845215 0.284606397151947 2.128380298614502
-2.040958881378174 0.284606397151947 0.8660407662391663
-0.35890617966651917 0.284606397151947 -0.7548792362213135
-2.1623122692108154 0.5561332106590271 -1.1994264125823975
-2.386474609375 0.33093947172164917 -1.2052981853485107
-1.3654792308807373 0.284606397151947 -0.4534095823764801
-1.2810695171356201 0.284606397151947 -0.7608813643455505
-2.37575101852417 0.284606397151947 1.6774739027023315
-1.8962095975875854 0.284606397151947 -0.5475826859474182
0.9211301207542419 0.28460636734962463 2.0488061904907227
-1.800456166267395 0.284606397151947 1.2019051313400269
0.33829113841056824 0.284606397151947 -0.9310805201530457
-1.535904884338379 0.2846062183380127 -1.2053985595703125
-2.3863754272460938 0.2845063805580139 0.5157527923583984
-1.47075355052948 0.284606397151947 -0.6418024301528931
0.018066739663481712 0.284606397151947 -0.9239822030067444
-1.1148041486740112 0.284606397151947 -0.9320155382156372
-1.8753955364227295 0.2846064567565918 -1.205398440361023
-2.3863744735717773 0.2845063805580139 -1.1949844360351562
0.9200801253318787 0.29491859674453735 1.768630862236023
-2.3863744735717773 0.2975121736526489 1.7882308959960938
-1.9116909503936768 0.284606397151947 1.807797908782959
0.9211300611495972 0.2846066951751709 1.109454870223999
-0.1332198977470398 0.2846064269542694 2.141308307647705
-2.343724012374878 0.284606397151947 -0.3741821050643921
-0.15375924110412598 0.28460633754730225 -1.2053990364074707
0.5295928120613098 0.284606397151947 2.14023494720459
0.9211301207542419 0.28455618023872375 2.1412084102630615
-2.3863773345947266 0.2845063805580139 1.4951744079589844
0.9210300445556641 0.29896074533462524 1.6669676303863525
0.5640918612480164 0.2963012754917145 1.7156755924224854
-1.2231428623199463 0.2846062183380127 -1.205398678779602
-1.7345863580703735 0.284606397151947 -0.14139539003372192
0.9211300611495972 0.2846065163612366 1.4611303806304932
0.9210309982299805 0.2845063805580139 1.5744400024414062
-1.695086121559143 0.284606397151947 1.0334893465042114
-1.9911326169967651 0.284606397151947 0.6418043375015259
-1.3221765756607056 0.28831905126571655 2.1390891075134277
0.9211299419403076 0.2846066951751709 -0.5821924209594727
0.9126853942871094 0.2845063805580139 2.141207695007324
-2.3863744735717773 0.2845063805580139 0.9255428314208984
-1.7639981508255005 0.29378706216812134 -1.2052985429763794
-1.0075421333312988 0.284606397151947 -0.7552788853645325
0.9210300445556641 0.2845063805580139 1.8749399185180664
0.26002779603004456 0.7129619121551514 2.032249927520752
-0.3657636344432831 0.2846064269542694 2.141308307647705
-0.004052471369504929 0.28498485684394836 -1.2052991390228271
-1.6877479553222656 0.2846064567565918 -1.2053985595703125
-1.8115429878234863 0.284606397151947 -0.8349997997283936
-2.384291648864746 0.2873076796531677 0.7834669351577759
-1.4627529382705688 0.5789089798927307 -1.1694388389587402
0.6513906121253967 0.284606397151947 0.46865132451057434
-1.4401397705078125 0.2845063805580139 2.141207695007324
-1.7315372228622437 0.5781011581420898 -1.2052985429763794
-0.6481469869613647 0.2846043109893799 2.141308307647705
-2.3815252780914307 0.6577080488204956 1.775713324546814
-2.3849666118621826 0.28634488582611084 1.3112763166427612
-0.7749024033546448 0.284606397151947 2.129636764526367
0.9211300015449524 0.2846064567565918 0.6446064710617065
-2.3826847076416016 0.2890734374523163 1.9114196300506592
-1.9989800453186035 0.284606397151947 1.0698590278625488
0.9211300015449524 0.28460657596588135 0.04672741889953613
-2.3564023971557617 0.2845063805580139 -1.2052993774414062
-2.3710598945617676 0.5993214249610901 1.2371399402618408
-0.7031724452972412 0.28460633754730225 -1.2053987979888916
-0.9024703502655029 0.2907458543777466 2.1412081718444824
0.6418456435203552 0.3192838728427887 2.1412081718444824
-2.3846018314361572 0.2882940471172333 1.1743719577789307
-0.7753686904907227 0.284606397151947 1.6732839345932007
-2.37743878364563 0.5490313172340393 -0.7845736742019653
0.9210305213928223 0.2845063805580139 0.11819790303707123
-2.040894031524658 0.284606397151947 0.4183206260204315
-1.6948944330215454 0.2846062183380127 2.141308307647705
-2.3863744735717773 0.2969464659690857 -1.0006104707717896
-2.138031005859375 0.28752604126930237 -1.204646110534668
-2.3863773345947266 0.2845063805580139 1.0545673370361328
0.9099159836769104 0.5583658218383789 -0.3797411322593689
-0.3772142827510834 0.284606397151947 1.836672067642212
-1.0917763710021973 0.3201698362827301 1.8304814100265503
-1.6101723909378052 0.284606397151947 -0.8453623056411743
-1.9950790405273438 0.284606397151947 -0.785090982913971
-1.9930793046951294 0.284606397151947 -0.16091114282608032
-1.6758930683135986 0.284606397151947 1.8228273391723633
-0.6679496169090271 0.5544081330299377 -1.205298900604248
-2.01114559173584 0.2914440929889679 -1.2029670476913452
0.267851322889328 0.7460121512413025 -1.162062406539917
0.4105278253555298 0.2902600169181824 2.1347873210906982
0.8468836545944214 0.7718590497970581 -0.7537962198257446
-1.5674917697906494 0.28660672903060913 2.136411190032959
-1.9104002714157104 0.5786270499229431 -1.1948491334915161
-2.0310425758361816 0.2904411256313324 2.129467725753784
-0.1955568641424179 0.5475234985351562 -1.2052990198135376
0.9210300445556641 0.28820377588272095 1.2225185632705688
0.5717290043830872 0.284606397151947 -0.051138490438461304
0.7873432636260986 0.54726642370224 -1.198590636253357
-1.7525874376296997 0.284606397151947 0.6270684003829956
0.9154624938964844 0.29372212290763855 -0.23913200199604034
0.2592223882675171 0.2845063805580139 -1.2052994966506958
-0.831233561038971 0.2845063805580139 -1.2052981853485107
-0.014678955078125 0.2845063805580139 2.141207695007324
-0.2852535843849182 0.2845063805580139 -1.2052979469299316
0.859792172908783 0.28542280197143555 -1.2052993774414062
0.48294350504875183 0.284606397151947 -0.8175743818283081
-0.6484070420265198 0.284606397151947 1.8068972826004028
0.9211300015449524 0.2846066951751709 0.2600440979003906
-1.0704245567321777 0.2846062183380127 2.141308307647705
0.269854336977005 0.2846064269542694 2.141308307647705
0.4587932229042053 0.284606397151947 0.9788501858711243
0.13393473625183105 0.2845063805580139 -1.2052996158599854
-1.9877402782440186 0.7076208591461182 2.0520193576812744
-1.278620719909668 0.584588885307312 -1.1963719129562378
0.9210292100906372 0.2845063805580139 0.5563967227935791
-0.1427011638879776 0.284606397151947 1.5502650737762451
-1.7781847715377808 0.616610050201416 2.136415719985962
-0.4166783094406128 0.6170544624328613 -1.2006936073303223
0.5228239297866821 0.2845063805580139 -1.2053003311157227
0.32554227113723755 0.284606397151947 1.8585373163223267
-0.5467440485954285 0.4913698732852936 2.132848024368286
-0.5108732581138611 0.28859153389930725 2.1375021934509277
0.510188639163971 0.5531132817268372 -1.1916134357452393
0.0597696453332901 0.284606397151947 0.6963739991188049
0.6312504410743713 0.284606397151947 -0.2874552607536316
0.2521776556968689 0.5419676303863525 -1.2052991390228271
0.4437025189399719 0.284606397151947 0.34794750809669495
-1.203710675239563 0.2846059799194336 2.141308307647705
-0.12019895017147064 0.284606397151947 1.7236456871032715
0.875226616859436 0.284606397151947 -0.1326914131641388
0.9210300445556641 0.2868436574935913 0.7911254167556763
0.22360417246818542 0.284606397151947 -0.7736835479736328
0.9211300015449524 0.2846064567565918 -0.48144006729125977
-1.6796412467956543 0.284606397151947 0.28123024106025696
-2.380449056625366 0.2866889536380768 0.39818432927131653
0.9174744486808777 0.2939082384109497 -0.3670448660850525
0.33587345480918884 0.284606397151947 -0.35869118571281433
0.5301995873451233 0.284606397151947 1.2099387645721436
0.9140936732292175 0.3890268802642822 2.138240337371826
-0.1350732147693634 0.284606397151947 -0.6387258172035217
-1.1689438819885254 0.284606397151947 -0.5952713489532471
-0.6502693891525269 0.284606397151947 -0.8002344369888306
0.17524489760398865 0.284606397151947 1.371158242225647
0.06124377250671387 0.28674471378326416 1.769236445426941
0.6255506873130798 0.284606397151947 -0.7058523893356323
0.9211300015449524 0.2846064567565918 0.4075510501861572
-0.21724039316177368 0.284606397151947 -0.9150657653808594
-0.019739259034395218 0.284606397151947 -0.7445134520530701
0.5505316853523254 0.284606397151947 -0.5427808165550232
-0.9262930750846863 0.284606397151947 -0.4301789402961731
-1.9377682209014893 0.2860247492790222 0.23476901650428772
-1.8040510416030884 0.284606397151947 0.8138073086738586
-0.8240563273429871 0.6511971950531006 2.127760887145996
-1.9279676675796509 0.284606397151947 1.462659478187561
0.591350257396698 0.284606397151947 1.446907639503479
-2.385380983352661 0.5505930781364441 -0.3593520522117615
-2.055076837539673 0.29519736766815186 -0.5231780409812927
0.9204866886138916 0.5545263886451721 1.2537161111831665
0.09535548090934753 0.284606397151947 -0.3654042184352875
-1.6049771308898926 0.284606397151947 1.4381874799728394
-2.3796143531799316 0.5640832185745239 2.131895065307617
-1.4771820306777954 0.284606397151947 0.8706426620483398
0.4504838287830353 0.5877947807312012 2.134080410003662
0.6809350252151489 0.6721749305725098 2.1412081718444824
-2.1271376609802246 0.7167885303497314 1.7869980335235596
-2.3760123252868652 0.5739198923110962 0.9096314311027527
-0.37753087282180786 0.284606397151947 -0.02327435463666916
-0.24640753865242004 0.29340919852256775 2.137784242630005
-1.7133337259292603 0.284606397151947 -0.6175412535667419
-2.3805789947509766 0.5344199538230896 -1.0502747297286987
-1.4474178552627563 0.284606397151947 1.6129904985427856
-2.35036039352417 0.5720479488372803 -0.12277521193027496
-2.3602848052978516 0.5446559190750122 -0.5709019899368286
-0.000491031096316874 0.5871015191078186 -1.2010406255722046
-1.203659176826477 0.284606397151947 1.2509595155715942
-1.1012815237045288 0.2894936203956604 1.0600510835647583
-1.7732747793197632 0.6208277344703674 -0.4487060606479645
-1.077284336090088 0.5954415798187256 -1.1846253871917725
-2.3713133335113525 0.5723899602890015 0.2842397093772888
-0.34449732303619385 0.7891726493835449 -1.1188342571258545
-1.8753910064697266 0.284606397151947 -0.3130332827568054
-1.5448311567306519 0.284606397151947 -0.20849724113941193
-2.3531460762023926 0.6181907653808594 1.0985076427459717
-1.8092212677001953 0.284606397151947 0.06461550295352936
-1.6301997900009155 0.284606397151947 -0.40336698293685913
-0.49978095293045044 0.29869240522384644 1.6282503604888916
0.340327650308609 0.294735312461853 -0.6314218044281006
-1.1181775331497192 0.284606397151947 -0.23319830000400543
0.9176888465881348 0.6648483276367188 -0.983720600605011
-1.4159406423568726 0.284606397151947 1.1650980710983276
-1.7966513633728027 0.30464619398117065 0.4358679950237274
0.5433776378631592 0.7408275604248047 -1.0885529518127441
0.1611003875732422 0.284606397151947 0.011170373298227787
0.22768348455429077 0.5014567375183105 2.1190621852874756
0.9105462431907654 0.29246944189071655 1.014546275138855
0.4068394899368286 0.3350376784801483 0.7231478095054626
-1.7113507986068726 0.6163084506988525 -0.7180476784706116
-0.6564364433288574 0.7154039740562439 -1.1696802377700806
-0.979266345500946 0.32053956389427185 2.1412081718444824
-0.6561083793640137 0.284606397151947 -0.5460688471794128
-0.9646409749984741 0.284606397151947 1.6505839824676514
-2.3831734657287598 0.5641441941261292 0.07341602444648743
0.9078523516654968 0.5561258792877197 -1.1958013772964478
-1.3786218166351318 0.6288520097732544 2.108203411102295
-0.6334547400474548 0.303433358669281 1.0981560945510864
-2.042067289352417 0.6345508694648743 2.1204192638397217
-1.371861457824707 0.284606397151947 -0.20302148163318634
0.8745266795158386 0.5691505670547485 2.1357715129852295
-1.2185965776443481 0.284606397151947 1.6644396781921387
0.38616475462913513 0.2893868088722229 0.5514618158340454
-0.41778942942619324 0.298988938331604 0.7849678993225098
-2.036587953567505 0.5986943244934082 -0.6937482953071594
-0.6700221300125122 0.298612505197525 1.454261302947998
-1.9907859563827515 0.6145445108413696 -0.910279393196106
-2.381622076034546 0.6215636134147644 2.0588603019714355
-1.6568896770477295 0.705942690372467 1.634989857673645
-1.7784184217453003 0.7122492790222168 1.8332949876785278
-0.31766578555107117 0.6629347205162048 2.104064702987671
0.026806294918060303 0.8124983310699463 -1.0787932872772217
0.8894485235214233 0.6512881517410278 0.9209243059158325
-2.3595287799835205 0.5570294260978699 0.4857465624809265
0.9072157740592957 0.7124634385108948 2.1398725509643555
-0.9152917861938477 0.6195354461669922 -1.1768606901168823
0.5351338982582092 0.8053920269012451 -0.9153489470481873
-0.01536814495921135 0.519589364528656 2.1412081718444824
0.9163373112678528 0.7107349038124084 1.6692562103271484
0.9210299849510193 0.3858065605163574 0.34251055121421814
0.9198734760284424 0.594768762588501 -0.06218039244413376
-2.068896532058716 0.6330204606056213 0.2458793669939041
-0.3642137050628662 0.284606397151947 0.5125407576560974
-1.3065061569213867 0.6674190163612366 -0.8781303763389587
-2.0922279357910156 0.6017967462539673 -0.31816989183425903
-0.8008655905723572 0.3007217347621918 1.322084665298462
-0.8372864127159119 0.32477831840515137 -0.23683258891105652
-2.3814475536346436 0.6049843430519104 1.4083163738250732
-0.008992612361907959 0.284606397151947 -0.14651250839233398
0.4146474301815033 0.30392736196517944 -0.1645253449678421
0.25749674439430237 0.302201509475708 1.6912286281585693
-0.37102651596069336 0.284606397151947 -0.5415455102920532
-1.563130259513855 0.284606397151947 0.0822395533323288
0.8963513374328613 0.7354390621185303 1.900080680847168
-0.4540404677391052 0.8633865714073181 -0.8975569009780884
0.8927136063575745 0.5807848572731018 0.6840826272964478
-1.3016401529312134 0.2873716652393341 1.0043952465057373
-1.5760786533355713 0.6342724561691284 2.120084047317505
-2.1329684257507324 0.6528937220573425 0.865755558013916
-1.1938669681549072 0.6342579126358032 2.1094307899475098
-1.9971919059753418 0.6044915914535522 0.027452239766716957
-0.9832355976104736 0.28879445791244507 1.4543827772140503
-1.5557832717895508 0.6518057584762573 -1.0403199195861816
-0.5687770247459412 0.6801649928092957 2.119762897491455
-0.4414525628089905 0.284606397151947 1.4677934646606445
-0.10239659994840622 0.284606397151947 0.4997063875198364
0.6446244120597839 0.82426518201828 2.134437084197998
0.562121570110321 0.8240665197372437 -0.694573700428009
0.7172399759292603 0.870929479598999 -0.5582091808319092
0.9105103611946106 0.7328880429267883 -0.2045346051454544
0.8041514158248901 0.807835578918457 1.6138501167297363
-2.046082019805908 0.6312384009361267 0.5356196761131287
0.8310591578483582 0.9250512719154358 -0.3437731862068176
0.7271895408630371 0.763266384601593 1.3788224458694458
0.9024636745452881 0.724215567111969 0.18720842897891998
-0.6846755743026733 0.34529244899749756 -0.029433557763695717
0.39369943737983704 0.340052992105484 0.0612214021384716
-1.9761624336242676 0.6777048707008362 1.5898945331573486
0.6515710353851318 0.28882136940956116 1.0505585670471191
0.1318790465593338 0.284606397151947 1.0339571237564087
0.4230233430862427 0.8587937951087952 2.0003230571746826
0.6434054970741272 0.8410478234291077 -0.3940662741661072
-1.4967949390411377 0.7097365856170654 1.9135119915008545
-0.9665200710296631 0.7000516653060913 2.1080734729766846
0.7541945576667786 0.9099192023277283 1.8897508382797241
-0.2066325694322586 0.7526328563690186 2.228489875793457
-1.4986692667007446 0.284606397151947 0.4995450973510742
0.4669584333896637 0.4887087047100067 1.6474298238754272
0.6921849846839905 0.8464353084564209 0.8210082054138184
0.8891458511352539 0.8159387707710266 0.21401920914649963
-1.2947032451629639 0.5237466096878052 -0.4202052056789398
0.5034466981887817 0.8352289199829102 1.141919732093811
-1.2933005094528198 0.7808476090431213 1.7877132892608643
-2.041283130645752 0.6834754347801208 1.3306633234024048
-0.9383922219276428 0.30690672993659973 1.1401208639144897
-0.5348609089851379 0.3324819505214691 1.2396414279937744
-1.9055579900741577 0.6825524568557739 1.0539305210113525
-1.74476957321167 0.7162505388259888 1.2021383047103882
-1.8258278369903564 0.6232242584228516 -0.2149045318365097
-0.8551824688911438 0.5200505256652832 1.684099793434143
0.12472318857908249 0.7430744171142578 2.1344079971313477
-0.46911120414733887 0.36645010113716125 -0.35964205861091614
-1.4633567333221436 0.36524438858032227 1.3648693561553955
-1.8742772340774536 0.6748673915863037 0.8326881527900696
-1.3575645685195923 0.29198604822158813 0.3614022433757782
-1.1002010107040405 0.8047665953636169 1.9122562408447266
-0.26498743891716003 0.39019840955734253 1.7010639905929565
-0.6761888265609741 0.8068330883979797 1.9612089395523071
-1.0852493047714233 0.2889002561569214 0.6019606590270996
-0.8991647362709045 0.36217230558395386 -0.6969246864318848
-0.5906289219856262 0.5600362420082092 0.9224478602409363
-0.30768755078315735 0.34268859028816223 1.2386811971664429
-0.19148170948028564 0.7388314604759216 -0.9131779074668884
-0.6889127492904663 0.8330761790275574 -0.8459630012512207
-1.4905403852462769 0.739472508430481 1.033632516860962
-1.4368481636047363 0.6494265198707581 -0.6839014887809753
-1.4206960201263428 0.7279028296470642 1.2087594270706177
0.6298432350158691 0.34261539578437805 0.6635226011276245
0.1085740178823471 0.8312056064605713 1.6548209190368652
0.2134459763765335 0.32983818650245667 -0.5699539184570312
-0.13083584606647491 0.7517643570899963 1.9516379833221436
0.23546333611011505 0.7556079626083374 -0.8862515687942505
-1.32295560836792 0.8792279958724976 0.6070089936256409
0.8362081050872803 0.9661714434623718 -0.08064312487840652
0.3753564953804016 0.8967764973640442 1.2214792966842651
-1.3258625268936157 0.45919209718704224 0.2167075127363205
-0.9452111124992371 0.7277619242668152 -0.9273971915245056
0.7097926735877991 0.30827099084854126 0.1485809087753296
-0.11729562282562256 0.8938376903533936 -0.8421912789344788
-0.40464913845062256 0.7587971091270447 1.7985738515853882
0.9056816697120667 0.7078631520271301 0.48748278617858887
-1.777021050453186 0.5196207761764526 1.4330569505691528
-0.8718965649604797 0.2994258999824524 0.5803704857826233
-1.2210071086883545 0.4176627993583679 0.12033472210168839
-1.0915058851242065 0.6866579651832581 1.5776861906051636
0.300637423992157 0.338079035282135 1.259772777557373
0.36629718542099 0.8904902338981628 -0.6842178106307983
-0.47444844245910645 0.43471354246139526 0.3701375424861908
-1.3527963161468506 0.3704964816570282 0.5945287942886353
-1.5375198125839233 0.33754757046699524 0.7043145895004272
-1.1138144731521606 0.284606397151947 -0.04038717970252037
-0.7560081481933594 0.7439818978309631 1.7402353286743164
-1.2157095670700073 0.37344592809677124 0.838603675365448
-1.8337653875350952 0.6625603437423706 0.5833864808082581
-1.0401079654693604 0.7542853951454163 1.3779315948486328
-1.5898369550704956 0.6556085348129272 0.23885472118854523
0.48722055554389954 0.37784576416015625 -0.36440232396125793
-0.9177404046058655 0.284606397151947 0.20262324810028076
-1.4238649606704712 0.7813138961791992 -0.16806623339653015
0.1488305628299713 0.8862602114677429 -0.6724889874458313
-1.3488218784332275 1.451240062713623 1.8904633522033691
0.7030661106109619 0.8764119744300842 0.13155551254749298
0.6172952651977539 0.9494869709014893 0.08310263603925705
-1.0423214435577393 0.5253344178199768 1.276078224182129
-1.6354542970657349 0.49845412373542786 0.918811559677124
0.44357356429100037 0.466104120016098 1.407305121421814
-1.5096478462219238 0.8672712445259094 0.6194320917129517
-0.6578367948532104 0.7823439836502075 1.6670782566070557
-0.48841461539268494 0.8319041132926941 1.3503618240356445
-0.38303446769714355 0.35733577609062195 0.980587363243103
0.34706398844718933 0.33619704842567444 0.41454383730888367
-1.4775201082229614 0.4544306695461273 -0.0040952712297439575
-1.1016255617141724 0.7457876205444336 -0.7384536862373352
-1.7303321361541748 0.6479634642601013 0.010535825975239277
-0.8026691675186157 0.7746652364730835 1.39154851436615
-1.7515239715576172 0.684040367603302 0.3720230758190155
-0.5997510552406311 0.30383944511413574 0.40315479040145874
-0.6966718435287476 0.47200682759284973 -0.7962207198143005
-0.8082178235054016 0.30396223068237305 0.9944268465042114
-0.04366470128297806 0.5400974750518799 1.5577497482299805
-1.4663116931915283 0.8167269229888916 0.8678344488143921
-1.049008846282959 0.3819026052951813 0.8408060669898987
-1.2017360925674438 0.8176260590553284 0.8342040777206421
0.11749088764190674 0.4644429683685303 1.1764060258865356
-0.19516730308532715 0.3182305097579956 0.26008832454681396
-0.909929633140564 0.43773153424263 0.881022572517395
-0.7088810801506042 0.518302857875824 0.9879418015480042
-0.34330859780311584 0.47808343172073364 1.4761383533477783
-1.496384620666504 0.68585604429245 -0.4222003221511841
-1.1456670761108398 0.7329115271568298 -0.5147184133529663
-0.46710965037345886 0.9604183435440063 1.2285655736923218
-0.21037040650844574 0.7426563501358032 1.6508362293243408
-0.7336403727531433 0.8850655555725098 1.1794617176055908
-1.0009909868240356 0.9203400015830994 0.9090309143066406
-0.9102616906166077 0.9006325006484985 1.1052168607711792
-1.1733673810958862 0.2866394519805908 0.4440532624721527
0.2236882746219635 0.8054725527763367 1.784871220588684
-0.21577799320220947 0.7794784307479858 1.384688138961792
0.518613874912262 0.8154687881469727 1.7352544069290161
0.2557724416255951 0.3391859233379364 0.7934289574623108
-0.6629082560539246 0.2924497127532959 0.19399327039718628
0.13121069967746735 0.7115761041641235 1.455501675605774
-0.18708911538124084 0.46334001421928406 0.022315500304102898
0.5343078970909119 0.4008900225162506 0.8528047204017639
0.8112329244613647 0.7773783206939697 1.2582999467849731
-0.5557214021682739 0.8163330554962158 1.112747311592102
-0.819671094417572 0.7087559700012207 0.827840268611908
0.24397772550582886 0.7965209484100342 1.2146824598312378
-0.056835390627384186 0.403239905834198 1.3129286766052246
-0.29980915784835815 0.5335074663162231 1.2285808324813843
-0.0616314634680748 0.5186427235603333 -0.52659010887146
0.5041521787643433 0.8286345601081848 0.9416124224662781
0.8323508501052856 0.8540312647819519 0.6889801025390625
0.42649340629577637 0.701325535774231 1.4880566596984863
0.19156935811042786 0.42798662185668945 0.36921268701553345
-1.1057533025741577 0.5686254501342773 0.40281033515930176
-0.055283721536397934 0.4591667652130127 0.8916354775428772
0.5966575145721436 0.9134034514427185 0.5955933332443237
0.0598323754966259 0.7974599599838257 -0.5980375409126282
-0.696171224117279 0.5538098216056824 -0.6217641830444336
0.4719519019126892 0.8257097601890564 -0.29493072628974915
-0.11430393159389496 0.7946178913116455 1.1876541376113892
0.5473870038986206 0.4296257495880127 0.16596241295337677
-1.4131646156311035 0.566180408000946 1.5920122861862183
0.5801118612289429 0.8206306099891663 0.4018397629261017
-1.4346942901611328 0.8612930774688721 0.11711631715297699
-1.1307071447372437 0.45139116048812866 -0.20934145152568817
0.42537131905555725 0.8255897164344788 0.4816792905330658
0.19873695075511932 0.8213061094284058 0.9328488111495972
0.30733323097229004 0.5388227105140686 0.9721785187721252
-0.6610040068626404 0.7948380708694458 -0.5634356141090393
-0.34004998207092285 0.8321720361709595 -0.7195295095443726
-1.3981654644012451 0.9021708965301514 0.4453815221786499
0.28464263677597046 0.7985110878944397 -0.33299720287323
-0.028671298176050186 0.3309262692928314 -0.3701559603214264
-1.0323420763015747 0.8528743982315063 -0.5637413859367371
-1.0795344114303589 0.7856981158256531 0.623859703540802
-1.2091710567474365 0.5097165107727051 1.4530137777328491
-0.5509532690048218 0.8156062364578247 0.6474875807762146
-1.168184518814087 0.817858874797821 -0.2293948531150818
-0.660920262336731 0.7249606251716614 0.2540111243724823
-0.039457183331251144 0.33675721287727356 0.7107675075531006
-0.4013804793357849 0.4349750280380249 0.8636295199394226
0.4004257321357727 0.7697973847389221 0.7960909605026245
-0.0695253312587738 0.6403149962425232 0.9929547905921936
-0.6603798270225525 0.7308319807052612 0.4432271718978882
0.43831366300582886 0.638670802116394 -0.00671045109629631
-1.0388628244400024 0.544848620891571 0.22554711997509003
-0.18150091171264648 0.5799914598464966 0.5883505940437317
-0.5761147737503052 0.8196306228637695 0.1547086238861084
-0.5061240196228027 0.5282672643661499 0.5267187356948853
-0.676138162612915 0.3132568895816803 0.5556530356407166
0.07433213293552399 0.43359604477882385 0.19324848055839539
-0.8018718957901001 0.43189457058906555 -0.28775012493133545
-0.3872462809085846 0.33959805965423584 -0.36991485953330994
-0.534682035446167 0.6386110782623291 0.550457775592804
-0.8774220943450928 0.3983558714389801 0.03747638314962387
0.1930648386478424 0.4640302360057831 -0.007813744246959686
-0.648968517780304 0.944251537322998 0.5666285157203674
-0.09077929705381393 0.4298248291015625 -0.2728803753852844
-0.29806646704673767 0.562036395072937 -0.27977216243743896
-0.3764537572860718 0.8454625010490417 0.7618500590324402
-0.739321231842041 0.544818639755249 -0.04044507443904877
-0.2135334461927414 0.4072394371032715 0.6168919205665588
-0.581417977809906 0.4375842213630676 -0.2699637711048126
-0.29919248819351196 0.6889578104019165 0.6749927401542664
-0.08243940025568008 0.752490758895874 0.6551867723464966
-0.7587763071060181 0.4857957363128662 0.36452189087867737
0.18607719242572784 0.5302892923355103 0.26335304975509644
-0.04445713013410568 0.6036219000816345 -0.11120567470788956
-0.18715037405490875 1.0361695289611816 0.16516900062561035
0.01731102727353573 0.6984938979148865 0.2866378426551819
-0.7112337350845337 0.6112242937088013 0.17123523354530334
0.02551095560193062 0.526303768157959 0.4861530065536499
-0.11101128906011581 0.9025976657867432 0.7610978484153748
-0.016810577362775803 0.6919335126876831 0.4839267134666443
-0.48914361000061035 1.0031039714813232 0.15852753818035126
0.014590553939342499 0.89005047082901 0.36010801792144775
-0.11164896935224533 0.7149958610534668 0.045148104429244995
-0.569732666015625 1.1627695560455322 0.707314133644104
-0.5815616846084595 1.139693260192871 0.4301629364490509
-0.08568106591701508 1.1144849061965942 0.8277433514595032
-0.3870404362678528 1.009605050086975 0.8365066647529602
-0.35561007261276245 1.1999189853668213 0.8909863829612732
-0.2775309979915619 0.839270830154419 0.05680430307984352
0.06077758967876434 0.6227829456329346 0.16471770405769348
0.03423032537102699 0.9936650395393372 0.5881276726722717
0.060655247420072556 1.1981488466262817 0.5256193280220032
-0.0070077781565487385 1.3095852136611938 0.7861104011535645
-0.03626825660467148 1.141085147857666 0.3083573281764984
-0.3676026463508606 1.2320338487625122 0.22766640782356262
-0.3447438180446625 0.6572109460830688 -0.06923330575227737
-0.08088638633489609 1.418466329574585 0.30106693506240845
-0.5818063616752625 1.3949981927871704 0.6033281087875366
-0.36385849118232727 1.707811951637268 0.5294148921966553
-0.4430025517940521 1.433952808380127 0.33475419878959656
-0.5515540242195129 0.6055587530136108 -0.0873270258307457
-0.12907828390598297 1.5086930990219116 0.8652935028076172
-0.3469740152359009 1.4132604598999023 0.8980637192726135
-0.27202513813972473 1.5878393650054932 0.3115178644657135
-0.484449177980423 1.5498533248901367 0.7588984966278076
0.057808078825473785 1.4609414339065552 0.5609085559844971
-0.019291531294584274 1.6616557836532593 0.5790794491767883
-0.1637684851884842 3.696150541305542 0.1309916377067566
-0.24590758979320526 1.7385075092315674 0.7597354650497437
-0.26817771792411804 3.7025063037872314 -0.17169833183288574
-0.5297833681106567 5.097729206085205 0.7429090142250061
-0.39313244819641113 4.046961307525635 -0.04413745179772377
-1.2564905881881714 3.5156755447387695 0.8966248035430908
-0.8179180026054382 5.276528835296631 0.7761056423187256
-1.3184292316436768 3.6305811405181885 1.1406434774398804
-1.083132266998291 3.4607603549957275 0.8483947515487671
-1.0551190376281738 3.7319939136505127 1.3344287872314453
-0.10417487472295761 3.673206090927124 -0.2036360204219818
-1.2296037673950195 3.896672248840332 1.0515762567520142
-0.8904637694358826 3.448402166366577 0.9375085830688477
-0.3917377293109894 3.821483612060547 -0.12235055863857269
-0.7862793803215027 3.892146110534668 0.9099143743515015
-0.07545909285545349 3.6337366104125977 -0.026772156357765198
-0.018683699890971184 3.8310773372650146 -0.3278646767139435
-0.33460137248039246 3.7558164596557617 0.07031543552875519
-1.1004700660705566 3.4443681240081787 1.2164429426193237
-0.7379967570304871 3.635012149810791 1.0007221698760986
-1.1694570779800415 3.63378643989563 0.7430217862129211
0.02717854082584381 3.7157633304595947 0.12378771603107452
0.1842474341392517 3.977337121963501 -0.11179640144109726
-0.23027607798576355 3.910855293273926 -0.3361692428588867
-0.8422579765319824 5.1220598220825195 0.6726914644241333
-0.9072721004486084 3.560790777206421 0.7626568078994751
-0.8203383088111877 3.8655498027801514 1.1922800540924072
-0.6726015210151672 4.998092174530029 0.6442157626152039
-0.001573293935507536 3.9277830123901367 0.23108723759651184
0.1021193340420723 3.746731996536255 -0.1870122104883194
-0.8157251477241516 3.8312289714813232 0.7888715267181396
-0.9530273675918579 3.4077200889587402 1.0102583169937134
-0.11241456866264343 4.148925304412842 -0.23243139684200287
-0.2776869237422943 3.90322208404541 0.21103674173355103
0.1543063521385193 3.766632318496704 0.009246177971363068
-0.9576388001441956 3.493196487426758 1.2603673934936523
-0.8067237734794617 3.5620341300964355 1.188912272453308
-0.48464158177375793 4.985422134399414 0.4540998935699463
-1.043174386024475 3.8355093002319336 0.7210814952850342
-0.3614325523376465 6.112696647644043 0.5203948616981506
-0.1023763120174408 4.16653299331665 0.09265968203544617
-0.2942532002925873 5.870683670043945 0.5260846018791199
-1.2592929601669312 3.5602800846099854 1.130824089050293
-0.6398957371711731 4.963807582855225 0.4791291356086731
-0.8251135349273682 5.032000541687012 0.4505239725112915
-0.3021036386489868 5.262888431549072 0.3367786705493927
-0.2997339367866516 5.233148097991943 0.550851583480835
-0.38021475076675415 5.274264335632324 0.7192270159721375
-0.5876350402832031 5.313507556915283 0.8276330232620239
-0.4184393286705017 5.091485023498535 0.36745956540107727
-0.7395600080490112 5.157896041870117 0.1814236044883728
-0.8128113150596619 5.318516254425049 0.10624371469020844
-0.40659356117248535 5.701817512512207 0.523868203163147
-0.6767725348472595 5.024467945098877 0.28131750226020813
-0.954352617263794 5.482903003692627 0.43254417181015015
-0.19136585295200348 5.728812217712402 0.26376521587371826
-0.10028345882892609 5.8966569900512695 0.2445620596408844
-0.3181038796901703 6.326906681060791 0.28509521484375
-0.4807010591030121 5.733303546905518 0.011198015883564949
-0.036234576255083084 6.03527307510376 0.33604511618614197
-0.5238033533096313 5.289979457855225 0.1165943592786789
-0.5834658741950989 5.609103202819824 0.6844619512557983
-0.9487926363945007 5.262582778930664 0.3707191050052643
-0.8454055786132812 5.501896381378174 0.6832072734832764
-0.3020973205566406 5.785407066345215 0.13036534190177917
0.09693751484155655 6.265200614929199 0.17879237234592438
-0.2645075023174286 5.459316253662109 0.34608542919158936
-1.0694700479507446 5.552402019500732 1.5183929204940796
-0.43732962012290955 5.452683925628662 0.09210237860679626
-0.14644338190555573 7.361125946044922 0.7998477220535278
0.07869498431682587 6.129030704498291 0.31322571635246277
-0.8252352476119995 5.521502494812012 0.11348500847816467
-0.5245035886764526 7.19588565826416 0.5842799544334412
-0.1987164467573166 6.261778831481934 0.5996308922767639
-0.736216127872467 5.719941139221191 0.49024805426597595
-0.8132480978965759 5.728752136230469 0.18468058109283447
-0.6218391060829163 5.622412204742432 0.012973672710359097
-0.35991209745407104 6.072656631469727 0.11751319468021393
-0.6300944685935974 5.9503960609436035 0.2602475881576538
-0.1700616329908371 7.200857162475586 0.6547300219535828
-0.34293049573898315 7.592231273651123 0.29136884212493896
-0.11827082931995392 7.405047416687012 0.434930682182312
0.01810414344072342 6.121066570281982 0.5060112476348877
0.03386765345931053 6.473957538604736 0.5485547780990601
-0.1928759217262268 7.288966178894043 0.432882696390152
-0.028365708887577057 6.438432216644287 0.17254452407360077
0.15826790034770966 6.2926740646362305 0.4919697642326355
-0.5565563440322876 7.35856819152832 0.3522971570491791
-0.4995132386684418 7.12969970703125 0.6636998653411865
-0.5955026149749756 7.29162073135376 0.9923205375671387
0.02292151376605034 6.573310375213623 0.31406736373901367
-0.5341655015945435 7.481948375701904 1.0728013515472412
-0.40560320019721985 7.303781509399414 0.3678610920906067
-0.7369885444641113 7.322612762451172 0.8934139609336853
-0.3770042061805725 7.153020858764648 0.7282639741897583
-0.6774445176124573 7.200556755065918 0.7393347024917603
-0.905704915523529 7.686079025268555 0.7356989979743958
-0.19179898500442505 7.676411151885986 0.34767982363700867
-0.223943293094635 7.697392463684082 0.9887274503707886
-0.7737912535667419 7.613405704498291 0.9479706287384033
-0.2919794023036957 7.4254326820373535 0.9718496203422546
-0.37707358598709106 7.693901538848877 1.0495396852493286
-0.7277123332023621 7.229144096374512 0.5493584275245667
-0.16597159206867218 6.572120189666748 0.5133940577507019
-0.6158783435821533 7.555990695953369 0.33721500635147095
-0.8728963136672974 7.353370189666748 0.7144562602043152
-0.7870954871177673 7.898873329162598 0.7100356221199036
-0.5103992223739624 7.827042102813721 0.4639538526535034
-0.056762177497148514 7.724680423736572 0.5361075401306152
0.042314860969781876 7.749891757965088 0.6200780272483826
-0.6212571263313293 7.757989406585693 0.9924609661102295
-0.4975665509700775 7.94079065322876 0.664760410785675
-0.06151371821761131 7.556155681610107 0.8057919144630432
-0.005394315347075462 7.959931373596191 0.9428562521934509
0.026013270020484924 7.921289443969727 0.6972235441207886
-0.8355857133865356 7.46057653427124 0.5169451832771301
-0.9271974563598633 7.968320846557617 0.6617365479469299
0.14980728924274445 8.799276351928711 0.26895686984062195
-0.19685152173042297 8.302840232849121 0.9075068831443787
0.03696902468800545 9.240358352661133 -0.06223854795098305
-0.15301309525966644 7.855508804321289 1.0853583812713623
-0.24355968832969666 8.292696952819824 1.1438788175582886
0.09290805459022522 8.801565170288086 0.31179147958755493
-0.7534195780754089 8.080668449401855 0.6445616483688354
-0.3083997964859009 8.030566215515137 0.5457698106765747
0.08849751949310303 9.232765197753906 -0.09459196776151657
-0.24601218104362488 7.992603778839111 1.1339865922927856
-0.4936051368713379 8.147889137268066 0.8874291181564331
-0.1449393630027771 8.237196922302246 0.6940098404884338
-0.02772258035838604 8.256697654724121 0.9089407920837402
-0.8959288597106934 7.885128974914551 0.49119147658348083
-0.3577873110771179 8.47001838684082 1.0678839683532715
-0.4198143482208252 8.749414443969727 0.9723039865493774
0.14067447185516357 8.845878601074219 0.33085328340530396
-0.9944438338279724 8.016336441040039 0.48064640164375305
-0.5590031147003174 9.179906845092773 0.5803227424621582
-0.6879562735557556 9.182631492614746 0.8854003548622131
-0.505072832107544 8.928677558898926 0.7217919230461121
-0.38404580950737 8.785713195800781 0.6575523614883423
-0.49796804785728455 9.098550796508789 1.032485008239746
-0.6191574931144714 9.11966323852539 0.7169800996780396
-0.5273239016532898 9.307756423950195 1.0789086818695068
0.11469309031963348 9.146941184997559 -0.13438859581947327
-0.25169751048088074 9.317532539367676 0.4354565739631653
-0.2287915199995041 8.883289337158203 0.863163411617279
-0.6337846517562866 9.5109224319458 1.1719517707824707
-0.07663819938898087 9.126160621643066 0.6511256098747253
-0.2188391089439392 9.009204864501953 0.6281520128250122
-1.1367926597595215 9.574049949645996 -0.1749694049358368
-0.0076374816708266735 9.519091606140137 0.6464057564735413
-0.248372420668602 9.137231826782227 0.6770539879798889
-0.4718887507915497 9.582018852233887 1.2103184461593628
-0.09985430538654327 9.183935165405273 0.9205707907676697
0.3308609127998352 9.481639862060547 -0.29931071400642395
-0.09849091619253159 9.466751098632812 0.9398549795150757
-0.3471899628639221 9.60020923614502 0.5066887140274048
0.21764644980430603 9.729520797729492 -0.29023873805999756
-0.5166804194450378 9.508039474487305 0.5371676087379456
-0.15858963131904602 9.336674690246582 1.0497163534164429
-0.1252816915512085 9.672778129577637 1.1326138973236084
-0.5233563780784607 9.794489860534668 1.043054461479187
-0.04466375708580017 10.146930694580078 0.2311883419752121
-0.6705641746520996 9.456551551818848 0.7573214769363403
-0.5516432523727417 10.326581954956055 0.3155880868434906
-0.4215396046638489 9.881539344787598 1.1590385437011719
-1.063833475112915 9.760812759399414 0.05609883740544319
0.2757532000541687 10.097869873046875 -0.16483095288276672
-0.36636024713516235 9.786182403564453 0.6327715516090393
-0.9101126790046692 9.843957901000977 -0.002598377875983715
-0.24043330550193787 9.91813850402832 0.910197913646698
0.3183995485305786 10.04371452331543 -0.20505055785179138
-0.8261642456054688 10.316656112670898 0.3877439796924591
-0.18293121457099915 9.67896842956543 0.6838675141334534
-0.4065729081630707 10.364374160766602 0.31761884689331055
0.09313659369945526 10.289987564086914 0.27389609813690186
0.16856782138347626 10.134610176086426 -0.23301415145397186
-0.31790441274642944 9.961762428283691 0.8671833276748657
-0.529600203037262 10.402698516845703 0.18351638317108154
-0.3351306617259979 10.424398422241211 0.4363396167755127
-0.403059184551239 10.52665901184082 0.4189695119857788
-1.0745015144348145 10.621485710144043 0.6626406311988831
-0.4629169702529907 10.169954299926758 0.8873993158340454
-0.15281318128108978 10.578301429748535 0.3416430950164795
-1.0378165245056152 10.60962200164795 0.6038053631782532
0.1571311205625534 10.687877655029297 0.4837895631790161
-0.5275572538375854 10.642562866210938 0.17052149772644043
0.2868862450122833 10.94190502166748 1.002236247062683
0.12879590690135956 10.55264949798584 0.22494269907474518
-0.6562333106994629 10.644610404968262 0.18124531209468842
0.1771577149629593 10.605720520019531 0.24569354951381683
0.324480265378952 10.899336814880371 1.1464247703552246
-0.7585047483444214 10.945326805114746 -0.1619388461112976
-0.4977152347564697 10.744540214538574 0.3798845112323761
0.4147799015045166 10.621742248535156 -0.10025440901517868
-0.6955656409263611 10.7951021194458 0.24927884340286255
-0.4394227862358093 10.85212516784668 0.16841672360897064
0.2530874013900757 10.844246864318848 0.27551382780075073
0.21458163857460022 10.938384056091309 1.1609925031661987
-0.574072539806366 11.003787994384766 -0.29285791516304016
0.33863699436187744 11.116299629211426 1.196817398071289
-0.038756947964429855 10.979840278625488 0.3558809161186218
0.2768251895904541 10.990272521972656 0.7824547290802002
0.2798703908920288 11.020477294921875 1.2889755964279175
0.2629750072956085 11.047760963439941 0.2243398278951645
-1.3670861721038818 11.174893379211426 1.2644860744476318
-0.6375790238380432 10.961594581604004 0.3745904564857483
0.2133646160364151 11.132490158081055 1.146343469619751
-0.8932249546051025 11.178926467895508 -0.016107967123389244
-0.26553085446357727 11.218761444091797 0.5093021392822266
0.39343202114105225 11.252265930175781 0.2527523338794708
0.2936933636665344 11.280437469482422 0.13801690936088562
-1.4087520837783813 11.23575496673584 1.3159103393554688
-0.1988287717103958 11.3228120803833 1.475687026977539
-0.739014744758606 11.356961250305176 -0.34227821230888367
-0.34967708587646484 11.306570053100586 0.4480631351470947
-0.1363568902015686 11.406885147094727 1.442692518234253
0.4676620066165924 11.334413528442383 0.3518632650375366
-0.5040724277496338 11.358501434326172 0.637481689453125
-1.1044435501098633 11.433752059936523 -0.032229214906692505
-0.28600284457206726 11.400592803955078 1.3573676347732544
-0.9525710940361023 11.413073539733887 -0.31738951802253723
0.27774471044540405 11.481164932250977 0.30078011751174927
-1.1239681243896484 11.47022533416748 0.784015953540802
-0.6183218359947205 11.48389720916748 1.2330440282821655
-0.9898648858070374 11.515817642211914 0.22757066786289215
-0.5582008957862854 11.5372314453125 0.46450668573379517
-0.6423938870429993 11.543920516967773 0.6746565103530884
0.24289467930793762 11.5308198928833 1.1968920230865479
-0.5202305912971497 11.551275253295898 1.4000988006591797
-0.35019826889038086 11.571491241455078 -0.12270833551883698
-0.8341038227081299 11.578263282775879 1.4300638437271118
