1540
-2.386474370956421 0.2846064567565918 1.594855785369873
-2.3863744735717773 0.2845063805580139 -0.760401725769043
-2.3863744735717773 0.49372318387031555 0.6764549016952515
0.9210299253463745 0.2845063805580139 -0.8536872267723083
-2.1069064140319824 0.284606397151947 0.025056885555386543
-1.341660499572754 0.2845063805580139 -1.2053003311157227
-0.45363712310791016 0.284606397151947 1.2813620567321777
-1.0123528242111206 0.284606397151947 -0.9082518219947815
-0.9746098518371582 0.2845063805580139 -1.2052983045578003
0.9210302829742432 0.2845063805580139 -1.2053344249725342
-2.3863754272460938 0.2845063805580139 -0.26349639892578125
-2.3863744735717773 0.2845063805580139 0.2799215316772461
-2.3863754272460938 0.2845063805580139 -0.4871854782104492
-1.7904043197631836 0.2845063805580139 2.141207695007324
-2.38637638092041 0.2845063805580139 -0.012806892395019531
-2.386474609375 0.28460657596588135 0.6871278285980225
0.6637098789215088 0.28460657596588135 -1.2053992748260498
-0.5550698041915894 0.2845063805580139 -1.2052980661392212
-2.091578960418701 0.284606397151947 1.299660563468933
0.11685562133789062 0.2845063805580139 2.141207695007324
0.9210302829742432 0.2845063805580139 -0.8956441283226013
0.9210320711135864 0.2845063805580139 -0.7526674270629883
-2.38637638092041 0.2845063805580139 0.11360549926757812
-1.5922003984451294 0.284606397151947 1.8782991170883179
-0.4403088688850403 0.2845063805580139 -1.2052979469299316
-2.378506660461426 0.2845063805580139 2.141206741333008
-2.38637638092041 0.2845063805580139 -0.14040088653564453
0.9210315942764282 0.2845063805580139 -1.0063084363937378
-2.116617441177368 0.284606397151947 1.66839599609375
-1.0930322408676147 0.2845063805580139 -1.205295443534851
0.9210300445556641 0.2845063805580139 1.370452880859375
0.9210300445556641 0.5148894190788269 1.543579339981079
-1.9099234342575073 0.284606397151947 1.7154179811477661
-2.384052276611328 0.3020922839641571 1.8798794746398926
-2.1855380535125732 0.2846062183380127 2.141308307647705
0.9211299419403076 0.2846066951751709 -0.6750397682189941
-2.3863744735717773 0.2845063805580139 -0.6464748382568359
0.9211005568504333 0.2846066355705261 -1.2053993940353394
-2.3863725662231445 0.2845063805580139 -0.8710041046142578
-1.9554815292358398 0.2846059799194336 2.141308307647705
0.9211300611495972 0.2846064567565918 0.8811041116714478
-1.4493238925933838 0.2846064567565918 -1.2053985595703125
0.3192737102508545 0.284606397151947 1.5984807014465332
-0.5528537631034851 0.284606397151947 -0.9073167443275452
0.3850499391555786 0.2845063805580139 -1.2052993774414062
-2.386474370956421 0.28457212448120117 2.1412086486816406
-2.386474370956421 0.2846064567565918 1.0081443786621094
-0.404850572347641 0.284606397151947 -0.7926289439201355
-2.38637375831604 0.5750398635864258 -1.2053983211517334
-2.386474609375 0.284606397151947 -1.205352783203125
-1.7572983503341675 0.284606397151947 -0.597875714302063
-1.5150455236434937 0.284606397151947 -0.9017724990844727
-2.386474370956421 0.2846066951751709 1.6919517517089844
-2.0917389392852783 0.284606397151947 -0.7228254079818726
0.9211301207542419 0.2846064567565918 2.041032314300537
-1.8915364742279053 0.284606397151947 1.3416050672531128
0.3815895617008209 0.284606397151947 -0.9271301031112671
-1.5406465530395508 0.2846066951751709 -1.2053985595703125
-2.3863744735717773 0.2845063805580139 0.5172767639160156
-1.707769513130188 0.284606397151947 -0.7858517169952393
-0.07927393913269043 0.28460633754730225 -1.2053990364074707
-1.2818574905395508 0.284606397151947 -0.9188178777694702
-1.872981071472168 0.2846064567565918 -1.205398440361023
-2.3864386081695557 0.2846064567565918 -1.2053983211517334
0.9211300611495972 0.284606397151947 1.7773784399032593
-2.3863754272460938 0.2845063805580139 1.8022489547729492
-2.0262935161590576 0.284606397151947 1.8717070817947388
0.9211300611495972 0.2846064567565918 1.1005860567092896
-0.10758131742477417 0.28460636734962463 2.141308307647705
-2.3863754272460938 0.2845063805580139 -0.3746519088745117
0.5685005187988281 0.2845063805580139 2.141204833984375
0.9210300445556641 0.2845650613307953 2.141308307647705
-2.3863744735717773 0.2845063805580139 1.4885387420654297
0.9211300611495972 0.2846065163612366 1.677509069442749
0.7681722640991211 0.2846064567565918 2.141308307647705
-1.2274320125579834 0.2846064567565918 -1.205398678779602
-1.9754745960235596 0.284606397151947 -0.11923477053642273
0.9211300611495972 0.2846066355705261 1.4694424867630005
0.9210309982299805 0.2845063805580139 1.5746221542358398
-1.8828176259994507 0.284606397151947 1.1441072225570679
-2.129127264022827 0.284606397151947 0.7860128283500671
-1.3102998733520508 0.2846059799194336 2.141308307647705
0.9211299419403076 0.2846064567565918 -0.5806519985198975
0.9210300445556641 0.2845063805580139 2.1412458419799805
-2.3863744735717773 0.2845063805580139 0.9332656860351562
-1.7707319259643555 0.2846062183380127 -1.2053985595703125
-1.3511631488800049 0.284606397151947 -0.7424302101135254
0.9210309982299805 0.2845063805580139 1.8852882385253906
-0.08566701412200928 0.7012726664543152 2.1412081718444824
-0.3761211335659027 0.2846064269542694 2.141308307647705
-0.0076236724853515625 0.28460657596588135 -1.2053990364074707
-1.672386884689331 0.2846064567565918 -1.2053985595703125
-2.0287325382232666 0.284606397151947 -0.9143410325050354
-1.9128141403198242 0.5265140533447266 -1.2052985429763794
0.5218033194541931 0.284606397151947 0.536837637424469
-1.4593591690063477 0.2845063805580139 2.141207695007324
-1.9574851989746094 0.2845063805580139 -1.2052984237670898
-0.6672652959823608 0.2846043109893799 2.141308307647705
-2.386373996734619 0.6721161603927612 2.141308307647705
-2.3863773345947266 0.2845063805580139 1.3037519454956055
-0.7742972373962402 0.2846062183380127 2.141308307647705
0.9211300015449524 0.2846064567565918 0.6554481983184814
-2.386474370956421 0.2846064567565918 1.9247090816497803
-2.085418701171875 0.284606397151947 1.1208748817443848
0.9211300015449524 0.28460633754730225 0.03923988342285156
-2.3650827407836914 0.2845063805580139 -1.2052993774414062
-2.3863744735717773 0.49438735842704773 1.2712260484695435
-0.6974749565124512 0.28460633754730225 -1.2053987979888916
-0.8822696805000305 0.2846059799194336 2.141308307647705
-2.3863744735717773 0.2845063805580139 1.1830759048461914
-0.9806256294250488 0.284606397151947 1.7566627264022827
-2.386474609375 0.791322648525238 -1.2052984237670898
0.9210314750671387 0.2845063805580139 0.1313290297985077
-2.141810894012451 0.284606397151947 0.44336244463920593
-1.6872659921646118 0.2846059799194336 2.141308307647705
-2.3863744735717773 0.2845063805580139 -1.0159235000610352
-2.1557483673095703 0.2845063805580139 -1.2052993774414062
-2.386474370956421 0.2846064567565918 1.0687587261199951
0.9210299849510193 0.5322160124778748 -0.5480378270149231
-0.6348412036895752 0.284606397151947 1.8981765508651733
-1.3228682279586792 0.284606397151947 1.839513897895813
-1.8145619630813599 0.284606397151947 -0.9245408773422241
-2.386474609375 0.28460627794265747 -0.9481353163719177
-2.1178207397460938 0.284606397151947 -0.255891352891922
-1.8044124841690063 0.284606397151947 1.8717875480651855
-0.8949364423751831 0.2845063805580139 -1.2052973508834839
-2.035923957824707 0.2845063805580139 -1.2052993774414062
0.0368925966322422 0.5716114640235901 -1.2052991390228271
0.4053678512573242 0.2845063805580139 2.141207695007324
0.9211299419403076 0.7593998908996582 -1.2052991390228271
-1.5740435123443604 0.2846062183380127 2.141308307647705
-2.386474609375 0.9003880023956299 -1.2053120136260986
-2.0582101345062256 0.2846078872680664 2.141308307647705
-0.35220831632614136 0.2845063805580139 -1.2052998542785645
0.9210281372070312 0.2845063805580139 1.2069339752197266
0.5865553021430969 0.284606397151947 -0.09275959432125092
0.9211299419403076 0.5271883010864258 -1.2052991390228271
-2.027315616607666 0.284606397151947 0.6222220659255981
0.9211300015449524 0.2846064567565918 -0.2563138008117676
0.27518928050994873 0.2845063805580139 -1.2053004503250122
-0.8099908828735352 0.2845063805580139 -1.2053000926971436
-0.0026302337646484375 0.2845063805580139 2.141207695007324
-0.266765832901001 0.2845063805580139 -1.2053006887435913
0.8272440433502197 0.2846064567565918 -1.2053992748260498
0.5830067992210388 0.284606397151947 -0.8999475836753845
-0.85906982421875 0.284606397151947 1.9447413682937622
0.9211300015449524 0.28460657596588135 0.24821209907531738
-1.084108591079712 0.2846081256866455 2.141308307647705
0.29092490673065186 0.2846064567565918 2.141308307647705
0.45819228887557983 0.284606397151947 1.2747045755386353
0.1074906587600708 0.2845063805580139 -1.2053005695343018
-2.386474370956421 0.8898028135299683 2.141207695007324
-1.6035444736480713 0.3026964068412781 -1.205298662185669
0.9210289716720581 0.2845063805580139 0.5526449680328369
-0.26383188366889954 0.284606397151947 1.7489901781082153
-1.8712329864501953 0.2845063805580139 2.141206741333008
-0.6249945163726807 0.28460633754730225 -1.2053989171981812
0.5481655597686768 0.2845063805580139 -1.2053003311157227
0.3710244596004486 0.284606397151947 1.93636155128479
-0.5803956985473633 0.2845063805580139 2.141207695007324
-0.4867996275424957 0.2846064269542694 2.141308307647705
0.46966683864593506 0.28460657596588135 -1.2053991556167603
-0.1765185296535492 0.284606397151947 1.0116944313049316
0.6539256572723389 0.284606397151947 -0.2763596773147583
0.18919479846954346 0.28460633754730225 -1.2053991556167603
0.07080769538879395 0.284606397151947 -0.01179393008351326
-0.11750341206789017 0.284606397151947 1.8862335681915283
0.9211300015449524 0.2846066951751709 -0.06011795997619629
0.9211300611495972 0.28460657596588135 0.7811824083328247
0.15435250103473663 0.284606397151947 -0.9017806649208069
0.9211300015449524 0.2846064567565918 -0.47815418243408203
-1.8373916149139404 0.284606397151947 0.27994000911712646
-2.386474609375 0.2846064567565918 0.40009593963623047
0.9210317134857178 0.2845063805580139 -0.3683025538921356
0.25403863191604614 0.284606397151947 -0.5709116458892822
0.6739861369132996 0.284606397151947 1.498169183731079
-0.2687566876411438 0.284606397151947 -0.6887165904045105
-1.5301424264907837 0.284606397151947 -0.7069571018218994
-0.786959707736969 0.284606397151947 -0.8841720819473267
0.22031179070472717 0.284606397151947 1.736719012260437
-0.002997193019837141 0.284606397151947 1.7018532752990723
0.6212059259414673 0.284606397151947 -0.6983195543289185
0.9211300015449524 0.28460657596588135 0.4311041831970215
-0.26168620586395264 0.284606397151947 -0.9143648743629456
-0.09599331766366959 0.284606397151947 -0.6777158379554749
0.6251546740531921 0.284606397151947 -0.5110691785812378
-1.381260871887207 0.284606397151947 -0.5525558590888977
-2.0664219856262207 0.284606397151947 0.25129008293151855
-1.9113028049468994 0.284606397151947 0.7907788753509521
-0.7652456164360046 0.6084142923355103 2.1412081718444824
-2.0791947841644287 0.284606397151947 1.4933761358261108
0.6316895484924316 0.284606397151947 1.8129395246505737
-2.386373519897461 0.2845063805580139 -0.5691280364990234
-2.102015733718872 0.284606397151947 -0.5245494246482849
0.9210300445556641 0.2845063805580139 1.284836769104004
0.044578783214092255 0.284606397151947 -0.5233533978462219
-1.9040031433105469 0.284606397151947 1.5464370250701904
-2.386448621749878 0.2846043109893799 2.141308307647705
-1.8175419569015503 0.284606397151947 0.9581140875816345
0.4888794422149658 0.2846064567565918 2.141308307647705
0.9210301637649536 0.8247608542442322 2.141308307647705
-2.3863744735717773 0.7241001725196838 1.895238995552063
-2.386474370956421 0.28460657596588135 0.8447210788726807
-0.8458154797554016 0.284606397151947 -0.46652770042419434
-0.2737131714820862 0.28460636734962463 2.141308307647705
-1.9077433347702026 0.284606397151947 -0.7543098330497742
-2.3863742351531982 0.4371159076690674 -1.2053983211517334
-1.7168705463409424 0.284606397151947 1.6800336837768555
-2.3863744735717773 0.5168493390083313 -0.3534131646156311
-2.3863744735717773 0.5942482352256775 -0.8868972063064575
-1.536447286605835 0.284606397151947 1.3042709827423096
-1.4735760688781738 0.284606397151947 1.1127344369888306
-2.3863744735717773 1.138431191444397 -1.2053983211517334
-2.386474609375 0.2846064567565918 0.19478917121887207
-0.6649392247200012 0.5918622016906738 -1.205298900604248
-1.960766315460205 0.284606397151947 -0.3584761619567871
-1.8097213506698608 0.284606397151947 -0.227809876203537
-2.3863744735717773 0.6211216449737549 1.1046539545059204
-1.9333690404891968 0.284606397151947 0.10673820972442627
-1.9233964681625366 0.284606397151947 -0.5693627595901489
-0.7768203020095825 0.284606397151947 1.7343449592590332
0.44456127285957336 0.284606397151947 -0.723361074924469
-1.5707387924194336 0.284606397151947 -0.5176000595092773
0.9210295677185059 0.6439374089241028 -1.2053993940353394
-1.7201026678085327 0.284606397151947 1.2515795230865479
-1.9481852054595947 0.284606397151947 0.44013333320617676
0.5769592523574829 0.4979492425918579 -1.2052992582321167
0.14600101113319397 0.284606397151947 -0.24927671253681183
0.2043609619140625 0.2845063805580139 2.1412057876586914
0.9211300611495972 0.28460633754730225 0.989677906036377
0.31232956051826477 0.284606397151947 0.49366387724876404
-2.386474609375 1.015089511871338 -1.2053122520446777
-1.1637239456176758 0.2845063805580139 -1.2052955627441406
-0.9858567714691162 0.2846040725708008 2.141308307647705
-0.9585930705070496 0.284606397151947 -0.7328833937644958
-1.3296910524368286 0.284606397151947 1.6483601331710815
-2.386474609375 0.28460633754730225 -0.07811665534973145
0.9210302233695984 0.3833999037742615 -1.2053993940353394
-1.8882038593292236 0.6970906853675842 2.1412081718444824
-1.177963376045227 0.284606397151947 1.3593765497207642
-2.3863744735717773 0.5580073595046997 2.141308307647705
-1.7560926675796509 0.284606397151947 -0.38929808139801025
0.9210300445556641 0.4762157201766968 2.141308307647705
-1.4928346872329712 0.284606397151947 1.7167216539382935
0.05835241079330444 0.284606397151947 0.441608190536499
-1.1724605560302734 0.284606397151947 0.903633713722229
-2.3863744735717773 0.79960697889328 -0.9390386939048767
-1.0345768928527832 0.284606397151947 1.5431833267211914
-2.3863747119903564 0.6877942085266113 -1.2053983211517334
-2.386474370956421 0.44031834602355957 2.1412081718444824
-2.386375665664673 1.1163917779922485 2.141308307647705
-2.386375665664673 0.7823260426521301 2.141308307647705
-0.4515950381755829 0.5950812697410583 2.1412081718444824
-0.20002391934394836 0.5523324012756348 -1.2052990198135376
0.9210300445556641 0.5245184898376465 1.0045340061187744
-2.3863744735717773 0.2845063805580139 0.6178016662597656
0.9210300445556641 0.6049115061759949 2.141308307647705
0.6712895035743713 0.7142748832702637 -1.2052992582321167
-0.1888464391231537 0.28460636734962463 2.141308307647705
0.9210300445556641 0.42569899559020996 1.8331668376922607
0.921029806137085 0.2845063805580139 0.3442862927913666
-2.3863744735717773 0.6654068231582642 -0.0010753818787634373
-0.9309577941894531 0.284606397151947 0.08501148968935013
-1.987406611442566 0.7439587116241455 -1.2052985429763794
-2.3863744735717773 0.5035908222198486 -0.6338867545127869
-1.20498788356781 0.284606397151947 1.5447345972061157
-1.369521141052246 0.284606397151947 -0.36829233169555664
-2.3863754272460938 0.2845063805580139 1.3950128555297852
-0.03478074446320534 0.284606397151947 -0.3579474091529846
0.48260268568992615 0.284606397151947 -0.3228043019771576
0.09696225821971893 0.284606397151947 1.917651653289795
-0.5014662742614746 0.284606397151947 -0.6246418952941895
-1.8002121448516846 0.284606397151947 -0.05178758502006531
0.9210301637649536 0.9258683919906616 2.141308307647705
-0.8885357975959778 0.5533759593963623 -1.2052987813949585
0.9210300445556641 0.5249627232551575 0.7449830770492554
-1.6871109008789062 0.284606397151947 1.068566083908081
-1.9946045875549316 0.5455780625343323 2.1412081718444824
-2.3863744735717773 0.5522985458374023 0.9000919461250305
-1.383996844291687 0.2846059799194336 2.141308307647705
-2.3863744735717773 0.5717895030975342 -0.16018322110176086
-1.3985931873321533 0.284606397151947 1.4613542556762695
-2.1301982402801514 0.6026425957679749 -1.2052984237670898
-0.6012393832206726 0.7495062947273254 2.1412081718444824
-0.6579169034957886 0.284606397151947 1.5947152376174927
-0.35015228390693665 0.284606397151947 -0.1311172991991043
0.6054821610450745 0.6100931167602539 2.1412081718444824
0.9211299419403076 0.8729914426803589 -1.2052948474884033
0.9211299419403076 0.9788264632225037 -1.2052948474884033
0.9210299849510193 0.49565228819847107 -0.26215681433677673
0.9210301041603088 0.706760048866272 1.920544147491455
-2.3863744735717773 0.49281081557273865 0.3975347578525543
0.9210299253463745 0.5836892127990723 -0.7962391376495361
0.9210300445556641 0.6757807731628418 1.709811806678772
0.9210299849510193 0.4991808831691742 0.14911150932312012
-1.2357594966888428 0.284606397151947 -0.23857378959655762
0.442251980304718 0.284606397151947 -0.01988968439400196
-2.3863744735717773 0.6436017155647278 1.745868444442749
0.6330146789550781 0.284606397151947 1.2456790208816528
0.09131037443876266 0.284606397151947 1.5431467294692993
0.3634064495563507 0.576215386390686 2.1412081718444824
0.9210299253463745 0.7125677466392517 -0.9621033072471619
-2.1166694164276123 0.7337504029273987 2.1412081718444824
-1.2360239028930664 0.2845063805580139 2.141207695007324
0.9211301207542419 0.7216423749923706 2.141207695007324
-0.11746141314506531 0.2859131693840027 2.69266939163208
-1.7551730871200562 0.284606397151947 0.44311344623565674
0.6928624510765076 0.28460636734962463 2.141308307647705
0.9210300445556641 0.572876513004303 1.2508465051651
0.9210299849510193 0.6607299447059631 0.32921844720840454
0.9210300445556641 0.9111399054527283 1.8427014350891113
-2.026970148086548 0.8781540393829346 2.1412081718444824
-2.3863744735717773 0.5067407488822937 1.5746798515319824
-1.3476842641830444 0.284606397151947 1.2521085739135742
-0.8741486072540283 0.284606397151947 1.5685689449310303
-2.3863744735717773 0.6834875345230103 1.3729978799819946
-2.3863744735717773 0.6984919905662537 1.5616439580917358
-2.3863744735717773 0.6774953007698059 -0.7080771923065186
-1.1456491947174072 0.2846081256866455 2.141308307647705
0.11654491722583771 0.6184543967247009 2.1412081718444824
-0.6482952833175659 0.284606397151947 -0.7408321499824524
-1.7405534982681274 0.284606397151947 1.4767082929611206
-2.3863744735717773 0.7834948301315308 1.0103095769882202
-1.72938871383667 0.284606397151947 0.1260434240102768
-1.4244716167449951 0.5961048603057861 2.1412081718444824
-0.38790202140808105 0.284606397151947 1.9343595504760742
-0.8537008762359619 0.7497397065162659 2.5995826721191406
-1.4255555868148804 0.284606397151947 0.30121245980262756
-1.154536485671997 0.284606397151947 -0.7569078207015991
-1.2636055946350098 0.8615319728851318 2.1412081718444824
-0.4527089297771454 0.544113278388977 -1.2052990198135376
-1.2980377674102783 0.5612238049507141 -1.205298662185669
-2.3863744735717773 0.8932667970657349 1.4413775205612183
-2.118675470352173 0.8845687508583069 -1.2052984237670898
-2.3863744735717773 0.9370604753494263 1.8451992273330688
0.7084059119224548 0.284606397151947 0.6299402117729187
-0.20730426907539368 0.5779445171356201 2.1412081718444824
0.07375839352607727 0.284606397151947 -0.7148061394691467
-0.01080840453505516 0.7498397827148438 2.572741985321045
0.27647334337234497 0.5386306643486023 -1.2052991390228271
-2.3863744735717773 0.6633884310722351 0.564582347869873
0.9211300015449524 0.2846064567565918 -0.16624116897583008
0.31282153725624084 1.0201345682144165 2.1412081718444824
-2.0261359214782715 1.0711406469345093 0.08598042279481888
-1.5017896890640259 0.5815027952194214 -1.205298662185669
0.6400341391563416 0.284606397151947 0.10506554692983627
-0.14900338649749756 0.2846064567565918 -1.2053990364074707
-0.6289937496185303 0.2864774167537689 2.6924831867218018
0.9210299849510193 0.5155444145202637 0.47994112968444824
-2.0274264812469482 0.8818088173866272 1.7881258726119995
-1.183154821395874 0.284606397151947 0.3020839989185333
-2.0768165588378906 0.949390172958374 -0.30499160289764404
-1.5860003232955933 0.6827122569084167 2.1412081718444824
0.4756898283958435 0.284606397151947 1.470759630203247
0.473910927772522 0.828544557094574 -1.2052992582321167
-2.3154096603393555 1.448453426361084 -1.2052984237670898
-1.6441564559936523 0.284606397151947 0.6005234718322754
-1.8242442607879639 0.284606397151947 0.6287313103675842
-1.6215101480484009 0.284606397151947 -0.09057338535785675
-0.9779683351516724 0.6194205284118652 2.1412081718444824
-1.696316123008728 0.284606397151947 0.814790666103363
-1.750781536102295 0.8008662462234497 2.1412081718444824
-2.3863744735717773 0.819360613822937 -0.13888758420944214
0.43883514404296875 0.284606397151947 -0.5370418429374695
-1.542937159538269 0.284606397151947 0.1430029571056366
-2.3863744735717773 0.9934227466583252 -0.9004174470901489
0.42552846670150757 0.6625341176986694 -1.2052992582321167
-1.7376525402069092 0.5304471850395203 2.1412081718444824
0.9210299849510193 0.6995004415512085 0.10368689894676208
0.9210299849510193 0.6180107593536377 -0.08618713915348053
-1.5640829801559448 0.284606397151947 1.5390472412109375
-2.021996021270752 0.284606397151947 0.9605565071105957
0.5553800463676453 0.284606397151947 1.631631851196289
-2.3863744735717773 0.7177058458328247 0.8085352778434753
-0.8549458384513855 0.7497397065162659 2.5039243698120117
-0.4564267098903656 0.284606397151947 2.692429542541504
-0.8609811663627625 0.284606397151947 1.2200384140014648
0.46179839968681335 0.284606397151947 0.34935906529426575
-2.0337417125701904 0.7074213027954102 -0.6598953008651733
-1.7717076539993286 0.62378990650177 -1.2052985429763794
-2.3863744735717773 0.6917859315872192 -0.5035290122032166
-1.234479308128357 0.6010602116584778 2.1412081718444824
-2.3863744735717773 0.5251557230949402 0.14072848856449127
-1.302629828453064 0.284606397151947 0.15486109256744385
-1.4353806972503662 0.7829452753067017 -1.205298662185669
-1.3090054988861084 0.284606397151947 0.4588303565979004
-0.36748355627059937 0.749839723110199 2.3618392944335938
-2.3863744735717773 0.7982633709907532 1.2324246168136597
-1.498547077178955 0.284606397151947 0.7391393184661865
-2.071192741394043 0.9561859369277954 1.2078156471252441
0.4228641092777252 0.284606397151947 1.7624599933624268
0.6509906053543091 0.9352220296859741 -1.2052992582321167
-1.517886996269226 0.284606397151947 0.9427574872970581
-1.4186623096466064 0.9784990549087524 1.8540687561035156
-0.5193762183189392 0.284606397151947 1.7313406467437744
-2.032801866531372 0.8400967121124268 -0.8165525197982788
-2.386474609375 1.2611249685287476 -1.2053121328353882
-1.4317928552627563 0.284606397151947 4.055529594421387
-0.20489324629306793 0.284606397151947 4.544206619262695
-1.1125402450561523 0.7532541155815125 2.1412081718444824
-2.025294065475464 1.1496906280517578 1.6094512939453125
-1.833356499671936 0.7010930776596069 1.7853413820266724
-1.6033515930175781 0.284606397151947 0.35005444288253784
0.5650527477264404 0.762235164642334 2.1412081718444824
-0.2922860085964203 0.28720328211784363 2.692548990249634
0.9210300445556641 1.138206124305725 2.141308307647705
0.361297070980072 0.284606397151947 1.079181432723999
-1.42097806930542 0.284606397151947 -0.17432957887649536
0.35525551438331604 0.7423974275588989 2.1412081718444824
-0.5675353407859802 0.284606397151947 -0.3311268389225006
0.6956165432929993 0.284606397151947 0.9799846410751343
0.9210300445556641 0.6792299747467041 1.4790294170379639
-1.225951075553894 0.35251304507255554 3.008113145828247
-2.3863744735717773 0.8586456775665283 1.6563127040863037
0.5737453699111938 0.9275436997413635 2.1412081718444824
-0.15311767160892487 0.284606397151947 1.5995628833770752
-0.9355748295783997 0.284606397151947 4.4922356605529785
-0.35160914063453674 0.7097569108009338 -1.2052990198135376
0.9210300445556641 1.1235162019729614 1.7742911577224731
0.9210300445556641 0.7235628366470337 0.7533602714538574
0.9211300611495972 1.0351884365081787 2.141209602355957
0.9210299849510193 0.8574683666229248 0.23309867084026337
-2.3863744735717773 0.8170202374458313 0.1058155968785286
-0.28906819224357605 0.284606397151947 1.4452191591262817
0.9210300445556641 0.7132354378700256 0.9502350091934204
-0.08209989964962006 0.729561984539032 -1.2052991390228271
-1.8885365724563599 1.0059782266616821 -0.8815714716911316
0.9210385084152222 1.0794283151626587 -1.2053993940353394
-0.1304049789905548 0.284606397151947 3.6849164962768555
0.9210299849510193 0.6966521739959717 -0.37822437286376953
-2.386474370956421 0.9939011335372925 2.1412081718444824
0.9210299849510193 0.7136829495429993 0.5564110279083252
-2.3863744735717773 0.8399214744567871 -0.7180987596511841
-2.0791869163513184 1.14254891872406 -1.2052984237670898
0.9210300445556641 0.9444669485092163 1.2743375301361084
0.9210300445556641 1.2753782272338867 2.141308307647705
0.3760107159614563 0.9535733461380005 1.9793070554733276
-1.633506178855896 0.7369799613952637 -1.2052985429763794
-0.8149020075798035 0.7418535947799683 -1.205298900604248
-2.3863744735717773 0.6892356872558594 0.28817400336265564
0.43806901574134827 0.8928296566009521 -0.8983839154243469
-0.2217123955488205 0.8304151892662048 -1.2052990198135376
-1.8476139307022095 0.8319286108016968 -1.2052985429763794
-2.3863744735717773 0.7910987138748169 0.4368996322154999
-2.0371387004852295 1.1087301969528198 2.1412081718444824
-1.4644211530685425 0.284606397151947 0.5355319976806641
-1.843744158744812 0.6490731239318848 -0.8057382702827454
-1.8216381072998047 0.6200785636901855 -0.5764178037643433
0.26926669478416443 0.284606397151947 1.2341951131820679
-0.9867956638336182 0.284606397151947 1.3342924118041992
0.9210300445556641 0.7226097583770752 1.1837563514709473
0.6346150636672974 0.2959374487400055 3.6806893348693848
-1.43000066280365 0.284606397151947 0.0015863536391407251
0.9210299253463745 0.7052690386772156 -0.5999617576599121
-2.3863744735717773 0.7527596950531006 -0.30970871448516846
-0.8934418559074402 0.284606397151947 0.6558058261871338
-1.9071283340454102 1.005829095840454 -1.2052985429763794
-1.2304977178573608 0.284606397151947 -0.04872480407357216
-2.3863744735717773 0.9648881554603577 1.1571006774902344
0.9210386276245117 1.1912680864334106 -1.2053993940353394
-1.2023630142211914 0.284606397151947 -0.5631132125854492
-1.096421241760254 0.6037572622299194 -1.2052987813949585
-2.3863744735717773 0.9673729538917542 -0.2880510985851288
-2.3863744735717773 1.0085433721542358 -0.6803461909294128
0.2786102294921875 0.284606397151947 -0.3940688371658325
-2.3863744735717773 0.8913776874542236 -0.49389392137527466
-1.00534987449646 1.540045976638794 -1.2615453004837036
-0.5622572302818298 0.7535561323165894 -1.205298900604248
-1.0831998586654663 0.3086453974246979 4.406980037689209
-2.3085429668426514 1.5780130624771118 -0.9553154706954956
0.9210301041603088 1.3507601022720337 2.134540557861328
-1.6759356260299683 0.9433813095092773 -1.2052985429763794
-1.1109291315078735 0.284606397151947 0.47522228956222534
0.9210300445556641 1.004639744758606 1.5340758562088013
-2.3863744735717773 0.9707610607147217 -0.0174248144030571
0.2584078907966614 0.284606397151947 -0.05744960159063339
-0.3951667249202728 0.284606397151947 -0.5042811036109924
0.9210299253463745 0.7945672273635864 -0.7520066499710083
-1.5704612731933594 0.284606397151947 -0.29124805331230164
0.9210300445556641 0.9035985469818115 1.0542140007019043
-1.0239359140396118 0.284606397151947 -0.5594897866249084
0.9210299253463745 1.1638442277908325 -0.8591322302818298
-0.06505724042654037 0.284606397151947 -0.8799786567687988
-2.3863744735717773 1.1177095174789429 1.4853042364120483
-2.3863744735717773 1.2102365493774414 -0.8674737215042114
0.4077286422252655 0.3050926923751831 2.926222085952759
-1.1436792612075806 0.284606397151947 1.1608421802520752
0.5242254137992859 0.284606397151947 3.9826784133911133
-1.0076830387115479 0.7725757956504822 -1.2052987813949585
0.5190823078155518 1.1912117004394531 -0.8431962132453918
0.9210300445556641 0.8451554775238037 1.6499649286270142
0.9210299849510193 0.8264890909194946 -0.06709565222263336
0.2775064706802368 0.284606397151947 -0.7490617036819458
-0.800032377243042 0.284606397151947 -0.6506221890449524
-1.2491459846496582 0.7621287107467651 -1.205298662185669
0.49505749344825745 1.0702818632125854 -1.2052992582321167
-2.056795835494995 1.228135347366333 -0.6669183969497681
-0.8757357597351074 0.284606397151947 -0.09370379149913788
-1.1021901369094849 0.284606397151947 -0.3652087152004242
-1.732035756111145 1.2259677648544312 -0.8538836240768433
0.36836960911750793 0.32053205370903015 3.546107530593872
0.21012118458747864 0.284606397151947 4.3267598152160645
-0.7379536628723145 0.284606397151947 -0.2537021040916443
-2.3863744735717773 1.1385763883590698 1.2895987033843994
0.9210300445556641 0.9445253014564514 0.8607565760612488
-0.045800115913152695 0.284606397151947 0.5645087361335754
-0.37606900930404663 0.284606397151947 -0.3180171251296997
0.18280534446239471 0.8313663601875305 2.1412081718444824
-1.7861555814743042 1.4238479137420654 -1.203480839729309
0.6582272052764893 0.3309060335159302 3.5273261070251465
-1.226535439491272 0.8661462068557739 -0.8621135354042053
-2.3863744735717773 0.941397488117218 0.9173694849014282
-2.386474370956421 1.3238892555236816 2.1412081718444824
-2.0153403282165527 0.8210150003433228 1.4474269151687622
-2.03363037109375 1.1766610145568848 0.8312960863113403
0.003874210175126791 1.0271464586257935 -1.2052991390228271
-2.3863744735717773 1.224048376083374 1.8271337747573853
-1.296180009841919 0.284606397151947 1.0526928901672363
-1.4512437582015991 0.9599246382713318 -1.205298662185669
-1.863640546798706 0.6268398761749268 1.5795259475708008
-0.3406444191932678 1.0208206176757812 -0.8704936504364014
0.21173548698425293 0.7328900694847107 -1.2052991390228271
-1.7425990104675293 0.865423321723938 -0.7813901305198669
-1.8668806552886963 0.988753080368042 2.1412081718444824
-0.7953824996948242 0.2845063805580139 2.6925230026245117
-2.3863744735717773 0.9560009241104126 0.5216325521469116
0.6340250968933105 0.284606397151947 0.3478107154369354
0.9210299253463745 0.9271286129951477 -0.9055548310279846
-0.7298365235328674 0.8974800109863281 -1.205298900604248
-1.9678906202316284 0.6795297265052795 1.1781846284866333
-2.0173351764678955 0.7920884490013123 -0.0776495561003685
-1.4403274059295654 0.8204172849655151 2.1412081718444824
-1.8134394884109497 1.0034449100494385 1.8395287990570068
0.9210299849510193 1.096933126449585 0.43382441997528076
0.9210388660430908 1.3019810914993286 -1.2053993940353394
-2.0272176265716553 0.7363760471343994 0.2281440794467926
-2.386474370956421 1.2195103168487549 2.141207695007324
0.036980826407670975 0.8481211066246033 -1.2052991390228271
-1.3288252353668213 1.292256236076355 -1.205298662185669
0.9210299849510193 0.9903691411018372 -0.28303688764572144
-1.6292763948440552 0.9545851349830627 2.1412081718444824
-1.4872554540634155 0.2952904999256134 3.8905081748962402
0.2887428104877472 0.284606397151947 1.4370512962341309
-2.3863744735717773 1.141198992729187 -0.1699533462524414
0.3424969017505646 0.6615203022956848 -0.8169515132904053
-1.5774486064910889 0.7941684722900391 1.7484569549560547
-2.0382039546966553 0.7348455786705017 1.6417391300201416
-1.3446893692016602 0.284606397151947 0.8512207865715027
-2.0532398223876953 0.8304815888404846 0.9415145516395569
0.3546127378940582 0.284606397151947 -0.20791806280612946
0.14309346675872803 1.1801073551177979 2.1412081718444824
-0.03269647806882858 1.0381413698196411 2.650031805038452
-0.966183066368103 0.284606397151947 2.7306065559387207
0.9210299253463745 1.4192434549331665 -0.9578521847724915
-1.902544617652893 1.0810900926589966 -0.6523212790489197
-2.3863744735717773 1.3603872060775757 -1.2009963989257812
-1.3258572816848755 0.31683585047721863 4.207775115966797
-1.9575693607330322 0.8218133449554443 -0.4887154698371887
-2.3863744735717773 0.8440539836883545 0.6861109137535095
0.8929994106292725 1.3997504711151123 -1.2052993774414062
-0.2601906955242157 1.008679986000061 -1.2052990198135376
-1.5445607900619507 1.1707255840301514 -1.205298662185669
-1.1841893196105957 0.931317150592804 -1.2052987813949585
0.9210299849510193 0.8689772486686707 -0.49878403544425964
-1.5092774629592896 0.7843552231788635 -0.8498699069023132
-1.9776281118392944 1.3659422397613525 2.1412081718444824
-2.0552682876586914 1.0064356327056885 0.4069572687149048
-2.3863744735717773 1.058568000793457 1.6605172157287598
-0.9656569361686707 0.9549839496612549 -1.2052987813949585
0.293466180562973 0.8918620347976685 -1.2052992582321167
0.5194332599639893 1.4102786779403687 2.1375417709350586
-1.1382461786270142 0.284606397151947 1.7799161672592163
-0.4529009461402893 0.9208499193191528 -1.2052990198135376
0.42804476618766785 0.284606397151947 0.8789591193199158
0.9210299253463745 0.9910165667533875 -0.683542788028717
-2.3863744735717773 1.1435118913650513 -0.5655086636543274
-0.7775184512138367 0.284606397151947 0.3615880310535431
-1.3985224962234497 1.0472965240478516 2.1412081718444824
-2.3863744735717773 1.0501689910888672 0.7234628796577454
-2.3863744735717773 0.9088424444198608 0.2652754783630371
-1.9882030487060547 1.306821584701538 -1.2052985429763794
-1.767865538597107 1.1700642108917236 -1.2052985429763794
-2.3863744735717773 1.3420524597167969 -0.7051826119422913
0.4696263372898102 0.284606397151947 0.17169897258281708
-1.2854689359664917 1.112983226776123 -1.205298662185669
0.5642951130867004 0.7542248368263245 -0.7634562253952026
-0.06308484077453613 0.3057984709739685 4.499523639678955
0.5326107144355774 0.284606397151947 1.0533181428909302
-0.19818784296512604 0.284606397151947 -0.25298604369163513
-0.8526849746704102 1.1280773878097534 -1.205298900604248
0.575423002243042 0.284606397151947 0.7771050930023193
-1.1103990077972412 0.284606397151947 0.10441654920578003
-0.2637251615524292 0.284606397151947 1.2480629682540894
-0.3701499402523041 0.284606397151947 1.6058191061019897
0.08163274079561234 1.236882209777832 -1.2052991390228271
-1.4985164403915405 0.296400249004364 3.437528371810913
-1.9916653633117676 1.5519758462905884 -0.8106549978256226
-1.3184164762496948 0.7134819030761719 1.8219181299209595
-0.09675636142492294 0.284606397151947 1.2005810737609863
-0.833126425743103 0.284606397151947 1.0223416090011597
-2.3863744735717773 1.3588230609893799 1.6476846933364868
-0.6140525937080383 1.0568790435791016 -1.205298900604248
0.523780107498169 1.1422594785690308 2.1412081718444824
-1.698636531829834 1.1563304662704468 2.1412081718444824
0.6274017095565796 0.28791847825050354 3.3882455825805664
-0.7650041580200195 0.30322733521461487 4.5319671630859375
-2.023576259613037 0.7692122459411621 0.6871185898780823
-2.373333692550659 1.4644403457641602 -0.9604174494743347
-2.3863744735717773 1.405561923980713 -0.2807319164276123
-1.8188508749008179 0.9675984382629395 1.6182078123092651
-2.3544132709503174 1.4836084842681885 -0.6215371489524841
0.2531396150588989 1.0705584287643433 -1.2052991390228271
0.9210299849510193 1.1712299585342407 0.22873461246490479
-0.9559090733528137 0.914648175239563 2.1412081718444824
-1.960276484489441 0.6509438157081604 -0.26456940174102783
0.9210300445556641 1.1287497282028198 1.2076531648635864
0.9210300445556641 1.1813653707504272 1.5466711521148682
0.5582928657531738 1.3056206703186035 -1.2052992582321167
-2.3863744735717773 1.2458614110946655 0.7965832948684692
-2.177569627761841 1.411934733390808 2.1387202739715576
-1.4425270557403564 1.092651128768921 -0.8566014766693115
0.6088957190513611 0.9498494267463684 -0.6313219666481018
0.9210300445556641 1.3929016590118408 1.8083534240722656
0.33149057626724243 0.3053242266178131 4.221363067626953
-0.011101813986897469 0.810937225818634 2.5400989055633545
0.567222535610199 1.6046584844589233 -0.9344416856765747
-1.236606478691101 0.30299219489097595 3.5628445148468018
0.9210300445556641 1.1152331829071045 0.7130152583122253
-0.6192104816436768 0.30541151762008667 4.559213161468506
-1.5090067386627197 0.3220747411251068 3.59017014503479
0.0702446773648262 0.8531968593597412 -0.8698452115058899
0.9210299849510193 1.1027766466140747 -0.09099281579256058
-2.3863744735717773 1.099407434463501 0.21780234575271606
0.43919235467910767 0.29564452171325684 4.110518932342529
-1.9323054552078247 1.2801085710525513 1.358415126800537
-0.8313683271408081 0.8098260760307312 -0.8551539778709412
-2.3863744735717773 1.14497709274292 1.0071070194244385
-2.3863744735717773 1.221012830734253 -0.390694797039032
-1.1549242734909058 1.0917460918426514 2.1412081718444824
-1.8809436559677124 1.4071636199951172 1.876579999923706
-2.0503952503204346 1.5461663007736206 1.2359110116958618
-0.5076201558113098 0.284606397151947 1.498874306678772
-2.3863744735717773 1.3979355096817017 1.478480577468872
-1.2112483978271484 0.3138673007488251 4.320364475250244
0.9210300445556641 1.1398645639419556 0.9678862690925598
-1.0599254369735718 0.284606397151947 -0.14476078748703003
-0.5599474310874939 0.284606397151947 0.3153144419193268
-1.3825461864471436 0.3023443818092346 3.124631643295288
0.21198216080665588 0.284606397151947 0.978072464466095
-0.708328902721405 0.284606397151947 -0.0335913822054863
-1.2899137735366821 1.307296633720398 2.1412081718444824
0.9210301041603088 1.4284881353378296 1.9982398748397827
-0.4675199091434479 0.31749865412712097 4.589449405670166
0.08037307113409042 0.284606397151947 1.1392161846160889
0.9210299253463745 1.3056577444076538 -0.70267653465271
0.297673761844635 0.3446783721446991 2.6950387954711914
-0.6560131907463074 0.284606397151947 -0.5078630447387695
0.9210299849510193 1.0963376760482788 -0.5053161382675171
-2.3863744735717773 1.3053070306777954 1.2023634910583496
0.07963123917579651 0.2908547520637512 4.432554244995117
-1.48832368850708 0.29822754859924316 3.305236577987671
-0.08308397233486176 1.4455856084823608 -1.1931391954421997
-1.7869229316711426 1.3683582544326782 2.1392812728881836
-2.3863744735717773 1.1421146392822266 0.45262935757637024
-1.2547248601913452 0.2980761229991913 3.7702198028564453
0.19668303430080414 0.284606397151947 0.627392053604126
-0.8616666793823242 0.29385659098625183 4.348891258239746
-1.8133037090301514 0.6614601612091064 1.3524560928344727
-0.3292216360569 0.2878710627555847 4.566641807556152
0.9210300445556641 0.8363087773323059 1.4185370206832886
-1.1042439937591553 0.6866695880889893 -0.7888564467430115
0.5297062397003174 0.33858364820480347 3.0469970703125
-0.7667678594589233 0.284606397151947 0.17572562396526337
0.7546691298484802 1.4715241193771362 -1.1965117454528809
-1.5963170528411865 0.702790379524231 -0.6581588983535767
0.029936213046312332 0.28521934151649475 2.6925361156463623
-0.5577026605606079 0.284606397151947 -0.14027385413646698
-0.9955986142158508 0.284606397151947 0.8398423790931702
-1.5371507406234741 1.3100608587265015 2.1412081718444824
-2.019030809402466 1.498156189918518 -1.1916334629058838
-0.773833155632019 0.284606397151947 1.4327088594436646
-0.5073857307434082 0.2852407693862915 4.333056926727295
-2.3863744735717773 1.2232919931411743 0.045614298433065414
0.9210299849510193 1.3148071765899658 0.5599545240402222
-1.0930134057998657 1.1995049715042114 -1.2052987813949585
0.5462920069694519 0.3120740056037903 3.22955060005188
-0.3021566569805145 0.284606397151947 0.8658323884010315
-1.5811635255813599 1.4241613149642944 -1.1957846879959106
0.9210299849510193 0.7901234030723572 -0.24131110310554504
0.9210300445556641 1.444543480873108 1.6491475105285645
-2.4782702922821045 1.5394456386566162 -0.40584415197372437
-0.8360660076141357 1.1738852262496948 2.2363462448120117
-2.00215744972229 1.3716939687728882 -0.004850523546338081
-2.2941577434539795 1.5325297117233276 -0.06636767089366913
0.34091562032699585 1.2625207901000977 -1.2052992582321167
0.4107569754123688 0.284606397151947 0.6680349111557007
-1.0063812732696533 0.284606397151947 1.065707802772522
-2.3786282539367676 1.4815202951431274 1.218024492263794
0.27641627192497253 0.284606397151947 0.3185679316520691
0.9210299849510193 1.2531253099441528 -0.3013072609901428
0.3183451294898987 0.6875755190849304 1.8504760265350342
0.585787832736969 0.32948821783065796 3.835294246673584
-0.08955631405115128 0.284606397151947 1.433775544166565
-2.3856048583984375 1.4367867708206177 2.062114953994751
-2.013824462890625 1.56605863571167 2.0256426334381104
-1.9298464059829712 1.4236944913864136 1.644700527191162
-1.3692247867584229 0.6306756138801575 -0.7373033761978149
-0.17518974840641022 1.183522343635559 -1.2052990198135376
-2.28977632522583 1.559327483177185 1.4766440391540527
-1.2903403043746948 0.2944779098033905 4.024444580078125
-2.3784615993499756 1.4818600416183472 1.8195801973342896
0.9210299849510193 0.8697407841682434 0.4227517247200012
0.9210300445556641 1.3511111736297607 1.420540452003479
-2.465853214263916 1.5548008680343628 0.53781658411026
-1.0426303148269653 0.28928765654563904 4.15424919128418
-0.40858936309814453 0.7022559642791748 -0.8241060972213745
-0.5266355872154236 0.284606397151947 1.058385968208313
0.4787810146808624 1.6154837608337402 2.0335958003997803
0.6659345626831055 1.3185874223709106 2.1384012699127197
0.6061088442802429 0.8645854592323303 1.7809696197509766
-0.18876832723617554 0.284606397151947 0.4493686556816101
0.27099186182022095 0.284606397151947 0.1357099413871765
0.9319324493408203 1.5813336372375488 1.5525795221328735
0.8826904892921448 1.487093210220337 -0.7859262228012085
-0.7818236351013184 0.3106226623058319 4.140582084655762
-0.18833711743354797 0.28991299867630005 4.274048805236816
-1.5065016746520996 0.33273810148239136 3.7387373447418213
-0.061072103679180145 0.3352506756782532 4.015098571777344
-0.9189342260360718 0.284606397151947 -0.28663527965545654
0.1667385697364807 0.3184197247028351 3.371387243270874
-1.3014582395553589 0.284606397151947 0.6635249257087708
0.8914082646369934 1.477375864982605 0.34493502974510193
0.7624309659004211 1.5747084617614746 1.913434386253357
0.04027967154979706 0.287128746509552 4.216868877410889
-0.18690045177936554 0.284606397151947 -0.5015487670898438
-0.5904002785682678 1.228902816772461 -1.205298900604248
0.9210300445556641 0.9118186831474304 0.6438602805137634
-0.07118427008390427 0.8723779320716858 2.7353243827819824
-1.8619104623794556 0.637557327747345 -0.0001940806396305561
-0.036583270877599716 0.284606397151947 -0.16295793652534485
0.19615592062473297 0.2965009808540344 2.696321487426758
0.07909653335809708 0.284606397151947 1.3442153930664062
0.3441614508628845 0.4589137136936188 3.8094446659088135
-0.30561673641204834 0.29421356320381165 4.068978786468506
-0.9711021184921265 0.284606397151947 0.28317850828170776
0.028957590460777283 0.284606397151947 0.7809228897094727
-1.0860894918441772 0.3295876383781433 3.439093828201294
0.45374390482902527 1.6133701801300049 -0.7407886981964111
-0.9154508113861084 1.3049077987670898 -1.2052987813949585
-1.6696466207504272 1.2566745281219482 1.6946961879730225
0.2720238268375397 1.0050673484802246 -0.7823611497879028
0.3909173011779785 1.3118572235107422 1.9452961683273315
0.17675796151161194 0.3030436635017395 4.015437126159668
-1.6155686378479004 0.6522914171218872 1.59259831905365
-0.5775081515312195 0.284606397151947 0.11394484341144562
-0.6398054957389832 0.9370419383049011 -0.876529335975647
-1.7880268096923828 0.7168350219726562 -0.2961238622665405
-1.2040339708328247 1.5300829410552979 -1.3384729623794556
-0.39951291680336 0.356126606464386 3.6287894248962402
-2.1449315547943115 1.611816167831421 -0.6805563569068909
-0.6321094036102295 0.284606397151947 1.3273916244506836
-0.07546331733465195 0.6861464977264404 -0.8059200048446655
-0.7476692199707031 0.7692896723747253 2.560807943344116
0.5913508534431458 1.2929285764694214 -0.6288944482803345
-1.9796127080917358 1.3577250242233276 0.5016080141067505
-1.858406662940979 1.065281867980957 0.9127290844917297
0.10401973873376846 1.4695395231246948 -1.1843037605285645
0.5613638758659363 1.5037182569503784 -1.1659846305847168
-0.33937934041023254 1.1570435762405396 2.6523966789245605
-1.2704812288284302 1.3416814804077148 -0.3799368739128113
-1.6894768476486206 1.609748363494873 -1.1075098514556885
-0.6362470984458923 0.43403059244155884 3.448345899581909
-1.9458000659942627 1.624735951423645 -1.028087854385376
-0.3503054678440094 1.5996874570846558 -1.1758177280426025
-1.7147432565689087 1.3826690912246704 -0.7003347873687744
0.056523095816373825 1.6229439973831177 2.0357820987701416
-0.700365424156189 1.5619916915893555 1.9779130220413208
-0.08799378573894501 1.075143575668335 -0.799139142036438
-2.379287004470825 1.4157183170318604 -0.06356652081012726
-0.4002027213573456 1.2698915004730225 -1.2052990198135376
-1.9866694211959839 1.593004822731018 -0.4670969545841217
-1.5342762470245361 1.6263084411621094 -0.9075877666473389
0.9210299849510193 0.9814080595970154 0.07830547541379929
0.027861788868904114 1.659834861755371 -0.9059919714927673
-1.4269932508468628 1.5355414152145386 -1.3588535785675049
0.9210300445556641 1.3634898662567139 0.9736068248748779
0.9210299849510193 1.349773645401001 -0.12276803702116013
-1.7272577285766602 1.6102832555770874 -0.6656148433685303
0.763574481010437 1.6402045488357544 1.267629861831665
-1.8502005338668823 1.5552126169204712 0.027539754286408424
-2.026656150817871 1.3526551723480225 -0.39203697443008423
0.9210299849510193 1.3710907697677612 0.16961410641670227
-1.8621474504470825 0.956437349319458 1.1570513248443604
0.3736395537853241 0.6303298473358154 -0.603062093257904
0.9210300445556641 1.3937896490097046 1.231205701828003
-0.2716931104660034 0.31637540459632874 3.875642776489258
-1.0281742811203003 0.4194103479385376 3.693452835083008
-1.032938003540039 1.0909204483032227 -0.8645926713943481
-1.882784366607666 1.576220989227295 1.0139901638031006
-0.8638378381729126 1.453194260597229 2.230022668838501
-1.2620363235473633 1.5929571390151978 1.6965510845184326
-1.4456106424331665 1.4629130363464355 2.3045566082000732
0.9201908111572266 1.3982349634170532 -0.538186252117157
-0.6581645607948303 0.39948588609695435 3.6370127201080322
-1.938719630241394 1.579148769378662 0.7261102795600891
-0.34899768233299255 0.284606397151947 1.0625487565994263
-1.1091364622116089 0.284606397151947 0.6577834486961365
0.4047769010066986 0.4123251736164093 3.0921034812927246
-1.6852220296859741 1.6016316413879395 1.6574190855026245
-1.204571008682251 1.2541204690933228 1.388298749923706
-1.4767189025878906 1.5740845203399658 1.4931265115737915
-1.6155341863632202 1.5411185026168823 -0.3240261971950531
-2.384828567504883 1.4009891748428345 0.9819428324699402
0.4810282289981842 0.642281711101532 1.6692086458206177
-1.7192353010177612 1.543550968170166 2.108370065689087
-2.151592493057251 1.5849498510360718 1.7557812929153442
-0.8676035404205322 0.5148500204086304 3.257375717163086
-0.17978255450725555 0.284606397151947 -0.018905924633145332
-1.504356026649475 1.4132050275802612 1.1745824813842773
-1.9551289081573486 0.8194920420646667 0.46380528807640076
-0.7858912348747253 1.0998015403747559 -0.3427387475967407
-2.2900562286376953 1.5147236585617065 0.33819177746772766
-1.4543321132659912 0.9816542863845825 -0.6288017630577087
-1.6327197551727295 1.601638913154602 0.30550235509872437
-0.848438024520874 0.51700359582901 2.891005516052246
-0.01606008969247341 0.3311823010444641 3.4250447750091553
-2.1441173553466797 1.5740644931793213 1.0877355337142944
-1.393631100654602 1.368514060974121 1.8754374980926514
-1.3623076677322388 1.55368971824646 -0.4938651919364929
-1.9882111549377441 1.5610885620117188 -0.22889500856399536
-0.291897177696228 0.284606397151947 0.6783240437507629
-0.6253133416175842 0.29321497678756714 3.9947831630706787
0.5889065265655518 0.9444299340248108 -0.27333715558052063
-0.6391012668609619 0.284606397151947 0.9153398871421814
-1.780745506286621 0.9986921548843384 -0.5004507303237915
-1.8345320224761963 1.0572619438171387 1.4075835943222046
-1.2420916557312012 0.2951527535915375 2.9330155849456787
-0.6627575159072876 1.3936406373977661 -1.205298900604248
-0.8593413233757019 0.6293870806694031 -0.7425569891929626
-1.9050846099853516 1.0756233930587769 -0.21575374901294708
-0.49859893321990967 0.284606397151947 0.6206228733062744
0.0268100518733263 0.6794160008430481 2.8267619609832764
-1.5299198627471924 1.5947810411453247 1.9138398170471191
-1.0250104665756226 0.9655645489692688 1.9674651622772217
-0.800706148147583 0.284606397151947 0.8276733160018921
0.3311161696910858 1.4639334678649902 -1.1970759630203247
-0.2946418821811676 1.316513180732727 2.4969558715820312
-1.8838542699813843 0.6258505582809448 0.5513357520103455
0.3855955898761749 0.8720197677612305 0.6637976765632629
0.3167076110839844 0.2975602447986603 3.7821545600891113
-1.0225268602371216 0.3115125000476837 3.929415464401245
0.2425428181886673 1.626284122467041 -0.9905313849449158
-0.31310200691223145 1.441336750984192 -1.1986052989959717
-1.2219762802124023 1.347669005393982 -0.8822016716003418
-0.060566212981939316 0.43661391735076904 3.717017889022827
0.8851816654205322 1.4819409847259521 -0.041599027812480927
-1.0900827646255493 1.4756418466567993 2.342588424682617
-1.9524098634719849 1.6058984994888306 1.5241966247558594
-0.281619131565094 0.3330705165863037 3.2098402976989746
0.38287973403930664 1.3351986408233643 -0.7411203384399414
-1.8325300216674805 0.9302817583084106 0.11661217361688614
-0.44097670912742615 1.5098230838775635 2.1707053184509277
-1.0274828672409058 1.2997714281082153 2.1412081718444824
0.8845081925392151 1.4935667514801025 -0.3833619952201843
0.28857943415641785 1.3214417695999146 2.1187314987182617
-1.3233883380889893 0.3311534821987152 3.263479471206665
0.5949716567993164 1.185975193977356 1.651272177696228
0.3622060716152191 0.38814613223075867 3.3469762802124023
-1.7744330167770386 1.372170090675354 -0.45509007573127747
-0.879927933216095 0.35284826159477234 3.846707582473755
0.5534787774085999 1.6707524061203003 1.7576717138290405
-0.7100555300712585 0.3106388747692108 3.7823565006256104
0.17562000453472137 1.3892990350723267 -0.8709276914596558
-1.483636736869812 0.6738801002502441 -0.4772838056087494
-0.5107727646827698 0.9719833731651306 2.8322277069091797
-1.9442824125289917 1.4111638069152832 0.8020192384719849
-0.26316559314727783 0.8036400079727173 -0.7117490768432617
-1.6823723316192627 1.3894872665405273 1.4350240230560303
-2.0288431644439697 1.5560888051986694 0.21713362634181976
-0.06901004910469055 1.283923864364624 2.4302845001220703
-0.41384419798851013 0.7022175788879395 3.143683910369873
-0.49366480112075806 0.39485156536102295 3.9062130451202393
0.5090695023536682 0.7281737327575684 -0.13500382006168365
0.6069470643997192 0.8716176748275757 0.6831201314926147
-0.7824651002883911 0.7954328060150146 2.745994806289673
0.6169946193695068 0.8096213340759277 1.5605738162994385
-0.6621297001838684 0.36256569623947144 3.046705961227417
0.24734275043010712 0.284606397151947 0.7991465330123901
-1.250955581665039 1.5569990873336792 2.0152413845062256
0.07933873683214188 0.284606397151947 0.2603033781051636
-0.6111441850662231 0.2993665933609009 3.362079381942749
-0.4137105643749237 0.284606397151947 0.03391991928219795
-1.4718562364578247 1.0647960901260376 1.6222232580184937
-1.8379744291305542 0.6158033013343811 0.2549644708633423
-0.0859842300415039 0.9780212640762329 2.1986100673675537
-1.223917007446289 0.7155121564865112 -0.6117926239967346
-0.6106825470924377 0.6540942192077637 -0.7410068511962891
-0.8281209468841553 0.7250820994377136 1.9105778932571411
0.7134623527526855 1.6234828233718872 -0.3625745475292206
-0.41504403948783875 0.3560235798358917 3.0522964000701904
-0.37193557620048523 0.284606397151947 0.30437251925468445
-1.345445990562439 0.6364486813545227 1.622125506401062
-1.3907896280288696 1.6243155002593994 -0.7690345644950867
0.12092716991901398 0.6994998455047607 -0.6745913624763489
0.507866621017456 0.7495832443237305 -0.5118712782859802
-1.8594921827316284 1.24089777469635 1.0973689556121826
0.10709498077630997 0.34207919239997864 3.7313923835754395
-1.4170712232589722 1.3066902160644531 -0.689606249332428
-1.0714412927627563 0.3419477939605713 2.9577300548553467
-0.020443962886929512 0.7468494176864624 1.913909912109375
0.6547426581382751 0.8566199541091919 1.0582302808761597
-0.09960111975669861 0.5273963809013367 3.140244960784912
0.6537086963653564 1.5337361097335815 1.5499614477157593
-1.904288411140442 0.6523370146751404 0.917802631855011
-0.9058712720870972 0.3439537584781647 3.117276668548584
-1.6415395736694336 0.7059429883956909 -0.1206575259566307
0.055013492703437805 0.35415640473365784 3.0211379528045654
-0.4974023997783661 0.3804090619087219 4.18353796005249
0.7373287677764893 1.5985647439956665 -0.6285737752914429
-1.907786250114441 1.3142675161361694 0.26053425669670105
-0.1254199892282486 0.284606397151947 0.28331226110458374
-1.79378342628479 1.280920147895813 -0.159932941198349
-1.5802457332611084 0.9486207365989685 1.3866275548934937
-1.7300657033920288 1.5863842964172363 1.2733368873596191
-0.8207618594169617 1.3607759475708008 -0.8649562001228333
-2.176312208175659 1.5285754203796387 0.5960673093795776
-2.385098934173584 1.331618070602417 0.5975394248962402
0.354776531457901 0.9806463718414307 -0.597862720489502
-0.28259551525115967 0.8626843094825745 2.4686944484710693
-0.3904784321784973 0.284606397151947 0.48503437638282776
-1.755676031112671 0.6691557765007019 1.0912481546401978
0.5626726150512695 0.7826918959617615 1.295212745666504
0.3751581907272339 0.9663335084915161 1.6857637166976929
-1.300811529159546 1.3624892234802246 1.6396331787109375
-2.463449478149414 1.5519217252731323 0.8340798616409302
0.36660128831863403 1.3031034469604492 -0.1711333841085434
-2.461367130279541 1.535732388496399 0.16906751692295074
-1.5202566385269165 0.7115321159362793 1.1869232654571533
-0.6012937426567078 1.3872082233428955 2.3689849376678467
-0.8268011212348938 1.6569825410842896 1.5839210748672485
-0.9132915735244751 0.39059266448020935 3.4642422199249268
0.02008603699505329 0.645927906036377 1.6699124574661255
0.6248182058334351 0.9225821495056152 0.05585792288184166
-2.3863744735717773 1.3314969539642334 0.29358264803886414
0.9062545895576477 1.4512808322906494 0.7828388214111328
-0.29590344429016113 0.2953536808490753 3.512239933013916
0.1815229207277298 0.45321130752563477 3.0469202995300293
-0.6967945694923401 0.284606397151947 0.6594201326370239
-0.6751777529716492 1.2246074676513672 2.5567188262939453
1.073976755142212 1.54909086227417 1.1307791471481323
-0.20074620842933655 1.4528746604919434 -0.9773834943771362
-1.173222541809082 1.1159489154815674 1.6955362558364868
-1.7404999732971191 0.8825711011886597 0.35830244421958923
0.08419919013977051 1.5391087532043457 -0.28812175989151
-0.2825687825679779 1.4703209400177002 -0.1068616509437561
0.38483911752700806 1.6137115955352783 -0.3574621379375458
-1.148383617401123 1.1980412006378174 -0.6534307599067688
-0.06315657496452332 1.5945149660110474 -0.4850316643714905
-1.5636370182037354 0.8940747380256653 -0.3283197283744812
-1.3701356649398804 0.9777252674102783 -0.21972860395908356
-0.9290687441825867 1.32183837890625 1.9081887006759644
-0.5846439599990845 1.01446533203125 -0.6418378949165344
-1.7324743270874023 0.9922483563423157 -0.09848836809396744
0.28840214014053345 1.3927618265151978 -0.4648265838623047
-0.29084256291389465 1.5225274562835693 -0.27522942423820496
0.3509795665740967 1.66104257106781 1.7299877405166626
0.19841647148132324 1.4744386672973633 2.233494997024536
0.17319256067276 1.6266813278198242 -0.6168279051780701
-1.8730727434158325 1.1096857786178589 0.5831650495529175
-0.8385141491889954 1.6427770853042603 -0.9345002174377441
-0.08307762444019318 0.7101408839225769 3.016448736190796
-1.2880064249038696 0.6802697777748108 -0.32977744936943054
-0.2791517972946167 0.284606397151947 0.15070821344852448
-0.483038067817688 0.817180335521698 2.7735257148742676
-0.20649459958076477 0.6094062328338623 -0.6253814697265625
-0.6856950521469116 0.5996096134185791 3.2346911430358887
-1.447556734085083 0.7533899545669556 1.4565987586975098
-1.5369011163711548 1.2284318208694458 -0.4544222056865692
-1.7543169260025024 0.6592275500297546 0.7559736371040344
0.4769541025161743 0.6543715000152588 0.47098109126091003
-0.29280903935432434 1.3305259943008423 -0.5316186547279358
-0.8561916351318359 1.1368911266326904 -0.6680930256843567
-0.6790059804916382 0.284606397151947 1.1463282108306885
-0.1492111086845398 1.3075499534606934 -0.7056592106819153
-0.07091495394706726 0.4144008159637451 3.3380260467529297
-1.582460880279541 0.7283461093902588 0.14311712980270386
0.09782476723194122 1.2393250465393066 -0.6302464008331299
-0.9324413537979126 0.6937510371208191 -0.5950756072998047
0.09510534256696701 0.9326048493385315 1.8271898031234741
-1.0597563982009888 0.7317730188369751 1.7731668949127197
0.3739819824695587 1.035931944847107 -0.39344120025634766
0.6601167917251587 1.2477360963821411 1.1294244527816772
0.40236231684684753 0.6549868583679199 -0.31441572308540344
0.4154711961746216 0.9925081729888916 0.03632475808262825
-0.023620430380105972 1.4119689464569092 2.1750099658966064
-0.33614495396614075 0.9163953065872192 2.9433913230895996
0.4837363362312317 1.1358580589294434 1.4125728607177734
0.32486891746520996 0.6117221117019653 1.555081844329834
0.38118934631347656 1.2610597610473633 1.6466883420944214
0.5528935790061951 1.3633626699447632 -0.3406188189983368
-0.05916121229529381 0.9771667122840881 -0.6089442372322083
-1.391754388809204 0.6693841814994812 -0.10219612717628479
0.07107537984848022 0.6848009824752808 -0.4630286991596222
0.3946284353733063 0.8573920726776123 1.4728000164031982
0.4901677072048187 0.7197790741920471 0.1635904610157013
-0.49877339601516724 1.2982999086380005 -0.8092774748802185
-1.7563058137893677 0.9492929577827454 0.7815538048744202
-0.648849606513977 0.284606397151947 0.47406578063964844
-0.3658390939235687 0.593194842338562 3.3202781677246094
-1.027187705039978 0.6652593612670898 -0.3416427969932556
-0.19942434132099152 1.2038919925689697 2.021397352218628
0.263570636510849 0.6848921775817871 -0.19874165952205658
-1.5923149585723877 0.705226719379425 0.4478909373283386
0.3861006498336792 0.789182722568512 0.441392719745636
-0.04132440313696861 0.284606397151947 0.11394304782152176
-0.9146658778190613 0.284606397151947 0.4859353303909302
-0.4522297978401184 0.6843927502632141 2.946309804916382
0.4536436200141907 0.625343382358551 0.9439286589622498
-0.5579243302345276 0.6968989968299866 -0.5778523087501526
0.1067487969994545 0.9404744505882263 -0.4033200144767761
-0.3002665936946869 0.6785736680030823 -0.4004281759262085
-0.008439391851425171 0.284606397151947 0.9614355564117432
0.3398507833480835 0.9219886064529419 -0.17750774323940277
-1.74824059009552 1.1722761392593384 0.24768656492233276
-0.6055692434310913 0.8198524117469788 1.9805855751037598
-1.4346911907196045 0.9637750387191772 0.061869069933891296
-1.1055865287780762 0.6251381039619446 1.5667858123779297
-1.6419035196304321 1.0086673498153687 1.1022640466690063
-0.8409256935119629 0.6521724462509155 1.6267728805541992
-1.6983063220977783 1.327771544456482 0.6604152321815491
-0.07468956708908081 0.6502243280410767 -0.21404746174812317
0.3916587233543396 0.6405678987503052 1.2774780988693237
-1.48866605758667 0.6936957240104675 0.9750901460647583
-1.2087664604187012 0.9818608164787292 -0.5749592781066895
-0.3797075152397156 0.8683338761329651 2.0414717197418213
-0.8511561751365662 0.9143929481506348 -0.5663259029388428
-1.665876030921936 1.5299246311187744 0.9760043621063232
-0.6244649887084961 0.6229191422462463 -0.25136780738830566
-1.3397462368011475 0.6759299039840698 0.22100096940994263
-1.6318165063858032 1.596779704093933 -0.07787255942821503
-1.227333664894104 0.9614037275314331 1.5418487787246704
0.302645742893219 0.6163356900215149 0.12002517282962799
-0.5251756906509399 1.3642497062683105 -0.20275066792964935
-1.284496545791626 0.6793555021286011 1.3104617595672607
-0.8570699095726013 1.2117087841033936 -0.15379352867603302
-0.133304163813591 0.3198361098766327 0.719926655292511
-0.5004906058311462 0.284606397151947 0.8007808923721313
0.16826388239860535 0.8202577829360962 1.528385877609253
-0.1545855551958084 0.8642488718032837 -0.38814419507980347
-0.6377644538879395 1.0168275833129883 2.610821485519409
-1.1546430587768555 0.5724481344223022 0.8224493265151978
-0.3381149470806122 1.2687199115753174 1.8770867586135864
-1.7685824632644653 1.5990347862243652 0.4228112995624542
-0.3713574707508087 1.1025232076644897 -0.6124855875968933
-1.5264087915420532 0.8912383317947388 0.7193142175674438
-1.0343643426895142 1.341809868812561 -0.4809204041957855
-0.8035160303115845 0.9959114193916321 1.9159032106399536
-1.456041932106018 1.2125180959701538 1.3626596927642822
-1.3230808973312378 0.8799476623535156 0.9596097469329834
-1.0723729133605957 0.9422490000724792 -0.31623297929763794
-1.5324634313583374 1.2176884412765503 0.012501172721385956
-0.707485556602478 1.2920775413513184 -0.5556288361549377
-1.156712293624878 1.1154011487960815 -0.18461419641971588
0.053783584386110306 0.7643002867698669 -0.08894406259059906
0.37074965238571167 0.6615287661552429 0.7500346302986145
-0.26533058285713196 0.6827688813209534 1.7940031290054321
-0.5780029296875 0.6140101552009583 0.15076614916324615
-0.3478478789329529 0.6293142437934875 0.5066012144088745
-1.2057912349700928 0.7959067821502686 -0.07001479715108871
-0.8195076584815979 1.0212182998657227 1.3490042686462402
-0.5964325666427612 0.8565070033073425 -0.3875146806240082
-1.6003749370574951 1.0340455770492554 0.5401222705841064
0.14434640109539032 0.6509885787963867 0.3529830873012543
-1.494485855102539 1.1432576179504395 0.34758827090263367
-0.8524386882781982 0.6741071939468384 0.2131778597831726
-0.4305197596549988 0.6656197309494019 1.5408920049667358
-0.9337682723999023 0.9950515627861023 1.1786543130874634
-1.4692968130111694 1.1003797054290771 0.9974187016487122
-0.17679168283939362 0.6687798500061035 1.5656906366348267
-0.3178163468837738 0.6675553917884827 -0.09730109572410583
-0.415278822183609 0.6324343681335449 1.1275975704193115
0.19494521617889404 0.7950819730758667 0.07518111169338226
-1.1420071125030518 0.8372306227684021 0.16590654850006104
-1.4148412942886353 0.7074916362762451 0.7537603378295898
-0.07008529454469681 0.6587010025978088 0.9852277636528015
0.010832985863089561 1.1738576889038086 1.8145688772201538
0.2865600287914276 0.7037568688392639 1.055534839630127
0.4802509546279907 0.8525518774986267 0.9864959120750427
-0.17979826033115387 0.6388371586799622 0.23562993109226227
-0.574343740940094 0.641485333442688 1.701210856437683
-0.4044114649295807 1.076305866241455 2.4035940170288086
-0.7156437635421753 0.6269556879997253 0.6895979046821594
-0.15360452234745026 0.8920197486877441 -0.13544443249702454
-1.3810917139053345 0.721091628074646 0.4574800431728363
-0.9844757914543152 0.9077339768409729 1.5261303186416626
0.5505549907684326 1.5825392007827759 1.1774587631225586
-0.9652544260025024 0.6541842222213745 -0.08573020249605179
-1.1329257488250732 0.6592203974723816 1.1722548007965088
-1.3250763416290283 1.018756628036499 1.209816575050354
-0.37029752135276794 0.9996246695518494 -0.3776989281177521
-0.02576798014342785 1.3351739645004272 -0.33980289101600647
-0.20384535193443298 1.5885852575302124 1.9142138957977295
-0.836706280708313 0.8336352109909058 -0.26860737800598145
0.4413297474384308 1.320989966392517 1.1396915912628174
-0.2591313421726227 1.5472129583358765 2.1178975105285645
0.2967608869075775 1.546097993850708 -0.06091684848070145
-0.11768241226673126 1.1710911989212036 -0.22169607877731323
-1.2154548168182373 0.7781761884689331 0.6398136019706726
0.3540985584259033 0.9332119226455688 0.2639663517475128
-0.7889907956123352 1.0148531198501587 1.651628017425537
0.10729169845581055 1.5951883792877197 1.8090153932571411
-1.111074686050415 0.9663087725639343 1.2897083759307861
-0.5846145153045654 1.069678783416748 -0.15032434463500977
0.5913944244384766 1.2661347389221191 0.025065824389457703
0.08005955815315247 0.65412837266922 1.2728172540664673
-0.4382829964160919 1.3670324087142944 1.726331353187561
0.4749700129032135 1.5305403470993042 1.3720144033432007
-1.1136741638183594 0.6402153372764587 0.31865954399108887
-0.5399503707885742 1.324556827545166 2.1310718059539795
0.3491658866405487 0.8982294201850891 1.2014871835708618
-0.4854089915752411 0.801875114440918 -0.1555316150188446
-0.8095378279685974 0.8210054039955139 -0.04310392215847969
-0.6391717791557312 0.6716010570526123 0.4661695063114166
-0.5999425649642944 1.1826330423355103 1.6647933721542358
-0.580475389957428 1.0850578546524048 2.0888988971710205
-0.8559824228286743 0.6752143502235413 1.3206956386566162
0.6254901885986328 1.584468126296997 -0.07135171443223953
-0.13060468435287476 0.6613094210624695 0.7287942171096802
-0.004551764577627182 0.7810827493667603 0.2606193423271179
-0.18885861337184906 1.6633386611938477 -0.8831468820571899
-0.18154451251029968 0.9209635257720947 1.8125959634780884
0.6636573076248169 1.541221022605896 0.2753962278366089
-0.6623112559318542 0.819013774394989 1.577012300491333
-0.2782835364341736 0.7675125598907471 0.06560784578323364
0.16411466896533966 0.672904372215271 0.6563197374343872
-0.32762154936790466 1.6330031156539917 -0.6360198259353638
-0.21957865357398987 0.6847277879714966 1.2955032587051392
0.7840268611907959 1.6463030576705933 0.7362699508666992
-0.8760749697685242 0.6745234131813049 1.0381364822387695
-0.7581677436828613 1.5788334608078003 1.7982070446014404
-0.617570161819458 1.6411383152008057 -1.0384677648544312
0.1374763548374176 1.279292106628418 1.631374716758728
-0.6379584670066833 0.7135054469108582 1.2667871713638306
0.6457641124725342 0.9249236583709717 0.3853687345981598
-0.9677088260650635 1.5286380052566528 -0.7012473344802856
-1.1514936685562134 1.6412537097930908 -1.1144758462905884
-0.6516464352607727 0.6796987056732178 0.9977491497993469
0.009855924174189568 0.9243807196617126 1.2555186748504639
0.32251232862472534 1.525570273399353 1.4130710363388062
-0.965855062007904 1.229212760925293 1.5937494039535522
-0.562438428401947 1.4854665994644165 -0.6148125529289246
-1.0130869150161743 1.571082353591919 1.8170417547225952
-0.10884226858615875 1.1813496351242065 1.5972834825515747
-0.44991904497146606 0.9557852745056152 1.8172482252120972
-0.5309430956840515 0.7877845168113708 0.22973765432834625
-0.17271274328231812 0.9823750257492065 0.11825361102819443
-0.7488657832145691 1.534043550491333 -1.2856463193893433
-0.04940083622932434 0.897609293460846 1.494248867034912
0.04816674813628197 0.796981930732727 1.0279113054275513
-0.8091354370117188 1.6070655584335327 -0.3860577642917633
-0.343834787607193 0.9607589244842529 1.570677638053894
-1.1802793741226196 1.6627631187438965 -0.844579815864563
0.6812390089035034 1.3802385330200195 0.5080575346946716
0.23863278329372406 1.1686594486236572 1.3121178150177002
-0.5319468379020691 1.6623650789260864 -0.8493467569351196
-0.5337634086608887 0.9261070489883423 1.349712610244751
-0.5553322434425354 1.587263822555542 -0.4081212878227234
-0.6557583808898926 1.4819236993789673 -0.03023625910282135
1.0304663181304932 1.560725212097168 0.5689405202865601
0.1866936981678009 1.2419233322143555 -0.14134126901626587
0.05031123012304306 0.8023673892021179 0.774462103843689
-0.06460747122764587 0.7458667755126953 0.4986688196659088
-0.008829638361930847 1.2316604852676392 0.07431567460298538
-0.33473730087280273 0.6668448448181152 0.9132962822914124
-1.012927770614624 1.623658299446106 -0.5710471272468567
-1.4469510316848755 1.6108336448669434 0.5050219893455505
-0.5034847259521484 0.8615778088569641 1.1079660654067993
-0.2032344937324524 0.8428499102592468 1.1544440984725952
-1.0931521654129028 0.819352924823761 1.0325665473937988
-0.2315220981836319 1.083325743675232 1.3567864894866943
0.5668704509735107 1.6233950853347778 0.15107467770576477
-0.6984878182411194 1.4786725044250488 1.5003864765167236
-1.0518802404403687 1.5751855373382568 1.2815684080123901
-0.317253440618515 0.7833338975906372 0.3372390568256378
-0.6028944253921509 1.1504955291748047 1.3161673545837402
-1.330411434173584 0.9586701393127441 0.25390902161598206
0.4801958501338959 1.1318930387496948 0.43868163228034973
-1.1803086996078491 1.6454012393951416 0.047872498631477356
0.7619076371192932 1.6244477033615112 0.9884052276611328
0.5462955832481384 1.1434359550476074 0.8698864579200745
-1.492152452468872 1.6387733221054077 0.9954562783241272
-0.39030182361602783 0.7251056432723999 0.6865096688270569
-0.7590807676315308 0.7943788170814514 0.8079330325126648
-1.3121896982192993 1.512048363685608 1.027294397354126
-0.8518657088279724 1.5426491498947144 -0.17206761240959167
-1.4359077215194702 1.5226314067840576 0.7762690782546997
-0.3921307325363159 1.1960325241088867 -0.012607436627149582
-1.4931219816207886 1.6121721267700195 0.1977050006389618
-1.3985912799835205 1.5521767139434814 -0.005196688696742058
-1.6141654253005981 1.6210287809371948 0.6653579473495483
-0.8850425481796265 1.3941575288772583 0.9682174921035767
-1.3103594779968262 1.6185388565063477 1.2557399272918701
-1.1357624530792236 1.5905122756958008 -0.2155911922454834
-0.873941957950592 1.507622241973877 1.2612838745117188
-1.1113433837890625 1.6485402584075928 1.485477089881897
-0.38607558608055115 0.8736184239387512 0.7578728199005127
-1.1081887483596802 1.412266731262207 1.0401800870895386
-1.3306430578231812 1.5090266466140747 0.34832027554512024
-0.9129268527030945 0.9329424500465393 0.25332483649253845
-0.9732381701469421 1.4850716590881348 -0.03320426121354103
-0.7258239388465881 0.858309805393219 0.4831278920173645
0.38252007961273193 1.2163199186325073 0.7697644233703613
-0.23169444501399994 1.1193596124649048 0.3858976364135742
0.11150375008583069 1.193263053894043 0.28608351945877075
-1.2708438634872437 0.9314722418785095 0.4942134916782379
-0.8455262184143066 1.2116765975952148 1.052111029624939
-0.6591542363166809 0.8553845882415771 0.06214955449104309
-0.8245998620986938 1.2370340824127197 0.05937334895133972
-0.5070061087608337 1.2978607416152954 0.22945842146873474
-1.0510777235031128 0.8182269334793091 0.8044244050979614
-0.9691181182861328 1.0129170417785645 0.8445643186569214
-0.690887987613678 1.283432126045227 0.21977418661117554
-1.2211291790008545 1.2503129243850708 0.5747758746147156
-0.9597762227058411 0.7722487449645996 0.39407965540885925
-1.457273244857788 1.153357982635498 0.7168295383453369
-0.9751005172729492 0.7053380608558655 0.6270766258239746
-0.555941104888916 1.0411317348480225 0.9753360748291016
0.4886382520198822 1.4263718128204346 0.822089433670044
0.08776669949293137 1.0686653852462769 0.9402602314949036
-1.224880337715149 1.1446177959442139 0.9370769262313843
-1.020971655845642 1.2340015172958374 0.7508662343025208
-1.2826634645462036 1.278826355934143 0.0982944518327713
-0.9421049952507019 1.302838683128357 0.28775933384895325
-1.2087360620498657 1.446250557899475 0.7214195728302002
-0.5503166913986206 1.1345900297164917 0.4206686317920685
0.016115792095661163 1.1630802154541016 0.5293788313865662
-1.0552773475646973 1.1374263763427734 0.4812692105770111
-1.209334135055542 1.3245227336883545 0.36239930987358093
0.018796833232045174 1.4146989583969116 1.4567118883132935
-0.22642147541046143 1.1701456308364868 1.0963449478149414
-0.6132724285125732 1.2145155668258667 0.6868810057640076
-0.8481559157371521 1.1260895729064941 0.6812008619308472
-0.39736631512641907 1.4736219644546509 1.5773695707321167
-0.6546686291694641 1.3591090440750122 1.151859998703003
-1.0332674980163574 1.4612188339233398 0.15345387160778046
0.3442724049091339 1.3504372835159302 0.14619378745555878
-0.6805914640426636 1.4353550672531128 0.5322192907333374
0.20120520889759064 1.2687370777130127 0.4662711024284363
-0.45388925075531006 1.1900451183319092 0.9170870780944824
-1.4056766033172607 1.2051390409469604 -0.19565872848033905
-0.28872552514076233 1.339307427406311 0.049723878502845764
-0.7804579138755798 1.5262105464935303 0.3366691470146179
0.20298391580581665 1.2720109224319458 0.935513973236084
0.013139983639121056 1.3636637926101685 0.1029982790350914
-0.7846303582191467 1.18253755569458 0.382965087890625
0.24158857762813568 1.342315912246704 0.2976677119731903
-0.18972954154014587 1.2755120992660522 1.2673839330673218
-0.5908291935920715 1.459784984588623 0.6746379733085632
0.46327847242355347 1.391121745109558 0.5727536082267761
-0.16607587039470673 1.1183767318725586 0.6335276365280151
-0.4953438639640808 1.1815369129180908 0.6040429472923279
-0.319834440946579 1.2508729696273804 0.2849595844745636
-0.9398763179779053 1.5078703165054321 0.42164522409439087
0.08830344676971436 1.2998026609420776 0.9915229082107544
-0.6652269959449768 1.5640217065811157 0.9455922842025757
-0.9030535817146301 1.4475151300430298 0.598052442073822
-1.126688003540039 1.649694800376892 0.8945091962814331
-1.1626346111297607 1.5996721982955933 0.679297685623169
0.08912763744592667 1.3066143989562988 0.6512552499771118
0.2204674780368805 1.8538738489151 1.067331075668335
0.09382160753011703 1.9299317598342896 1.1427056789398193
-0.8632010817527771 1.540062427520752 0.9204138517379761
-0.7953413128852844 1.4463402032852173 0.7593365907669067
-0.566490113735199 1.5538477897644043 0.4414600431919098
0.037110403180122375 1.8171982765197754 1.0321707725524902
-0.24747982621192932 1.254940390586853 0.586584210395813
-1.1644575595855713 1.6240077018737793 0.45987701416015625
0.18691730499267578 1.809135913848877 1.1729869842529297
-1.084324836730957 1.6989248991012573 0.2936164438724518
-0.32203665375709534 2.1602683067321777 0.28362172842025757
-0.34693121910095215 2.1072165966033936 -0.1742972880601883
0.089682936668396 1.7911015748977661 1.0993340015411377
-0.27944761514663696 1.9894802570343018 0.2103947252035141
-0.5281689763069153 1.5501048564910889 0.787055492401123
-0.4359159767627716 1.9517122507095337 0.07146066427230835
-0.310821533203125 1.959137201309204 -0.026993315666913986
-0.47574833035469055 1.6721079349517822 0.6081928610801697
-0.7887491583824158 3.4145102500915527 0.15998311340808868
-1.253688097000122 1.7370619773864746 0.7582883238792419
-0.909177303314209 1.6679611206054688 1.0327763557434082
-1.1121307611465454 1.95260488986969 0.46517205238342285
-0.5355985164642334 2.1187024116516113 0.005240967497229576
0.17086689174175262 1.9876255989074707 1.2701319456100464
-1.1966216564178467 1.8810324668884277 0.713407039642334
-0.968765377998352 1.8279169797897339 0.9881336092948914
-0.6887879967689514 1.7229161262512207 0.2282370626926422
-0.0874084010720253 2.0946524143218994 -0.04305851459503174
-0.16449016332626343 2.0007004737854004 0.07904423028230667
-0.5538837909698486 1.7561007738113403 0.8613612055778503
-0.22002074122428894 2.3573479652404785 0.035816408693790436
-0.8352115154266357 1.6595879793167114 0.2263493835926056
-0.27052533626556396 3.2200827598571777 0.22702167928218842
-1.1986918449401855 1.796600341796875 0.39980095624923706
-0.7818203568458557 3.523749828338623 0.5074339509010315
-0.2159169465303421 2.007122039794922 -0.10560093075037003
-0.12494799494743347 3.3928496837615967 0.5617212057113647
-0.8904026746749878 3.4784858226776123 0.36027175188064575
-0.831746518611908 1.9279457330703735 0.8813812732696533
-0.6215590834617615 1.9466638565063477 0.586830735206604
-0.4527440369129181 3.223306179046631 0.19511151313781738
-0.7012414336204529 3.7745773792266846 -0.011439736932516098
-0.22736237943172455 3.20155930519104 0.4034007489681244
-0.4224032759666443 3.2253551483154297 0.43855956196784973
-0.45698294043540955 3.3654191493988037 0.5993118286132812
-0.6361257433891296 1.869821548461914 0.30620500445365906
-0.09622082114219666 3.26947283744812 0.40176284313201904
-0.05981865152716637 3.571697473526001 0.19493958353996277
-0.39420339465141296 3.7219622135162354 0.5419108867645264
-0.8634522557258606 2.0057263374328613 0.48763060569763184
-0.037203479558229446 3.35734224319458 0.2619993984699249
-0.2802312970161438 3.296005964279175 0.06963785737752914
-0.597144365310669 3.556938886642456 -0.053561143577098846
-0.6438267827033997 4.546704292297363 0.9625898003578186
-0.6694124937057495 4.526198387145996 1.1426494121551514
-0.5810323357582092 4.57774019241333 1.3214141130447388
-0.8949240446090698 3.605970859527588 0.02876432053744793
-0.6138618588447571 3.276702404022217 0.20945465564727783
-0.4151495099067688 4.650729179382324 1.3805147409439087
-0.6297594904899597 3.333956003189087 0.46592894196510315
-0.993650496006012 3.6798477172851562 0.37487316131591797
-0.4566703140735626 3.5139760971069336 -0.030655525624752045
-0.2657984793186188 3.485969066619873 0.0034840540029108524
-0.43681350350379944 4.5177764892578125 1.181190848350525
-0.2898986339569092 3.47025465965271 0.6475058794021606
-0.9340866208076477 3.5322065353393555 0.1433916836977005
-0.1548113375902176 3.708967447280884 0.40419429540634155
-0.4697861075401306 4.5323004722595215 0.9392592310905457
-0.7999486327171326 4.623752117156982 1.1710853576660156
-0.3286536633968353 4.598206996917725 0.9613435864448547
-0.3531986474990845 4.812161445617676 1.428247332572937
-1.0350422859191895 3.714261054992676 0.18515513837337494
-0.7573245167732239 3.694654941558838 0.5527438521385193
-0.7448133826255798 4.8536577224731445 0.7595469951629639
-0.670648455619812 4.681277275085449 0.8095303177833557
-0.20989127457141876 4.969877243041992 1.1306527853012085
-0.5118149518966675 3.847416639328003 0.45177504420280457
-0.7124964594841003 3.9186079502105713 0.24226327240467072
-0.32901811599731445 5.015467643737793 1.3618602752685547
-0.21665889024734497 4.801776885986328 0.960516631603241
-0.3752785921096802 4.793622016906738 0.7840038537979126
-0.26831626892089844 4.644869327545166 1.1850905418395996
-0.6938353776931763 4.786544322967529 1.4126182794570923
-0.7434011101722717 5.393034934997559 0.6039350032806396
-0.9214335680007935 5.752645969390869 0.8521912097930908
-0.654355525970459 5.781432151794434 1.068233609199524
-0.5236825346946716 5.531242370605469 1.1616203784942627
-0.4788869619369507 5.081435680389404 0.6662443280220032
-0.8837098479270935 4.775283336639404 1.1434557437896729
-0.7971128225326538 5.162008762359619 1.1798452138900757
-0.8720492720603943 5.258093357086182 0.9550346732139587
-0.8114577531814575 5.07781457901001 0.7862403988838196
-0.34001925587654114 5.23911714553833 1.0561670064926147
-0.5326938033103943 5.875199317932129 0.8725357055664062
-0.4333040714263916 5.322484970092773 1.2308282852172852
-0.8793206810951233 5.533511161804199 0.9389447569847107
-0.8936819434165955 4.916023254394531 1.0017298460006714
-0.7356609106063843 5.003874778747559 1.3769766092300415
-0.5444967150688171 5.160349369049072 1.3937071561813354
-0.809192955493927 5.561365127563477 0.6103295087814331
-0.6054002046585083 5.723738670349121 0.4868362843990326
-0.508196234703064 5.862405776977539 0.5352972745895386
-0.46385422348976135 4.940421104431152 0.7049292325973511
-0.3803844749927521 5.302182197570801 0.8376970291137695
-0.6548042297363281 5.310853481292725 0.6441978216171265
-0.4919080436229706 5.970789432525635 0.6511763334274292
-0.6643678545951843 6.96802282333374 1.232570767402649
-0.6681228280067444 6.154566287994385 0.7808787226676941
-0.77201908826828 7.098581790924072 1.5910197496414185
-0.8120644688606262 5.854915618896484 1.0215688943862915
-0.8597888946533203 6.939180850982666 1.3277705907821655
0.2649257183074951 6.782673358917236 -0.24037200212478638
-0.8679711222648621 5.772141456604004 0.5295740962028503
-0.880286693572998 6.981294631958008 1.1543793678283691
-0.4390396773815155 5.496908664703369 0.7501589059829712
-0.7058521509170532 7.041319370269775 1.5680865049362183
-0.8309521079063416 5.904057502746582 0.46783629059791565
-0.7731961011886597 5.436177730560303 1.1477638483047485
-0.5139271020889282 7.43180513381958 0.8257983326911926
-0.6580119132995605 7.299185752868652 0.8451709747314453
-0.3910365700721741 7.111293315887451 1.1712573766708374
-0.5382120013237 7.0565338134765625 1.4517475366592407
-0.5292283892631531 7.103080749511719 1.0265971422195435
-0.974624752998352 5.92327356338501 0.8030734658241272
-0.8847787976264954 7.156178951263428 0.9985653758049011
-0.7006965279579163 7.12405252456665 0.973555326461792
-0.826237678527832 6.103665828704834 0.5570089221000671
-0.942256510257721 7.211930274963379 1.5381841659545898
-1.0251083374023438 7.164195537567139 1.2308547496795654
-0.45475736260414124 7.102308750152588 1.3339465856552124
0.21700619161128998 8.344978332519531 -0.3191540837287903
-0.24664221704006195 7.3799662590026855 0.9672423005104065
-0.6131546497344971 7.371792793273926 1.5169544219970703
-0.3936123251914978 7.392149925231934 0.8310042023658752
-0.11027032881975174 7.653626918792725 1.107639193534851
-0.9078198671340942 7.91384744644165 0.295785129070282
-0.8956106305122375 7.789485931396484 0.15462636947631836
-0.9321017265319824 7.006312370300293 1.4116203784942627
-0.24229340255260468 7.780043601989746 1.178552269935608
-0.1640487015247345 7.531522750854492 0.9830626249313354
-0.2645183503627777 7.277259349822998 1.096064567565918
-0.805549144744873 8.031936645507812 0.33851781487464905
-0.02680710144340992 7.79890775680542 1.1652131080627441
-0.63141268491745 7.581368446350098 1.2583627700805664
-0.7984468340873718 7.860281944274902 0.07221751660108566
0.04044925048947334 7.955944061279297 1.0349667072296143
0.007274867966771126 7.747852325439453 0.983412504196167
-0.8585922122001648 7.45025110244751 1.2742124795913696
-0.9047509431838989 7.93531608581543 -0.1897323876619339
-0.9903263449668884 7.811513900756836 -0.002127833664417267
-1.001671314239502 7.9075164794921875 -0.16375310719013214
0.031797170639038086 8.175220489501953 1.1275603771209717
-0.40366920828819275 7.583905220031738 1.2755872011184692
0.16795435547828674 8.122397422790527 -0.25443270802497864
-1.0963724851608276 8.124238014221191 -0.06718075275421143
-1.1791749000549316 7.9625139236450195 0.12973164021968842
-1.1296582221984863 7.874687671661377 0.055696409195661545
0.19062621891498566 8.148216247558594 -0.37826165556907654
0.1663374900817871 8.112018585205078 -0.2586326003074646
0.08149433135986328 8.15025806427002 -0.28250011801719666
0.12725132703781128 8.377761840820312 0.8863369226455688
0.06092847138643265 8.266365051269531 0.9141051769256592
0.0554855540394783 8.114895820617676 0.8466156125068665
-0.567164421081543 9.216429710388184 0.8752959370613098
-0.17668960988521576 9.133001327514648 0.9889339804649353
-0.7562571167945862 8.228497505187988 0.0021491199731826782
0.20734871923923492 8.678611755371094 0.7660323977470398
0.023447217419743538 8.674127578735352 0.7693010568618774
-1.0620465278625488 8.105301856994629 0.3229542076587677
0.16905905306339264 8.549914360046387 0.8812379240989685
-0.6761950254440308 8.169201850891113 0.255711168050766
0.1854391247034073 8.85680866241455 0.6678253412246704
-0.23307238519191742 9.052730560302734 0.9154958724975586
-0.7411201596260071 9.39728832244873 1.1386704444885254
-0.5637490749359131 9.2805814743042 0.7441631555557251
-0.6702618598937988 8.222959518432617 0.07720956951379776
0.08384200930595398 8.741251945495605 0.981856644153595
0.25991517305374146 8.998747825622559 0.6345415115356445
-0.1580718606710434 9.231548309326172 0.501857340335846
-0.2671882212162018 9.017766952514648 0.7989786863327026
0.10475025326013565 9.030250549316406 0.9929453730583191
0.24510790407657623 9.181159019470215 0.8415214419364929
-0.7190417647361755 9.263184547424316 0.9481792449951172
-0.9300422668457031 9.495073318481445 1.127590537071228
-0.11366911977529526 8.920151710510254 0.6189000606536865
0.21080274879932404 9.244956016540527 0.6474988460540771
0.007956914603710175 9.244040489196777 0.5114870667457581
-0.04504920542240143 9.539237022399902 0.7322782874107361
-0.42096105217933655 9.927769660949707 0.16420815885066986
-0.4310396909713745 9.933306694030762 0.43925905227661133
-0.22339175641536713 9.186278343200684 0.6708697080612183
-0.872963547706604 9.36711597442627 1.1232060194015503
-0.26401659846305847 9.78638744354248 0.13485035300254822
-0.5027772188186646 9.403000831604004 0.6749412417411804
-0.9072504043579102 9.639686584472656 0.9600944519042969
-0.12808673083782196 9.911956787109375 0.3159010112285614
-0.7401727437973022 10.454442977905273 -0.0932331383228302
-0.2939271330833435 9.690240859985352 0.2996826469898224
-0.2901192903518677 9.365654945373535 1.0521003007888794
-0.815489649772644 9.649072647094727 0.861519455909729
-0.5778399705886841 10.140436172485352 0.03402366861701012
-0.4382714331150055 9.484785079956055 0.9697292447090149
0.008859924040734768 9.619495391845703 0.5473752021789551
-0.0871957316994667 9.524853706359863 0.41523751616477966
-0.8283511996269226 9.6790771484375 1.142427682876587
-1.0360490083694458 10.09679126739502 0.8505722284317017
-0.8190779089927673 10.271055221557617 0.6856297850608826
-0.9326116442680359 9.976590156555176 0.8721226453781128
-1.1381031274795532 9.990662574768066 0.9674095511436462
-0.07655774801969528 9.982839584350586 0.456577330827713
-0.56883704662323 10.014030456542969 0.07275065779685974
-0.756748616695404 10.33764362335205 0.10404010117053986
-0.021295659244060516 10.499820709228516 0.0004983022809028625
-0.10706810653209686 9.823217391967773 0.5223408341407776
-0.9864050149917603 9.949073791503906 0.9629029631614685
-0.1646592766046524 9.987996101379395 0.11421919614076614
-0.8469690680503845 10.549814224243164 -0.18323594331741333
-0.7571787238121033 9.937408447265625 0.8796154260635376
-0.6281288862228394 10.508939743041992 0.06562401354312897
0.016302721574902534 10.63325309753418 1.1130504608154297
-0.6337047815322876 10.304181098937988 0.20330950617790222
0.015847710892558098 10.473997116088867 -0.09696780145168304
-0.7810259461402893 10.626462936401367 -0.25787195563316345
0.05521717667579651 10.58229923248291 1.1898815631866455
-0.6835108995437622 10.58132553100586 -0.1640883833169937
-0.40109726786613464 10.232622146606445 0.18644538521766663
-0.8015913963317871 10.855817794799805 -0.05201846361160278
0.09296002238988876 10.594439506530762 1.16944420337677
-0.7627183794975281 10.48414421081543 0.28554821014404297
-1.091531753540039 10.592933654785156 0.6034237146377563
0.07586517184972763 10.713970184326172 0.05433686822652817
0.15123912692070007 10.874778747558594 -0.08757887780666351
-1.144722580909729 10.613986015319824 0.6737847924232483
0.162301704287529 10.781319618225098 -0.0656173899769783
-0.9752216339111328 10.65021800994873 0.7366191148757935
-0.746597409248352 10.817451477050781 -0.3103933036327362
-0.6152523159980774 10.91751480102539 0.2533379793167114
-0.7212535738945007 10.946501731872559 -0.15952467918395996
0.15906482934951782 11.009099960327148 -0.030830027535557747
-0.9851383566856384 11.002481460571289 1.2059192657470703
-0.88877272605896 10.989595413208008 -0.21128913760185242
-0.0743752270936966 11.032687187194824 -0.16934873163700104
-0.585308849811554 11.0552978515625 0.29268980026245117
-0.9480574131011963 11.055198669433594 1.2667694091796875
-0.7840632796287537 11.08405876159668 -0.05839609354734421
0.24760013818740845 11.19765853881836 1.1032135486602783
-0.408522367477417 11.172845840454102 0.1257794052362442
-0.45724061131477356 11.190936088562012 0.1315520852804184
0.004947691690176725 11.10900592803955 -0.288894385099411
-0.17628628015518188 11.32088565826416 1.1442111730575562
-0.024945104494690895 11.252470016479492 0.5867034196853638
-1.2212684154510498 11.290499687194824 -0.0815085768699646
0.15551164746284485 11.314862251281738 0.17235587537288666
0.07972964644432068 11.290266036987305 0.5306018590927124
0.47161176800727844 11.335229873657227 0.9035333395004272
-1.2411614656448364 11.333216667175293 1.3807542324066162
0.393898069858551 11.371748924255371 1.331199288368225
0.09861759841442108 11.440923690795898 0.657151997089386
-1.3274849653244019 11.390779495239258 0.12194330990314484
-0.1162053719162941 11.467696189880371 1.3394365310668945
-0.702118992805481 11.439781188964844 1.2791537046432495
-0.39375585317611694 11.474235534667969 1.26103675365448
-0.5234344601631165 11.444588661193848 -0.47007083892822266
0.3002804219722748 11.519760131835938 0.980659544467926
0.2875773310661316 11.519394874572754 -0.4610294997692108
-0.29872557520866394 11.516074180603027 1.335762858390808
-0.35757535696029663 11.54188346862793 1.3653995990753174
0.3224537670612335 11.533390045166016 1.2097442150115967
-1.3096580505371094 11.549290657043457 1.1324894428253174
-1.2183171510696411 11.564552307128906 -0.301254540681839
0.08936993777751923 11.576879501342773 -0.013358905911445618
