473
-1.7441394329071045 0.5642412900924683 1.0599870681762695
-1.634584903717041 0.4741889536380768 -0.1938691884279251
-1.144060492515564 0.6590721607208252 0.4073350727558136
0.5352611541748047 0.904779314994812 0.047200821340084076
-1.6640233993530273 0.3929620087146759 0.14591272175312042
-0.9349940419197083 0.3118646442890167 -0.9710871577262878
-0.3283972442150116 0.284606397151947 0.6250275373458862
-1.8161226511001587 0.5895393490791321 1.4015206098556519
-0.5895907282829285 0.31102827191352844 -0.708721935749054
-0.594646155834198 0.3065599203109741 -1.074655532836914
0.5663743019104004 0.6359947323799133 -0.41807791590690613
-1.8152512311935425 0.608604907989502 0.04443620517849922
-1.5828192234039307 0.5252400040626526 0.36373499035835266
-1.914871335029602 0.46062347292900085 0.07265903055667877
-1.2202905416488647 0.3699129819869995 1.2351500988006592
-1.9297808408737183 0.28670641779899597 0.2041408270597458
-1.9552947282791138 0.5325791239738464 0.3989899456501007
0.11125652492046356 0.5736290216445923 -0.5363889932632446
-0.5890087485313416 0.6029181480407715 -1.0157073736190796
-1.602163314819336 0.2937060296535492 0.8220531940460205
0.06433821469545364 0.3488476872444153 1.3896688222885132
0.8133938908576965 0.5841361880302429 -0.4159562289714813
0.5864622592926025 0.8575372695922852 -0.0838131234049797
-2.174746513366699 0.47544851899147034 0.2514631152153015
-0.9432253837585449 0.33067670464515686 0.8622514009475708
-0.22579047083854675 0.5108935236930847 -0.9950310587882996
-1.5535540580749512 0.5207738876342773 1.5510849952697754
-2.121412754058838 0.419496089220047 0.16357654333114624
0.7097437977790833 0.7089378833770752 -0.46850115060806274
-1.0906147956848145 0.4654987156391144 0.8666121959686279
-0.7123832106590271 0.4456371068954468 -0.9369953274726868
0.842664897441864 0.2951168715953827 0.9553530812263489
0.6017508506774902 0.444722980260849 1.1260865926742554
-1.2774018049240112 0.5389007925987244 0.8933168053627014
-1.4453617334365845 0.660994291305542 0.8287995457649231
-1.3344542980194092 0.5166670680046082 1.4276009798049927
0.7993005514144897 1.0296660661697388 0.02912689931690693
-1.8376133441925049 0.5270190238952637 -0.08421836793422699
0.6136638522148132 0.5293102860450745 -0.6561591625213623
-1.4818387031555176 0.3474506735801697 -0.16953280568122864
-1.5299601554870605 0.4342436194419861 1.4809528589248657
0.7495495080947876 0.37087494134902954 0.8767974972724915
-0.7941893339157104 0.4015936851501465 -0.7884820103645325
0.26911014318466187 0.30553126335144043 1.009781837463379
-0.4316147267818451 0.3230036795139313 -0.7301391363143921
0.02707412838935852 0.8405203819274902 -1.0589354038238525
-1.433529257774353 0.48375099897384644 1.0333547592163086
-1.6604459285736084 0.30985915660858154 0.6674052476882935
-0.4185633659362793 0.4001147150993347 -0.13724985718727112
-1.1052356958389282 0.41670382022857666 -0.16836577653884888
-1.350690245628357 0.33258387446403503 -0.4325183928012848
-0.7858750224113464 0.3562873601913452 0.21409104764461517
-0.6659572720527649 0.3582748472690582 -0.4547711908817291
-1.535443902015686 0.36646658182144165 1.2455087900161743
-1.0227127075195312 0.4965423047542572 0.024938851594924927
0.655367374420166 0.3591909408569336 1.259918451309204
-0.9841715693473816 0.4246017634868622 0.6989121437072754
0.15438155829906464 0.366104394197464 -0.35327544808387756
-1.0970889329910278 0.3141867220401764 -0.9693759083747864
-2.0878753662109375 0.3272706866264343 0.31932955980300903
-0.9677331447601318 0.40506428480148315 -0.16473011672496796
-0.20479346811771393 0.3231973350048065 -0.5683247447013855
-0.6158192753791809 0.6959799528121948 -0.5375154614448547
-1.1470266580581665 0.342253178358078 -0.7093324661254883
-1.5926227569580078 0.33212822675704956 1.5981674194335938
-1.500038981437683 0.309663325548172 -0.3690605163574219
0.8033227920532227 0.7033118009567261 1.3931379318237305
-1.8251392841339111 0.40720993280410767 1.283214807510376
-1.4213392734527588 0.2885633707046509 1.3585679531097412
0.8480211496353149 0.35234197974205017 0.6724114418029785
-0.1523386687040329 0.48148655891418457 1.6539137363433838
-1.5309202671051025 0.35403352975845337 0.08220013231039047
-0.28859394788742065 0.3652964234352112 -0.8381959795951843
0.39857974648475647 0.3399086892604828 1.307894229888916
0.7668330073356628 0.4924153685569763 1.3708873987197876
-1.8596446514129639 0.32045766711235046 1.105685830116272
0.9135670065879822 0.7878308892250061 1.1618437767028809
0.6343281269073486 0.8393723368644714 1.1722053289413452
-0.8909391164779663 0.5514102578163147 -1.0184842348098755
-1.0532621145248413 0.317637175321579 0.28669121861457825
0.7908759117126465 0.8127928376197815 1.039224624633789
0.8252983093261719 0.44766828417778015 1.0595861673355103
-1.160534381866455 0.3394434452056885 0.5617693662643433
-1.439515471458435 0.32509520649909973 0.39064809679985046
-0.6266219019889832 0.34856241941452026 1.592961311340332
0.5978925228118896 0.4512355327606201 -0.07161930203437805
0.5737734436988831 0.6716116666793823 1.382005214691162
-2.0359082221984863 0.3105660080909729 0.462194561958313
-1.0547311305999756 0.591833233833313 -0.6649613976478577
-0.6525214910507202 0.3415415585041046 -0.22968928515911102
0.8762079477310181 0.5820509791374207 1.29022216796875
-0.07184463739395142 0.7474991679191589 0.4522979259490967
-0.09433653205633163 0.42375946044921875 1.7955048084259033
-0.26362308859825134 0.5888410806655884 -0.7358439564704895
-1.2238613367080688 0.3669244349002838 -0.9661070704460144
-1.002968668937683 0.33004873991012573 -0.35779067873954773
-1.763916254043579 0.457188218832016 0.5488786697387695
-0.6881152391433716 0.5309470295906067 -0.35173535346984863
0.0877462700009346 0.7401828169822693 0.3801235854625702
-0.06252529472112656 0.34371188282966614 1.7715717554092407
-0.7192157506942749 0.39550262689590454 1.47612464427948
-0.8610725998878479 0.6734284162521362 -0.5833386182785034
-0.5916706919670105 0.3319469690322876 1.7559841871261597
-0.5717945694923401 0.6895216703414917 0.598680317401886
-1.9265633821487427 0.3898636996746063 0.915972113609314
-0.35105791687965393 0.332802951335907 1.6927894353866577
0.5058457851409912 1.0231322050094604 0.5899732708930969
-1.731319546699524 0.4658757150173187 1.4787853956222534
-1.456120252609253 0.37043046951293945 0.7262066006660461
0.6927430033683777 0.6865796446800232 1.0418707132339478
-1.3617925643920898 0.41330087184906006 -0.6530884504318237
-1.3045740127563477 0.45901843905448914 0.5823462605476379
-0.1588713526725769 0.9244728684425354 -0.7246893048286438
-0.5390866994857788 0.44910478591918945 1.7457691431045532
0.4146282374858856 0.44430941343307495 1.4873013496398926
-1.8597593307495117 0.35132506489753723 0.5627225041389465
-0.5673901438713074 0.29011285305023193 0.6491018533706665
-1.3816909790039062 0.46850553154945374 0.056123245507478714
0.6245134472846985 1.178493857383728 0.26751062273979187
-1.156054139137268 0.4413776397705078 0.2948906123638153
-0.9616844058036804 0.3547265827655792 1.275335669517517
-1.629522442817688 0.33136671781539917 -0.3496887981891632
-1.2949612140655518 0.38025808334350586 -0.6620860695838928
-1.9139862060546875 0.29768824577331543 0.8365046381950378
0.4683888256549835 1.0266038179397583 0.45809757709503174
-0.1259327530860901 0.2928589880466461 1.196528673171997
-0.8305649161338806 0.3188789188861847 1.0264452695846558
-0.8520438075065613 0.2885371148586273 -0.3255781829357147
-1.216485857963562 0.3445092737674713 -0.04674869775772095
-1.256014108657837 0.34772083163261414 0.15793195366859436
-1.0708234310150146 0.5192800164222717 1.1423161029815674
-0.38581031560897827 0.5502106547355652 -0.5378235578536987
-1.2914316654205322 0.5384076833724976 -0.44157132506370544
0.29638710618019104 0.9585867524147034 -0.4144502580165863
0.19309021532535553 0.567037045955658 1.306386113166809
0.5315596461296082 1.1261720657348633 0.18295249342918396
-0.9597085118293762 0.4282609820365906 1.07255220413208
-0.742771327495575 0.8484808802604675 -0.03162834048271179
-0.6840357780456543 0.39663422107696533 0.9758760929107666
0.31729361414909363 0.9513117074966431 -1.0170578956604004
0.5849503874778748 0.9135293364524841 0.4991656541824341
0.12834203243255615 1.052350401878357 0.30777880549430847
0.4780496656894684 0.6747066378593445 -0.39076194167137146
-0.9585760235786438 0.40292876958847046 0.5150081515312195
0.7324618101119995 1.0277862548828125 0.19236153364181519
0.13813112676143646 1.0296214818954468 -1.0362473726272583
-0.2820571959018707 0.9729027152061462 -0.9871641397476196
-0.11446802318096161 0.4348667860031128 1.470218300819397
-0.24887371063232422 0.9321904182434082 -0.9636525511741638
0.37413251399993896 0.6544750332832336 -0.6156306862831116
0.42294883728027344 0.4354713261127472 -0.25872671604156494
-0.4136335551738739 0.6918637752532959 1.0698903799057007
0.8650187253952026 0.6521466970443726 0.40694332122802734
-0.5973643660545349 0.3437652587890625 1.3843507766723633
0.31252622604370117 0.41887855529785156 1.1941159963607788
0.30629175901412964 0.49726569652557373 0.7028378248214722
0.06316211074590683 0.2950097620487213 -0.678574800491333
-0.7138609290122986 0.5405897498130798 0.6405443549156189
-0.7060038447380066 0.5905489325523376 0.1768927276134491
0.7475476861000061 0.643125057220459 0.6902336478233337
-0.07709585875272751 0.7189626097679138 0.7976831793785095
-0.574200451374054 0.8196573853492737 1.2253342866897583
-0.5868767499923706 0.5413112640380859 0.05021071061491966
-0.048538848757743835 0.43582621216773987 -0.5576155781745911
0.39553865790367126 0.44850802421569824 1.0940663814544678
-0.4629245102405548 0.7636747360229492 0.8852525949478149
-0.33472946286201477 0.7550841569900513 1.4095102548599243
0.17921169102191925 0.6594508290290833 -0.2641325294971466
0.2926286458969116 0.597154438495636 0.43459731340408325
0.7339174151420593 0.4432763457298279 0.23845133185386658
-0.11561480909585953 0.7989674806594849 0.0047078318893909454
-0.2314547300338745 0.5538395047187805 0.34427329897880554
-0.4714776575565338 0.3752663731575012 1.2520790100097656
-0.18335123360157013 0.38407328724861145 1.1525324583053589
0.5654078722000122 0.7190611958503723 0.12549154460430145
0.8065584301948547 0.39391958713531494 0.46517691016197205
-0.013070912100374699 0.4921548366546631 -0.36895471811294556
0.5016164183616638 0.5634548664093018 -0.2205905020236969
-0.874239981174469 0.45528268814086914 0.3402416408061981
-1.2176874876022339 1.1835002899169922 0.3748704195022583
0.5878065228462219 0.2958317995071411 0.041385866701602936
-0.5874933004379272 0.5053433179855347 0.44200047850608826
0.37427911162376404 0.520649790763855 0.8159433603286743
0.16568690538406372 0.44244295358657837 0.6781589984893799
-0.39806023240089417 0.5649774670600891 0.012620402500033379
-0.9672175645828247 1.0874210596084595 0.1349617838859558
-0.4932537376880646 0.4910939335823059 -0.1518806517124176
-0.2661563456058502 0.46781983971595764 0.7339545488357544
0.07005379348993301 0.4858655333518982 1.0474879741668701
0.28376832604408264 0.6130747199058533 0.052356574684381485
0.49327990412712097 0.48589226603507996 0.4674789607524872
-0.26735740900039673 0.5387020707130432 -0.29097795486450195
-0.08922488987445831 0.6783260703086853 -0.1686968058347702
0.06293267756700516 0.7177372574806213 0.11462078243494034
-0.8007007837295532 1.1734570264816284 0.14930632710456848
-1.0692192316055298 1.0797126293182373 0.2801681160926819
-1.0085946321487427 1.1604570150375366 0.4907836318016052
-0.5649460554122925 1.2495366334915161 1.046060562133789
-1.1646337509155273 1.316381573677063 0.5408716201782227
-0.06341748684644699 0.3817341923713684 0.6195494532585144
-1.321307897567749 1.320664882659912 0.22868672013282776
-1.201109766960144 1.151414394378662 0.1434377282857895
-0.45441776514053345 1.318145513534546 0.9172236919403076
-0.3511731028556824 0.4966541528701782 0.27260494232177734
-0.7441679239273071 1.326852560043335 1.0156505107879639
-0.614526093006134 1.4440453052520752 1.2746251821517944
-0.8845000863075256 1.2774215936660767 0.5922819375991821
-0.40635496377944946 1.358691692352295 1.1617404222488403
-0.33467623591423035 1.4359771013259888 0.9715908169746399
-0.7353585362434387 1.611754059791565 1.1282275915145874
-1.1581045389175415 1.5451754331588745 0.49054786562919617
-0.043449610471725464 0.6305846571922302 0.2540874779224396
-0.5842515826225281 1.3217864036560059 1.1852599382400513
-0.9876842498779297 1.2164053916931152 -0.02365598827600479
-1.1743850708007812 1.3059217929840088 -0.018686387687921524
-0.3444463014602661 2.9270803928375244 0.7140025496482849
-0.27926701307296753 2.6671457290649414 0.5122094750404358
-0.4632681906223297 2.7487704753875732 0.2417224496603012
-0.10730547457933426 3.0121407508850098 -0.050410907715559006
-0.481746107339859 1.6155312061309814 0.837952733039856
-0.6190287470817566 1.2970242500305176 0.8454816341400146
-0.7780192494392395 1.5863258838653564 0.2390354573726654
-0.3007781505584717 2.790985107421875 0.03843466937541962
-0.5854278802871704 2.924464702606201 0.4319606423377991
-0.7268289923667908 1.342125654220581 0.11636538058519363
-1.227068543434143 1.54343581199646 0.0901607871055603
-0.5052664875984192 2.9404165744781494 0.11037090420722961
-0.49394312500953674 2.785939931869507 0.4826742708683014
-1.0162670612335205 1.6750324964523315 0.30496543645858765
-0.9125500917434692 1.4639892578125 -0.04466738551855087
-0.38410061597824097 1.5951801538467407 1.2017822265625
-0.057853568345308304 2.8007118701934814 0.005938757210969925
-0.7187954783439636 1.3318487405776978 0.4503246545791626
0.1293405443429947 2.758667230606079 0.18344229459762573
-0.7832844257354736 1.3677442073822021 0.8008062839508057
-0.8547490239143372 1.1298011541366577 0.3441459834575653
-0.0356210321187973 2.678497552871704 0.14507165551185608
0.059254493564367294 2.672473430633545 0.37032684683799744
-0.09881897270679474 2.910964012145996 0.7081109881401062
0.1970931738615036 2.816969394683838 0.3994081914424896
-0.05285046622157097 2.6478829383850098 0.46795862913131714
-0.3184197247028351 2.654942750930786 0.2180767059326172
-0.20328179001808167 2.609853982925415 0.32482072710990906
-0.783234715461731 3.8960747718811035 1.3373844623565674
-0.297511488199234 3.1506762504577637 0.03808938339352608
-0.27913621068000793 2.7556614875793457 0.6451126933097839
-0.5898671746253967 3.099748373031616 0.43990594148635864
0.1529403030872345 2.9556617736816406 0.08598057925701141
-0.8833491206169128 3.688082695007324 1.1676597595214844
-0.3723553717136383 4.334290981292725 0.5368749499320984
-0.8360694646835327 3.739809989929199 1.3096152544021606
-0.47893425822257996 3.2112081050872803 0.22472882270812988
0.053073156625032425 2.949432611465454 0.6408441662788391
-0.8246363997459412 3.7069125175476074 1.2323607206344604
-0.2602427005767822 4.338564872741699 0.4407452344894409
-0.23672929406166077 3.305694580078125 0.500071108341217
-1.246721625328064 3.6618003845214844 -0.41811585426330566
-0.3322392702102661 3.1428775787353516 0.6914275884628296
-1.2927533388137817 3.658565044403076 -0.37817662954330444
-0.973592221736908 3.81319260597229 1.2156425714492798
-0.4840986728668213 4.381776332855225 0.6175110340118408
-0.7996628880500793 3.7470312118530273 1.1906626224517822
-0.2965700626373291 4.370647430419922 0.705456018447876
-0.24134695529937744 4.841266632080078 0.11776410788297653
0.10962861031293869 3.1955952644348145 0.269267737865448
0.020477451384067535 4.805441379547119 0.7040651440620422
-0.586733341217041 4.478435039520264 0.5910996198654175
-0.09987111389636993 4.430600166320801 0.6219114661216736
-0.04857046902179718 4.621966361999512 0.753711462020874
-0.336848646402359 4.519647598266602 0.16717462241649628
-0.07083797454833984 4.612390518188477 0.27832290530204773
-0.2571229338645935 4.510176658630371 0.828738272190094
0.17582271993160248 3.0264432430267334 0.5021724104881287
-0.03206314891576767 4.530643463134766 0.46381470561027527
0.022975366562604904 4.808207035064697 0.39693912863731384
-0.6630788445472717 4.816090106964111 0.4026632010936737
-0.1165509894490242 3.3037595748901367 0.24637405574321747
-0.40655258297920227 4.672632217407227 0.12134367972612381
-0.5685157775878906 4.569498062133789 0.3270798325538635
-0.4272867739200592 4.7941741943359375 0.8956720232963562
-0.42667341232299805 5.073047161102295 0.22563858330249786
-0.6644969582557678 4.697460174560547 0.6123846173286438
-0.1837182343006134 5.098753452301025 0.2193208634853363
-0.002982660196721554 5.0116682052612305 0.35055333375930786
-0.11855576932430267 4.944849491119385 0.8118231892585754
-0.28167253732681274 4.409724235534668 0.29850003123283386
-0.46371036767959595 4.961798191070557 0.36869290471076965
-0.06532542407512665 5.3656535148620605 0.4764605462551117
-0.07353595644235611 5.222113609313965 0.8002620339393616
-0.4004271626472473 5.339537620544434 0.31032389402389526
-0.002861148677766323 5.114876747131348 0.591698408126831
-0.636132538318634 4.97003698348999 0.620413064956665
-0.4653761684894562 4.630647659301758 0.848267674446106
-0.5913779735565186 5.280062675476074 0.6826072335243225
-0.39427492022514343 5.333474159240723 0.9172548651695251
-0.5884881019592285 5.340641498565674 0.48936226963996887
-0.4873746633529663 5.145617485046387 0.8307603597640991
-0.46748703718185425 5.691318511962891 0.44920486211776733
-0.3614450693130493 5.6310601234436035 0.9630204439163208
-0.34684285521507263 4.995820999145508 0.8903062343597412
-0.11932182312011719 5.678467273712158 0.4519573450088501
-0.22926922142505646 5.397796630859375 0.9346017837524414
-0.26279500126838684 5.515496730804443 0.33749887347221375
-0.3650030195713043 5.985482215881348 0.43160009384155273
-0.3853740692138672 6.275534152984619 0.34096360206604004
-0.2358376532793045 6.418980598449707 0.49029988050460815
-0.5609314441680908 5.785314559936523 0.6195115447044373
-0.5616648197174072 6.5417633056640625 0.16641712188720703
-0.06298422813415527 5.484728813171387 0.8131526708602905
-0.3470650017261505 6.557628154754639 0.2609265446662903
-0.6928273439407349 6.452162742614746 0.2860110104084015
-0.5647889375686646 6.137969017028809 0.4472344219684601
-0.5461491346359253 5.56036376953125 0.7892141938209534
-0.13995689153671265 5.927835941314697 0.6440906524658203
-0.075017549097538 5.6818695068359375 0.7443394064903259
-0.2821706533432007 5.873409748077393 0.9040200114250183
-0.40940719842910767 6.793920516967773 0.12892884016036987
-0.6008851528167725 6.109849452972412 0.8403591513633728
-0.5098109245300293 5.905029296875 0.8436498045921326
-0.29337701201438904 6.27056360244751 0.7694215178489685
-0.4846529960632324 6.292913436889648 0.8710674047470093
-0.7074816226959229 6.277336597442627 0.4583817720413208
-0.2713441252708435 6.661258697509766 0.5212877988815308
-0.1099306121468544 6.125566482543945 0.5538956522941589
-0.3394712507724762 6.971624374389648 0.22593605518341064
-0.6223052740097046 6.831417083740234 0.10588382929563522
-0.3449938893318176 6.885478496551514 0.47523242235183716
-0.7794947624206543 6.459750175476074 0.7039730548858643
-0.6961748600006104 6.311339855194092 0.6297041177749634
-0.6314405798912048 7.252955436706543 0.5840666890144348
-0.5099429488182068 7.202027320861816 0.6871300339698792
-0.8129769563674927 6.586000919342041 0.33627480268478394
-0.8628208041191101 6.8262248039245605 0.4160778820514679
-0.6117030382156372 7.153724193572998 0.1042618528008461
-0.8583899140357971 6.875640869140625 0.5467670559883118
-0.45371460914611816 6.524445056915283 0.8148296475410461
-0.39445629715919495 7.142964839935303 0.11601632833480835
-0.8411703109741211 6.65106725692749 0.6902489066123962
-0.7782931923866272 6.906809329986572 0.21621733903884888
-0.4730289578437805 7.43735933303833 0.1793583631515503
-0.037099286913871765 8.17165470123291 0.46156224608421326
-0.4892682731151581 6.857014179229736 0.6753293871879578
-0.6680853962898254 6.772072792053223 0.7798738479614258
-0.9117469787597656 8.37648868560791 0.38751882314682007
-0.943900465965271 8.40831470489502 0.29031258821487427
0.11259061098098755 8.213277816772461 0.7158817052841187
-0.5388075709342957 7.2717509269714355 0.5114685893058777
-0.132822647690773 7.662449359893799 0.21462611854076385
-0.319851279258728 7.254567623138428 -0.006835862062871456
-0.19717304408550262 8.179123878479004 0.7820505499839783
-0.2908768951892853 7.474860668182373 -0.05132496729493141
-1.067280888557434 8.766329765319824 0.540500819683075
-0.233509361743927 7.3427629470825195 0.1949641853570938
-0.45352908968925476 7.037932872772217 0.6973680257797241
-0.6534079909324646 7.74077033996582 0.5292137861251831
-0.7768062949180603 8.386717796325684 0.416677325963974
-0.7382189035415649 8.357392311096191 0.29916948080062866
-0.27207839488983154 8.293054580688477 0.7650669813156128
-0.0411735475063324 8.131365776062012 0.7048529386520386
-0.08042947947978973 8.153969764709473 0.813014566898346
-1.0263686180114746 8.634918212890625 0.21832528710365295
-0.33295848965644836 7.668862819671631 0.030421597883105278
-0.14000172913074493 7.523069858551025 0.14709872007369995
-0.7577407956123352 8.65092945098877 0.15950043499469757
-0.6509391665458679 8.60274600982666 0.5769124031066895
-0.637540876865387 8.63862419128418 0.3342891335487366
-1.066699504852295 8.486507415771484 0.40567463636398315
0.07404850423336029 8.216540336608887 0.48574694991111755
-0.2594279944896698 8.188578605651855 0.5780794024467468
-0.8027769923210144 9.104936599731445 0.8614754676818848
-0.5624111890792847 9.118598937988281 0.5895084738731384
-0.666610836982727 8.794824600219727 0.12410885840654373
-0.34714916348457336 9.381611824035645 0.18115641176700592
-1.0132397413253784 9.013718605041504 0.1870681494474411
-0.726972222328186 9.226968765258789 0.4736482501029968
-0.7276847958564758 9.11344051361084 0.05089269578456879
-0.7133182287216187 8.969098091125488 0.8021888732910156
-0.9912720322608948 9.109851837158203 0.7789741158485413
-0.889592707157135 9.41700267791748 0.26365867257118225
-0.9806615114212036 8.794811248779297 0.6788167357444763
-0.9331014156341553 9.105206489562988 0.2200903594493866
-0.024116571992635727 8.39510726928711 0.6828715801239014
-0.5796415209770203 9.219171524047852 0.09768747538328171
-0.31767168641090393 9.41006851196289 -0.05575431510806084
-0.30888158082962036 9.262102127075195 0.07414504885673523
-0.8874469995498657 8.605838775634766 0.678390622138977
-0.5855664610862732 9.012338638305664 0.348172128200531
-0.3113253116607666 9.26710319519043 0.16742323338985443
-0.7142886519432068 9.319933891296387 1.011531949043274
-0.8585755228996277 9.434898376464844 0.8345744609832764
0.23654566705226898 10.158656120300293 1.022650957107544
-1.0498576164245605 9.020904541015625 0.5809690952301025
-0.5323151350021362 9.271002769470215 0.6921546459197998
0.003300158306956291 10.24307632446289 1.1377017498016357
-0.6518988609313965 9.983123779296875 0.8944377899169922
-0.1932917833328247 9.381670951843262 0.1723676472902298
-0.7647485733032227 9.516730308532715 -0.05828845128417015
-0.563405454158783 9.60619831085205 -0.08623651415109634
-0.7293131351470947 9.481008529663086 0.12190219014883041
-0.6699779033660889 9.497632026672363 0.8160541653633118
-0.8257387280464172 9.826603889465332 -0.012165220454335213
0.07410737872123718 9.710806846618652 0.06985501945018768
0.19923007488250732 9.703593254089355 -0.04797383025288582
-0.6584762334823608 9.743374824523926 0.16202065348625183
0.2468651831150055 10.2537841796875 1.053115963935852
-0.8431288003921509 9.762101173400879 0.792192280292511
-0.8282366991043091 9.893070220947266 0.8153830170631409
-0.5466093420982361 9.702452659606934 0.9504629373550415
-0.6481556296348572 9.623656272888184 0.7719791531562805
0.0651957243680954 9.761972427368164 0.11917667835950851
-0.0664157047867775 10.387353897094727 1.0086802244186401
-0.6125941276550293 10.017690658569336 -0.07295234501361847
0.20554421842098236 10.264833450317383 1.1588630676269531
-0.7187497615814209 9.88891315460205 -0.06983229517936707
0.21765995025634766 10.079460144042969 0.09365931898355484
-5.939416587352753e-05 10.358420372009277 0.9013257026672363
0.06362752616405487 10.489097595214844 1.3080629110336304
-0.7950020432472229 10.06711483001709 0.9779404401779175
-0.2152266502380371 10.525193214416504 0.9228624105453491
-0.7532795071601868 10.122899055480957 1.0410833358764648
-0.8695094585418701 10.135916709899902 -0.04135396331548691
0.27487701177597046 10.404569625854492 1.214584231376648
-0.3412259817123413 10.41861343383789 0.9517146348953247
0.3506816625595093 10.5545654296875 1.0684387683868408
-0.31009605526924133 10.571669578552246 0.736529529094696
-0.9351826310157776 10.586851119995117 -0.1455390304327011
0.25954025983810425 10.702366828918457 1.1977099180221558
-0.8509718179702759 10.768389701843262 -0.06643714010715485
0.07243470102548599 10.649331092834473 0.8402877449989319
0.35347020626068115 10.680421829223633 0.17889976501464844
0.2476314902305603 10.79990291595459 -0.40912535786628723
-0.8689855337142944 10.80264663696289 -0.0320100411772728
0.024345237761735916 10.775612831115723 0.8085713982582092
-0.04432464390993118 10.836943626403809 0.8146817684173584
-0.2885713279247284 10.892485618591309 0.6803933382034302
-1.1503630876541138 10.87481689453125 0.07604212313890457
0.23467187583446503 10.724788665771484 0.5412317514419556
-0.7436734437942505 10.767817497253418 1.0105483531951904
0.26303163170814514 10.71422004699707 0.908236026763916
-1.1495866775512695 10.974991798400879 0.04249923676252365
-0.3234305679798126 10.80085563659668 0.9024835824966431
-0.7482031583786011 10.896326065063477 0.01636102981865406
-0.3332225978374481 10.972896575927734 0.5902535915374756
-0.40654242038726807 11.132996559143066 -0.02766536734998226
-0.46198970079421997 11.223146438598633 -0.17279641330242157
-0.4973113238811493 11.063849449157715 -0.023953860625624657
-0.9992384910583496 11.128385543823242 -0.20040728151798248
-0.4250992238521576 11.04079818725586 0.5070406794548035
-1.1585652828216553 11.174867630004883 1.4531326293945312
-0.5455556511878967 11.239370346069336 0.13445435464382172
-0.4336378574371338 11.3148832321167 -0.03444952517747879
-1.1604670286178589 11.269740104675293 0.7686201333999634
-0.24188992381095886 11.361456871032715 -0.0439225435256958
-0.8046685457229614 11.338205337524414 0.8005053400993347
-0.06297649443149567 11.235243797302246 1.1554129123687744
0.28418290615081787 11.389375686645508 -0.055710677057504654
-0.17736279964447021 11.415760040283203 -0.15138104557991028
-0.83969646692276 11.334468841552734 0.7443653345108032
-0.028335627168416977 11.352856636047363 -0.2765772342681885
-0.17906799912452698 11.467053413391113 -0.15718801319599152
-0.26558002829551697 11.41186237335205 0.5197106599807739
-0.7840549945831299 11.470900535583496 -0.4567713439464569
-1.267224669456482 11.443093299865723 1.5037533044815063
-0.02019224502146244 11.486394882202148 0.6486773490905762
-0.5301801562309265 11.50798225402832 -0.34324175119400024
0.2611827850341797 11.496010780334473 1.2443801164627075
0.3343142867088318 11.520256042480469 -0.25864386558532715
-0.06286049634218216 11.546257972717285 0.23281718790531158
-1.3486618995666504 11.52254581451416 0.4387124180793762
-0.7843438982963562 11.544148445129395 0.10226504504680634
-0.2413158118724823 11.559083938598633 1.0817722082138062
0.268163800239563 11.56322956085205 -0.06948084384202957
-0.9686881899833679 11.579710006713867 -0.5072367787361145
