1586
-2.386474370956421 0.2846064567565918 1.5952162742614746
-2.38637638092041 0.2845063805580139 -0.7602090835571289
-2.3863744735717773 0.4761531949043274 0.6908922791481018
0.9210317134857178 0.2845063805580139 -0.8529128432273865
-2.104098320007324 0.284606397151947 -0.001956786960363388
-1.3416242599487305 0.2845063805580139 -1.205301284790039
-0.4501672089099884 0.284606397151947 1.2781656980514526
-0.9948078393936157 0.284606397151947 -0.9147761464118958
-0.9750275611877441 0.2845063805580139 -1.2052963972091675
0.9210302829742432 0.2845063805580139 -1.2053344249725342
-2.3863773345947266 0.2845063805580139 -0.26380062103271484
-2.3863754272460938 0.2845063805580139 0.2808218002319336
-2.386378288269043 0.2845063805580139 -0.486328125
-1.7898120880126953 0.2845063805580139 2.141207695007324
-2.38637638092041 0.2845063805580139 -0.011499404907226562
-2.386474609375 0.28460657596588135 0.688363790512085
0.6646746397018433 0.2846062183380127 -1.2053992748260498
-0.5539357662200928 0.2845063805580139 -1.2052961587905884
-2.084923505783081 0.284606397151947 1.3189425468444824
0.11589813232421875 0.2845063805580139 2.141207695007324
0.9210319519042969 0.2845063805580139 -0.8980482816696167
0.9210313558578491 0.2845063805580139 -0.7525358200073242
-2.3863754272460938 0.2845063805580139 0.11309623718261719
-1.6045830249786377 0.284606397151947 1.8772571086883545
-0.4405975341796875 0.2845063805580139 -1.2052998542785645
-2.3796606063842773 0.2845063805580139 2.141206741333008
-2.3863773345947266 0.2845063805580139 -0.1423940658569336
0.9210299253463745 0.2845063805580139 -1.0081175565719604
-2.154168128967285 0.284606397151947 1.7083415985107422
-1.0917671918869019 0.2845063805580139 -1.2052963972091675
0.9210300445556641 0.2845063805580139 1.3710412979125977
0.9210300445556641 0.4865400791168213 1.5677744150161743
-1.9083744287490845 0.284606397151947 1.7176363468170166
-2.386474370956421 0.2846064567565918 1.8750526905059814
-2.1860899925231934 0.2846062183380127 2.141308307647705
0.9211299419403076 0.2846066951751709 -0.6742055416107178
-2.3863744735717773 0.2845063805580139 -0.6474018096923828
0.9210988283157349 0.2846064567565918 -1.2053993940353394
-2.3863744735717773 0.2845063805580139 -0.8697834014892578
-1.956454873085022 0.28460633754730225 2.141308307647705
0.9211300611495972 0.28460657596588135 0.8811001777648926
-1.4481573104858398 0.2846064567565918 -1.2053985595703125
0.3211234509944916 0.284606397151947 1.5922752618789673
-0.5609970688819885 0.284606397151947 -0.9157688021659851
0.38472676277160645 0.2845063805580139 -1.2053003311157227
-2.386474370956421 0.28458714485168457 2.1412086486816406
-2.386474370956421 0.2846066951751709 1.0079925060272217
-0.39155423641204834 0.284606397151947 -0.814954400062561
-2.3863742351531982 0.5739972591400146 -1.2053983211517334
-2.386474609375 0.28460657596588135 -1.205351710319519
-1.7621783018112183 0.284606397151947 -0.6182708740234375
-1.504978060722351 0.284606397151947 -0.9088636040687561
-2.386474370956421 0.2846064567565918 1.6926732063293457
-2.1033496856689453 0.284606397151947 -0.7353860139846802
0.9211301207542419 0.2846065163612366 2.0425686836242676
-1.8940532207489014 0.284606397151947 1.3593060970306396
0.3838615119457245 0.284606397151947 -0.9301947355270386
-1.5393545627593994 0.2846062183380127 -1.2053985595703125
-2.38637638092041 0.2845063805580139 0.5169010162353516
-1.708300232887268 0.284606397151947 -0.7986047267913818
-0.07927298545837402 0.28460633754730225 -1.2053990364074707
-1.268473744392395 0.284606397151947 -0.9265073537826538
-1.8729300498962402 0.2846064567565918 -1.205398440361023
-2.3864386081695557 0.2846064567565918 -1.2053983211517334
0.9211300611495972 0.28460657596588135 1.7766761779785156
-2.066347360610962 0.284606397151947 1.876341462135315
0.9211300611495972 0.2846064567565918 1.100212574005127
-0.10662636160850525 0.2846064269542694 2.141308307647705
-2.3863773345947266 0.2845063805580139 -0.37438488006591797
0.5694084167480469 0.2845063805580139 2.141206741333008
0.9210301041603088 0.28456276655197144 2.141308307647705
-2.3863754272460938 0.2845063805580139 1.4891862869262695
0.9211300611495972 0.28460657596588135 1.676858901977539
0.7699681520462036 0.2846064567565918 2.141308307647705
-1.2288422584533691 0.2846064567565918 -1.205398678779602
-1.9760606288909912 0.284606397151947 -0.1437280774116516
0.9211300611495972 0.2846066951751709 1.4698529243469238
0.9210309982299805 0.2845063805580139 1.5745630264282227
-1.8858368396759033 0.284606397151947 1.1614603996276855
-2.13175368309021 0.284606397151947 0.7925012111663818
-1.3106276988983154 0.2846062183380127 2.141308307647705
0.9211299419403076 0.2846064567565918 -0.5799295902252197
0.9210309982299805 0.2845063805580139 2.141249656677246
-2.3863754272460938 0.2845063805580139 0.9321107864379883
-1.7714815139770508 0.2846064567565918 -1.2053985595703125
-1.3528531789779663 0.284606397151947 -0.7513978481292725
0.9210329055786133 0.2845063805580139 1.8871212005615234
-0.106979601085186 0.678852915763855 2.1412081718444824
-0.3763996362686157 0.2846064567565918 2.141308307647705
-0.00658869743347168 0.28460657596588135 -1.2053990364074707
-1.6739699840545654 0.2846066951751709 -1.2053985595703125
-2.0324532985687256 0.284606397151947 -0.9173811674118042
-1.9334216117858887 0.49612703919410706 -1.2052985429763794
0.5269603729248047 0.284606397151947 0.526290774345398
-1.4612236022949219 0.2845063805580139 2.141206741333008
-1.9580297470092773 0.2845063805580139 -1.2052984237670898
-0.6676895618438721 0.2846078872680664 2.141308307647705
-2.3863751888275146 0.6712276935577393 2.141308307647705
-2.3863744735717773 0.2845063805580139 1.3033151626586914
-0.774211049079895 0.2846062183380127 2.141308307647705
0.9211300015449524 0.2846064567565918 0.655815839767456
-2.386474370956421 0.2846066951751709 1.926680326461792
-2.0901291370391846 0.284606397151947 1.1246575117111206
0.9211300015449524 0.28460657596588135 0.03890872001647949
-2.3658447265625 0.2845063805580139 -1.2052984237670898
-2.3863744735717773 0.4563954472541809 1.29478919506073
-0.6985483169555664 0.28460657596588135 -1.2053987979888916
-0.8817613124847412 0.2846059799194336 2.141308307647705
-2.3863744735717773 0.2845063805580139 1.1835575103759766
-0.9791252017021179 0.284606397151947 1.7622385025024414
-2.386474609375 0.7905978560447693 -1.2052984237670898
0.921029806137085 0.2845063805580139 0.13164469599723816
-2.139132261276245 0.284606397151947 0.43428006768226624
-1.6870293617248535 0.28460609912872314 2.141308307647705
-2.3863754272460938 0.2845063805580139 -1.018092155456543
-2.1568212509155273 0.2845063805580139 -1.2052984237670898
-2.386474370956421 0.2846064567565918 1.0704758167266846
0.9210299849510193 0.5031502842903137 -0.5462232828140259
-0.621071994304657 0.284606397151947 1.9020898342132568
-1.3381730318069458 0.284606397151947 1.8519036769866943
-1.8096697330474854 0.284606397151947 -0.936739981174469
-2.386474609375 0.2846065163612366 -0.9481099843978882
-2.119549036026001 0.284606397151947 -0.2783748507499695
-1.818886637687683 0.284606397151947 1.8708531856536865
-0.8947055339813232 0.2845063805580139 -1.2052983045578003
-2.0376081466674805 0.2845063805580139 -1.2052993774414062
0.05511588603258133 0.5427106022834778 -1.2052991390228271
0.40482234954833984 0.2845063805580139 2.141207695007324
0.9211299419403076 0.758176326751709 -1.2052991390228271
-1.5746005773544312 0.2846062183380127 2.141308307647705
-2.386474609375 0.8994141221046448 -1.2053120136260986
-2.0592575073242188 0.2846059799194336 2.141308307647705
-0.35225528478622437 0.2845063805580139 -1.2052979469299316
0.9210300445556641 0.2845063805580139 1.2058525085449219
0.6049317121505737 0.284606397151947 -0.11224472522735596
0.9211299419403076 0.5262176990509033 -1.2052996158599854
-2.0329396724700928 0.284606397151947 0.6164836883544922
0.9211300015449524 0.2846066951751709 -0.25673890113830566
0.275936484336853 0.2845063805580139 -1.205297589302063
-0.8095822334289551 0.2845063805580139 -1.2053000926971436
-0.0022449493408203125 0.2845063805580139 2.141207695007324
-0.2663862705230713 0.2845063805580139 -1.2052949666976929
0.827533483505249 0.28460657596588135 -1.2053992748260498
0.58217453956604 0.284606397151947 -0.8988767266273499
-0.8554855585098267 0.284606397151947 1.9466097354888916
0.9211300015449524 0.28460633754730225 0.24797916412353516
-1.0825223922729492 0.2846059799194336 2.141308307647705
0.29156988859176636 0.28460633754730225 2.141308307647705
0.4574761688709259 0.284606397151947 1.2767285108566284
0.10713958740234375 0.2845063805580139 -1.2052977085113525
-2.386474370956421 0.8886123299598694 2.141204833984375
-1.6075057983398438 0.2846062183380127 -1.2053985595703125
0.9210289716720581 0.2845063805580139 0.5526506900787354
-0.2601090669631958 0.284606397151947 1.7503653764724731
-1.8714656829833984 0.2845063805580139 2.141207695007324
-0.6251029968261719 0.2846064567565918 -1.2053989171981812
0.5494508743286133 0.2845063805580139 -1.2052993774414062
0.34838947653770447 0.284606397151947 1.9132070541381836
-0.5801992416381836 0.2845063805580139 2.141207695007324
-0.48650264739990234 0.2846064567565918 2.141308307647705
0.469785213470459 0.2846064567565918 -1.2053991556167603
-0.16217146813869476 0.284606397151947 1.0184606313705444
0.6586468815803528 0.284606397151947 -0.29367533326148987
0.18964159488677979 0.2846062183380127 -1.2053991556167603
0.08886638283729553 0.284606397151947 -0.02468203194439411
-0.11793414503335953 0.284606397151947 1.8882719278335571
0.9211300015449524 0.2846064567565918 -0.06028580665588379
0.9211300611495972 0.2846064567565918 0.7808520793914795
0.1541508138179779 0.284606397151947 -0.9041051268577576
0.9211300015449524 0.2846062183380127 -0.4778716564178467
-1.8339731693267822 0.284606397151947 0.2624288499355316
-2.386474609375 0.2846064567565918 0.4001908302307129
0.9210314750671387 0.2845063805580139 -0.36835595965385437
0.2420106828212738 0.284606397151947 -0.5911229252815247
0.6650280356407166 0.284606397151947 1.4951989650726318
-0.22903771698474884 0.284606397151947 -0.7016467452049255
-1.5394777059555054 0.284606397151947 -0.7132797837257385
0.2134999781847 0.284606397151947 1.7292745113372803
0.0004938780330121517 0.284606397151947 1.694286584854126
0.6275641322135925 0.284606397151947 -0.7079580426216125
0.9211300015449524 0.28460657596588135 0.4317786693572998
-0.23883786797523499 0.284606397151947 -0.8991341590881348
0.6386643648147583 0.284606397151947 -0.5280874967575073
-1.3844945430755615 0.284606397151947 -0.5668107867240906
-2.07200026512146 0.284606397151947 0.22603799402713776
-1.9141931533813477 0.284606397151947 0.7911050319671631
-0.6559866666793823 0.6035559773445129 2.1412081718444824
-2.1061863899230957 0.284606397151947 1.5258525609970093
0.5962424278259277 0.284606397151947 1.814097285270691
-2.386373519897461 0.2845063805580139 -0.5690402984619141
-2.1088755130767822 0.284606397151947 -0.5404949188232422
0.9210300445556641 0.2845063805580139 1.2848138809204102
0.03289364278316498 0.284606397151947 -0.5741221308708191
-1.9261070489883423 0.284606397151947 1.5544650554656982
-2.3864259719848633 0.2845063805580139 2.141206741333008
-1.8342820405960083 0.284606397151947 0.9736763834953308
0.4889804422855377 0.2846064269542694 2.141308307647705
0.9210301637649536 0.8231850862503052 2.141308307647705
-2.3863744735717773 0.6965375542640686 1.9059196710586548
-2.386474370956421 0.28460633754730225 0.8432013988494873
-0.8493517637252808 0.284606397151947 -0.5019063949584961
-0.27418607473373413 0.28460636734962463 2.141308307647705
-1.9080859422683716 0.284606397151947 -0.7627393007278442
-2.3863742351531982 0.43599534034729004 -1.2053983211517334
-1.7214051485061646 0.284606397151947 1.6823644638061523
-2.3863744735717773 0.49101364612579346 -0.34943148493766785
-2.3863744735717773 0.576555609703064 -0.8834512233734131
-1.545002818107605 0.284606397151947 1.3244807720184326
-1.4845365285873413 0.284606397151947 1.1269950866699219
-2.3863744735717773 1.1366053819656372 -1.2053983211517334
-2.386474609375 0.28460633754730225 0.19515621662139893
-0.6706536412239075 0.5712175369262695 -1.205298900604248
-1.963096261024475 0.284606397151947 -0.37558281421661377
-1.8057184219360352 0.284606397151947 -0.2462911754846573
-2.3863744735717773 0.6126927733421326 1.1259148120880127
-1.9338619709014893 0.284606397151947 0.09495354443788528
-1.9306498765945435 0.284606397151947 -0.5850557088851929
-0.7581729292869568 0.284606397151947 1.7354656457901
0.44121330976486206 0.284606397151947 -0.7376049160957336
-1.5773497819900513 0.284606397151947 -0.5300717949867249
0.9210295677185059 0.6430400013923645 -1.2053993940353394
-1.7298214435577393 0.284606397151947 1.269229531288147
-1.951941728591919 0.284606397151947 0.41582587361335754
0.5868642926216125 0.48276007175445557 -1.2052992582321167
0.16445747017860413 0.284606397151947 -0.28153297305107117
0.20433807373046875 0.2845063805580139 2.141207695007324
0.9211300611495972 0.28460657596588135 0.9895516633987427
0.32134193181991577 0.284606397151947 0.48383501172065735
-2.386474609375 1.0136375427246094 -1.2053122520446777
-1.1635231971740723 0.2845063805580139 -1.2052974700927734
-0.9849221706390381 0.2846062183380127 2.141308307647705
-0.9468869566917419 0.284606397151947 -0.7628865838050842
-1.333625316619873 0.284606397151947 1.6580556631088257
-2.386474609375 0.28460657596588135 -0.07828414440155029
0.9210295677185059 0.38169676065444946 -1.2053993940353394
-1.9035272598266602 0.6784229874610901 2.1412081718444824
-1.1934614181518555 0.284606397151947 1.39192533493042
-2.386375904083252 0.5570980310440063 2.141308307647705
-1.766237497329712 0.284606397151947 -0.4186849296092987
0.921029806137085 0.4748372435569763 2.141308307647705
-1.5033928155899048 0.284606397151947 1.7236576080322266
0.07960246503353119 0.284606397151947 0.4280616343021393
-1.172808289527893 0.284606397151947 0.9073864221572876
-2.3863744735717773 0.776140034198761 -0.9619789123535156
-1.0237962007522583 0.284606397151947 1.5526623725891113
-2.3863747119903564 0.6868877410888672 -1.2053983211517334
-2.386474370956421 0.4387929439544678 2.1412086486816406
-2.3863754272460938 1.1141979694366455 2.141308307647705
-2.386375665664673 0.7814201712608337 2.141308307647705
-0.4661899209022522 0.6240323781967163 2.1412081718444824
-0.1876494586467743 0.5302534103393555 -1.2052990198135376
0.9210300445556641 0.4925989806652069 1.0193090438842773
-2.3863754272460938 0.2845063805580139 0.6173906326293945
0.9210301637649536 0.6035726070404053 2.141308307647705
0.6895492672920227 0.7046229839324951 -1.2052993774414062
-0.1886620670557022 0.2846064567565918 2.141308307647705
0.9210300445556641 0.2988676428794861 1.8532085418701172
0.9210301041603088 0.2845063805580139 0.34426435828208923
-2.3863744735717773 0.6762997508049011 -0.00044923697714693844
-0.9296057820320129 0.284606397151947 0.07043211907148361
-1.998689889907837 0.7278033494949341 -1.2052984237670898
-2.3863744735717773 0.48849359154701233 -0.6266804337501526
-1.1949326992034912 0.284606397151947 1.581656575202942
-1.3751411437988281 0.284606397151947 -0.3821871876716614
-2.3863744735717773 0.2845063805580139 1.3953590393066406
-0.02337181195616722 0.284606397151947 -0.40227770805358887
0.4882442057132721 0.284606397151947 -0.355840802192688
0.0926474779844284 0.284606397151947 1.9011545181274414
-0.4933665990829468 0.284606397151947 -0.6598166823387146
-1.8078688383102417 0.284606397151947 -0.061116646975278854
0.9210301637649536 0.9241197109222412 2.141308307647705
-0.8890081644058228 0.5185732841491699 -1.2052987813949585
0.9210300445556641 0.4700261652469635 0.7631663680076599
-1.7012615203857422 0.284606397151947 1.079919695854187
-2.0130515098571777 0.48872894048690796 2.1412081718444824
-2.3863744735717773 0.5543804168701172 0.9211554527282715
-1.3849892616271973 0.2846081256866455 2.141308307647705
-2.3863744735717773 0.5582777857780457 -0.14744673669338226
-1.3935164213180542 0.284606397151947 1.4808415174484253
-2.150963544845581 0.5804730653762817 -1.2052984237670898
-0.5691660046577454 0.7334715723991394 2.7510087490081787
-0.6476945877075195 0.284606397151947 1.5874769687652588
-0.3396587371826172 0.284606397151947 -0.14087437093257904
0.5902798175811768 0.5650119185447693 2.1412081718444824
0.9211299419403076 0.8711413145065308 -1.2052949666976929
0.9211299419403076 0.9768849611282349 -1.2052948474884033
0.9210299849510193 0.469956636428833 -0.2524568736553192
0.9210300445556641 0.6704708337783813 1.9252382516860962
-2.3863744735717773 0.4591078460216522 0.3978399932384491
0.9210299253463745 0.5626223087310791 -0.7902408838272095
0.9210300445556641 0.6256267428398132 1.7307595014572144
0.9210299849510193 0.47320517897605896 0.15870516002178192
-1.240044116973877 0.284606397151947 -0.25114676356315613
0.4468705356121063 0.284606397151947 -0.032080091536045074
-2.3863744735717773 0.5411916375160217 1.7746081352233887
0.637230634689331 0.284606397151947 1.2449629306793213
0.09262686222791672 0.284606397151947 1.5438131093978882
0.32794907689094543 0.541965663433075 2.1412081718444824
0.9210299253463745 0.6934888362884521 -0.9572401642799377
-2.1327497959136963 0.6958969235420227 2.1412081718444824
-1.2356996536254883 0.2845063805580139 2.141206741333008
0.9211301207542419 0.7199950218200684 2.1412084102630615
-0.1469353288412094 0.284606397151947 2.692530393600464
-1.7644212245941162 0.284606397151947 0.43427059054374695
0.6924460530281067 0.28460636734962463 2.141308307647705
0.9210300445556641 0.5501630306243896 1.2678394317626953
0.9210299849510193 0.6427323222160339 0.344062477350235
0.9210300445556641 0.8774136304855347 1.8646409511566162
-2.06252121925354 0.8655616641044617 2.1412081718444824
-2.3863744735717773 0.40379154682159424 1.6200350522994995
-1.3537830114364624 0.284606397151947 1.259264349937439
-0.8642428517341614 0.284606397151947 1.5884960889816284
-2.3863744735717773 0.6634446382522583 1.4179918766021729
-2.3863744735717773 0.6657413840293884 1.5897029638290405
-2.3863744735717773 0.6643810868263245 -0.7052757143974304
-1.1456518173217773 0.2846062183380127 2.141308307647705
0.0552210658788681 0.5500567555427551 2.1412081718444824
-0.6595772504806519 0.284606397151947 -0.7701181769371033
-1.744181513786316 0.284606397151947 1.4926303625106812
-2.3863744735717773 0.7731490135192871 1.0393635034561157
-1.726676106452942 0.284606397151947 0.10918313264846802
-1.4150179624557495 0.5681972503662109 2.1412081718444824
-0.37862807512283325 0.284606397151947 1.929107904434204
-0.8536432385444641 0.7497397065162659 2.6040096282958984
-1.4239416122436523 0.284606397151947 0.3146122694015503
-1.1491029262542725 0.284606397151947 -0.7660391926765442
-1.2270067930221558 0.8075110912322998 2.1412081718444824
-0.44085830450057983 0.5073085427284241 -1.2052990198135376
-1.3129003047943115 0.5399262309074402 -1.205298662185669
-2.3863744735717773 0.8696556687355042 1.4719890356063843
-2.139824867248535 0.8561073541641235 -1.2052984237670898
-2.3863744735717773 0.911289632320404 1.8669891357421875
0.7165998220443726 0.284606397151947 0.6341158151626587
-0.280184805393219 0.5936464667320251 2.1412081718444824
0.03166935592889786 0.284606397151947 -0.7319944500923157
-0.010810481384396553 0.749839723110199 2.5723915100097656
0.29795125126838684 0.519541323184967 -1.2052991390228271
-2.3863744735717773 0.6448038816452026 0.5693337917327881
0.9211300015449524 0.2846064567565918 -0.16601061820983887
0.2529048025608063 0.9183841347694397 2.1412081718444824
-2.031245708465576 1.1123335361480713 0.06719609349966049
-1.515018105506897 0.5645341873168945 -1.205298662185669
0.6640769839286804 0.284606397151947 0.0950506404042244
-0.15018117427825928 0.28460657596588135 -1.2053990364074707
-0.6288526058197021 0.284606397151947 2.692690134048462
0.9210299849510193 0.4760077893733978 0.4991690218448639
-2.0273845195770264 0.8938133716583252 1.7905442714691162
-1.1789801120758057 0.284606397151947 0.292928546667099
-2.068981885910034 0.9133374691009521 -0.30854475498199463
-1.5911002159118652 0.6499590277671814 2.1412081718444824
0.4698762595653534 0.284606397151947 1.469441294670105
0.4889300465583801 0.8259173035621643 -1.2052992582321167
-2.362090826034546 1.4425376653671265 -1.2052984237670898
-1.6632672548294067 0.284606397151947 0.6044102907180786
-1.838611364364624 0.284606397151947 0.6158429980278015
-1.636910319328308 0.284606397151947 -0.10768526792526245
-0.9015345573425293 0.5618213415145874 2.1412081718444824
-1.7130690813064575 0.284606397151947 0.8175210356712341
-1.7612065076828003 0.7691161036491394 2.1412081718444824
-2.3863744735717773 0.8179410696029663 -0.14953109622001648
0.43628594279289246 0.284606397151947 -0.5620473027229309
-1.5374919176101685 0.284606397151947 0.1374182403087616
-2.3863744735717773 0.9486997723579407 -0.9006520509719849
0.44291746616363525 0.653081476688385 -1.2052992582321167
-1.7421549558639526 0.5060817003250122 2.1412081718444824
0.9210299849510193 0.6898950338363647 0.122732974588871
0.9210299849510193 0.5920639038085938 -0.06490661203861237
-1.5599361658096313 0.284606397151947 1.5437283515930176
-2.0216691493988037 0.284606397151947 0.9675283432006836
0.5670416355133057 0.284606397151947 1.6303486824035645
-2.3863744735717773 0.7079852819442749 0.8205365538597107
-0.8549199104309082 0.7497397065162659 2.505913496017456
-0.45909208059310913 0.284606397151947 2.692514657974243
-0.8534730076789856 0.284606397151947 1.2324752807617188
0.4601873457431793 0.284606397151947 0.3372568190097809
-2.022294759750366 0.6854904890060425 -0.6645379066467285
-1.7663034200668335 0.5922533869743347 -1.2052985429763794
-2.3863744735717773 0.6902804374694824 -0.5057908296585083
-1.1916229724884033 0.580306887626648 2.1412081718444824
-2.3863744735717773 0.5233116149902344 0.13061285018920898
-1.3051406145095825 0.284606397151947 0.14339624345302582
-1.4520621299743652 0.7665761709213257 -1.205298662185669
-1.2974791526794434 0.284606397151947 0.4615057408809662
-0.4123621881008148 0.5905619263648987 2.872603178024292
-2.3863744735717773 0.7721458077430725 1.2666146755218506
-1.5132746696472168 0.284606397151947 0.7371939420700073
-2.0849688053131104 0.9560404419898987 1.2190786600112915
0.4177072048187256 0.284606397151947 1.748635172843933
0.6671752333641052 0.9170206785202026 -1.2052993774414062
-1.5365034341812134 0.284606397151947 0.9523332715034485
-1.4085667133331299 0.9597837328910828 1.8628599643707275
-0.5155823230743408 0.284606397151947 1.7282224893569946
-2.045562982559204 0.8454785346984863 -0.8043946623802185
-2.386474609375 1.2588257789611816 -1.2053120136260986
-1.51106858253479 0.284606397151947 4.127241134643555
-0.17516584694385529 0.284606397151947 4.662275314331055
-1.0544921159744263 0.7201669812202454 2.1412081718444824
-2.0270540714263916 1.1875742673873901 1.6616002321243286
-1.8376638889312744 0.7035366892814636 1.8037559986114502
-1.6148614883422852 0.284606397151947 0.3375152051448822
0.571399986743927 0.7287020683288574 2.1412081718444824
-0.2934361398220062 0.284606397151947 2.6925289630889893
0.9210300445556641 1.1365666389465332 2.141308307647705
0.35864976048469543 0.284606397151947 1.0875457525253296
-1.4255305528640747 0.284606397151947 -0.19167475402355194
0.3556106388568878 0.7107223272323608 2.1412081718444824
-0.5489273071289062 0.284606397151947 -0.36608240008354187
0.6933552026748657 0.284606397151947 0.9699591994285583
0.9210300445556641 0.6477609872817993 1.500731348991394
-1.3914786577224731 0.3362882435321808 3.0632951259613037
-2.3863744735717773 0.8113175630569458 1.6844979524612427
0.6115093231201172 0.8763725757598877 2.1412081718444824
-0.14288781583309174 0.284606397151947 1.6039944887161255
-0.9775221943855286 0.284606397151947 4.600139141082764
-0.3477843403816223 0.6901419162750244 -1.2052990198135376
0.9210300445556641 1.0561145544052124 1.7955389022827148
0.9210300445556641 0.69269198179245 0.7640917897224426
0.9211300611495972 1.0327837467193604 2.141209602355957
0.9210299849510193 0.8458173274993896 0.2581193447113037
-2.3863744735717773 0.8164674639701843 0.11684621125459671
-0.2864479124546051 0.284606397151947 1.453760027885437
0.9210300445556641 0.6958367228507996 0.9633237719535828
-0.06106112152338028 0.7051969170570374 -1.2052991390228271
-1.8936500549316406 0.9873889088630676 -0.8744242191314697
0.9210385084152222 1.0781221389770508 -1.2053993940353394
-0.09419942647218704 0.284606397151947 3.860705852508545
0.9210299849510193 0.6733005046844482 -0.3658488988876343
-2.386474370956421 0.992621660232544 2.1412081718444824
0.9210299849510193 0.6892259120941162 0.5634218454360962
-2.3863744735717773 0.8224336504936218 -0.7270907163619995
-2.0872812271118164 1.0799694061279297 -1.2052984237670898
0.9210300445556641 0.8858590722084045 1.2713953256607056
0.9210301637649536 1.272057056427002 2.141308307647705
0.34483885765075684 0.9155920743942261 2.1126954555511475
-1.653956651687622 0.737637996673584 -1.2052985429763794
-0.8308119773864746 0.7141281366348267 -1.205298900604248
-2.3863744735717773 0.6687526106834412 0.2903974652290344
0.4700244069099426 0.8586302399635315 -0.8734491467475891
-0.19690752029418945 0.8183663487434387 -1.2052990198135376
-1.8521637916564941 0.7916721701622009 -1.2052985429763794
-2.3863744735717773 0.773825466632843 0.4428228735923767
-2.0386860370635986 1.0553382635116577 2.1412081718444824
-1.4776641130447388 0.284606397151947 0.5275233387947083
-1.860376000404358 0.6437522768974304 -0.8234962224960327
-1.826296329498291 0.6106517314910889 -0.5808732509613037
0.26298987865448 0.284606397151947 1.236647129058838
-0.9961298704147339 0.284606397151947 1.34274160861969
0.9210300445556641 0.7015572190284729 1.1864509582519531
0.7107009291648865 0.2848138213157654 3.7628612518310547
-1.4334145784378052 0.284606397151947 -0.011985388584434986
0.9210299253463745 0.6924023032188416 -0.5947838425636292
-2.3863744735717773 0.7245579957962036 -0.30984431505203247
-0.9015040397644043 0.284606397151947 0.6548108458518982
-1.915153980255127 0.9574787020683289 -1.2052985429763794
-1.2314753532409668 0.284606397151947 -0.05649759620428085
-2.3863744735717773 0.9300153255462646 1.176138162612915
0.9210385084152222 1.1896631717681885 -1.2053993940353394
-1.2056289911270142 0.284606397151947 -0.5791686773300171
-1.1067568063735962 0.5792177319526672 -1.2052987813949585
-2.3863744735717773 0.945586621761322 -0.2944484055042267
-2.3863744735717773 0.9739901423454285 -0.6744884252548218
0.2818858325481415 0.284606397151947 -0.41803544759750366
-2.3863744735717773 0.8818986415863037 -0.48944583535194397
-0.9926203489303589 1.5488414764404297 -1.350628137588501
-0.571460485458374 0.7242807745933533 -1.205298900604248
-1.1215014457702637 0.2974581718444824 4.512532711029053
-2.4889209270477295 1.5364433526992798 -0.9306718111038208
0.9211301207542419 1.365761160850525 2.141209363937378
-1.6948034763336182 0.9271765351295471 -1.2052985429763794
-1.1031759977340698 0.284606397151947 0.48104801774024963
0.9210300445556641 0.9196896553039551 1.5538498163223267
-2.3863744735717773 0.9558415412902832 -0.016459226608276367
0.26254066824913025 0.284606397151947 -0.0784049853682518
-0.3750891387462616 0.284606397151947 -0.5426217913627625
0.9210299253463745 0.7751414775848389 -0.7527933716773987
-1.5847280025482178 0.284606397151947 -0.30941224098205566
0.9210300445556641 0.8625787496566772 1.0622828006744385
-1.0206562280654907 0.284606397151947 -0.5846400856971741
0.9210299253463745 1.0898336172103882 -0.8564296960830688
-0.05947009101510048 0.284606397151947 -0.8757584691047668
-2.3863744735717773 1.0934773683547974 1.5219388008117676
-2.3863744735717773 1.1521557569503784 -0.8621916770935059
0.4637051522731781 0.31009960174560547 2.885465383529663
-1.1525384187698364 0.284606397151947 1.1795716285705566
0.5897070169448853 0.284606397151947 4.080873966217041
-1.0246374607086182 0.7532456517219543 -1.2052987813949585
0.5027843117713928 1.117674469947815 -0.8354350924491882
0.9210300445556641 0.8011607527732849 1.6837939023971558
0.9210299849510193 0.8200545907020569 -0.046968426555395126
0.26197901368141174 0.284606397151947 -0.7591834664344788
-0.7987632751464844 0.284606397151947 -0.6787542700767517
-1.2667810916900635 0.7446486949920654 -1.205298662185669
0.49879929423332214 1.0315731763839722 -1.2052992582321167
-2.054635763168335 1.248884916305542 -0.6851681470870972
-0.8708239793777466 0.284606397151947 -0.11068031191825867
-1.1017215251922607 0.284606397151947 -0.38836219906806946
-1.798216700553894 1.2348164319992065 -0.8716847896575928
0.47819817066192627 0.30907362699508667 3.6391055583953857
0.2738759517669678 0.284606397151947 4.426457405090332
-0.7224546670913696 0.284606397151947 -0.2766715884208679
-2.3863744735717773 1.0711414813995361 1.3217015266418457
0.9210300445556641 0.8792948722839355 0.8509884476661682
-0.029580414295196533 0.284606397151947 0.5653833150863647
-0.36537522077560425 0.284606397151947 -0.3418161869049072
0.10918375849723816 0.7654737830162048 2.1412081718444824
-1.8476327657699585 1.3816877603530884 -1.2052985429763794
0.7237933874130249 0.3267713189125061 3.6060807704925537
-1.2662547826766968 0.8773564696311951 -0.8483629822731018
-2.3863744735717773 0.9231978058815002 0.9286448955535889
-2.386474370956421 1.3236448764801025 2.1412081718444824
-2.023723602294922 0.8480139374732971 1.47687566280365
-2.064634323120117 1.2033960819244385 0.8865134119987488
-0.002620559185743332 0.9869005084037781 -1.2052991390228271
-2.3863744735717773 1.1769436597824097 1.8344287872314453
-1.2991411685943604 0.284606397151947 1.0554097890853882
-1.473465085029602 0.9330978989601135 -1.205298662185669
-1.8800987005233765 0.611294150352478 1.5888159275054932
-0.3171162009239197 0.9725055694580078 -0.870276689529419
0.23255887627601624 0.7182809710502625 -1.2052991390228271
-1.7571990489959717 0.8640038967132568 -0.7888158559799194
-1.8676354885101318 0.921459972858429 2.1412081718444824
-0.7950575351715088 0.28535130620002747 2.6925244331359863
-2.3863744735717773 0.9411600232124329 0.5350547432899475
0.6625486016273499 0.284606397151947 0.3388212025165558
0.9210299253463745 0.8933505415916443 -0.9083030223846436
-0.7556490898132324 0.8688378930091858 -1.205298900604248
-1.9962279796600342 0.6813035607337952 1.2042208909988403
-2.0304391384124756 0.8254275918006897 -0.06859441101551056
-1.4107615947723389 0.7718509435653687 2.1412081718444824
-1.8251501321792603 1.0525007247924805 1.8486886024475098
0.9210299849510193 1.0613678693771362 0.4402986466884613
0.9210386276245117 1.3006715774536133 -1.2053993940353394
-2.0417966842651367 0.768262505531311 0.22554948925971985
-2.386474370956421 1.218137264251709 2.1412081718444824
0.06524375081062317 0.8321671485900879 -1.2052991390228271
-1.355383038520813 1.2469290494918823 -1.205298662185669
0.9210299849510193 0.93550705909729 -0.26548314094543457
-1.5927292108535767 0.8869987726211548 2.1412081718444824
-1.5659586191177368 0.2971758246421814 3.955357313156128
0.28127580881118774 0.284606397151947 1.4314526319503784
-2.3863744735717773 1.1181799173355103 -0.1723470538854599
0.36081942915916443 0.6442252993583679 -0.8294147253036499
-1.5862185955047607 0.7965272665023804 1.7528330087661743
-2.0463781356811523 0.7276671528816223 1.651605248451233
-1.352732539176941 0.284606397151947 0.8484479188919067
-2.045255661010742 0.8567497134208679 0.958240270614624
0.37064704298973083 0.284606397151947 -0.226948082447052
0.03171061724424362 1.0413496494293213 2.1412081718444824
0.06652695685625076 0.5867326259613037 3.2276451587677
-0.9334684610366821 0.284606397151947 2.707164764404297
0.9210299253463745 1.414756178855896 -0.9687989950180054
-1.93575119972229 1.0965598821640015 -0.6609697937965393
-2.386474609375 1.3503837585449219 -1.2053120136260986
-1.3765453100204468 0.29045218229293823 4.307662487030029
-1.985028862953186 0.8432917594909668 -0.5184474587440491
-2.3863744735717773 0.8288747072219849 0.6973429918289185
0.9099782705307007 1.4016308784484863 -1.2052993774414062
-0.25145766139030457 0.9772045612335205 -1.2052990198135376
-1.5737184286117554 1.1281815767288208 -1.205298662185669
-1.1882764101028442 0.9022666811943054 -1.2052987813949585
0.9210299849510193 0.8514722585678101 -0.46799033880233765
-1.517888069152832 0.8122588992118835 -0.8569121360778809
-1.9802052974700928 1.2442821264266968 2.1412081718444824
-2.0590591430664062 1.0310380458831787 0.3934362232685089
-2.3863744735717773 0.9993065595626831 1.6760494709014893
-0.9766355156898499 0.9264326691627502 -1.2052987813949585
0.30913376808166504 0.8737525343894958 -1.2052992582321167
0.4938642978668213 1.3465583324432373 2.1268551349639893
-1.1382694244384766 0.284606397151947 1.8031837940216064
-0.4375161826610565 0.8780336976051331 -1.2052990198135376
0.41397908329963684 0.284606397151947 0.8879035115242004
0.9210299253463745 0.9388800263404846 -0.6686716675758362
-2.3863744735717773 1.1148178577423096 -0.5608426928520203
-0.7765284776687622 0.284606397151947 0.3485128879547119
-1.3842353820800781 0.9668430089950562 2.1412081718444824
-2.3863744735717773 1.0190521478652954 0.7401872277259827
-2.3863744735717773 0.8904219269752502 0.28885769844055176
-2.002254009246826 1.256489872932434 -1.2052985429763794
-1.7897655963897705 1.1386951208114624 -1.2052985429763794
-2.3863744735717773 1.2806421518325806 -0.6978096961975098
0.47625666856765747 0.284606397151947 0.15678468346595764
-1.3069974184036255 1.0451442003250122 -1.205298662185669
0.5692902207374573 0.713978111743927 -0.7538159489631653
-0.02853137068450451 0.29528191685676575 4.6166791915893555
0.5317140817642212 0.284606397151947 1.0639830827713013
-0.18254269659519196 0.284606397151947 -0.28766849637031555
-0.8445876836776733 1.068299412727356 -1.205298900604248
0.5693539977073669 0.284606397151947 0.786771297454834
-1.1143628358840942 0.284606397151947 0.09709055721759796
-0.2666032910346985 0.284606397151947 1.2543885707855225
-0.359793096780777 0.284606397151947 1.6060632467269897
0.07355896383523941 1.2094732522964478 -1.2052991390228271
-1.6043521165847778 0.2884385883808136 3.5183801651000977
-2.02116060256958 1.5565299987792969 -0.8258821964263916
-1.2908687591552734 0.7273060083389282 1.8124395608901978
-0.09925997257232666 0.284606397151947 1.2033355236053467
-0.8366565704345703 0.284606397151947 1.0301271677017212
-2.3863744735717773 1.3365038633346558 1.6959995031356812
-0.6000211834907532 0.9659974575042725 -1.205298900604248
0.47996678948402405 1.0081915855407715 2.1412081718444824
-1.7247148752212524 1.0576560497283936 2.1412081718444824
0.7265707850456238 0.29610195755958557 3.4557933807373047
-0.7861298322677612 0.298096626996994 4.664331436157227
-2.038904905319214 0.7994921207427979 0.7178009748458862
-2.382233142852783 1.4133143424987793 -0.9291424751281738
-2.3863744735717773 1.3957403898239136 -0.2896207273006439
-1.837194800376892 0.9605119824409485 1.640824317932129
-2.3808937072753906 1.4516863822937012 -0.6043440699577332
0.25936225056648254 1.0413264036178589 -1.2052991390228271
0.9210299849510193 1.1303995847702026 0.24155694246292114
-0.8195974826812744 0.8001377582550049 2.285090446472168
-1.9864932298660278 0.6593595147132874 -0.24699315428733826
0.9210300445556641 1.0549172163009644 1.2251043319702148
0.9210300445556641 1.0850378274917603 1.5870745182037354
0.5740330815315247 1.2215274572372437 -1.2052992582321167
-2.3863744735717773 1.2313307523727417 0.8166266679763794
-2.214486598968506 1.4761899709701538 2.1896941661834717
-1.4875996112823486 1.1249030828475952 -0.840516209602356
0.6135311126708984 0.9161561727523804 -0.6409457921981812
0.9210300445556641 1.315180778503418 1.849359393119812
0.3895310163497925 0.29579779505729675 4.327722072601318
0.19971799850463867 0.6078359484672546 2.9960854053497314
0.6481930017471313 1.5416154861450195 -0.9455883502960205
-1.3726553916931152 0.30330801010131836 3.6172711849212646
0.9210300445556641 1.0886927843093872 0.7057579159736633
-0.6447510719299316 0.301991730928421 4.706170558929443
-1.6216771602630615 0.31799474358558655 3.669834613800049
0.08067399263381958 0.8411245942115784 -0.8652051687240601
0.9210299849510193 1.0631707906723022 -0.06445429474115372
-2.3863744735717773 1.0704959630966187 0.23806160688400269
0.49387678503990173 0.3123568892478943 4.218249320983887
-1.9963148832321167 1.2976611852645874 1.3906508684158325
-0.8879382610321045 0.8244481682777405 -0.8445965647697449
-2.3863744735717773 1.114662766456604 1.0183124542236328
-2.3863744735717773 1.187853455543518 -0.37705475091934204
-1.144180417060852 0.9724879264831543 2.1412081718444824
-1.8862384557724 1.5934391021728516 2.0213546752929688
-2.166710138320923 1.6075407266616821 1.3737800121307373
-0.5029120445251465 0.284606397151947 1.4972556829452515
-2.3863744735717773 1.3161019086837769 1.4750853776931763
-1.262616515159607 0.302299827337265 4.416831016540527
0.9210300445556641 1.048698902130127 0.9605709314346313
-1.0592973232269287 0.284606397151947 -0.16274675726890564
-0.5487355589866638 0.284606397151947 0.3182581961154938
-1.4778887033462524 0.2910175919532776 3.194026470184326
0.21103857457637787 0.284606397151947 0.979745626449585
-0.6962975263595581 0.284606397151947 -0.04671931639313698
-1.2520390748977661 1.1637234687805176 2.1412081718444824
0.9067142009735107 1.4617671966552734 2.269780158996582
-0.4807814955711365 0.30148255825042725 4.713028907775879
0.07572748512029648 0.284606397151947 1.134502649307251
0.9210299253463745 1.2029597759246826 -0.6989099383354187
0.32519760727882385 0.33332300186157227 2.6926863193511963
-0.6506548523902893 0.284606397151947 -0.541845440864563
0.9210299849510193 1.0677307844161987 -0.49957767128944397
-2.3863744735717773 1.2525829076766968 1.2078640460968018
0.11432667076587677 0.28989294171333313 4.5338006019592285
-1.5645455121994019 0.3159838616847992 3.360508918762207
-0.04389520362019539 1.4325037002563477 -1.205169916152954
-1.7778836488723755 1.2665374279022217 2.1412081718444824
-2.3863744735717773 1.1355371475219727 0.48477545380592346
-1.349593162536621 0.28650587797164917 3.866652488708496
0.19971200823783875 0.284606397151947 0.6116839051246643
-0.8642420172691345 0.284606397151947 4.500669002532959
-1.8279861211776733 0.6748470664024353 1.3748359680175781
-0.32519999146461487 0.3188965618610382 4.698792457580566
0.9210300445556641 0.7979176640510559 1.4255493879318237
-1.1281752586364746 0.6957417726516724 -0.7985495924949646
0.6442551612854004 0.3312590718269348 3.086906909942627
-0.7618756890296936 0.284606397151947 0.168033167719841
0.8046861290931702 1.4688851833343506 -1.2025002241134644
-1.6269181966781616 0.6906233429908752 -0.6831433176994324
0.02611672319471836 0.2846829891204834 2.69254207611084
-0.537513017654419 0.284606397151947 -0.14845485985279083
-1.0016169548034668 0.284606397151947 0.8571334481239319
-1.512305736541748 1.1646525859832764 2.1412081718444824
-2.111543655395508 1.455734372138977 -1.2052156925201416
-0.7901922464370728 0.284606397151947 1.4356430768966675
-0.5110265016555786 0.28769537806510925 4.530418872833252
-2.3863744735717773 1.1789835691452026 0.05637188255786896
0.9210299849510193 1.2335779666900635 0.5393322706222534
-1.1068259477615356 1.14189875125885 -1.2052987813949585
0.6976508498191833 0.303180456161499 3.290414571762085
-0.2912544012069702 0.284606397151947 0.8676512837409973
-1.5776735544204712 1.363108515739441 -1.205298662185669
0.9210299849510193 0.7572757601737976 -0.20915023982524872
0.9210300445556641 1.360206961631775 1.6833524703979492
-2.4370031356811523 1.5312803983688354 -0.42648401856422424
-0.9162417650222778 0.7738100290298462 2.846332550048828
-2.0768070220947266 1.3960487842559814 -0.039731718599796295
-2.3534610271453857 1.5170553922653198 -0.08291277289390564
0.33119314908981323 1.2143924236297607 -1.2052992582321167
0.4077221751213074 0.284606397151947 0.6721331477165222
-1.0147454738616943 0.284606397151947 1.0671641826629639
-2.384913444519043 1.4630228281021118 1.278357982635498
0.27244213223457336 0.284606397151947 0.3066346347332001
0.9210299849510193 1.1632360219955444 -0.2986111044883728
0.3159286379814148 0.7151094079017639 1.8263088464736938
0.683270275592804 0.3203527331352234 3.9283084869384766
-0.08829953521490097 0.284606397151947 1.43897545337677
-2.3863742351531982 1.4278090000152588 2.131547689437866
-2.009145736694336 1.4855494499206543 2.2954931259155273
-1.986290454864502 1.5243706703186035 1.7830891609191895
-1.3887611627578735 0.6184228658676147 -0.7601978182792664
-0.12599867582321167 1.1757571697235107 -1.2052990198135376
-2.379239797592163 1.4810562133789062 1.5342073440551758
-1.3973907232284546 0.29385095834732056 4.150811672210693
-2.364149570465088 1.4598650932312012 1.8703745603561401
0.9210299849510193 0.8458829522132874 0.4388596713542938
0.9210300445556641 1.2263998985290527 1.4811476469039917
-2.509852409362793 1.5450934171676636 0.5454769730567932
-1.1005836725234985 0.31640565395355225 4.295269966125488
-0.3956957161426544 0.6989041566848755 -0.8171601891517639
-0.5259261727333069 0.284606397151947 1.0615160465240479
0.4613230228424072 1.4672274589538574 2.310350179672241
0.6193907260894775 1.2033677101135254 2.1412081718444824
0.5520720481872559 0.8601899743080139 1.794598937034607
-0.1852954924106598 0.284606397151947 0.4578036367893219
0.2762001156806946 0.284606397151947 0.11964959651231766
0.9739252328872681 1.5512663125991821 1.588904857635498
0.9162856936454773 1.4217904806137085 -0.8015722632408142
-0.8337305188179016 0.28826555609703064 4.28677225112915
-0.189850315451622 0.3262246549129486 4.442553997039795
-1.605286717414856 0.32146063446998596 3.815620183944702
-0.033258672803640366 0.33048567175865173 4.163345813751221
-0.910315990447998 0.284606397151947 -0.3071015179157257
0.34568706154823303 0.3389478623867035 3.5563740730285645
-1.301293134689331 0.284606397151947 0.6694592833518982
0.9117226600646973 1.3857477903366089 0.35531526803970337
0.8757868409156799 1.4846994876861572 2.0256052017211914
0.07556477934122086 0.284606397151947 4.361085891723633
-0.16572880744934082 0.284606397151947 -0.5507994294166565
-0.5930176377296448 1.1517348289489746 -1.205298900604248
0.9210300445556641 0.8845542669296265 0.6432280540466309
0.19200503826141357 0.46450644731521606 3.2581217288970947
-1.8942292928695679 0.6467905640602112 0.011149296537041664
-0.02269069291651249 0.284606397151947 -0.18380141258239746
0.20420625805854797 0.2849937677383423 2.692620277404785
0.0691651850938797 0.284606397151947 1.326417326927185
0.4742412567138672 0.44329842925071716 3.9809188842773438
-0.281680166721344 0.28665804862976074 4.256464958190918
-0.9762952327728271 0.284606397151947 0.2843335270881653
0.05156280845403671 0.284606397151947 0.769849419593811
-1.237534523010254 0.33347442746162415 3.4748594760894775
0.524283766746521 1.5442783832550049 -0.7299378514289856
-0.9256368279457092 1.2622120380401611 -1.2052987813949585
-1.7143580913543701 1.2690881490707397 1.781693935394287
0.27753496170043945 0.9912963509559631 -0.7920826077461243
0.2677602171897888 1.3976932764053345 2.04970121383667
0.2267565131187439 0.2885211706161499 4.148960590362549
-1.661971926689148 0.6434134840965271 1.6007291078567505
-0.5664312839508057 0.284606397151947 0.12710395455360413
-0.6377694606781006 0.8940854668617249 -0.874742865562439
-1.809004306793213 0.706303060054779 -0.3442894518375397
-1.215360403060913 1.5303131341934204 -1.3450945615768433
-0.47723549604415894 0.2970988154411316 3.9056103229522705
-2.234570264816284 1.5607393980026245 -0.6952687501907349
-0.6216301321983337 0.284606397151947 1.3410711288452148
-0.06551840901374817 0.6615216732025146 -0.815237820148468
-0.9685084223747253 0.5622561573982239 3.026947498321533
0.5984904170036316 1.2254117727279663 -0.6067011952400208
-2.039635419845581 1.379228115081787 0.4985983967781067
-1.8812086582183838 1.1598525047302246 0.9760525822639465
0.1438472867012024 1.460945963859558 -1.1986072063446045
0.5743810534477234 1.4664756059646606 -1.179287314414978
-0.3040027320384979 0.6143328547477722 3.3609509468078613
-1.3724935054779053 1.3553088903427124 -0.41834723949432373
-1.7270375490188599 1.5460811853408813 -1.3072718381881714
-0.7477632164955139 0.4639228284358978 3.7551043033599854
-1.9902706146240234 1.5304808616638184 -1.0911633968353271
-0.36303117871284485 1.5486050844192505 -1.3136166334152222
-1.7785701751708984 1.425615906715393 -0.74716717004776
0.025458140298724174 1.4838835000991821 2.315713405609131
-0.6335684657096863 1.265026330947876 2.4299752712249756
-0.05517179146409035 1.0877344608306885 -0.8445640206336975
-2.3863744735717773 1.3516573905944824 -0.04212825000286102
-0.36126193404197693 1.1559171676635742 -1.2052990198135376
-2.061642646789551 1.612215280532837 -0.47980034351348877
-1.599375605583191 1.5522847175598145 -0.9932202100753784
0.9210299849510193 0.9542613625526428 0.10010369122028351
0.09915639460086823 1.586667537689209 -0.9440333843231201
-1.4613062143325806 1.5339205265045166 -1.2955256700515747
0.9210300445556641 1.241115689277649 0.9783298373222351
0.9210299849510193 1.2750619649887085 -0.09703536331653595
-1.78740394115448 1.6053707599639893 -0.7026681900024414
0.8966429233551025 1.4333736896514893 1.3487077951431274
-1.9987812042236328 1.6576064825057983 -0.03081461787223816
-2.085891008377075 1.3645963668823242 -0.3775317072868347
0.9210299849510193 1.3160171508789062 0.1845865696668625
-1.8700447082519531 0.9383379817008972 1.1996296644210815
0.37756994366645813 0.6202791333198547 -0.6108785271644592
0.9210300445556641 1.2530417442321777 1.2514199018478394
-0.23735946416854858 0.31802898645401 4.045522212982178
-1.1343735456466675 0.3493175804615021 3.8195276260375977
-1.0849545001983643 1.094892978668213 -0.8634358644485474
-2.1184613704681396 1.662420630455017 1.1185917854309082
-0.8512123227119446 1.0450752973556519 2.538621664047241
-1.2887319326400757 1.574913740158081 1.9103724956512451
-1.4394049644470215 1.4741089344024658 2.277017593383789
0.9210299849510193 1.3344035148620605 -0.532975971698761
-0.726633608341217 0.30012813210487366 3.8527748584747314
-2.173922300338745 1.6814812421798706 0.7377164959907532
-0.3453763425350189 0.284606397151947 1.0543954372406006
-1.1174324750900269 0.284606397151947 0.6812962293624878
0.6244571805000305 0.33653753995895386 3.051091432571411
-1.7187719345092773 1.5766323804855347 1.8358235359191895
-1.1084444522857666 1.2918329238891602 1.518090844154358
-1.5389975309371948 1.6107842922210693 1.6950017213821411
-1.7097324132919312 1.65505850315094 -0.42350032925605774
-2.3863744735717773 1.3647037744522095 1.006707787513733
0.4976235330104828 0.644679069519043 1.6749532222747803
-1.7072876691818237 1.4779433012008667 2.3035740852355957
-2.2472922801971436 1.5631718635559082 1.8236465454101562
-1.0652997493743896 0.38619351387023926 3.4514129161834717
-0.17373493313789368 0.284606397151947 -0.043364085257053375
-1.6273689270019531 1.3725920915603638 1.2973754405975342
-2.0045008659362793 0.812263011932373 0.49506446719169617
-0.8364800810813904 1.142403483390808 -0.4790390133857727
-2.377472400665283 1.4857211112976074 0.3442743122577667
-1.4783272743225098 0.9677728414535522 -0.6270354390144348
-1.8835386037826538 1.6601204872131348 0.22364048659801483
-1.089812994003296 0.3336137533187866 2.9402365684509277
0.13055960834026337 0.3047354519367218 3.6982390880584717
-2.3897736072540283 1.5775054693222046 1.106718897819519
-1.4048678874969482 1.4131476879119873 2.015899658203125
-1.4789416790008545 1.6592707633972168 -0.5946893095970154
-2.129425287246704 1.6370214223861694 -0.22957807779312134
-0.2894974648952484 0.284606397151947 0.6660025715827942
-0.6723814010620117 0.30217427015304565 4.186003684997559
0.6011583805084229 0.9033740758895874 -0.24569080770015717
-0.6397749185562134 0.284606397151947 0.9254161715507507
-1.7940483093261719 0.9957125782966614 -0.5434041619300842
-1.8533248901367188 1.1319408416748047 1.473164677619934
-1.2689920663833618 0.2971057593822479 2.9679524898529053
-0.6411018371582031 1.3186657428741455 -1.205298900604248
-0.8564755916595459 0.6124384999275208 -0.7533444762229919
-1.9355942010879517 1.1297742128372192 -0.256585955619812
-0.49955061078071594 0.284606397151947 0.6200175881385803
0.2771979570388794 0.4248744547367096 2.9203052520751953
-1.5733346939086914 1.5163987874984741 2.1046266555786133
-0.9260809421539307 0.9614874720573425 2.1007375717163086
-0.8118881583213806 0.284606397151947 0.8397247791290283
0.37200796604156494 1.4157938957214355 -1.2052992582321167
-0.2536323368549347 0.83212810754776 3.112717390060425
-1.901171326637268 0.6309333443641663 0.5537920594215393
0.3529788553714752 0.9747500419616699 0.676561713218689
0.4253406226634979 0.3074379563331604 3.8791229724884033
-1.1353126764297485 0.3171904683113098 4.062755584716797
0.3391605019569397 1.5516988039016724 -1.099115014076233
-0.2892349064350128 1.3475370407104492 -1.2052990198135376
-1.2538726329803467 1.3626303672790527 -0.9129369854927063
0.026358047500252724 0.4966106414794922 3.996290922164917
0.9087793231010437 1.4183175563812256 0.01598230190575123
-1.048262596130371 1.4737416505813599 2.277979850769043
-2.059788942337036 1.6080011129379272 1.6090497970581055
-0.25911715626716614 0.3039170503616333 3.3032097816467285
0.4139207601547241 1.3256003856658936 -0.734857976436615
-1.850272536277771 0.9340868592262268 0.10386176407337189
-0.4466518461704254 1.128717064857483 2.699812173843384
-0.9811692237854004 1.1890020370483398 2.1412081718444824
0.9104861617088318 1.4010664224624634 -0.301027774810791
0.25252050161361694 1.1591979265213013 2.1378016471862793
-1.4220519065856934 0.3328779339790344 3.3153438568115234
0.5838922262191772 1.195863127708435 1.6657493114471436
0.5350134372711182 0.3516955077648163 3.38981032371521
-1.827499508857727 1.3858942985534668 -0.4643443524837494
-0.9662126898765564 0.3024206757545471 3.9952166080474854
0.5948527455329895 1.482500672340393 1.8699672222137451
-0.7924957275390625 0.33744680881500244 4.015908718109131
0.21384665369987488 1.3668885231018066 -0.8582496643066406
-1.4968336820602417 0.697521448135376 -0.4945191740989685
-0.6575387716293335 0.5450897812843323 3.5003719329833984
-2.0726418495178223 1.4703502655029297 0.9060625433921814
-0.23922306299209595 0.8192657828330994 -0.732050359249115
-1.7813247442245483 1.398492455482483 1.5713846683502197
-2.2294692993164062 1.638688325881958 0.19453714787960052
0.030079765245318413 0.7037272453308105 2.8760950565338135
-0.47420623898506165 0.44315993785858154 3.6715519428253174
-0.47404131293296814 0.3541254699230194 4.123824596405029
0.5368126630783081 0.693260669708252 -0.11669070273637772
0.6009378433227539 0.8678212761878967 0.686262309551239
-0.9520354270935059 0.3518794775009155 3.1156113147735596
0.5978729724884033 0.8284422159194946 1.5791926383972168
-0.66690993309021 0.3275814354419708 3.073335647583008
0.25613465905189514 0.284606397151947 0.7938528060913086
-1.2112938165664673 1.4578369855880737 2.3225200176239014
0.08883198350667953 0.284606397151947 0.2319260537624359
-0.627162754535675 0.3056511878967285 3.4482553005218506
-0.4107968211174011 0.284606397151947 0.04204094037413597
-1.4700984954833984 1.1304150819778442 1.7012852430343628
-1.8573894500732422 0.6310315728187561 0.2585877478122711
-0.03726351261138916 0.7948697209358215 2.7521698474884033
-1.250943660736084 0.7008387446403503 -0.6104608774185181
-0.6249418258666992 0.6367567181587219 -0.7694825530052185
-0.6924760341644287 0.8088433146476746 2.058741331100464
0.829685628414154 1.5317436456680298 -0.3454456031322479
-0.35837289690971375 0.3683611750602722 2.9860880374908447
-0.35694703459739685 0.284606397151947 0.28726935386657715
-1.3523705005645752 0.6361507177352905 1.6321604251861572
-1.4608793258666992 1.5838420391082764 -0.8172200918197632
0.14672721922397614 0.6850544810295105 -0.7088039517402649
0.5401611924171448 0.7468273639678955 -0.500637412071228
-1.9214292764663696 1.298336386680603 1.1784716844558716
0.1901918351650238 0.34137120842933655 3.8786981105804443
-1.477883219718933 1.3171935081481934 -0.7053236365318298
-1.2053945064544678 0.34286847710609436 2.8534440994262695
-0.1311730593442917 0.8721933960914612 2.2995359897613525
0.6039481163024902 0.8660832643508911 1.103004813194275
0.049787066876888275 0.3083003759384155 3.3897714614868164
0.7154921889305115 1.4980989694595337 1.6657567024230957
-1.9166604280471802 0.6562021970748901 0.956737756729126
-1.0407084226608276 0.3068287968635559 3.279487371444702
-1.7134798765182495 0.6765686273574829 -0.145986407995224
-0.009091590531170368 0.31117305159568787 3.073546886444092
-0.5039288997650146 0.34994542598724365 4.3525309562683105
0.8671555519104004 1.4910160303115845 -0.6407966613769531
-1.9782334566116333 1.337668538093567 0.2506682872772217
-0.10626021027565002 0.284606397151947 0.30294057726860046
-1.826291799545288 1.2852985858917236 -0.1882399469614029
-1.6388455629348755 0.9504799842834473 1.4753605127334595
-1.8468846082687378 1.6383062601089478 1.433541178703308
-0.8342450261116028 1.3423700332641602 -0.8956754803657532
-2.40272855758667 1.5993562936782837 0.6351935863494873
-2.3863744735717773 1.2749733924865723 0.616767406463623
0.3583545982837677 0.9416535496711731 -0.5965709686279297
-0.14842234551906586 0.7389170527458191 3.1938209533691406
-0.37729689478874207 0.284606397151947 0.47958919405937195
-1.7913730144500732 0.693623423576355 1.1112933158874512
0.548248291015625 0.7997080683708191 1.3216384649276733
0.3487442433834076 0.9820585250854492 1.7580214738845825
-1.3033791780471802 1.3522752523422241 1.7279430627822876
-2.4709694385528564 1.539898157119751 0.8539695143699646
0.4307482838630676 1.3026325702667236 -0.1294655054807663
-2.4880919456481934 1.5355740785598755 0.16317163407802582
-1.5709046125411987 0.7338494062423706 1.2516473531723022
-0.688768208026886 0.8943992853164673 2.9952869415283203
-0.8783555626869202 1.5048012733459473 1.7894954681396484
-1.0385868549346924 0.3794039487838745 3.6767914295196533
0.009213216602802277 0.6780520677566528 1.7523863315582275
0.5957962870597839 0.8885225653648376 0.039685092866420746
-2.3863744735717773 1.2662770748138428 0.29780828952789307
0.9210300445556641 1.3284118175506592 0.7556517720222473
-0.26937392354011536 0.3487884998321533 3.7126059532165527
0.4338153600692749 0.3693848252296448 3.180858850479126
-0.6844101548194885 0.284606397151947 0.6868992447853088
-0.8302873969078064 0.6988016963005066 3.0970025062561035
0.9365618228912354 1.5513277053833008 1.1714391708374023
-0.21688351035118103 1.595296859741211 -1.1317282915115356
-1.0987274646759033 1.170796513557434 1.8265527486801147
-1.796051025390625 0.9014034271240234 0.3622915744781494
0.23863351345062256 1.6127548217773438 -0.32476696372032166
-0.22383271157741547 1.172382116317749 -0.3601347506046295
0.4810637831687927 1.5829124450683594 -0.36333078145980835
-1.2047991752624512 1.2291719913482666 -0.6776098608970642
-0.00844605267047882 1.5946015119552612 -0.5844001173973083
-1.6087315082550049 0.8825366497039795 -0.3347928524017334
-1.4062938690185547 0.956654965877533 -0.24707983434200287
-0.765316367149353 1.3123369216918945 2.236461877822876
-0.5865563154220581 0.9746429324150085 -0.6749040484428406
-1.7977432012557983 0.9630812406539917 -0.15716727077960968
0.3418707251548767 1.393071174621582 -0.49102357029914856
-0.2878192961215973 1.559240698814392 -0.5652902126312256
0.336416095495224 1.4825856685638428 1.8574438095092773
0.1589825600385666 1.4837807416915894 2.2954697608947754
0.2401461899280548 1.5771900415420532 -0.6511479616165161
-1.9642939567565918 1.1560744047164917 0.6132680177688599
-0.8688414096832275 1.559295654296875 -1.05592679977417
0.17723262310028076 0.49281659722328186 3.4862380027770996
-1.3246058225631714 0.6782199144363403 -0.3443617820739746
-0.2514647841453552 0.284606397151947 0.14368495345115662
-0.5217252969741821 0.44522005319595337 3.2110931873321533
-0.18030092120170593 0.5728791356086731 -0.6446472406387329
-0.8701906800270081 0.32066038250923157 3.561859607696533
-1.4539544582366943 0.8041250109672546 1.5248287916183472
-1.5885627269744873 1.2074034214019775 -0.4844360649585724
-1.7947185039520264 0.660554826259613 0.7696430087089539
0.5065253973007202 0.6200581192970276 0.4775066673755646
-0.31432417035102844 1.2822291851043701 -0.6134722232818604
-0.8792442083358765 1.1572681665420532 -0.7404389977455139
-0.6808912754058838 0.284606397151947 1.1578549146652222
-0.10388766974210739 1.2917077541351318 -0.7624378204345703
-0.03160319849848747 0.35350918769836426 3.5934252738952637
-1.6686152219772339 0.7249587774276733 0.12748605012893677
0.12786056101322174 1.1797877550125122 -0.637189507484436
-0.941234827041626 0.6699994802474976 -0.5919271111488342
-0.00950593687593937 0.9479467868804932 1.9249593019485474
-1.020343542098999 0.7701564431190491 1.8358895778656006
0.43802374601364136 1.065234661102295 -0.3731369376182556
0.593250036239624 1.2143009901046753 1.2076648473739624
0.43595781922340393 0.6578217148780823 -0.32796889543533325
0.4128676950931549 1.047946572303772 0.03649957478046417
-0.045555248856544495 0.9257117509841919 2.743037462234497
-0.19424748420715332 0.5058004260063171 3.5436410903930664
0.4917878210544586 1.171737790107727 1.454494595527649
0.3028208315372467 0.6247460246086121 1.5756922960281372
0.3260251581668854 1.2754600048065186 1.7141045331954956
0.6041643619537354 1.381143569946289 -0.312282919883728
-0.03851534053683281 0.9569939374923706 -0.6335064172744751
-1.4628239870071411 0.6308138966560364 -0.1363372504711151
0.0987214744091034 0.6731255650520325 -0.5040566325187683
0.3701685667037964 0.8697940111160278 1.4958915710449219
0.5177024006843567 0.7076000571250916 0.2062479555606842
-0.5144199132919312 1.2539136409759521 -0.8625316619873047
-1.8427588939666748 0.9238415956497192 0.7965638041496277
-0.6462754011154175 0.284606397151947 0.48342880606651306
-0.3282320499420166 0.5455347895622253 3.8676486015319824
-1.0496294498443604 0.6553685665130615 -0.37374597787857056
-0.10623639076948166 0.9873179793357849 2.617058038711548
0.2908155918121338 0.6450152397155762 -0.19548965990543365
-1.7153757810592651 0.7443130016326904 0.48574867844581604
0.38460126519203186 0.8297781944274902 0.4474468231201172
-0.04757978022098541 0.284606397151947 0.09913024306297302
-0.9043812155723572 0.284606397151947 0.4827684760093689
-0.5158948302268982 0.41209137439727783 3.3260116577148438
0.500464677810669 0.6491628289222717 0.9786803722381592
-0.5541101098060608 0.6550375819206238 -0.5984324216842651
0.17784933745861053 0.9044854640960693 -0.3775586187839508
-0.32144761085510254 0.6783254742622375 -0.4629767835140228
-0.002520141191780567 0.284606397151947 0.9432376623153687
0.3473239839076996 0.9145070910453796 -0.20294155180454254
-1.8085860013961792 1.2116433382034302 0.19757819175720215
-0.4848366677761078 0.7882416844367981 2.512134313583374
-1.5513557195663452 0.9563688039779663 -0.02353137545287609
-1.119102954864502 0.6515709757804871 1.58894944190979
-1.7226539850234985 1.0335912704467773 1.161759376525879
-0.8309031128883362 0.6429234147071838 1.7146198749542236
-1.7683488130569458 1.3539155721664429 0.6693546175956726
-0.0439319908618927 0.6005570888519287 -0.2578832507133484
0.38847675919532776 0.6425597667694092 1.305045247077942
-1.5441629886627197 0.6831557750701904 1.0369688272476196
-1.24715256690979 0.9741699695587158 -0.5948348045349121
-0.24731364846229553 0.8395392298698425 2.6665191650390625
-0.9308211803436279 0.9214921593666077 -0.6271657347679138
-1.8954286575317383 1.6923143863677979 1.0682588815689087
-0.6881397366523743 0.6091638207435608 -0.29480811953544617
-1.441860556602478 0.6538043022155762 0.16981403529644012
-1.7701278924942017 1.656702995300293 -0.18944206833839417
-1.243080735206604 0.9500301480293274 1.6488124132156372
0.3435400724411011 0.5988723635673523 0.08059147745370865
-0.6144565939903259 1.2326158285140991 -0.42748838663101196
-1.365574836730957 0.7099896669387817 1.3443623781204224
-1.0311927795410156 1.2299162149429321 -0.3301190733909607
-0.12605318427085876 0.284606397151947 0.737520694732666
-0.475808322429657 0.284606397151947 0.8262777328491211
0.12888340651988983 0.8518943786621094 1.6484650373458862
-0.1281720995903015 0.8181734085083008 -0.4504517912864685
-0.837848424911499 0.5613465905189514 3.299180269241333
-1.2979462146759033 0.6312968730926514 0.9677743315696716
-0.37270399928092957 1.2437138557434082 2.328503131866455
-2.0304524898529053 1.6392836570739746 0.43892809748649597
-0.3772173225879669 1.119814395904541 -0.6659326553344727
-1.6205739974975586 0.8708087801933289 0.8062203526496887
-1.0716334581375122 1.3459573984146118 -0.5660185217857361
-0.6370136141777039 1.0216137170791626 2.367372512817383
-1.4841830730438232 1.2577637434005737 1.4941505193710327
-1.4491528272628784 0.8768740892410278 1.0356365442276
-1.1385961771011353 0.930806040763855 -0.3655649721622467
-1.6683193445205688 1.2769376039505005 -0.026196185499429703
-0.7095165848731995 1.3102281093597412 -0.6568397879600525
-1.2503068447113037 1.1729066371917725 -0.24753475189208984
0.07333922386169434 0.7220715880393982 -0.11702997982501984
0.4098413586616516 0.6922661662101746 0.7921977043151855
-0.3194162845611572 0.8003833293914795 1.9712657928466797
-0.6109134554862976 0.5756573677062988 0.008193230256438255
-0.2521706223487854 0.5944358110427856 0.4396660625934601
-1.2712582349777222 0.7712159752845764 -0.13624975085258484
-0.781426191329956 1.076037049293518 1.5628811120986938
-0.6369523406028748 0.81749427318573 -0.4989760220050812
-1.7500680685043335 1.0969932079315186 0.5091604590415955
0.25024035573005676 0.6624423265457153 0.34621062874794006
-1.6204419136047363 1.324690580368042 0.39055293798446655
-0.9146655797958374 0.6001453399658203 0.11933298408985138
-0.4168738126754761 0.6795246005058289 1.6530019044876099
-0.9486047625541687 0.8570349216461182 1.3611170053482056
-1.6018364429473877 1.3198927640914917 1.0870420932769775
-0.19169625639915466 0.7248724699020386 1.7144237756729126
-0.3213326930999756 0.6104411482810974 -0.20252743363380432
-0.4019327163696289 0.6389708518981934 1.3103543519973755
0.2569231688976288 0.8366437554359436 0.05036460608243942
-1.2577513456344604 0.8116055727005005 0.07030543684959412
-1.514822006225586 0.666495680809021 0.7506096363067627
-0.04950829595327377 0.6619765162467957 1.0366507768630981
-0.13466273248195648 1.2527145147323608 2.0904622077941895
0.32409942150115967 0.668111264705658 1.088262677192688
0.4139103889465332 0.9294587969779968 0.9733407497406006
-0.08106633275747299 0.5877324938774109 0.12859146296977997
-0.5564340353012085 0.7490175366401672 1.8711177110671997
-0.4734943211078644 0.8530555963516235 3.145127058029175
-0.7380130887031555 0.5772031545639038 0.7469542026519775
-0.09824475646018982 0.8477532267570496 -0.21143239736557007
-1.4869316816329956 0.6552717685699463 0.4702751338481903
-0.9382137656211853 0.9256730079650879 1.6922727823257446
0.5928259491920471 1.4886270761489868 1.171608567237854
-1.0448920726776123 0.6167855858802795 -0.12727248668670654
-1.1604366302490234 0.6229658722877502 1.2647945880889893
-1.4263750314712524 1.0473352670669556 1.2973973751068115
-0.3688419461250305 0.9777761697769165 -0.4462772607803345
0.05898842588067055 1.2791142463684082 -0.42024582624435425
-0.24557359516620636 1.343864917755127 2.2814433574676514
-0.8569941520690918 0.8147010803222656 -0.3566291630268097
0.4090656638145447 1.2926546335220337 1.1939387321472168
-0.22884628176689148 1.128906488418579 2.6250672340393066
0.407590389251709 1.6234608888626099 -0.04123145341873169
-0.018958108499646187 1.0780072212219238 -0.32267069816589355
-1.3413684368133545 0.7475987672805786 0.6872130632400513
0.3855358064174652 1.0105613470077515 0.29478147625923157
-0.7296003699302673 1.0544044971466064 1.8780198097229004
0.028752565383911133 1.4253058433532715 2.0581350326538086
-1.1587483882904053 0.9957781434059143 1.476405143737793
-0.6671285629272461 1.034544587135315 -0.302543967962265
0.5744544267654419 1.2330396175384521 0.10950608551502228
0.07355618476867676 0.6754739284515381 1.3944464921951294
-0.43020349740982056 1.5139557123184204 2.0986833572387695
0.5530651211738586 1.4712424278259277 1.4587013721466064
-1.2619165182113647 0.6409130096435547 0.28431499004364014
-0.6534502506256104 1.1146868467330933 2.7482712268829346
0.32920825481414795 0.9393600821495056 1.2060816287994385
-0.5153491497039795 0.7473208904266357 -0.2291383296251297
-0.9387692809104919 0.8007071614265442 -0.15474005043506622
-0.6135188937187195 0.5929135084152222 0.3914922773838043
-0.5855676531791687 1.2484275102615356 1.9607446193695068
-0.6113717555999756 0.8549039959907532 2.702270269393921
-0.8904527425765991 0.7014541029930115 1.4965451955795288
0.7396692633628845 1.5713132619857788 -0.07767687737941742
-0.07457514852285385 0.6359631419181824 0.730695366859436
0.08766833692789078 0.7836097478866577 0.22026357054710388
-0.18639205396175385 1.6059510707855225 -0.9211357831954956
-0.27510392665863037 0.9956440329551697 2.2166690826416016
0.8122222423553467 1.5741987228393555 0.3421631157398224
-0.6401426196098328 0.8868674039840698 1.7301493883132935
-0.30193719267845154 0.6960614323616028 0.004743127152323723
0.29319411516189575 0.648935079574585 0.6200350522994995
-0.3073280155658722 1.6228141784667969 -0.7381001710891724
-0.21575374901294708 0.7499452829360962 1.50896155834198
0.8493160605430603 1.5065604448318481 0.7727096676826477
-0.9042148590087891 0.6384484767913818 1.177498459815979
-0.6932167410850525 1.4498755931854248 2.0821874141693115
-0.5806493163108826 1.480634331703186 -1.1762423515319824
0.044140562415122986 1.4366607666015625 1.7647535800933838
-0.6683080196380615 0.7138621807098389 1.4791854619979858
0.606833279132843 0.9331371784210205 0.39825642108917236
-0.9669222235679626 1.642232060432434 -0.8684542179107666
-1.1800100803375244 1.4584386348724365 -1.1908833980560303
-0.6154118776321411 0.6439547538757324 1.1210875511169434
0.004651258233934641 0.9031923413276672 1.4279543161392212
0.28846198320388794 1.4668489694595337 1.5855298042297363
-0.9017088413238525 1.2948896884918213 1.7005274295806885
-0.6272280216217041 1.6737408638000488 -0.7818862199783325
-0.9913331866264343 1.4924592971801758 2.0704891681671143
-0.19287201762199402 1.528984785079956 1.8547825813293457
-0.4568536877632141 0.9497838020324707 2.1996145248413086
-0.5487178564071655 0.7006986141204834 0.15538033843040466
-0.0798281729221344 0.8516314029693604 0.06745271384716034
-0.7670783996582031 1.5663166046142578 -1.314644455909729
-0.09858066588640213 0.9544560313224792 1.695505976676941
0.0906251072883606 0.7975193858146667 1.1669865846633911
-0.8269820809364319 1.6668758392333984 -0.5755188465118408
-0.33747532963752747 0.9801413416862488 1.8051893711090088
-1.2090815305709839 1.583122968673706 -0.9514532089233398
0.686850905418396 1.6548272371292114 0.5794174075126648
0.23784573376178741 1.095398187637329 1.5521454811096191
-0.541843056678772 1.5621957778930664 -0.9609601497650146
-0.48442789912223816 0.9436464309692383 1.5518839359283447
-0.6023728847503662 1.6595094203948975 -0.5383186340332031
-0.8710190057754517 1.375335454940796 -0.3217516839504242
0.9200169444084167 1.4793297052383423 0.6178762316703796
0.24462445080280304 1.1950125694274902 -0.19861038029193878
0.12184718996286392 0.7785365581512451 0.7944286465644836
0.0018758447840809822 0.7129757404327393 0.4773969352245331
0.1587398797273636 1.133880376815796 0.008800666779279709
-0.2803959548473358 0.6532936096191406 1.0593199729919434
-1.1185001134872437 1.6462132930755615 -0.6752822995185852
-1.8724284172058105 1.6513447761535645 0.4848228394985199
-0.4772740602493286 0.9195016026496887 1.3586558103561401
-0.1581980288028717 0.8124768733978271 1.2736982107162476
-1.238974690437317 0.8299155235290527 1.1735326051712036
-0.29103702306747437 1.1604037284851074 1.7089686393737793
0.6847754120826721 1.6166386604309082 0.15511108934879303
-0.5507863759994507 1.5695466995239258 1.727297067642212
-1.0566532611846924 1.5374900102615356 1.5170679092407227
-0.26472392678260803 0.7539235949516296 0.27870482206344604
-0.581165075302124 1.2117549180984497 1.597217082977295
-1.4675211906433105 0.893646240234375 0.22973811626434326
0.5308966040611267 1.2053194046020508 0.4383186399936676
-1.330349326133728 1.6663017272949219 -0.18505613505840302
0.9117515087127686 1.4733904600143433 1.0042073726654053
0.5841197371482849 1.136431097984314 0.859684407711029
-1.7164777517318726 1.618245005607605 1.1751086711883545
-0.44821932911872864 0.6163286566734314 0.6831622123718262
-0.8403980135917664 0.7280371785163879 0.9933724403381348
-1.447344422340393 1.5933259725570679 1.260534644126892
-0.9177900552749634 1.725590467453003 -0.39456018805503845
-1.7167633771896362 1.5672366619110107 0.808042049407959
-0.4399801194667816 0.926888644695282 -0.20425468683242798
-1.6719154119491577 1.6455543041229248 0.03066357411444187
-1.533318042755127 1.7053015232086182 -0.23439744114875793
-1.9042021036148071 1.646550178527832 0.7155091762542725
-0.9069364070892334 1.2558594942092896 1.2567731142044067
-1.4361501932144165 1.5885560512542725 1.4843361377716064
-1.2910717725753784 1.7372671365737915 -0.4474521577358246
-0.6765779852867126 1.5682629346847534 1.5664458274841309
-1.1514309644699097 1.557987093925476 1.6860300302505493
-0.25528794527053833 0.7776844501495361 0.8613936305046082
-1.1630131006240845 1.2945659160614014 1.291857123374939
-1.656716227531433 1.5057530403137207 0.22998127341270447
-1.069283127784729 0.8077127933502197 0.10754095017910004
-1.0843926668167114 1.6592081785202026 -0.3263671398162842
-0.7915248870849609 0.6892863512039185 0.48313766717910767
0.4644526243209839 1.2837166786193848 0.6242831349372864
-0.011780384927988052 0.8906471133232117 0.34535935521125793
0.2953147292137146 1.1915727853775024 0.27732783555984497
-1.4604578018188477 0.8763139843940735 0.47264838218688965
-0.7904808521270752 1.0186275243759155 1.2944713830947876
-0.7206113934516907 0.7656324505805969 -0.01990221068263054
-1.0159837007522583 1.0802292823791504 -0.10849966108798981
-0.531745970249176 0.9009929299354553 0.178507000207901
-1.1712238788604736 0.7246063351631165 0.8777440786361694
-1.0332938432693481 0.9091014266014099 1.0887954235076904
-0.7829726934432983 0.9457226991653442 0.0007989443838596344
-1.4736665487289429 1.1383609771728516 0.6402822136878967
-1.0797817707061768 0.6633316874504089 0.40005069971084595
-1.6758557558059692 1.249411702156067 0.8164647221565247
-1.0831985473632812 0.6200432181358337 0.6489289999008179
-0.6039034128189087 0.9063313603401184 1.2137223482131958
0.4984746277332306 1.5871846675872803 0.9097653031349182
0.13844197988510132 0.8682335615158081 0.9898363947868347
-1.3003339767456055 1.2282907962799072 1.1252195835113525
-1.2690978050231934 1.0283738374710083 0.9030267596244812
-1.410696029663086 1.241062045097351 0.03546638414263725
-1.2279276847839355 1.0655063390731812 0.10601358115673065
-1.445995807647705 1.293555736541748 0.8842331767082214
-0.4860709309577942 0.8059692978858948 0.3725728392601013
0.2341204285621643 1.122071385383606 0.5335855484008789
-1.227385401725769 0.8434306979179382 0.46415701508522034
-1.447326898574829 1.2101308107376099 0.2716922461986542
-0.06051093712449074 1.5053960084915161 1.6203012466430664
-0.2443084418773651 0.9805572032928467 1.2825725078582764
-0.586591362953186 0.7498435974121094 0.8404530882835388
-0.9658894538879395 0.7407774925231934 0.731278657913208
-0.3422027826309204 1.555263876914978 1.7942034006118774
-0.4379430115222931 1.4818716049194336 1.4520028829574585
-1.31709623336792 1.4096897840499878 -0.09742295742034912
0.47096070647239685 1.5101274251937866 0.20937572419643402
-0.6512118577957153 0.8028513789176941 0.6119464635848999
0.292655885219574 1.749515175819397 0.752760648727417
-0.32962745428085327 0.8516995310783386 1.089400291442871
-1.5131070613861084 1.2158676385879517 -0.26823756098747253
-0.20569390058517456 0.9817589521408081 -0.0733937919139862
-0.8554627895355225 0.8721448183059692 0.3999829888343811
0.3571304976940155 1.192861557006836 0.8083330392837524
0.3413921296596527 1.6125034093856812 0.24944382905960083
-0.8896064162254333 0.7617144584655762 0.2769385874271393
0.4133504033088684 1.7700644731521606 0.47018933296203613
-0.18696144223213196 1.1988669633865356 1.4603896141052246
-0.271370530128479 0.9176136255264282 0.8825662136077881
0.4614045321941376 1.677809715270996 0.699206531047821
-0.006011276505887508 0.8882138729095459 0.6770384311676025
-0.2658219635486603 0.795731782913208 0.5551100969314575
-0.06479670107364655 1.024771809577942 0.4479221701622009
-1.2155108451843262 1.0756889581680298 0.4824897348880768
0.06413116306066513 1.038475751876831 0.8623693585395813
-0.27167147397994995 1.5544204711914062 1.3688104152679443
-1.061610221862793 0.9661647081375122 0.783588171005249
-1.1623650789260864 1.455470085144043 1.2121503353118896
-1.2800873517990112 1.3326705694198608 0.7783870100975037
0.16259968280792236 1.665737271308899 0.9167628288269043
0.3456955552101135 1.4327459335327148 1.077531337738037
-0.07366149127483368 1.4763611555099487 1.288474678993225
-0.5996268391609192 1.3815110921859741 1.2053039073944092
-0.7430596947669983 0.9337028861045837 1.018467903137207
-0.39903581142425537 0.9339043498039246 0.678798258304596
-0.03957909345626831 1.2124131917953491 1.1652657985687256
0.11150237917900085 1.4220051765441895 0.8624143600463867
-1.398337483406067 1.3457905054092407 0.513112485408783
0.1514536440372467 1.1482248306274414 1.3454465866088867
-1.2663981914520264 1.5596420764923096 0.0909612774848938
-0.41479790210723877 1.1139012575149536 0.8379601240158081
-0.45834383368492126 1.442379355430603 -0.4276876747608185
0.22733379900455475 1.2703901529312134 1.0174158811569214
-0.11235706508159637 1.2064175605773926 0.854092538356781
-0.20681580901145935 1.277070164680481 1.1181745529174805
-0.8035865426063538 1.045778751373291 0.42050835490226746
-0.569808840751648 1.130950689315796 -0.11472969502210617
-0.11582225561141968 1.560028076171875 1.071679949760437
-0.7573912143707275 1.2686336040496826 0.10132306814193726
-1.4817765951156616 1.4941706657409668 0.9232420325279236
-0.6575647592544556 1.4675687551498413 1.366300106048584
-1.150492548942566 1.2710461616516113 0.6226245164871216
-0.9060072898864746 1.1777070760726929 -0.051207054406404495
0.12344004213809967 1.3785408735275269 1.4237279891967773
-1.1285330057144165 1.3455302715301514 0.8654593825340271
-0.906241238117218 1.3433992862701416 1.123782992362976
-1.0370553731918335 1.0751407146453857 0.32906511425971985
0.22735118865966797 1.435899257659912 -0.05001480132341385
0.19609448313713074 1.3447387218475342 0.5304505228996277
-0.41005203127861023 1.4864685535430908 1.1432297229766846
-0.16216905415058136 1.0431995391845703 0.09236480295658112
-1.1965501308441162 1.3498824834823608 0.14146752655506134
-0.12676817178726196 1.1806973218917847 0.11421208828687668
-1.4209699630737305 1.4739110469818115 0.30934035778045654
-0.8002154231071472 1.3235201835632324 0.698204517364502
-0.0043100351467728615 1.4954341650009155 -0.3500213623046875
-0.1124139279127121 1.393843412399292 0.6606433987617493
-0.9327083230018616 1.2958909273147583 0.4723745882511139
-0.7393411993980408 1.187505841255188 1.0501900911331177
-0.5435137152671814 1.0939735174179077 0.983532190322876
-0.4096464216709137 1.1451128721237183 0.07101459801197052
-0.5555052757263184 1.5100327730178833 -0.006771666929125786
-0.22783660888671875 1.1412626504898071 0.42731934785842896
-0.4432346820831299 1.0982235670089722 0.4901963770389557
-0.5130939483642578 1.2944767475128174 0.7792375087738037
-0.8092762231826782 1.300814151763916 0.9259755611419678
-0.02566475421190262 1.2987642288208008 0.44358429312705994
-0.06423406302928925 1.4644016027450562 0.15623226761817932
-0.3660033047199249 1.4548277854919434 0.6412274241447449
-0.9217753410339355 1.0851882696151733 0.7565492987632751
0.04005350172519684 1.3564050197601318 0.1990700215101242
-0.1898547112941742 1.2640783786773682 -0.1006372943520546
-0.529362142086029 1.409400463104248 -0.14134550094604492
-0.6631184816360474 2.158257484436035 0.9682784080505371
-0.6320069432258606 2.1408445835113525 1.1563969850540161
-0.558709979057312 2.2016336917877197 1.3330422639846802
-0.7943131327629089 1.4805634021759033 -0.06532339751720428
-0.5853912234306335 1.1703252792358398 0.20265589654445648
-0.3780073821544647 2.2679550647735596 1.3616280555725098
-0.6788055300712585 1.1852632761001587 0.5794656872749329
-0.938054084777832 1.4196453094482422 0.4909944534301758
-0.33947786688804626 1.4138336181640625 -0.14418858289718628
-0.16129569709300995 1.423721194267273 -0.06861896067857742
-0.3987466096878052 2.1561779975891113 1.1624562740325928
-0.3361409306526184 1.3736238479614258 0.7852791547775269
-0.9594413638114929 1.3823143243789673 0.15303966403007507
-0.16491077840328217 1.4819728136062622 0.3801879584789276
-0.4792732894420624 2.16545033454895 0.9333257079124451
-0.7894824743270874 2.2257466316223145 1.1988003253936768
-0.32059022784233093 2.228605270385742 0.9494346976280212
-0.3263019919395447 2.4148247241973877 1.4320929050445557
-0.9647353887557983 1.4856090545654297 0.23865869641304016
-0.7044147849082947 1.4222817420959473 0.6620684266090393
-0.7963656783103943 2.389021396636963 0.7813572287559509
-0.6996906995773315 2.259840726852417 0.8307183384895325
-0.16633927822113037 2.574784755706787 1.119307279586792
-0.46671512722969055 1.505831241607666 0.41995206475257874
-0.6332800984382629 1.5151900053024292 0.2590784728527069
-0.2775411605834961 2.6061112880706787 1.3947237730026245
-0.1973859667778015 2.445963144302368 0.938153088092804
-0.3777870535850525 2.3588414192199707 0.7701088786125183
-0.22693800926208496 2.299442768096924 1.1655603647232056
-0.6646628379821777 2.358643054962158 1.4346177577972412
-0.8751155734062195 2.871776819229126 0.7440457344055176
-1.0072197914123535 3.196317434310913 0.9825316071510315
-0.6265924572944641 3.2525649070739746 1.1618348360061646
-0.5478477478027344 3.053175210952759 1.1999013423919678
-0.5267306566238403 2.642592668533325 0.6515291333198547
-0.8994801044464111 2.350294589996338 1.1763100624084473
-0.9033603668212891 2.6611459255218506 1.281032681465149
-0.9764685034751892 2.741429567337036 1.0284360647201538
-0.9104690551757812 2.5703718662261963 0.8074973225593567
-0.28553321957588196 2.7946770191192627 1.0879234075546265
-0.4895039498806 3.3370368480682373 1.0013890266418457
-0.45608389377593994 2.8530192375183105 1.3124769926071167
-0.9728932976722717 2.974705934524536 1.0688685178756714
-0.9452419877052307 2.4608101844787598 1.019476294517517
-0.7712557315826416 2.543050765991211 1.4225132465362549
-0.581659734249115 2.677011013031006 1.4558700323104858
-0.9249520897865295 3.0031790733337402 0.7094593644142151
-0.6388014554977417 3.146402359008789 0.6695387363433838
-0.541263997554779 3.296387195587158 0.6894888281822205
-0.5043273568153381 2.456324577331543 0.6811079382896423
-0.39577803015708923 2.801999568939209 0.8883267045021057
-0.710079550743103 2.7599740028381348 0.6910171508789062
-0.4966961741447449 3.469128131866455 0.797252357006073
-0.5317994952201843 4.7015228271484375 1.1915591955184937
-0.6977722644805908 3.6155922412872314 0.9165254831314087
-0.7045606374740601 4.9036149978637695 1.5797967910766602
-0.8278253674507141 3.3689723014831543 1.1179410219192505
-0.6657068729400635 4.685311317443848 1.319875717163086
0.29599514603614807 4.358977794647217 -0.2542001008987427
-0.9507442712783813 3.194175958633423 0.6874284148216248
-0.7698512077331543 4.731934547424316 1.1650675535202026
-0.4728657901287079 3.0028891563415527 0.839978039264679
-0.5694873929023743 4.773545265197754 1.4915167093276978
-0.8060431480407715 3.365208625793457 0.5955007076263428
-0.8165882229804993 2.93050479888916 1.2508777379989624
-0.6759185791015625 5.249765396118164 0.8923994302749634
-0.7594826221466064 5.058027267456055 0.8948351144790649
-0.3407065272331238 4.838745594024658 1.143757939338684
-0.4187661111354828 4.825216293334961 1.4396820068359375
-0.5004993677139282 4.816215515136719 0.9745786786079407
-0.9827816486358643 3.4365110397338867 0.9153226613998413
-0.8959367275238037 4.9406938552856445 1.0526928901672363
-0.6965359449386597 4.833972454071045 0.9648123383522034
-0.8389959931373596 3.546445608139038 0.7030580043792725
-0.8738811016082764 4.956191539764404 1.500084638595581
-0.9429012537002563 4.893610000610352 1.266560435295105
-0.318233847618103 4.902225494384766 1.349714994430542
0.2334270030260086 5.91396427154541 -0.2689369320869446
-0.2990471422672272 5.065662384033203 0.9194307327270508
-0.5256681442260742 5.119597434997559 1.5392885208129883
-0.47983062267303467 5.107866287231445 0.8454204201698303
-0.22611482441425323 5.271167755126953 1.2066359519958496
-0.9026824831962585 5.699307918548584 0.3187364339828491
-0.8808091282844543 5.6266889572143555 0.1626545488834381
-0.7837653756141663 4.735790729522705 1.3969008922576904
-0.46656766533851624 5.512877464294434 1.1575013399124146
-0.24396544694900513 5.220620155334473 0.8874359726905823
-0.2368432879447937 4.994104385375977 1.1236625909805298
-0.7950311303138733 5.882390975952148 0.36666080355644226
-0.18971894681453705 5.485225677490234 1.1778167486190796
-0.7324606776237488 5.3314900398254395 1.2605170011520386
-0.7748044729232788 5.704445838928223 -0.04980350285768509
-0.16864892840385437 5.649237155914307 1.055599570274353
-0.21356604993343353 5.447580814361572 0.9844809770584106
-0.8993399739265442 5.194834232330322 1.2784425020217896
-1.1050052642822266 5.912856578826904 -0.15731015801429749
-0.9645172357559204 5.617326736450195 0.04265505075454712
-1.0681004524230957 5.740548610687256 -0.0929456502199173
-0.019079089164733887 5.817842960357666 1.002936601638794
-0.49704280495643616 5.317523002624512 1.3765833377838135
0.12373273819684982 6.009842872619629 -0.35645052790641785
-1.138163685798645 6.024305820465088 -0.003803875297307968
-1.1935395002365112 5.773873805999756 0.16496574878692627
-1.090226650238037 5.647498607635498 0.09832209348678589
0.19146846234798431 5.972991466522217 -0.22475214302539825
0.12786991894245148 6.032634258270264 -0.3332563042640686
0.12458616495132446 6.012819766998291 -0.26774388551712036
-0.03753508999943733 6.320168972015381 0.9364270567893982
-0.013964940793812275 6.055884838104248 0.9752433896064758
-0.010435394942760468 5.899721145629883 1.082086443901062
-0.4396921396255493 7.207208633422852 0.798046886920929
-0.07962875068187714 7.137265205383301 1.018811583518982
-0.7873451113700867 5.932602882385254 -0.10309676080942154
0.08296672999858856 6.625234127044678 0.8540620803833008
-0.1163012832403183 6.6672587394714355 0.812556266784668
-1.0646581649780273 5.804290771484375 0.3433174788951874
-0.014989271759986877 6.485235214233398 0.929791271686554
-0.6803786754608154 5.787456512451172 0.2204233705997467
0.0824674591422081 6.7326154708862305 0.6832107901573181
-0.2894313931465149 6.9621968269348145 0.8719959259033203
-0.4291905462741852 7.476909637451172 1.0818206071853638
-0.49401190876960754 7.368095397949219 0.5880679488182068
-0.6680476665496826 5.757139682769775 0.04356270283460617
-0.08220651000738144 6.676652431488037 0.975757896900177
0.19184903800487518 6.893610000610352 0.703100860118866
-0.15716925263404846 7.1487135887146 0.451589971780777
-0.2974192500114441 6.968287944793701 0.6580832600593567
0.046174030750989914 6.92092752456665 1.0222501754760742
0.17529025673866272 7.090581893920898 0.8590702414512634
-0.5018473267555237 7.309171676635742 0.9165494441986084
-0.7198998332023621 7.568574905395508 1.025339126586914
-0.11896102130413055 6.858562469482422 0.6177766919136047
0.17566834390163422 7.163341999053955 0.6508484482765198
0.027857651934027672 7.127228736877441 0.4943869113922119
-0.037042777985334396 7.471589088439941 0.839934229850769
-0.3936939239501953 8.039069175720215 0.2856772243976593
-0.32115817070007324 8.078805923461914 0.5796718597412109
-0.3050602376461029 7.131711959838867 0.5105297565460205
-0.6156852841377258 7.440467357635498 0.9614788293838501
-0.2607859671115875 7.873904705047607 0.37605634331703186
-0.4023128151893616 7.4257659912109375 0.49026644229888916
-0.8321824669837952 7.554817199707031 0.8906601667404175
-0.05018892511725426 8.03760814666748 0.4486936330795288
-0.3726760745048523 8.747976303100586 -0.009184451773762703
-0.2748337388038635 7.738314628601074 0.47801950573921204
-0.2324535846710205 7.221058368682861 1.01096773147583
-0.5613368153572083 7.639786243438721 0.6942294239997864
-0.4026563763618469 8.369101524353027 0.08891664445400238
-0.2720489799976349 7.624864101409912 0.9823444485664368
9.642913937568665e-05 7.49954891204834 0.6144407987594604
-0.13283851742744446 7.429502487182617 0.4426479935646057
-0.667935311794281 7.619565963745117 1.1193689107894897
-0.7417871952056885 8.05547046661377 0.5987749099731445
-0.7475765347480774 8.203588485717773 0.6783972978591919
-0.5891169309616089 7.976974010467529 0.8532383441925049
-0.7332686185836792 7.790825366973877 0.642777144908905
-0.12324611097574234 8.04017448425293 0.571852445602417
-0.38424718379974365 8.232527732849121 0.18409600853919983
-0.5691953897476196 8.506064414978027 0.151044562458992
-0.20136341452598572 9.142455101013184 0.11400773376226425
-0.14375998079776764 7.733170986175537 0.7020743489265442
-0.8613325953483582 7.827836036682129 0.9762750267982483
-0.15887436270713806 8.00893783569336 0.2837828993797302
-0.6270825862884521 8.848340034484863 0.06769838184118271
-0.7889108657836914 7.6867523193359375 0.684823215007782
-0.3623378574848175 8.908995628356934 0.2134883999824524
0.06198514625430107 8.932350158691406 1.0517436265945435
-0.4172337055206299 8.396456718444824 0.3598679006099701
-0.2175353765487671 9.191067695617676 0.24042274057865143
-0.65864098072052 8.987885475158691 -0.08197204768657684
0.07723699510097504 8.966466903686523 1.076978325843811
-0.3538080155849457 8.88036823272705 -0.06307990849018097
-0.22674895823001862 8.329753875732422 0.1256670206785202
-0.7544479370117188 9.183103561401367 0.09661566466093063
0.026773858815431595 9.018549919128418 1.0218371152877808
-0.5333383083343506 8.66218376159668 0.23460893332958221
-0.6687376499176025 8.482152938842773 0.5407769083976746
-0.17562580108642578 9.24911117553711 -0.16625648736953735
-0.03657078742980957 9.248641967773438 -0.1277608722448349
-0.6398448944091797 8.417734146118164 0.5488879084587097
-0.038855016231536865 9.229179382324219 -0.02330958843231201
-0.7835055589675903 8.400619506835938 0.4611448347568512
-0.5890899300575256 9.084836959838867 -0.19223672151565552
-0.5972132086753845 9.165253639221191 0.040398985147476196
-0.5124945044517517 9.39498233795166 -0.261507511138916
-0.1844562292098999 9.375977516174316 0.2746686637401581
-1.019904613494873 9.836313247680664 1.1433831453323364
-0.7477568984031677 9.302702903747559 -0.2020287811756134
-0.15313522517681122 9.41525936126709 -0.016511809080839157
-0.703225314617157 9.327357292175293 0.1369284987449646
-1.078511118888855 9.856224060058594 1.1866942644119263
-0.7414702773094177 9.559175491333008 -0.11276590079069138
-0.09194134175777435 10.230607986450195 0.8640217185020447
-0.4864526391029358 9.550955772399902 0.10975193232297897
-0.5550869107246399 9.495622634887695 0.20627336204051971
-0.03986387699842453 9.539305686950684 0.1233925148844719
-0.012242535129189491 10.313581466674805 1.2284289598464966
0.13917961716651917 10.119709968566895 0.5364181399345398
-0.66448575258255 9.67817497253418 0.010147085413336754
-0.19244755804538727 9.60074234008789 0.11257008463144302
0.08723893761634827 10.098245620727539 0.5673394799232483
-0.04296291619539261 10.13245964050293 0.954289436340332
-0.866508960723877 9.896811485290527 1.0423492193222046
0.05548641085624695 10.098288536071777 0.8239142894744873
0.1694663017988205 10.112260818481445 0.6231510639190674
-0.987258791923523 10.166088104248047 -0.1969890296459198
-0.1583036482334137 10.298818588256836 1.1830921173095703
-0.37294694781303406 10.172004699707031 1.2595700025558472
-0.18818095326423645 10.276373863220215 1.3930257558822632
-0.6880202293395996 9.743179321289062 -0.0762665867805481
0.1793026477098465 10.220342636108398 0.8980879783630371
0.1681593358516693 10.643768310546875 -0.24079838395118713
-0.25533080101013184 10.304466247558594 1.3704614639282227
-0.20522953569889069 10.41771411895752 1.3720346689224243
-0.9313177466392517 10.268314361572266 1.1093350648880005
-0.9217492341995239 10.579113006591797 -0.13688711822032928
0.27204591035842896 10.516497611999512 -0.18327099084854126
-1.2683779001235962 10.630755424499512 0.42496541142463684
0.1652255803346634 10.714091300964355 -0.2673342525959015
0.04705970361828804 10.407475471496582 0.7678807973861694
-1.258195400238037 10.650615692138672 0.37211233377456665
-1.1364600658416748 10.501419067382812 1.1008492708206177
0.15329496562480927 10.431188583374023 0.2851620018482208
0.15291211009025574 10.479851722717285 0.31365272402763367
-0.9027697443962097 10.84315013885498 -0.2565861642360687
0.14775466918945312 10.69223403930664 -0.34390994906425476
-0.7663766145706177 10.960464477539062 -0.16309089958667755
-0.999928891658783 10.79890251159668 -0.22956424951553345
0.19518806040287018 10.720643997192383 -0.2739516496658325
-1.0804357528686523 10.843297004699707 0.9791170358657837
0.02762042172253132 10.578713417053223 0.7281532883644104
-1.167289137840271 10.928555488586426 0.837096095085144
-0.6620561480522156 11.0474271774292 -0.1472565084695816
-0.9132919907569885 10.986682891845703 -0.08784220367670059
0.44397661089897156 10.99711799621582 1.0798670053482056
-0.8713791966438293 11.055255889892578 -0.11882676184177399
-0.8924844264984131 11.04396915435791 -0.32571810483932495
-0.5684053301811218 11.0746431350708 0.17669740319252014
0.5422173142433167 11.217936515808105 1.3590232133865356
-1.1885713338851929 11.136475563049316 0.595988929271698
-0.2537921369075775 11.13375186920166 0.8314872980117798
0.47537800669670105 11.1779146194458 1.0884368419647217
0.09203347563743591 10.972805976867676 -0.07852395623922348
0.2484631985425949 11.194194793701172 1.3674747943878174
-1.0641305446624756 11.226495742797852 0.46252113580703735
0.4533367156982422 11.281289100646973 0.9531255960464478
-1.2214691638946533 11.3556547164917 1.4749912023544312
-0.8940311074256897 11.368667602539062 1.3433059453964233
0.39917024970054626 11.35600757598877 0.2681303024291992
-0.23514056205749512 11.40091323852539 1.4913668632507324
-0.1602773517370224 11.316341400146484 0.28716662526130676
-0.10394800454378128 11.341609001159668 0.30769142508506775
-0.32661882042884827 11.409360885620117 0.5196688175201416
-0.876159131526947 11.359384536743164 0.3821622431278229
-1.0941332578659058 11.335448265075684 -0.24314574897289276
-0.7800969481468201 11.403265953063965 1.3339465856552124
-1.1414992809295654 11.479698181152344 1.4437984228134155
0.07839205861091614 11.46565055847168 1.1293028593063354
-0.6440963745117188 11.452680587768555 0.01905294507741928
-0.9468503594398499 11.47588062286377 0.05389095097780228
-0.528695285320282 11.528372764587402 0.014542589895427227
0.21199986338615417 11.541831016540527 0.716673731803894
-0.5422354340553284 11.546614646911621 -0.11308779567480087
-0.629547119140625 11.557235717773438 1.4115512371063232
-0.9864088296890259 11.565714836120605 1.0659291744232178
0.5767104029655457 11.565896987915039 0.24911360442638397
0.2951372265815735 11.5757417678833 -0.4104081690311432
