1336
-2.3863744735717773 0.2845063805580139 1.5949687957763672
-2.386474609375 0.2846065163612366 -0.7614457607269287
-2.3863744735717773 0.5533648133277893 0.6110556721687317
0.9210299253463745 0.5284327268600464 -0.8691374659538269
-2.137787342071533 0.284606397151947 0.03106277622282505
-1.340010166168213 0.2846064567565918 -1.205398678779602
-0.44411030411720276 0.284606397151947 1.2539926767349243
-1.0279991626739502 0.284606397151947 -0.9454538226127625
-0.9712486267089844 0.2846064567565918 -1.2053987979888916
0.9210305213928223 0.2845063805580139 -1.2053391933441162
-2.386474609375 0.2846064567565918 -0.26317262649536133
-2.386474609375 0.28460657596588135 0.27501726150512695
-2.386474609375 0.2846066951751709 -0.491446852684021
-1.7938854694366455 0.28460609912872314 2.141308307647705
-2.386474609375 0.2846064567565918 -0.0166013240814209
-2.3863744735717773 0.2845063805580139 0.6806545257568359
0.6592309474945068 0.2845063805580139 -1.2052973508834839
-0.5589861869812012 0.2846064567565918 -1.2053989171981812
-2.1038835048675537 0.284606397151947 1.3393808603286743
0.12107706069946289 0.28460636734962463 2.141308307647705
0.9211299419403076 0.2846066951751709 -0.8917751312255859
0.9211299419403076 0.2846066951751709 -0.749434232711792
-2.386474609375 0.2846064567565918 0.11702418327331543
-1.569821834564209 0.284606397151947 1.8874157667160034
-0.4382922649383545 0.28460633754730225 -1.2053989171981812
-2.3737354278564453 0.28460633754730225 2.141308307647705
-2.386474609375 0.28460657596588135 -0.1361391544342041
0.9211299419403076 0.2846066951751709 -1.0001587867736816
-2.1775379180908203 0.284606397151947 1.7058329582214355
-1.0967485904693604 0.2846064567565918 -1.205398678779602
0.9211300611495972 0.2846064567565918 1.3671873807907104
0.9210300445556641 0.543633222579956 1.5168635845184326
-1.932880163192749 0.284606397151947 1.7251280546188354
-2.3863744735717773 0.5486025810241699 1.7881593704223633
-2.1828651428222656 0.2845063805580139 2.141207695007324
0.9210315942764282 0.2845063805580139 -0.6771813035011292
-2.386474609375 0.2846065163612366 -0.6419562101364136
0.9211088418960571 0.2846066355705261 -1.2053993940353394
-2.386474609375 0.284606397151947 -0.8758217096328735
-1.9511852264404297 0.2845063805580139 2.141207695007324
0.9210284948348999 0.2845063805580139 0.8814458847045898
-1.450881004333496 0.2845063805580139 -1.205301284790039
0.29340532422065735 0.284606397151947 1.556779146194458
-0.5789625644683838 0.284606397151947 -0.985567033290863
0.3868178129196167 0.2846064567565918 -1.2053991556167603
-2.386474370956421 0.28458428382873535 2.1412081718444824
-2.246117115020752 0.284606397151947 0.9772129654884338
-0.4533664882183075 0.284606397151947 -0.8356106281280518
-2.386474609375 0.5799056887626648 -1.2052981853485107
-2.386474609375 0.2846066355705261 -1.2053511142730713
-1.7506330013275146 0.284606397151947 -0.5765649080276489
-1.521300196647644 0.284606397151947 -0.949030339717865
-2.3863754272460938 0.2845063805580139 1.6907377243041992
-2.0270605087280273 0.284606397151947 -0.7041202783584595
0.9210300445556641 0.2845063805580139 2.035778045654297
-1.905585765838623 0.284606397151947 1.3530826568603516
0.3265610337257385 0.284606397151947 -0.9027530550956726
-1.5402336120605469 0.2845063805580139 -1.205301284790039
-2.386474609375 0.28460657596588135 0.5201797485351562
-1.6916863918304443 0.284606397151947 -0.7686899304389954
-0.0793994888663292 0.284606397151947 -1.1972049474716187
-1.2814925909042358 0.284606397151947 -1.0094085931777954
-1.8746395111083984 0.2845063805580139 -1.2052993774414062
-2.386444330215454 0.2846066951751709 -1.2053983211517334
0.9210309982299805 0.2845063805580139 1.7753982543945312
-2.386474370956421 0.2846064567565918 1.8007073402404785
-2.0586466789245605 0.284606397151947 1.9050140380859375
0.9210300445556641 0.2845063805580139 1.1029281616210938
-0.11236095428466797 0.2845063805580139 2.141207695007324
-2.386474609375 0.28460657596588135 -0.37584900856018066
0.5607651472091675 0.2846064269542694 2.141308307647705
0.9210301637649536 0.28459233045578003 2.141308307647705
-2.386474370956421 0.2846064567565918 1.4862864017486572
0.9210300445556641 0.2845063805580139 1.6776361465454102
0.7018240094184875 0.29267075657844543 2.1320910453796387
-1.2218694686889648 0.2845063805580139 -1.205301284790039
-1.9996085166931152 0.284606397151947 -0.14527815580368042
0.9210300445556641 0.2845063805580139 1.4669380187988281
0.9211300611495972 0.284606397151947 1.574012041091919
-1.8850871324539185 0.284606397151947 1.1454086303710938
-2.1367063522338867 0.284606397151947 0.7401878237724304
-1.316206932067871 0.2845063805580139 2.141206741333008
0.9210299253463745 0.2845063805580139 -0.5833112001419067
0.9210301637649536 0.2845557928085327 2.141308307647705
-2.386474370956421 0.2846064567565918 0.938220739364624
-1.7706317901611328 0.2845063805580139 -1.205301284790039
-1.3303875923156738 0.284606397151947 -0.8190107345581055
0.9211300611495972 0.28460657596588135 1.8802947998046875
0.19875694811344147 0.7677290439605713 2.1412081718444824
-0.37406444549560547 0.2845063805580139 2.141207695007324
-0.012682676315307617 0.2845063805580139 -1.2052977085113525
-1.6735925674438477 0.2845063805580139 -1.2053022384643555
-1.9904253482818604 0.284606397151947 -0.9063811302185059
-1.8786263465881348 0.5577804446220398 -1.2052985429763794
0.595831573009491 0.284606397151947 0.4878850281238556
-1.453458309173584 0.2846081256866455 2.141308307647705
-1.9559986591339111 0.2846064567565918 -1.205398440361023
-0.6642608642578125 0.2845063805580139 2.141206741333008
-2.386474370956421 0.6764926910400391 2.1412086486816406
-2.386474370956421 0.2846064567565918 1.3065972328186035
-0.7731800079345703 0.2845063805580139 2.141207695007324
0.9210327863693237 0.2845063805580139 0.6535932421684265
-2.3863744735717773 0.2845063805580139 1.9191083908081055
-2.079543352127075 0.284606397151947 1.1535537242889404
0.9210314750671387 0.2845063805580139 0.040557414293289185
-2.3620870113372803 0.2846064567565918 -1.2053983211517334
-2.3863744735717773 0.5104655027389526 1.2435382604599
-0.6943637132644653 0.2845063805580139 -1.20530104637146
-0.8818950653076172 0.2845063805580139 2.141207695007324
-2.386474370956421 0.2846064567565918 1.1810252666473389
-0.9701719284057617 0.284606397151947 1.7137056589126587
-2.3863742351531982 0.7951524257659912 -1.2053983211517334
0.9211300015449524 0.2846064567565918 0.12970495223999023
-2.162921667098999 0.284606397151947 0.47070154547691345
-1.6887989044189453 0.2845063805580139 2.141207695007324
-2.386474609375 0.2846066355705261 -1.006847858428955
-2.151327133178711 0.2846064567565918 -1.205398440361023
-2.3863754272460938 0.2845063805580139 1.0609607696533203
0.9210299849510193 0.5316618084907532 -0.54561847448349
-0.6271350383758545 0.284606397151947 1.8893088102340698
-1.3141049146652222 0.284606397151947 1.8641735315322876
-1.7639710903167725 0.284606397151947 -0.9528210759162903
-2.2492854595184326 0.284606397151947 -0.867676854133606
-2.222337484359741 0.284606397151947 -0.22116132080554962
-1.8035413026809692 0.284606397151947 1.8601276874542236
-0.8954102993011475 0.2846062183380127 -1.2053987979888916
-2.0286364555358887 0.2846064567565918 -1.205398440361023
0.06426183879375458 0.6012062430381775 -1.2052991390228271
0.4077743589878082 0.2846064269542694 2.141308307647705
0.9210295677185059 0.7650473713874817 -1.2053993940353394
-1.5726509094238281 0.2845063805580139 2.141206741333008
-2.3863723278045654 0.905072808265686 -1.2053982019424438
-2.0535221099853516 0.2845063805580139 2.141206741333008
-0.35158681869506836 0.28460633754730225 -1.2053989171981812
0.9211300611495972 0.2846064567565918 1.2125349044799805
0.5910762548446655 0.284606397151947 -0.10642784088850021
0.9210302233695984 0.5310735106468201 -1.2053993940353394
-1.9789267778396606 0.284606397151947 0.6149606704711914
0.9210319519042969 0.2845063805580139 -0.2565977871417999
0.2716066837310791 0.28460633754730225 -1.2053991556167603
-0.8124496936798096 0.2846066951751709 -1.2053987979888916
-0.0053573548793792725 0.2846064269542694 2.141308307647705
-0.2682642936706543 0.2846064567565918 -1.2053990364074707
0.8258681297302246 0.2845063805580139 -1.2052972316741943
0.5282610654830933 0.284606397151947 -0.8921588659286499
-0.8629663586616516 0.284606397151947 1.9312286376953125
0.9210295677185059 0.2845063805580139 0.2498411238193512
-1.082937240600586 0.2845063805580139 2.141207695007324
0.28755664825439453 0.2845063805580139 2.141207695007324
0.43874579668045044 0.284606397151947 1.2087100744247437
0.10982763767242432 0.2846062183380127 -1.2053990364074707
-2.386375665664673 0.895825982093811 2.141308307647705
-1.6518679857254028 0.5299305319786072 -1.2052985429763794
0.9211300015449524 0.2846064567565918 0.5529348850250244
-0.29239946603775024 0.284606397151947 1.7257208824157715
-1.8705382347106934 0.28460800647735596 2.141308307647705
-0.6393839120864868 0.47455304861068726 -1.205298900604248
0.5418581962585449 0.28460633754730225 -1.2053992748260498
0.382019579410553 0.284606397151947 1.8815425634384155
-0.5811213254928589 0.2846064269542694 2.141308307647705
-0.48894786834716797 0.2845063805580139 2.141206741333008
0.4692070484161377 0.2845063805580139 -1.205296516418457
-0.1342218816280365 0.284606397151947 0.947196900844574
0.6500234007835388 0.284606397151947 -0.28128114342689514
0.18749010562896729 0.2845063805580139 -1.205297589302063
0.059824734926223755 0.284606397151947 0.07400809228420258
-1.2007226943969727 0.2845063805580139 2.141207695007324
-0.1346645951271057 0.284606397151947 1.865985631942749
0.9210309982299805 0.2845063805580139 -0.0583290196955204
0.9210286140441895 0.2845063805580139 0.7826271653175354
0.10040809214115143 0.284606397151947 -0.8895096182823181
0.9210317134857178 0.2845063805580139 -0.47953715920448303
-1.8932229280471802 0.284606397151947 0.2535097897052765
-2.38637638092041 0.2845063805580139 0.40012550354003906
0.9211300015449524 0.2846064567565918 -0.3691577911376953
0.2717137932777405 0.284606397151947 -0.578650951385498
0.6182223558425903 0.284606397151947 1.4295154809951782
0.9210299849510193 0.3138657510280609 2.141308307647705
-0.2753702998161316 0.284606397151947 -0.7190223932266235
-1.5071673393249512 0.284606397151947 -0.7469890713691711
-0.7929449677467346 0.284606397151947 -0.9115928411483765
0.14573220908641815 0.284606397151947 1.688397765159607
-0.04674622789025307 0.284606397151947 1.7022920846939087
0.6699284315109253 0.284606397151947 -0.745571494102478
0.9210283756256104 0.2845063805580139 0.4277222454547882
-0.2798750102519989 0.284606397151947 -0.9105733633041382
-0.09947285801172256 0.284606397151947 -0.6651903986930847
0.6229822635650635 0.284606397151947 -0.5185025334358215
-1.38251793384552 0.284606397151947 -0.6104486584663391
-2.0952417850494385 0.284606397151947 0.2496229112148285
-1.9277673959732056 0.284606397151947 0.8000800013542175
-0.9365321397781372 0.5677274465560913 2.1412081718444824
-2.0783512592315674 0.284606397151947 1.5375218391418457
0.6628637313842773 0.284606397151947 1.6401218175888062
-2.386474609375 0.2846064567565918 -0.56977379322052
-2.108410120010376 0.284606397151947 -0.556028425693512
0.9211300611495972 0.28460657596588135 1.2847028970718384
0.046331994235515594 0.284606397151947 -0.5337429642677307
-1.9032915830612183 0.284606397151947 1.5603358745574951
-2.3864505290985107 0.28460800647735596 2.141308307647705
-1.8074800968170166 0.284606397151947 0.9461678862571716
0.4869241714477539 0.2845063805580139 2.141207695007324
0.9211301207542419 0.8319875597953796 2.141209840774536
-2.3863744735717773 0.7635229229927063 1.880228877067566
-2.3863754272460938 0.2845063805580139 0.8523578643798828
-0.8338545560836792 0.284606397151947 -0.46628421545028687
-0.2706871032714844 0.2845063805580139 2.141207695007324
-1.8652395009994507 0.284606397151947 -0.7545214891433716
-2.386474609375 0.4419535994529724 -1.2052984237670898
-1.7271302938461304 0.284606397151947 1.6901155710220337
-2.3863744735717773 0.5630005598068237 -0.3882298469543457
-2.3863744735717773 0.589501678943634 -0.8918857574462891
-1.549314022064209 0.284606397151947 1.3339087963104248
-1.4876378774642944 0.284606397151947 1.1421868801116943
-2.3863744735717773 1.1445629596710205 -1.1985399723052979
-2.386373519897461 0.2845063805580139 0.19311809539794922
-0.5862461924552917 0.7069118618965149 -1.205298900604248
-2.0411295890808105 0.284606397151947 -0.3614172339439392
-1.8731282949447632 0.284606397151947 -0.27569863200187683
-2.3863744735717773 0.6141223311424255 1.0698834657669067
-1.9500632286071777 0.284606397151947 0.06036174297332764
-1.8973743915557861 0.284606397151947 -0.5210675597190857
-0.783812403678894 0.284606397151947 1.7334879636764526
0.49372294545173645 0.284606397151947 -0.6969693303108215
-1.5718529224395752 0.284606397151947 -0.537062406539917
0.9211299419403076 0.6480345726013184 -1.2052996158599854
-1.7411025762557983 0.284606397151947 1.2703394889831543
-1.964004635810852 0.284606397151947 0.43033266067504883
0.556184709072113 0.5483119487762451 -1.2052992582321167
0.09894518554210663 0.284606397151947 -0.23384161293506622
0.2041356861591339 0.2846064269542694 2.141308307647705
0.9210300445556641 0.2845063805580139 0.9904460906982422
0.3213813602924347 0.284606397151947 0.5219336152076721
-2.3863744735717773 1.0204368829727173 -1.2053983211517334
-1.1533201932907104 0.48729944229125977 -1.2052987813949585
-0.9853038787841797 0.2845063805580139 2.141207695007324
-0.9359254240989685 0.284606397151947 -0.7691397666931152
-1.3240684270858765 0.284606397151947 1.6686595678329468
-2.3863744735717773 0.4860226511955261 -0.09893646091222763
0.9211299419403076 0.39128780364990234 -1.2052996158599854
-1.8594064712524414 0.7163840532302856 2.1412081718444824
-1.1506309509277344 0.284606397151947 1.3080928325653076
-2.386474370956421 0.5613894462585449 2.141207695007324
-1.7309811115264893 0.284606397151947 -0.3436051607131958
0.9211301207542419 0.4852226674556732 2.1412081718444824
-1.494153618812561 0.284606397151947 1.722206950187683
0.08812052011489868 0.284606397151947 0.4906996190547943
-1.1859946250915527 0.284606397151947 0.9004654884338379
-2.3863744735717773 0.8287817239761353 -0.9020862579345703
-1.026145100593567 0.284606397151947 1.5172041654586792
-2.386474609375 0.6925305724143982 -1.2052984237670898
-2.386373281478882 0.44742727279663086 2.141308307647705
-2.386474370956421 1.1219482421875 2.1412081718444824
-2.386474370956421 0.7872335910797119 2.1412086486816406
-0.47469332814216614 0.608352541923523 2.1412081718444824
-0.15433908998966217 0.556677520275116 -1.2052990198135376
0.9210300445556641 0.5133670568466187 0.9726216793060303
-2.386474609375 0.2846064567565918 0.6200225353240967
0.9211301207542419 0.6121844053268433 2.1412081718444824
0.6569598913192749 0.7379429340362549 -1.2052992582321167
-0.18912792205810547 0.2845063805580139 2.141207695007324
0.9210300445556641 0.5635303258895874 1.7488648891448975
0.9211300015449524 0.2846064567565918 0.3445262908935547
0.9210294485092163 0.2845063805580139 -0.16342195868492126
-2.3863744735717773 0.6706261038780212 0.009623723104596138
-0.9541105031967163 0.284606397151947 0.061486002057790756
-1.9672417640686035 0.754889726638794 -1.2052985429763794
-2.3863744735717773 0.5531378984451294 -0.6551584601402283
-1.220629096031189 0.284606397151947 1.4848370552062988
-1.3699357509613037 0.284606397151947 -0.42120659351348877
-2.386474370956421 0.2846066951751709 1.3941612243652344
-0.04102705791592598 0.284606397151947 -0.3621397614479065
0.469129741191864 0.284606397151947 -0.3001212477684021
0.10023842006921768 0.284606397151947 1.8739283084869385
-0.4979484975337982 0.284606397151947 -0.6583812236785889
-1.810551643371582 0.284606397151947 -0.08144879341125488
0.9211301207542419 0.9326510429382324 2.141209602355957
-0.8682547211647034 0.5645940899848938 -1.2052987813949585
0.9210300445556641 0.5081844925880432 0.6916726231575012
-1.692353367805481 0.284606397151947 1.0862385034561157
-1.9979723691940308 0.5728065967559814 2.1412081718444824
-2.3863744735717773 0.5312964916229248 0.8431793451309204
-1.3839378356933594 0.2845063805580139 2.141206741333008
-2.3863744735717773 0.6792146563529968 -0.23866716027259827
-1.4097193479537964 0.284606397151947 1.4935195446014404
-2.1171016693115234 0.5995049476623535 -1.2052984237670898
-0.6973485350608826 0.6138764023780823 2.1412081718444824
-0.6678758859634399 0.284606397151947 1.5941625833511353
-0.32211723923683167 0.284606397151947 -0.13839317858219147
0.5808994770050049 0.5856066346168518 2.1412081718444824
0.9210385084152222 0.8814058899879456 -1.2053993940353394
0.9210385084152222 0.9874817728996277 -1.2053993940353394
0.9210299849510193 0.5566402077674866 -0.32666343450546265
0.9210300445556641 0.7172188758850098 1.860958456993103
-2.3863744735717773 0.5849570631980896 0.4082203805446625
0.9210299253463745 0.6495671272277832 -0.7275141477584839
0.9210300445556641 0.7166780829429626 1.6410554647445679
0.9210299849510193 0.5186147689819336 0.21449564397335052
-1.244810700416565 0.284606397151947 -0.28578728437423706
0.4255635142326355 0.284606397151947 -0.06591085344552994
-2.3863744735717773 0.7610925436019897 1.701258897781372
0.6197288036346436 0.284606397151947 1.1917624473571777
0.052225369960069656 0.284606397151947 1.523850917816162
0.3989448547363281 0.6160014271736145 2.1412081718444824
0.9210299253463745 0.7653836011886597 -0.9251320362091064
-2.090127468109131 0.7444684505462646 2.1412081718444824
-1.2087947130203247 0.5678313970565796 2.1412081718444824
0.9210301041603088 0.7296887636184692 2.141308307647705
-0.1675257682800293 0.28461170196533203 2.6924242973327637
-1.7854145765304565 0.284606397151947 0.41533124446868896
0.5753064155578613 0.284606397151947 1.812434434890747
0.9210300445556641 0.5542321801185608 1.205491542816162
0.9210299849510193 0.7104337215423584 0.28163179755210876
0.9210300445556641 0.8918787240982056 1.8096891641616821
-1.9990707635879517 0.905849814414978 2.1412081718444824
-2.3863744735717773 0.5557214021682739 1.5471611022949219
-1.3551160097122192 0.284606397151947 1.278699278831482
-0.8468679785728455 0.284606397151947 1.5298646688461304
-2.3863744735717773 0.7022575736045837 1.3134944438934326
-2.3863744735717773 0.7357670664787292 1.5202198028564453
-2.3863744735717773 0.7343559861183167 -0.7415171265602112
-1.0986911058425903 0.284606397151947 1.884690761566162
0.2034551501274109 0.5648407936096191 2.1412081718444824
-0.6504936814308167 0.284606397151947 -0.7703211307525635
-1.7434247732162476 0.284606397151947 1.4862433671951294
-2.3863744735717773 0.7595950961112976 0.9583457112312317
-1.7731717824935913 0.284606397151947 0.12781670689582825
-1.4390807151794434 0.5794950723648071 2.1412081718444824
-0.3801766633987427 0.284606397151947 1.8879033327102661
-0.8541451692581177 0.7498397827148438 2.5731289386749268
-1.477182388305664 0.284606397151947 0.28775718808174133
-1.150495171546936 0.284606397151947 -0.7834023237228394
-1.318750023841858 1.0544230937957764 2.1412081718444824
-0.4157406985759735 0.5637359023094177 -1.2052990198135376
-1.2925835847854614 0.6501979827880859 -1.205298662185669
-2.3863744735717773 0.9273241758346558 1.4002504348754883
-2.1122210025787354 0.8760845065116882 -1.2052984237670898
-2.3863744735717773 1.0269455909729004 1.8156847953796387
0.7057473659515381 0.284606397151947 0.6368330121040344
-0.08332714438438416 0.5920279026031494 2.1412081718444824
0.08796501159667969 0.284606397151947 -0.7151746153831482
-0.010951772332191467 0.7497397065162659 2.56541109085083
0.2779034674167633 0.5534540414810181 -1.2052991390228271
-2.3863744735717773 0.7645328640937805 0.5681110620498657
0.9210299849510193 0.5191580057144165 -0.10229598730802536
0.3682645857334137 1.2038240432739258 2.1412081718444824
-2.077052116394043 0.9373117685317993 0.07027019560337067
-1.486753225326538 0.6567733287811279 -1.205298662185669
0.652110755443573 0.284606397151947 0.0732850655913353
-0.14237761497497559 0.2845063805580139 -1.205299735069275
-0.6481443047523499 0.284606397151947 2.692457675933838
0.9210299849510193 0.5303770899772644 0.4702415466308594
-1.9847545623779297 0.9048658609390259 1.7735730409622192
-1.1819024085998535 0.284606397151947 0.3141672611236572
-2.0796642303466797 0.8911731243133545 -0.24071790277957916
-1.618992567062378 0.7194942235946655 2.1412081718444824
0.44764164090156555 0.284606397151947 1.3987177610397339
0.48145586252212524 0.8395266532897949 -1.2052992582321167
-2.0652849674224854 1.3145722150802612 -1.1846888065338135
-1.6316730976104736 0.284606397151947 0.5972304940223694
-1.80379056930542 0.284606397151947 0.6403378248214722
-1.6477770805358887 0.284606397151947 -0.10171721875667572
-1.0275752544403076 0.7476464509963989 2.1412081718444824
-1.6949273347854614 0.284606397151947 0.8118698000907898
-1.7752634286880493 0.8846960067749023 2.1412081718444824
-2.3863744735717773 0.8435264229774475 -0.12595383822917938
0.444674015045166 0.284606397151947 -0.49971500039100647
-1.6076582670211792 0.284606397151947 0.1315310001373291
-2.3863744735717773 1.1206717491149902 -0.9409319162368774
0.40385931730270386 0.6875118613243103 -1.2052992582321167
-1.7306256294250488 0.5573729276657104 2.1412081718444824
0.9210299849510193 0.6608555912971497 0.051527395844459534
0.9210299849510193 0.7179635763168335 -0.18265976011753082
-1.5786293745040894 0.284606397151947 1.5566084384918213
-2.004213571548462 0.284606397151947 0.9770331382751465
0.48547106981277466 0.284606397151947 1.6035923957824707
-2.3863744735717773 0.7487155795097351 0.7579889297485352
-0.8551419973373413 0.749839723110199 2.4965360164642334
-0.4984475374221802 0.284606397151947 2.694030284881592
-0.8330479860305786 0.284606397151947 1.1726343631744385
0.4808787703514099 0.284606397151947 0.3664892911911011
-2.0471744537353516 0.6986293792724609 -0.625840425491333
-1.7773040533065796 0.7261166572570801 -1.2052985429763794
-2.3863744735717773 0.7293076515197754 -0.5083093047142029
-1.336709976196289 0.7405884861946106 2.1412081718444824
-2.3863744735717773 0.5507928729057312 0.19834941625595093
-1.3363734483718872 0.284606397151947 0.16258376836776733
-1.4078198671340942 0.8498256206512451 -1.205298662185669
-1.362001657485962 0.284606397151947 0.42715775966644287
-0.2987512946128845 0.6457859873771667 2.1412081718444824
-2.3863744735717773 0.8387337327003479 1.1937735080718994
-1.4728636741638184 0.284606397151947 0.7671069502830505
-2.060765504837036 0.9037135243415833 1.0478003025054932
0.34227433800697327 0.284606397151947 1.7284188270568848
0.5564179420471191 1.011961817741394 -1.2052992582321167
-1.5300084352493286 0.284606397151947 0.9665811061859131
-1.3785905838012695 0.8235194683074951 1.8466004133224487
-0.5350102186203003 0.284606397151947 1.7216691970825195
-2.0496959686279297 0.849327564239502 -0.8146151304244995
-2.35709547996521 1.2311606407165527 -1.2052984237670898
-0.98073810338974 0.2917582392692566 3.4695353507995605
-0.32863232493400574 0.284606397151947 3.9625916481018066
-1.1607768535614014 0.8677743673324585 2.1412081718444824
-2.0476887226104736 0.8994278311729431 1.5120651721954346
-1.8639472723007202 0.7058361768722534 1.8134115934371948
-1.624341607093811 0.284606397151947 0.37796828150749207
0.6110906600952148 0.7870939373970032 2.1412081718444824
-0.3519049286842346 0.284606397151947 2.6932549476623535
0.9140838980674744 1.142228603363037 2.138334035873413
0.323875367641449 0.284606397151947 1.0392818450927734
-1.4355658292770386 0.284606397151947 -0.1843462735414505
0.4380621910095215 0.7997061610221863 2.1412081718444824
-0.5351088643074036 0.284606397151947 -0.34703755378723145
0.6791209578514099 0.284606397151947 0.9612487554550171
0.9210300445556641 0.6799750328063965 1.3859367370605469
-0.9142731428146362 1.1173218488693237 2.1412081718444824
-2.3863744735717773 0.9470701813697815 1.6096938848495483
0.5560212135314941 1.0314420461654663 2.1412081718444824
-0.18673624098300934 0.284606397151947 1.5859625339508057
-0.7482997179031372 0.28652867674827576 3.811739444732666
-0.2536385655403137 0.7162027359008789 -1.2052990198135376
0.9210300445556641 1.0202378034591675 1.6629114151000977
0.9210300445556641 0.6848777532577515 0.7324273586273193
0.9210301637649536 1.0430850982666016 2.141308307647705
0.9210299849510193 0.8654007315635681 0.18401455879211426
-2.3863744735717773 0.8707400560379028 0.08897419273853302
-0.30157989263534546 0.284606397151947 1.423018217086792
0.9210300445556641 0.6985640525817871 0.9226049780845642
-0.013917283155024052 0.7603597640991211 -1.2052991390228271
-1.821533441543579 0.8890753984451294 -0.8630576133728027
0.9211299419403076 1.0832092761993408 -1.2052992582321167
-0.11130731552839279 0.31130099296569824 2.928790330886841
0.9210299849510193 0.7768024802207947 -0.36965107917785645
-2.3863754272460938 0.9986190795898438 2.141308307647705
0.9210299849510193 0.7338932156562805 0.47141793370246887
-2.3863744735717773 0.8778244256973267 -0.6549485325813293
-2.1233930587768555 1.1863361597061157 -1.2052984237670898
0.9210300445556641 0.937144935131073 1.1659270524978638
0.9205385446548462 1.2537986040115356 2.135376453399658
0.503842830657959 0.8009369969367981 1.7810014486312866
-1.638720154762268 0.8210604190826416 -1.2052985429763794
-0.7722681760787964 0.7514888644218445 -1.205298900604248
-2.3863744735717773 0.7577250003814697 0.24212683737277985
0.41972026228904724 0.7957302331924438 -0.8854755759239197
-0.14534708857536316 0.8938010931015015 -1.2052990198135376
-1.8849971294403076 0.9389325380325317 -1.2052985429763794
-2.3863744735717773 0.8516740798950195 0.402664452791214
-2.1744656562805176 1.1668782234191895 2.1412081718444824
-1.4386451244354248 0.284606397151947 0.6050090789794922
-1.8958879709243774 0.6747956275939941 -0.8138933181762695
-1.8308345079421997 0.6540647745132446 -0.5672494173049927
0.24026162922382355 0.284606397151947 1.1835646629333496
-0.9352452158927917 0.284606397151947 1.3270089626312256
0.9210300445556641 0.7183424234390259 1.1321361064910889
0.20243805646896362 0.33086904883384705 3.2689411640167236
-1.4561687707901 0.284606397151947 0.0039529455825686455
0.9210299253463745 0.7489182949066162 -0.5800488591194153
-2.3863744735717773 0.8762589693069458 -0.32699111104011536
-0.8486126065254211 0.284606397151947 0.6463561654090881
-1.8764190673828125 1.1705920696258545 -1.2052985429763794
-1.2651225328445435 0.284606397151947 -0.08065805584192276
-2.3863744735717773 0.9675039052963257 1.0675877332687378
0.9160492420196533 1.1883111000061035 -1.2052993774414062
-1.1985515356063843 0.284606397151947 -0.5951673984527588
-1.0464731454849243 0.6790279150009155 -1.2052987813949585
-2.3863744735717773 1.1488380432128906 -0.33670419454574585
-2.3863744735717773 1.1480997800827026 -0.719886064529419
0.23384647071361542 0.284606397151947 -0.3933030962944031
-2.3863744735717773 1.0049611330032349 -0.5187689065933228
-0.7398821711540222 1.0645126104354858 -0.8870488405227661
-0.44431552290916443 0.8081375360488892 -1.2052990198135376
-0.7450653314590454 0.37255018949508667 3.707662582397461
-1.9327586889266968 1.2014836072921753 -0.766426682472229
0.9195442795753479 1.2588509321212769 1.8925135135650635
-1.6174618005752563 1.011446237564087 -1.205298662185669
-1.0445040464401245 0.284606397151947 0.45813021063804626
0.9210300445556641 1.1257524490356445 1.4225572347640991
-2.3863744735717773 1.054030418395996 -0.0487670972943306
0.23912987112998962 0.284606397151947 -0.04471566528081894
-0.3770067095756531 0.284606397151947 -0.5426784753799438
0.9210299253463745 0.8579211831092834 -0.7799715399742126
-1.550673007965088 0.284606397151947 -0.3174951672554016
0.9210300445556641 0.8993502259254456 0.9609163999557495
0.027103090658783913 0.33136165142059326 3.7567880153656006
-1.0099310874938965 0.284606397151947 -0.6007620096206665
0.9147112965583801 1.2714873552322388 -0.9156875610351562
-0.09128106385469437 0.284606397151947 -0.8599056005477905
-2.3863744735717773 1.182913064956665 1.3123362064361572
-2.366265058517456 1.3112353086471558 -0.9020346403121948
0.08918634057044983 0.511673629283905 2.8673834800720215
-1.0932809114456177 0.284606397151947 1.1359262466430664
0.1391451358795166 0.284606397151947 3.425541877746582
-0.9287953972816467 0.845571756362915 -1.2052987813949585
0.5733795166015625 0.9337043762207031 -0.7652623057365417
0.9210300445556641 0.8528726100921631 1.5505774021148682
0.9210299849510193 0.8757819533348083 -0.07935575395822525
0.5315179824829102 1.2804542779922485 2.0886363983154297
0.31178197264671326 0.284606397151947 -0.7441012859344482
-0.7950644493103027 0.284606397151947 -0.6512448191642761
-1.187961220741272 0.8201516270637512 -1.2052987813949585
0.4347201883792877 1.2398722171783447 -1.196131944656372
-2.045914888381958 0.9360682368278503 -0.5692408084869385
-0.8932476043701172 0.284606397151947 -0.12632478773593903
-1.1038641929626465 0.284606397151947 -0.4124705195426941
-1.5574291944503784 0.9156882762908936 -0.8551316261291504
-0.05887535586953163 0.9586225152015686 2.4789867401123047
-0.09770909696817398 0.28857508301734924 3.8129611015319824
-0.722348153591156 0.284606397151947 -0.29078158736228943
-2.3863744735717773 1.2166403532028198 1.1456868648529053
0.9210300445556641 0.9709039330482483 0.7640361189842224
-0.07437090575695038 0.284606397151947 0.5827706456184387
-0.33678972721099854 0.284606397151947 -0.33902809023857117
0.3036481738090515 0.9281660914421082 2.099538803100586
-1.5618553161621094 1.399648666381836 -1.0077435970306396
0.19425594806671143 0.3593995273113251 3.114447832107544
-1.0549383163452148 0.8163661956787109 -0.8893599510192871
-2.3863744735717773 0.9613060355186462 0.8479016423225403
-2.18566632270813 1.3193877935409546 2.0667803287506104
-2.045438289642334 0.7763388752937317 1.2581708431243896
-2.0672552585601807 0.9176253080368042 0.6218299865722656
-1.481153964996338 0.8582592010498047 2.1412081718444824
0.008540825918316841 1.164412260055542 -1.1511813402175903
-2.3737540245056152 1.2383546829223633 1.7130459547042847
-1.2929573059082031 0.284606397151947 1.0909045934677124
-1.3932561874389648 1.1435232162475586 -1.205298662185669
-1.8088659048080444 0.6691437363624573 1.6134635210037231
-0.28523576259613037 0.8800138831138611 -0.9406771659851074
0.24519211053848267 0.7893158197402954 -1.2052991390228271
-1.681503415107727 0.7127760052680969 -0.750932514667511
-1.9512255191802979 1.1725008487701416 2.135976791381836
-0.8171634674072266 0.29099857807159424 2.6925244331359863
-2.3863744735717773 1.105183720588684 0.42822882533073425
0.6542443037033081 0.284606397151947 0.28860777616500854
0.9210299253463745 1.041170597076416 -0.7555847764015198
-0.6578447222709656 0.9199024438858032 -1.205298900604248
-1.9813237190246582 0.6622527241706848 1.0020065307617188
-2.02793025970459 0.6970027089118958 -0.08370981365442276
-1.5735045671463013 1.0862066745758057 2.1412081718444824
-1.7073781490325928 0.8702359795570374 1.8210862874984741
0.9210299849510193 1.1384265422821045 0.4305880665779114
0.9210299253463745 1.308486819267273 -1.1732513904571533
-1.9900665283203125 0.7001335024833679 0.1938648372888565
-2.3863744735717773 1.2235839366912842 1.973025918006897
0.10109636932611465 0.9230412244796753 -1.2052991390228271
-1.1653194427490234 1.3753446340560913 -1.090090274810791
0.9210299849510193 1.1452012062072754 -0.27634739875793457
-1.7776533365249634 1.1696796417236328 2.1412081718444824
-1.073219656944275 0.33787280321121216 3.348881244659424
0.2687329649925232 0.284606397151947 1.3845274448394775
-2.3754448890686035 1.2538255453109741 -0.15781530737876892
0.334859162569046 0.6058363914489746 -0.7869356274604797
-1.5599026679992676 0.6967644691467285 1.6743940114974976
-2.034841299057007 0.7066037654876709 1.6337021589279175
-1.3423435688018799 0.284606397151947 0.8786571621894836
-2.0290634632110596 0.7182385325431824 0.7609790563583374
0.3173876702785492 0.284606397151947 -0.21932311356067657
0.3303855061531067 1.3265914916992188 1.9215686321258545
0.194513201713562 1.1115072965621948 2.1412081718444824
-0.9811742901802063 0.31920814514160156 2.810589551925659
0.8392643332481384 1.348976969718933 -0.8355005383491516
-1.8159122467041016 0.9482007026672363 -0.583351194858551
-2.199939727783203 1.3989605903625488 -0.8872994184494019
-0.9787253737449646 0.362625390291214 3.6067745685577393
-1.9649722576141357 0.7343899607658386 -0.3610440790653229
-2.3863744735717773 0.993945837020874 0.6446056962013245
0.7049689888954163 1.2681390047073364 -1.2008202075958252
-0.19343271851539612 1.1560512781143188 -1.2052990198135376
-1.5156766176223755 1.2777568101882935 -1.198944330215454
-1.2064708471298218 1.019836664199829 -1.2052987813949585
0.9210299849510193 0.931368350982666 -0.5359368324279785
-1.4336074590682983 0.701707661151886 -0.8477329015731812
-1.9398424625396729 1.338043451309204 1.957284688949585
-2.095659017562866 0.8606533408164978 0.33992278575897217
-2.3863744735717773 1.2121312618255615 1.5158461332321167
-0.9567742347717285 1.0229939222335815 -1.2052987813949585
0.3095705211162567 1.0187339782714844 -1.2052992582321167
0.5199947357177734 1.1584855318069458 1.6266775131225586
-1.149916410446167 0.284606397151947 1.6700243949890137
-0.3913176953792572 0.9865987300872803 -1.2052990198135376
0.4240443706512451 0.284606397151947 0.8261847496032715
0.9165970087051392 1.237533688545227 -0.6656565070152283
-2.38369083404541 1.2676421403884888 -0.5797016024589539
-0.8030128479003906 0.284606397151947 0.38778552412986755
-1.512911081314087 1.2410961389541626 2.1241800785064697
-2.3863744735717773 1.2143690586090088 0.6562625169754028
-2.3863744735717773 1.0971989631652832 0.22744464874267578
-1.8641257286071777 1.3951432704925537 -1.0642969608306885
-1.7257593870162964 1.261291265487671 -1.2052985429763794
-2.188173770904541 1.3938168287277222 -0.5764114856719971
0.48826006054878235 0.284606397151947 0.13882102072238922
-1.2007380723953247 1.2567487955093384 -1.1995435953140259
0.5443346500396729 0.68715900182724 -0.6927379965782166
-0.18096467852592468 0.3656836152076721 3.914663553237915
0.5026023983955383 0.284606397151947 1.0149842500686646
-0.16641578078269958 0.284606397151947 -0.2312404215335846
-0.7877412438392639 1.2045741081237793 -1.2011443376541138
0.5909987092018127 0.284606397151947 0.7810745239257812
-1.1515370607376099 0.284606397151947 0.08780006319284439
-0.27611446380615234 0.284606397151947 1.175683617591858
-0.41317635774612427 0.284606397151947 1.5863227844238281
-0.013985669240355492 1.3206043243408203 -1.19412362575531
-1.0430885553359985 0.28598442673683167 3.0740997791290283
-1.6191343069076538 1.163314700126648 -0.7096120715141296
-1.3389418125152588 0.6625820994377136 1.65963876247406
-0.10479181259870529 0.284606397151947 1.210437536239624
-0.7728739976882935 0.284606397151947 0.9932544231414795
-2.2648534774780273 1.3591152429580688 1.4504623413085938
-0.611524760723114 1.192543625831604 -1.2047942876815796
0.7144439816474915 1.27914297580719 2.0982961654663086
-1.709485411643982 1.3461930751800537 1.9605767726898193
0.22455084323883057 0.35267069935798645 2.994155168533325
-0.6629964709281921 0.32494398951530457 3.9370362758636475
-1.9783514738082886 0.6492963433265686 0.4914458096027374
-1.9728132486343384 1.426878571510315 -0.726955771446228
-2.061171531677246 1.4265532493591309 -0.28007182478904724
-1.8539484739303589 0.7506920695304871 1.439965009689331
-1.8641812801361084 1.4165359735488892 -0.4718412756919861
0.2243034541606903 1.2473502159118652 -1.199276089668274
0.9210299849510193 1.1521903276443481 0.16220788657665253
-1.11799955368042 1.1446658372879028 2.1412081718444824
-1.8314180374145508 0.7015490531921387 -0.23997759819030762
0.9095982313156128 1.1922906637191772 0.9517701268196106
0.9210300445556641 1.215832233428955 1.2614589929580688
0.6288799047470093 1.3548825979232788 -1.1856286525726318
-2.3573508262634277 1.352663278579712 0.70602947473526
-1.936975121498108 1.3558530807495117 1.6517257690429688
-1.2964951992034912 0.8972316980361938 -0.8471647500991821
0.5809105038642883 0.8291968703269958 -0.5397751331329346
0.8927451968193054 1.29257333278656 1.5417287349700928
0.11311399191617966 0.3478117883205414 3.642651081085205
0.20988793671131134 0.7417603731155396 1.841251015663147
0.30920448899269104 1.0300967693328857 -0.8153774738311768
-0.8399919867515564 0.777320384979248 2.508192777633667
-0.4273158609867096 1.2439453601837158 -1.1927419900894165
0.9210300445556641 1.1555472612380981 0.6412295699119568
-0.5010961294174194 0.3345746397972107 3.96748948097229
-0.9380605816841125 0.41516733169555664 3.07902455329895
0.04471327364444733 0.8457151055335999 -0.85883629322052
0.9210299849510193 1.1661248207092285 -0.0645345151424408
-2.380533456802368 1.2647348642349243 0.1034877598285675
0.14549162983894348 0.3573278784751892 3.5264101028442383
-1.8311576843261719 0.8260381817817688 1.0065385103225708
-0.6978940367698669 0.6747937202453613 -0.853837788105011
-2.3752899169921875 1.2024989128112793 0.9334884285926819
-2.383556365966797 1.3658030033111572 -0.33842700719833374
-1.2238277196884155 1.2467129230499268 2.107569694519043
-1.8116374015808105 1.0269837379455566 1.6104004383087158
-1.950566291809082 0.9878547191619873 0.831376314163208
-0.5357415676116943 0.284606397151947 1.4600857496261597
-2.108985424041748 1.3824708461761475 1.258205771446228
-0.9143956303596497 0.33600807189941406 3.7265727519989014
0.9060937166213989 1.2208380699157715 0.7899107336997986
-1.083264708518982 0.284606397151947 -0.14248734712600708
-0.5674859881401062 0.284606397151947 0.3533681333065033
-0.9527679681777954 0.32552242279052734 2.893110513687134
0.09649097174406052 0.284606397151947 0.9329890012741089
-0.7163000702857971 0.284606397151947 -0.05346645787358284
-1.3689063787460327 1.3378946781158447 1.8960490226745605
0.9175552129745483 1.2549207210540771 1.7000055313110352
-0.43292027711868286 0.2854338586330414 3.8480615615844727
0.039573464542627335 0.284606397151947 1.0947227478027344
0.6674903035163879 1.363139271736145 -0.5908050537109375
-0.013351673260331154 0.7925616502761841 2.143491268157959
-0.6348079442977905 0.284606397151947 -0.5277364253997803
0.9113684892654419 1.2635149955749512 -0.49795711040496826
-2.273289203643799 1.3677313327789307 0.9941344261169434
-0.288741797208786 0.36932775378227234 3.6519558429718018
-0.8438336253166199 0.897274911403656 2.5785233974456787
-0.2264382392168045 1.2444216012954712 -0.7841276526451111
-1.6523879766464233 1.347936987876892 1.7046946287155151
-2.355618953704834 1.3052948713302612 0.3844761550426483
-0.7606837749481201 0.5302954316139221 2.9617927074432373
0.18613769114017487 0.284606397151947 0.6794252395629883
-0.6639747619628906 0.3615565598011017 3.482781410217285
-1.8555251359939575 0.6690291166305542 1.2114289999008179
-0.32618382573127747 0.49014851450920105 3.511817455291748
0.9210300445556641 0.8625497221946716 1.3373380899429321
-1.0052499771118164 0.6550220251083374 -0.7707141041755676
-0.03801786154508591 1.1772297620773315 2.3110151290893555
-0.7379765510559082 0.284606397151947 0.18002605438232422
0.4958108365535736 1.38542902469635 -0.8844373822212219
-1.540242075920105 0.6698036193847656 -0.5624960064888
0.10366563498973846 0.36078205704689026 2.6952977180480957
-0.5270692706108093 0.284606397151947 -0.1416253298521042
-1.033794641494751 0.284606397151947 0.8099506497383118
-1.4503284692764282 1.1453189849853516 1.7290921211242676
-1.7285586595535278 1.415863275527954 -0.7600128650665283
-0.7213990688323975 0.284606397151947 1.3783491849899292
-0.4751761853694916 0.2867019474506378 3.37760853767395
-2.269930124282837 1.4084736108779907 -0.038580335676670074
0.8171548843383789 1.302977204322815 0.4102534055709839
-0.9642033576965332 1.289131760597229 -1.1640772819519043
-0.06367073953151703 0.4468074440956116 2.908944606781006
-0.3030436038970947 0.284606397151947 0.8138169050216675
-1.3373777866363525 1.3924503326416016 -0.8807573318481445
0.9134405851364136 0.9676474332809448 -0.2593289911746979
0.6656816005706787 1.2581448554992676 1.3187605142593384
-1.971847653388977 1.1874254941940308 -0.3075524866580963
-0.9790610074996948 1.318528652191162 2.008121967315674
-1.9037591218948364 1.006983995437622 -0.053062133491039276
-1.7587878704071045 1.4547666311264038 -0.1515016406774521
0.26033854484558105 1.368200659751892 -1.0902124643325806
0.44239693880081177 0.284606397151947 0.6318893432617188
-0.9797717332839966 0.284606397151947 1.0074759721755981
-1.999488353729248 1.3945142030715942 0.9465878009796143
0.34037619829177856 0.284606397151947 0.31830862164497375
0.9047913551330566 1.2887523174285889 -0.30817437171936035
0.40798646211624146 0.6405064463615417 1.6597120761871338
-0.023282965645194054 0.34768617153167725 3.2352306842803955
-0.09835423529148102 0.284606397151947 1.4211010932922363
-2.1750309467315674 1.3435074090957642 1.731616735458374
-1.7674552202224731 1.3574799299240112 1.4745358228683472
-1.7813212871551514 0.9446694850921631 1.2923526763916016
-1.2636899948120117 0.6139335632324219 -0.7424999475479126
-0.2769598662853241 1.3243337869644165 -1.1875436305999756
-1.9030303955078125 1.1447631120681763 1.0977604389190674
-0.6599460244178772 0.3123863935470581 3.3081092834472656
-1.9692095518112183 1.2087128162384033 1.3969974517822266
0.9210299849510193 0.9124334454536438 0.4365236461162567
0.9143877029418945 1.1895369291305542 1.1048294305801392
-2.0123097896575928 1.1973392963409424 0.3857288956642151
-0.5737048387527466 0.8743002414703369 2.689335346221924
-0.3457590341567993 0.6881918907165527 -0.8231086134910583
-0.5575470328330994 0.284606397151947 1.0424776077270508
0.5327637791633606 0.9489294290542603 1.3168590068817139
0.6591682434082031 1.3582234382629395 1.813258171081543
0.5713099241256714 0.7355988621711731 1.5826818943023682
-0.1476825773715973 0.284606397151947 0.3928799331188202
0.3116249740123749 0.284606397151947 0.12286123633384705
0.3922150731086731 1.3159148693084717 1.0721735954284668
0.4490795135498047 1.243398904800415 -0.601044774055481
-0.5755977034568787 0.4520156681537628 3.1587135791778564
-0.42420339584350586 0.608832597732544 3.0225493907928467
-1.054787516593933 0.4056583344936371 3.2754597663879395
-0.2933512032032013 1.1203293800354004 2.3382651805877686
-0.9463891386985779 0.284606397151947 -0.3053627908229828
0.03946991637349129 1.2820740938186646 2.091129779815674
-1.2527178525924683 0.284606397151947 0.578596293926239
0.8005678653717041 1.1636985540390015 0.2670152485370636
0.46047648787498474 1.3327667713165283 1.5930525064468384
-0.162233367562294 0.3601272702217102 3.345524787902832
-0.1951906681060791 0.284606397151947 -0.5086345672607422
-0.550345778465271 1.3754087686538696 -1.1072336435317993
0.8946986794471741 0.8411784172058105 0.6525536179542542
0.26243913173675537 0.9724840521812439 1.7065651416778564
-1.849883794784546 0.672401487827301 0.03216257691383362
-0.013988113030791283 0.284606397151947 -0.10118698328733444
-0.14279702305793762 0.6251180171966553 2.7810544967651367
0.07875485718250275 0.284606397151947 1.301966905593872
-0.06548230350017548 1.0351135730743408 2.0491278171539307
-0.3709704577922821 0.42084765434265137 3.2036852836608887
-0.9685102701187134 0.284606397151947 0.25578901171684265
-0.021441448479890823 0.284606397151947 0.7731329202651978
-0.9108390212059021 0.7978450655937195 1.9618347883224487
0.24488630890846252 1.372774600982666 -0.3823326528072357
-0.8186427354812622 1.3995882272720337 -1.0119383335113525
-1.5403048992156982 0.9185361862182617 1.5795999765396118
0.25377872586250305 0.7529985308647156 -0.6894083023071289
0.4203743040561676 0.9270639419555664 1.5297390222549438
-0.28854504227638245 0.5595762729644775 3.1840732097625732
-1.5744034051895142 0.6885513663291931 1.3775821924209595
-0.5710691213607788 0.284606397151947 0.09440778195858002
-0.5595577955245972 0.8490480780601501 -0.8367900848388672
-1.5965235233306885 0.6158882975578308 -0.2388538122177124
-1.0105315446853638 1.4393432140350342 -0.778242290019989
-0.33908599615097046 0.9498438835144043 2.621655225753784
-1.7009491920471191 1.1709678173065186 -0.4187173545360565
-0.6283923983573914 0.284606397151947 1.2108207941055298
-0.06635536253452301 0.6241300702095032 -0.7808781862258911
-1.1607694625854492 0.7587876319885254 1.803828239440918
0.5375828742980957 0.9177016615867615 -0.3014586269855499
-1.8891122341156006 0.9207561016082764 0.40388190746307373
-1.8498886823654175 0.7259514927864075 0.6870882511138916
0.03486688435077667 1.4137368202209473 -0.7328347563743591
0.2970788776874542 1.3938837051391602 -0.7046985030174255
-0.07304571568965912 1.321030855178833 1.3211033344268799
-0.8531684875488281 1.4159852266311646 -0.3942452669143677
-1.3216670751571655 1.168400526046753 -0.7142460346221924
-0.3773638606071472 1.266768455505371 1.6401491165161133
-1.5228708982467651 1.434242844581604 -0.6344962120056152
-0.4388783276081085 1.4186514616012573 -0.6068004369735718
-1.4796262979507446 0.9104036688804626 -0.5976327061653137
0.22317582368850708 1.3356451988220215 1.2008076906204224
-0.8417118191719055 1.3881535530090332 1.3351221084594727
-0.15714749693870544 0.888789176940918 -0.7751954793930054
-1.9798249006271362 1.4444721937179565 -0.041632652282714844
-0.276732861995697 1.4010615348815918 -0.845055103302002
-1.569357991218567 1.4724711179733276 -0.3266802728176117
-1.1819466352462769 1.4506968259811401 -0.5903488993644714
0.7433637380599976 0.8500978350639343 0.04699346795678139
-0.13397061824798584 1.404123306274414 -0.4960181415081024
-1.0299822092056274 1.1445790529251099 -0.8169100880622864
0.602938175201416 1.283008098602295 0.608072817325592
0.6283949017524719 1.3059087991714478 -0.13299448788166046
-1.3734115362167358 1.4445768594741821 -0.421312540769577
0.36610859632492065 1.3130707740783691 0.8792203664779663
-1.458738923072815 1.4492131471633911 -0.06501051783561707
-1.7666852474212646 0.9428448677062988 -0.2446068674325943
0.8642504215240479 1.2942044734954834 0.04924503713846207
-1.7038795948028564 0.743058443069458 0.887492835521698
0.4155921936035156 0.6225139498710632 -0.4911138713359833
0.5855414271354675 1.2541289329528809 0.8516848683357239
-0.49093031883239746 0.7842532396316528 2.6944527626037598
-0.6373918056488037 1.228547215461731 2.1274259090423584
-0.871964156627655 0.8863846659660339 -0.7455869913101196
-1.5727430582046509 1.435547113418579 0.663864016532898
-1.0632628202438354 1.3600921630859375 1.3982493877410889
-1.2459954023361206 1.3781319856643677 1.2085291147232056
-1.40569269657135 1.3501383066177368 1.6163536310195923
0.5065047740936279 1.3684794902801514 -0.3774472177028656
-0.6735129952430725 1.3041032552719116 1.7390234470367432
-1.5358242988586426 1.3855665922164917 0.36861395835876465
-0.3530212640762329 0.284606397151947 1.0030187368392944
-1.0899187326431274 0.284606397151947 0.6496232151985168
-0.026606565341353416 0.7160457968711853 1.7287461757659912
-1.5645633935928345 1.4335490465164185 1.139909029006958
-1.2413501739501953 1.360816478729248 1.0480588674545288
-1.3817747831344604 1.185677170753479 0.9502944946289062
-1.217609167098999 1.437480092048645 -0.24891617894172668
-2.080582857131958 1.417234182357788 0.7104815244674683
0.48116934299468994 0.6573054790496826 1.3534234762191772
-1.5327743291854858 1.3815174102783203 1.367582082748413
-1.8607046604156494 1.404126524925232 1.2066019773483276
-0.9694988131523132 0.7018420696258545 1.7414461374282837
-0.15979300439357758 0.284606397151947 0.04342377558350563
-1.520917296409607 1.2813291549682617 0.6897270083427429
-1.808930516242981 0.7451477646827698 0.31214645504951477
-0.6483135223388672 1.3908687829971313 -0.4555455446243286
-1.816374659538269 1.217353343963623 0.23866763710975647
-1.2463289499282837 0.7960093021392822 -0.6186022162437439
-1.427861213684082 1.35445237159729 0.0714964047074318
-0.9776729941368103 1.324764370918274 1.7391388416290283
-0.16479314863681793 0.7793813347816467 2.056878089904785
-1.8291727304458618 1.1297314167022705 0.6922539472579956
-1.3694994449615479 0.8077501058578491 1.4630969762802124
-1.1053822040557861 1.3343753814697266 -0.2949906587600708
-1.5803139209747314 1.194717288017273 -0.1587318331003189
-0.23409201204776764 0.284606397151947 0.652898907661438
-0.5462114810943604 1.072383165359497 2.4366800785064697
0.559761106967926 0.7893038988113403 -0.1370013803243637
-0.5416094064712524 0.284606397151947 0.8400591015815735
-1.4814702272415161 0.8134818077087402 -0.326580286026001
-1.6186103820800781 0.7668637633323669 1.163295030593872
-0.632287323474884 0.8178572058677673 2.1943607330322266
-0.6827536821365356 1.4557163715362549 -0.7661731839179993
-0.8091484904289246 0.6758449673652649 -0.6619446277618408
-1.6527408361434937 0.8133587837219238 -0.045317769050598145
-0.4880288243293762 0.284606397151947 0.6421316266059875
0.07497964054346085 1.290519118309021 1.7830064296722412
-1.4759392738342285 1.1020134687423706 1.344981074333191
-1.1541489362716675 0.7667199373245239 1.5707638263702393
-0.7791138887405396 0.284606397151947 0.8119296431541443
0.09761234372854233 1.2592175006866455 -0.7679733633995056
-0.08763405680656433 1.2282435894012451 1.0881139039993286
-1.678242802619934 0.6633592844009399 0.5197218656539917
0.24277524650096893 1.13583242893219 0.5404667854309082
-0.2431948184967041 0.7946855425834656 2.6668472290039062
-0.5950824022293091 0.720098078250885 2.9372620582580566
0.017414633184671402 1.1861090660095215 -0.5275596380233765
-0.4976837933063507 1.141139268875122 -0.7197856903076172
-0.9144619703292847 1.2933647632598877 -0.6031140089035034
-0.19562584161758423 1.266902208328247 1.80783212184906
0.4883720576763153 1.3275724649429321 0.16320450603961945
-1.1718075275421143 0.9853959083557129 1.6946653127670288
-1.6207504272460938 1.2338614463806152 1.0142536163330078
-0.46922028064727783 0.6923515200614929 1.8238377571105957
0.35272687673568726 0.933522641658783 -0.5758504867553711
-1.6272128820419312 0.7256534695625305 0.15409612655639648
-0.2549595236778259 1.2883636951446533 1.2325605154037476
-1.194320797920227 1.3740490674972534 1.6033174991607666
0.3672410845756531 1.1852986812591553 -0.16664713621139526
0.27686893939971924 1.2956026792526245 1.5572689771652222
-0.8196192383766174 1.274442195892334 2.0409274101257324
0.6043601036071777 0.8884023427963257 1.0896079540252686
-0.23285701870918274 1.0445847511291504 1.8982082605361938
-1.3664768934249878 0.9980193376541138 -0.37513184547424316
-0.5400314927101135 1.0525157451629639 2.223261833190918
0.3241690993309021 1.162146806716919 1.0724942684173584
-0.8051024079322815 0.9152823090553284 1.8515416383743286
0.04115151986479759 0.8123708963394165 -0.6518563628196716
-1.3151535987854004 0.6439738869667053 -0.3262168765068054
-0.6753859519958496 1.3351123332977295 1.4301830530166626
-1.6833738088607788 0.9444150924682617 0.5111688375473022
-0.3306090831756592 0.6900227069854736 -0.6586072444915771
-1.4890727996826172 0.9330796003341675 1.04471755027771
-0.8841543793678284 1.2552317380905151 1.2453359365463257
-1.6465392112731934 1.1362124681472778 0.12394009530544281
0.1441538780927658 1.3655173778533936 1.4193105697631836
-0.4442513883113861 1.3630948066711426 1.363403558731079
-0.4423424005508423 1.2334074974060059 1.960428237915039
0.5324018001556396 0.6519657969474792 0.0855216383934021
0.6180303692817688 0.7629627585411072 0.44537198543548584
-0.9376492500305176 1.16524338722229 1.5555830001831055
0.5269352793693542 0.6380575895309448 1.0827155113220215
-0.7023880481719971 0.7262989282608032 1.8000833988189697
0.27615681290626526 0.284606397151947 0.8493004441261292
-1.1875393390655518 1.144191026687622 1.3158940076828003
0.1627182960510254 0.284606397151947 0.2953047454357147
-0.39936375617980957 0.8213245272636414 2.1022226810455322
-0.3504909574985504 0.284606397151947 0.05218196660280228
-1.4100098609924316 0.7262131571769714 1.2031290531158447
-1.491302728652954 0.6487786173820496 0.27066856622695923
0.17627014219760895 0.7575386762619019 1.6457208395004272
-1.0134122371673584 0.6197443008422852 -0.43711721897125244
-0.5424286127090454 0.6305656433105469 -0.5592983365058899
-0.8597342371940613 0.648797869682312 1.3716520071029663
0.40482091903686523 1.146539330482483 0.10855159908533096
-0.17663073539733887 0.6515557169914246 1.6120643615722656
-0.3619534969329834 0.284606397151947 0.31189534068107605
-1.199913740158081 0.6746378540992737 1.333853840827942
-1.0565519332885742 1.0886895656585693 -0.4658588469028473
0.02423643320798874 0.7020772695541382 -0.5002999305725098
0.46409767866134644 0.641685962677002 -0.2447560429573059
-1.5108087062835693 0.875873327255249 0.7730599045753479
-0.23080474138259888 0.7737648487091064 1.751374363899231
-1.087213158607483 0.8685150146484375 -0.545577347278595
-0.6958884000778198 1.1261780261993408 1.6634235382080078
0.2592924237251282 0.7378068566322327 1.432877779006958
0.4783168435096741 0.6477976441383362 0.6475930213928223
-0.029163096100091934 1.2113940715789795 1.612406611442566
0.5554834008216858 0.900054931640625 0.8491197228431702
-1.5465883016586304 0.656845211982727 0.7399967908859253
-0.8476718068122864 0.7157621383666992 1.6073250770568848
-1.3111441135406494 0.5545936226844788 0.12481334060430527
-0.2471047341823578 1.0755081176757812 1.5936239957809448
-0.48060154914855957 0.9550060629844666 1.8076001405715942
0.31895190477371216 1.0221275091171265 -0.3554877042770386
-1.545474648475647 0.926889181137085 0.2777147889137268
-0.027862457558512688 0.2927717864513397 0.23444676399230957
-1.4521619081497192 0.9140079021453857 -0.1256217360496521
-1.4166910648345947 0.6801877021789551 0.987454354763031
-1.6313552856445312 1.4307831525802612 0.8993708491325378
-0.6235165596008301 0.8590307235717773 -0.6499028205871582
-1.7115672826766968 1.4408597946166992 0.3483608365058899
-2.0909478664398193 1.4212759733200073 0.45647531747817993
0.27148938179016113 0.7012388110160828 -0.30116164684295654
-0.10654909908771515 0.5522385835647583 1.2074906826019287
-0.3519717752933502 0.284606397151947 0.5023020505905151
-1.3194843530654907 0.579500675201416 0.8560274243354797
0.5717506408691406 0.7141630053520203 0.7569475769996643
0.388364315032959 0.7778482437133789 1.2186198234558105
-1.2359944581985474 0.949585497379303 1.1492825746536255
-1.835020661354065 1.4248443841934204 0.657633364200592
-0.5977398753166199 0.6902252435684204 1.6238750219345093
0.28248271346092224 1.388363242149353 0.16676029562950134
-1.871021032333374 1.4439154863357544 0.1638832986354828
-1.0655406713485718 0.6686355471611023 0.8245065212249756
-0.7060673236846924 0.9428824186325073 1.35184645652771
-0.4604783058166504 1.212802529335022 1.3060734272003174
-0.5029829740524292 0.8788009881973267 1.5150693655014038
-0.025448400527238846 0.5267452001571655 0.9436382055282593
0.5456362366676331 0.8718540072441101 0.21939677000045776
-2.1992087364196777 1.412838339805603 0.212772935628891
0.5062243938446045 1.2805826663970947 0.3826960325241089
-0.3488602340221405 0.697819709777832 1.489834189414978
0.03069555200636387 0.7119206786155701 1.4881500005722046
-0.6496385931968689 0.284606397151947 0.5446362495422363
-0.9905698299407959 0.8826637864112854 1.4151332378387451
0.39826542139053345 1.235277771949768 0.5700773000717163
-0.20564034581184387 0.9811305999755859 -0.6054033637046814
-1.1140891313552856 0.6786894798278809 1.2013276815414429
-1.1582882404327393 0.6998994946479797 0.39861026406288147
0.030610322952270508 1.3965537548065186 -0.09305652230978012
-0.12096166610717773 1.370897889137268 -0.19741162657737732
0.25100138783454895 1.383941411972046 -0.13068224489688873
-0.8400901556015015 0.7572364211082458 -0.40906423330307007
-0.28563013672828674 1.440596342086792 -0.3422324061393738
-1.2513492107391357 0.7014841437339783 -0.1750216782093048
-1.0188899040222168 0.742530107498169 -0.014611292630434036
-0.9898466467857361 0.8629418015480042 1.1641602516174316
-0.38453230261802673 0.7971229553222656 -0.2943672239780426
-1.352783203125 0.7810080647468567 0.0524054691195488
0.15950442850589752 1.1348576545715332 0.1250399351119995
-0.41640999913215637 1.2902026176452637 -0.399395614862442
0.20177146792411804 1.1984074115753174 0.8393726944923401
0.12696664035320282 1.0272986888885498 1.3657033443450928
0.04484661668539047 1.097678780555725 -0.23361261188983917
-1.4627617597579956 0.6765655279159546 0.5134679675102234
-0.6499462723731995 1.1059197187423706 -0.5438408255577087
-0.04269576072692871 0.7361745834350586 1.3204842805862427
-0.9206832051277161 0.5569003224372864 -0.08351853489875793
-0.3391872048377991 0.3475914001464844 0.2037235051393509
-0.585101306438446 0.6288146376609802 1.2866634130477905
-0.11610504984855652 0.6380745768547058 -0.3967960774898529
-0.688450276851654 0.7725570201873779 1.3300610780715942
-1.034301996231079 0.631070077419281 1.0655888319015503
-1.084922194480896 0.8484312891960144 -0.29942092299461365
-1.1989450454711914 0.5499638915061951 0.6252046227455139
0.3333715498447418 0.6110239028930664 0.4719717502593994
-0.15773873031139374 1.0813918113708496 -0.23048734664916992
-0.7119001150131226 0.7406567335128784 -0.2315812110900879
-0.5426087379455566 0.40185117721557617 0.876533031463623
-0.2092019021511078 0.8839497566223145 -0.415372371673584
-0.19283108413219452 0.974075436592102 1.38295316696167
-1.0541194677352905 0.6135715842247009 0.23507076501846313
0.09632744640111923 0.8559464812278748 -0.27080413699150085
-0.625150740146637 0.5412028431892395 -0.23766747117042542
0.15988582372665405 0.7794517874717712 1.0813016891479492
-0.8153819441795349 0.5362812280654907 1.014914870262146
0.11264001578092575 0.7924703359603882 -0.09165456891059875
0.4804406762123108 0.9575098752975464 0.5365739464759827
0.33689767122268677 0.6659293174743652 0.03802351653575897
0.30281081795692444 0.9259568452835083 0.23380208015441895
0.058086100965738297 1.0281742811203003 1.1452170610427856
-0.2896960973739624 0.9041637182235718 1.251293659210205
0.3461148738861084 0.8958438038825989 0.7635852098464966
0.3097682595252991 0.6202662587165833 0.9970288276672363
0.3979799747467041 0.8510889410972595 1.0066745281219482
0.3980931043624878 0.8601020574569702 -0.02802765741944313
-0.18686655163764954 0.6922467350959778 -0.23293107748031616
-0.7765787839889526 0.5550299286842346 0.16074858605861664
0.006959676742553711 0.5910685658454895 -0.13538780808448792
0.17332185804843903 0.735417366027832 0.8246044516563416
0.4819374680519104 0.6777877807617188 0.35316139459609985
-0.5348876714706421 0.8025348782539368 -0.4368005096912384
-0.7783833742141724 0.6719179153442383 0.5846742391586304
-0.5330442190170288 0.5305397510528564 0.5323218703269958
-0.3771722912788391 0.7035545110702515 1.2764555215835571
-0.5192566514015198 0.5777158737182617 0.2164793163537979
-0.039716675877571106 0.8120319843292236 1.0929408073425293
0.0025054030120372772 0.6262969374656677 0.25956279039382935
-0.9524688720703125 0.4965774118900299 0.4544985890388489
0.3349623680114746 0.8170291781425476 0.4890386164188385
-0.05045454576611519 0.45727238059043884 0.2522505223751068
-0.7527537941932678 0.48633915185928345 0.4951203763484955
-0.3730924129486084 0.607850968837738 1.0900517702102661
0.11641760170459747 0.5290973782539368 0.6022558212280273
-0.4509931802749634 0.5446706414222717 -0.07819586992263794
-0.032668959349393845 0.7667482495307922 0.08656716346740723
-0.2785950005054474 0.6862174272537231 -0.0013102367520332336
-0.15178804099559784 0.5371320247650146 0.6669878363609314
0.20041516423225403 0.7070798277854919 0.1596733182668686
-1.1911540031433105 0.8586422204971313 0.16198821365833282
-0.3412027359008789 0.9828380346298218 0.9158666133880615
-0.7543812990188599 0.6987664699554443 0.31620845198631287
-0.6863401532173157 0.6667932271957397 0.85763019323349
-1.1050251722335815 0.8321177959442139 0.780674934387207
-0.4131333827972412 0.8451278805732727 0.7454559206962585
-1.1829688549041748 0.7881843447685242 0.5714011192321777
-0.19341036677360535 0.8453217148780823 0.3513326644897461
-0.0123787522315979 0.7055711150169373 0.7008013129234314
-0.5531344413757324 0.7586172819137573 0.682300865650177
-0.7924001216888428 0.8179895281791687 -0.11209511756896973
-0.3323213756084442 0.6919938921928406 0.9791997671127319
-0.49671944975852966 1.0145151615142822 0.08412882685661316
-1.4479502439498901 1.0552787780761719 0.6425463557243347
-0.3746448755264282 0.8318566679954529 0.22825995087623596
-0.49191516637802124 0.7009527683258057 0.3953366279602051
-1.2597064971923828 1.1331276893615723 -0.0671725645661354
-0.6264881491661072 1.1325207948684692 0.8636949062347412
-0.10537873953580856 0.6804305911064148 0.41273579001426697
-0.5493935346603394 1.1108697652816772 -0.3290494382381439
-0.7457350492477417 0.8824152946472168 0.7949038743972778
-0.9389410018920898 1.1594219207763672 -0.26201266050338745
-0.21711017191410065 0.8451269268989563 0.5985826849937439
-0.40162575244903564 0.6443413496017456 0.6322963833808899
-0.024246929213404655 1.1954528093338013 0.7239364385604858
-0.15208815038204193 1.053469181060791 0.2007203996181488
-0.6877085566520691 0.86809241771698 1.1121430397033691
-0.44696471095085144 1.2127140760421753 0.607580304145813
-0.910925567150116 1.0810790061950684 0.8880831003189087
-1.4073100090026855 1.0959669351577759 0.2828892469406128
-0.37076959013938904 0.863345742225647 -0.09866328537464142
-0.7361158728599548 1.1375718116760254 0.6571572422981262
-0.7814148664474487 1.0118818283081055 -0.10440091788768768
-0.4217545986175537 1.147422432899475 0.8877301216125488
-0.9948105216026306 0.9287676811218262 0.8330262303352356
-1.2378535270690918 1.0531494617462158 0.4458006024360657
-0.5998104214668274 0.7898595929145813 0.16684304177761078
-1.0262038707733154 0.9713771939277649 0.12577205896377563
-0.3606274425983429 1.1416698694229126 0.07988302409648895
-0.6687056422233582 1.0620543956756592 0.11938855051994324
0.026693284511566162 1.2049108743667603 0.37886226177215576
0.02194485440850258 1.0895589590072632 0.5106006860733032
-0.10796205699443817 1.0049479007720947 0.7525469064712524
-0.20258355140686035 1.2462905645370483 0.4507818818092346
-0.24611994624137878 3.3146865367889404 0.4847380518913269
-0.5170689821243286 1.1860520839691162 0.29569029808044434
-1.1335469484329224 1.0700106620788574 0.6729294657707214
-0.1861436665058136 1.2189401388168335 0.21109426021575928
-0.8317371010780334 1.0931230783462524 0.414890319108963
0.03711807355284691 2.7033843994140625 0.47492673993110657
-0.7168103456497192 1.1281335353851318 0.2402331829071045
-0.8702900409698486 1.0327008962631226 0.10511857271194458
-0.210887610912323 1.2084910869598389 0.8002509474754333
-1.0946468114852905 1.09393310546875 0.28111913800239563
-0.9590092897415161 1.0754203796386719 0.575332522392273
-0.2583911716938019 2.671090841293335 0.8551668524742126
-0.2854735553264618 2.730224609375 0.3539387285709381
-0.33691248297691345 2.620459794998169 0.6180365681648254
0.11622579395771027 2.8382205963134766 0.3485955595970154
-0.5700390934944153 3.1924219131469727 0.2590142786502838
-0.6558610200881958 3.414247751235962 0.6240671277046204
-0.12464363127946854 2.64682936668396 0.7753881216049194
0.056254446506500244 2.8010077476501465 0.9016386270523071
0.03579965606331825 2.6741976737976074 0.713587760925293
0.1670016050338745 2.7658498287200928 0.6416150331497192
-0.13782306015491486 2.6455109119415283 0.4934938848018646
-0.4089090824127197 2.7418384552001953 0.9224458336830139
-0.2230565994977951 2.8683972358703613 1.0522407293319702
-0.4863430857658386 2.711040735244751 0.5658113956451416
-0.1428978592157364 2.799283742904663 0.2490687519311905
-0.6516467332839966 2.933957576751709 0.4766619801521301
-0.5732458233833313 2.8453612327575684 0.8996878266334534
0.2634175717830658 2.918705701828003 0.615598201751709
-0.4790548086166382 2.7826147079467773 0.3669433891773224
-0.6129087209701538 2.7802352905273438 0.6713153123855591
-0.6892405152320862 2.9828081130981445 0.7987741827964783
-0.23089946806430817 2.965510845184326 0.16320712864398956
-0.004556999541819096 3.0156750679016113 0.1670752316713333
-0.015613441355526447 2.9296772480010986 1.0214028358459473
-0.4763540029525757 2.965726852416992 0.25363460183143616
0.2764635384082794 3.1241281032562256 0.5392634272575378
-0.288930207490921 3.2026870250701904 1.0774608850479126
0.003843850689008832 3.291248321533203 0.21457873284816742
-0.10051701217889786 3.425196409225464 0.38349464535713196
-0.7203760147094727 3.1668553352355957 0.48811036348342896
0.18343259394168854 3.05794095993042 0.31047284603118896
-0.534307599067688 3.2942776679992676 0.9332414269447327
0.146895170211792 3.0685532093048096 0.8890342712402344
-0.6921529173851013 3.1785552501678467 0.8085220456123352
-0.3248402774333954 3.2256410121917725 0.1387336701154709
0.6181405782699585 4.746861934661865 0.10213229060173035
-0.15131652355194092 3.5799503326416016 0.8776295185089111
-0.0781855657696724 3.231513500213623 0.9644467830657959
0.1999218612909317 3.2802321910858154 0.6597973108291626
-0.5538968443870544 3.7139039039611816 0.5603756904602051
-0.4451494514942169 2.995738983154297 1.0464458465576172
0.02476010099053383 3.4191067218780518 0.7031947374343872
-0.4229764938354492 3.631868362426758 0.33496716618537903
-0.5369930267333984 3.433384418487549 0.3253529369831085
-0.45781198143959045 3.989687204360962 0.5307016968727112
-1.0168325901031494 5.478774547576904 1.0370240211486816
-0.38815534114837646 3.4544477462768555 0.914958655834198
-0.4578897953033447 3.6916556358337402 0.8284897804260254
0.6322216391563416 4.74025821685791 0.17673657834529877
-0.29124972224235535 4.391586780548096 0.627434492111206
-0.042776335030794144 3.6273252964019775 0.4207254946231842
-0.5141807198524475 5.775030136108398 -0.46197783946990967
-0.29159462451934814 3.9220526218414307 0.8401841521263123
0.564607560634613 4.7017822265625 0.11253923177719116
-0.3582347631454468 4.115388870239258 0.8936895728111267
-0.2695125937461853 3.9439148902893066 0.45458006858825684
-0.11483781039714813 3.9577102661132812 0.5580295920372009
-0.516619086265564 5.787428855895996 -0.2779579758644104
-0.23275989294052124 4.7122955322265625 0.9266939163208008
0.49430349469184875 4.85828971862793 0.09062150120735168
-0.5030248761177063 4.110977649688721 0.7220878601074219
-1.0060495138168335 5.405179977416992 1.1115440130233765
-0.730908989906311 5.698019027709961 -0.49553218483924866
-0.09155489504337311 3.762977361679077 0.707576334476471
-0.4458410143852234 4.508363723754883 0.955973744392395
0.48380669951438904 4.927626132965088 0.12133658677339554
-0.8532069325447083 5.697599411010742 -0.3484354019165039
-0.8871256709098816 5.798025131225586 -0.5227216482162476
-0.5093572735786438 4.3482255935668945 0.7687153220176697
-0.18254026770591736 4.3031840324401855 0.7653692364692688
-0.05429539084434509 6.3015642166137695 0.7889688014984131
-1.048193097114563 5.441079139709473 1.066731572151184
-0.6679863333702087 5.668582916259766 -0.3440222144126892
-1.0563850402832031 5.392915725708008 1.1219698190689087
-0.1391083002090454 6.1111555099487305 0.8589833974838257
-0.3293045163154602 4.454276084899902 1.0118907690048218
-0.4026375710964203 6.054800033569336 0.6009701490402222
-0.2412426620721817 6.068544864654541 0.5405048131942749
-0.740657389163971 5.911474227905273 -0.6330533623695374
-0.18767568469047546 4.4690351486206055 0.9458571672439575
-0.20715267956256866 6.025383949279785 0.6924427151679993
-0.7891100645065308 5.7202372550964355 -0.20010066032409668
-0.32842716574668884 4.709316253662109 1.0090527534484863
-0.948360025882721 5.985673904418945 -0.46663883328437805
0.2768036723136902 7.2889604568481445 0.2296265959739685
0.17853832244873047 6.972908973693848 0.2983960807323456
-0.5130791068077087 5.9296088218688965 -0.5318359136581421
-0.5201469659805298 6.158834457397461 0.6811981797218323
-0.6380637288093567 5.810086727142334 -0.142935648560524
-0.5785393714904785 7.679001808166504 0.33254846930503845
0.39615368843078613 7.102785587310791 0.3226534128189087
-0.16489169001579285 6.1645612716674805 0.48938435316085815
-0.39655423164367676 6.3702802658081055 0.5232372283935547
-0.14091335237026215 6.369009017944336 0.5001787543296814
0.11512768268585205 7.0294060707092285 0.27330297231674194
-0.36450666189193726 6.049678325653076 0.7862962484359741
-0.8998630046844482 5.932280540466309 -0.1983947902917862
-1.151220440864563 7.348459720611572 0.21173059940338135
-0.6897407174110413 7.1820902824401855 0.5952063202857971
-0.30432477593421936 6.089208602905273 0.928533136844635
-0.8693528771400452 7.127871036529541 0.27320870757102966
-0.2456045150756836 6.441349506378174 0.865195631980896
0.17581039667129517 6.9215545654296875 0.1357704997062683
-0.494058221578598 6.23137092590332 0.8839462399482727
-1.0258060693740845 7.277588844299316 0.6726242899894714
-0.6052396297454834 7.216313362121582 0.39541134238243103
-0.6239290237426758 7.3111114501953125 0.6679322719573975
-0.9060368537902832 7.187942981719971 0.15743154287338257
0.45308250188827515 7.12666654586792 0.22812068462371826
-0.974111020565033 7.319299221038818 0.0840090662240982
0.2655952274799347 6.935741901397705 0.20304875075817108
0.34690147638320923 6.968958854675293 0.12259075045585632
-1.1915547847747803 7.323657035827637 0.5054084658622742
-0.5196887254714966 7.595202922821045 0.585799515247345
-0.809351921081543 7.127312183380127 0.4070271849632263
-1.0825517177581787 7.170968532562256 0.3239613473415375
-0.6329528093338013 7.463361740112305 0.24908721446990967
-1.158185601234436 7.958046913146973 0.49485012888908386
-0.5214802622795105 7.512599468231201 0.4471355974674225
-1.1466376781463623 7.622752666473389 0.1693645417690277
-1.1654994487762451 7.825260639190674 0.3197602331638336
-1.142005443572998 7.648071765899658 0.38962703943252563
-0.9043475985527039 7.591259956359863 0.768022894859314
-1.1048495769500732 7.576591491699219 0.6025798320770264
-0.8593373894691467 7.578007221221924 0.08757898956537247
-0.9227967262268066 7.131445407867432 0.5012182593345642
-0.9477427005767822 7.482175350189209 0.7276196479797363
0.12702935934066772 8.49869155883789 0.617114782333374
-0.8869363069534302 7.976118564605713 0.684663712978363
-1.0552935600280762 8.071921348571777 0.3447074294090271
-0.02412099577486515 8.544718742370605 0.4059451222419739
-0.7582594156265259 7.910409450531006 0.3180558979511261
0.11420365422964096 8.488778114318848 0.5571703910827637
0.35057976841926575 8.62035083770752 0.6947228908538818
0.30522310733795166 8.561417579650879 0.46440911293029785
0.4059249460697174 8.728190422058105 0.3825419545173645
-0.9476603269577026 8.194443702697754 0.32189610600471497
-0.6029137372970581 7.617092609405518 0.7060475945472717
-0.5955380201339722 8.068117141723633 0.42432692646980286
0.1172376275062561 8.621676445007324 0.23522430658340454
0.2704523801803589 8.610597610473633 0.29229503870010376
-0.7940859794616699 7.925355911254883 0.6341322660446167
-0.5990368723869324 8.49201488494873 0.3552403151988983
-0.03244900703430176 8.63323974609375 0.6960543394088745
0.25207093358039856 8.958013534545898 0.12407349795103073
-0.1524450033903122 8.726618766784668 0.40387436747550964
-0.5777261257171631 8.515849113464355 0.22663205862045288
-0.8165043592453003 8.510050773620605 0.296426385641098
-0.7079992294311523 8.515419960021973 0.4063616693019867
0.1834726780653 8.690628051757812 0.7917960286140442
0.3835466504096985 8.956546783447266 0.45226824283599854
0.19601960480213165 8.885978698730469 0.772624671459198
-0.7246800065040588 8.789007186889648 0.4012904167175293
-0.030090074986219406 8.9169340133667 0.6920863389968872
-0.6926403641700745 8.624566078186035 0.036103203892707825
-0.04659125953912735 8.845880508422852 0.2904382348060608
-0.8680696487426758 8.703080177307129 0.19875265657901764
0.019481884315609932 9.37605094909668 0.16610370576381683
0.12703442573547363 9.43360424041748 0.1425657570362091
-0.03536612540483475 9.125995635986328 0.44740742444992065
-0.9086166620254517 8.820517539978027 0.1545439064502716
-0.04174291342496872 9.569866180419922 1.1903407573699951
0.21869122982025146 9.635575294494629 1.2355958223342896
-0.14720530807971954 9.692927360534668 1.0375255346298218
0.019520165398716927 9.051776885986328 0.6424628496170044
0.055886123329401016 9.608671188354492 1.309829592704773
-0.043234821408987045 9.526981353759766 1.0658092498779297
-0.7776288390159607 8.937080383300781 0.1624028980731964
0.32584089040756226 9.013325691223145 0.2565549612045288
-0.9318950772285461 10.26417350769043 0.9711723327636719
0.10008271783590317 9.484328269958496 -0.12281307578086853
-0.567935585975647 8.825627326965332 0.08791258931159973
0.014791440218687057 9.456439971923828 1.119335412979126
-1.3444995880126953 9.883145332336426 -0.3071913421154022
-0.024769937619566917 9.478228569030762 -0.07539938390254974
-0.8272021412849426 10.182955741882324 0.984524667263031
0.04163876175880432 9.787641525268555 1.406131386756897
0.09482161700725555 9.519545555114746 -0.19132865965366364
0.09341564774513245 9.344298362731934 0.4760591685771942
0.1431305855512619 9.691999435424805 -0.24441882967948914
0.38543668389320374 9.67385482788086 0.5636631846427917
-0.8487403392791748 10.285246849060059 1.0163321495056152
0.24698738753795624 9.749418258666992 -0.27125391364097595
0.3126014173030853 9.738661766052246 1.0931133031845093
0.15454107522964478 9.89598560333252 0.9750966429710388
0.02980191633105278 9.716842651367188 -0.2750474512577057
-1.0262260437011719 10.384528160095215 0.7638847827911377
0.016299212351441383 9.941010475158691 1.2750418186187744
-0.7664073705673218 10.390141487121582 1.118953824043274
-1.0517539978027344 10.257732391357422 0.8066777586936951
-1.170240879058838 10.618117332458496 0.7058438658714294
-1.1486338376998901 10.42554759979248 0.6254134774208069
0.20686501264572144 10.054718017578125 1.0207130908966064
0.3849056363105774 10.436553955078125 0.6421340703964233
0.3110487163066864 10.444334983825684 0.602080225944519
-0.8269314765930176 10.406481742858887 1.175502896308899
-1.1097400188446045 10.320842742919922 0.9425421953201294
-0.8928112387657166 10.574118614196777 0.607750654220581
0.21316853165626526 10.642520904541016 0.58753502368927
0.05578198283910751 10.019559860229492 1.1157941818237305
-1.1033287048339844 10.537006378173828 0.5492289066314697
0.2285483032464981 10.354743957519531 0.8135185241699219
-1.1345250606536865 10.673629760742188 0.5135861039161682
-0.08618015050888062 10.67005443572998 -0.1919270157814026
-0.13763508200645447 10.85582447052002 -0.22985580563545227
0.1968955397605896 10.66193962097168 0.6387816667556763
0.054149430245161057 10.803956985473633 -0.24462784826755524
-0.8326255679130554 10.648938179016113 0.8767048716545105
-0.14296947419643402 10.766708374023438 -0.2598316967487335
-0.04168245568871498 10.797808647155762 -0.3027155101299286
-0.6551518440246582 10.812442779541016 1.1373990774154663
-1.2496893405914307 11.136411666870117 -0.29314491152763367
-1.1788743734359741 10.818255424499512 0.7157528400421143
-0.889499843120575 10.852787971496582 0.8748855590820312
0.07318732142448425 11.044476509094238 1.3383759260177612
-0.10509002208709717 10.89167308807373 -0.07046715915203094
0.3545514643192291 10.754734992980957 0.6189348697662354
-0.5541194081306458 10.990047454833984 1.188655972480774
-0.8230782151222229 10.88610553741455 0.7474417090415955
-0.5958727598190308 10.998356819152832 1.234876036643982
-0.2769991159439087 11.16618537902832 0.02402227371931076
0.0835796520113945 10.986732482910156 -0.3714291751384735
-0.5268917083740234 11.084667205810547 1.27607262134552
-0.2079290747642517 11.150360107421875 -0.09997709095478058
-1.2401055097579956 11.152992248535156 0.6438071131706238
-0.09294862300157547 11.1727294921875 0.8233938813209534
-1.2176653146743774 11.139259338378906 0.7069947719573975
-1.2589067220687866 11.25843620300293 -0.2635025382041931
0.15295542776584625 11.247633934020996 -0.33987948298454285
-0.44693371653556824 11.279597282409668 0.4764559864997864
-1.2335608005523682 11.326594352722168 -0.3243173360824585
-0.5058348774909973 11.3557767868042 1.2008960247039795
-0.28562426567077637 11.367791175842285 0.9113216996192932
0.0025308942422270775 11.331704139709473 0.5528630614280701
-1.2165032625198364 11.42264175415039 0.3044961094856262
0.3017560541629791 11.394165992736816 0.6199895143508911
0.41756173968315125 11.458667755126953 0.5983867645263672
0.11841049790382385 11.46656322479248 0.5846610069274902
-0.7054884433746338 11.40005874633789 1.1536259651184082
-0.24354630708694458 11.461174011230469 0.291729211807251
-0.6472738981246948 11.493069648742676 -0.04211421310901642
0.5526513457298279 11.502716064453125 -0.1068093478679657
-0.05921221151947975 11.483428955078125 1.3236688375473022
-0.10794827342033386 11.542305946350098 0.07306425273418427
-0.3004245162010193 11.546642303466797 -0.02012670412659645
-1.2709481716156006 11.54863166809082 -0.05897773802280426
-0.8697022199630737 11.570033073425293 1.356373906135559
-0.7060866951942444 11.571200370788574 1.3591248989105225
-1.033144235610962 11.57966136932373 0.6787663698196411
