1034
-2.386474370956421 0.2846062183380127 1.5953435897827148
-2.3863744735717773 0.2845063805580139 -0.7579317092895508
-2.3863744735717773 0.5535789728164673 0.6361024975776672
0.9210299253463745 0.5762315988540649 -0.8544245362281799
-2.1151270866394043 0.284606397151947 0.02490086667239666
-1.3421955108642578 0.2845063805580139 -1.2053003311157227
-0.4423821270465851 0.284606397151947 0.9075083136558533
-0.9519142508506775 0.284606397151947 -0.9226549863815308
-0.9599943161010742 0.2845063805580139 -1.2052983045578003
0.9210305213928223 0.2845063805580139 -1.2053391933441162
-2.3863744735717773 0.2845063805580139 -0.26578330993652344
-2.38637638092041 0.2845063805580139 0.26609039306640625
-2.3863744735717773 0.2845063805580139 -0.501225471496582
-1.8025999069213867 0.2845063805580139 2.141206741333008
-2.38637638092041 0.2845063805580139 -0.016626358032226562
-2.386474609375 0.28460657596588135 0.6759448051452637
0.6514275074005127 0.28460633754730225 -1.2053992748260498
-0.5562487244606018 0.2845063805580139 -1.2052980661392212
-2.1614959239959717 0.284606397151947 1.332956075668335
0.13016605377197266 0.2845063805580139 2.141206741333008
0.9210294485092163 0.2845063805580139 -0.8918046355247498
0.9210317134857178 0.2845063805580139 -0.7361173629760742
-2.386373519897461 0.2845063805580139 0.12948131561279297
-1.5449304580688477 0.284606397151947 1.8591041564941406
-0.430217444896698 0.2845063805580139 -1.2052979469299316
-2.3690834045410156 0.2845063805580139 2.141207695007324
-2.3863754272460938 0.2845063805580139 -0.13639545440673828
0.9210295677185059 0.2845063805580139 -0.9948424100875854
-2.1306440830230713 0.284606397151947 1.6891038417816162
-1.0938630104064941 0.2845063805580139 -1.205295443534851
0.9210281372070312 0.2845063805580139 1.3601341247558594
0.9210300445556641 0.5369189977645874 1.5177770853042603
-1.8922468423843384 0.284606397151947 1.6920710802078247
-2.3863744735717773 0.5710134506225586 1.7523590326309204
-2.1791181564331055 0.28460609912872314 2.141308307647705
0.9211299419403076 0.2846066951751709 -0.6782970428466797
-2.3863744735717773 0.2845063805580139 -0.6299886703491211
0.9211091995239258 0.28460657596588135 -1.2053993940353394
-2.38637638092041 0.2845063805580139 -0.8716840744018555
-1.9425280094146729 0.2846062183380127 2.141308307647705
0.9211300611495972 0.28460657596588135 0.8820950984954834
-1.4534471035003662 0.2846064567565918 -1.2053985595703125
0.23859773576259613 0.284606397151947 1.5234959125518799
-0.5896261930465698 0.284606397151947 -0.9365865588188171
0.3930612802505493 0.2845063805580139 -1.2052993774414062
-2.386474370956421 0.28459620475769043 2.141207695007324
-2.084135055541992 0.284606397151947 0.9240952134132385
-0.43307676911354065 0.284606397151947 -0.7522482872009277
-2.3863751888275146 0.590991735458374 -1.2053983211517334
-2.386474609375 0.3068768382072449 -1.2052981853485107
-1.699616551399231 0.284606397151947 -0.5371528267860413
-1.4878911972045898 0.284606397151947 -0.9118685722351074
-2.386474370956421 0.2846064567565918 1.6867494583129883
-1.9814647436141968 0.284606397151947 -0.6837148666381836
0.9211301207542419 0.2846064567565918 2.039905548095703
-1.9332900047302246 0.284606397151947 1.330138087272644
0.3402528464794159 0.284606397151947 -0.9109776616096497
-1.5358614921569824 0.2846066951751709 -1.2053985595703125
-2.3863754272460938 0.2845063805580139 0.5203886032104492
-1.6638695001602173 0.284606397151947 -0.7246800065040588
-0.0841057151556015 0.284606397151947 -1.0100345611572266
-1.2151662111282349 0.284606397151947 -0.9433739185333252
-1.8807125091552734 0.2846062183380127 -1.205398440361023
-2.386467933654785 0.2845063805580139 -1.2052984237670898
0.9211300611495972 0.2846065163612366 1.773188591003418
-2.3863754272460938 0.2845063805580139 1.794785499572754
-2.0145504474639893 0.284606397151947 1.851684808731079
0.9211300611495972 0.2846064567565918 1.108685851097107
-0.12412172555923462 0.28460636734962463 2.141308307647705
-2.38637638092041 0.2845063805580139 -0.37986278533935547
0.543665885925293 0.2845063805580139 2.141206741333008
0.9211091995239258 0.2845063805580139 2.1412086486816406
-2.3863773345947266 0.2845063805580139 1.4842357635498047
0.9211300611495972 0.284606397151947 1.6780942678451538
0.6303282380104065 0.284606397151947 1.8188060522079468
-1.2232387065887451 0.2846062183380127 -1.205398678779602
-1.9550923109054565 0.284606397151947 -0.15081726014614105
0.9211300611495972 0.2846064567565918 1.461337924003601
0.9210309982299805 0.2845063805580139 1.5726118087768555
-1.836982250213623 0.284606397151947 1.1795698404312134
-2.0938146114349365 0.284606397151947 0.6937597990036011
-1.3282227516174316 0.2846078872680664 2.141308307647705
0.9211299419403076 0.2846066951751709 -0.5874960422515869
0.9210834503173828 0.2845063805580139 2.1412057876586914
-2.3863744735717773 0.2845063805580139 0.932368278503418
-1.7745354175567627 0.2846064567565918 -1.2053985595703125
-1.3290510177612305 0.284606397151947 -0.7967543005943298
0.9210309982299805 0.2845063805580139 1.8767719268798828
0.2485562264919281 0.826326847076416 2.1412081718444824
-0.36941125988960266 0.2846064269542694 2.141308307647705
-0.011369824409484863 0.28460633754730225 -1.2053990364074707
-1.679835319519043 0.2846064567565918 -1.2053985595703125
-1.9477031230926514 0.284606397151947 -0.9469550251960754
-2.386474370956421 0.2846064567565918 0.7832732200622559
-1.7901018857955933 0.5874094367027283 -1.2052985429763794
0.5769214630126953 0.284606397151947 0.3955923914909363
-1.442605972290039 0.2845063805580139 2.141206741333008
-2.0063228607177734 0.3569025695323944 -1.2052984237670898
-0.6560721397399902 0.2846078872680664 2.141308307647705
-2.3863723278045654 0.682836651802063 2.141308307647705
-2.3863754272460938 0.2845063805580139 1.3138236999511719
-0.769700288772583 0.2846062183380127 2.141308307647705
0.9211300015449524 0.2846064567565918 0.6503301858901978
-2.386474370956421 0.2846064567565918 1.9132206439971924
-2.0764334201812744 0.284606397151947 1.1365039348602295
0.9211300015449524 0.28460657596588135 0.040894508361816406
-2.3582563400268555 0.2845063805580139 -1.2052984237670898
-2.3863744735717773 0.5021839737892151 1.235019564628601
-0.6979012489318848 0.28460633754730225 -1.2053987979888916
-0.8812658786773682 0.2846081256866455 2.141308307647705
0.6711727976799011 0.28460636734962463 2.141308307647705
-2.3863744735717773 0.2845063805580139 1.182992935180664
-0.9152673482894897 0.284606397151947 1.74382746219635
-2.3863744735717773 0.8321279883384705 -1.1930903196334839
0.9210309982299805 0.2845063805580139 0.12436053901910782
-2.109602689743042 0.284606397151947 0.4742317795753479
-1.6932425498962402 0.28460800647735596 2.141308307647705
-2.3863744735717773 0.2845063805580139 -1.0026264190673828
-2.141861915588379 0.2845063805580139 -1.2052984237670898
-2.386474370956421 0.2846066951751709 1.0584430694580078
0.9210299849510193 0.5672086477279663 -0.5647588968276978
-0.5271889567375183 0.284606397151947 1.8663312196731567
-1.2868084907531738 0.284606397151947 1.8868359327316284
-1.7108067274093628 0.284606397151947 -0.9443307518959045
-2.135526418685913 0.284606397151947 -0.8529358506202698
-2.1586859226226807 0.284606397151947 -0.21810424327850342
-1.772987723350525 0.284606397151947 1.8606303930282593
-0.8965494632720947 0.2845063805580139 -1.205295443534851
-2.0138959884643555 0.2845063805580139 -1.2052984237670898
0.09555957466363907 0.6042548418045044 -1.2052991390228271
0.41382503509521484 0.2845063805580139 2.141207695007324
0.9211299419403076 0.7753973007202148 -1.2052991390228271
-1.570050835609436 0.2846059799194336 2.141308307647705
-2.3243978023529053 0.903616189956665 -1.2052984237670898
-2.0444421768188477 0.2846100330352783 2.141308307647705
-0.3500460982322693 0.2845063805580139 -1.2053008079528809
0.9210309982299805 0.2845063805580139 1.2247209548950195
0.6028103232383728 0.284606397151947 -0.17833347618579865
0.9211299419403076 0.5370962619781494 -1.2052996158599854
-1.9029533863067627 0.284606397151947 0.5966119766235352
0.9211300015449524 0.2846062183380127 -0.25272274017333984
0.2658200263977051 0.2845063805580139 -1.205297589302063
-0.8224895000457764 0.2845063805580139 -1.2052981853485107
-0.01125335693359375 0.2845063805580139 2.141207695007324
-0.27539801597595215 0.2845063805580139 -1.2052969932556152
0.8256630897521973 0.28460627794265747 -1.2053992748260498
0.5579265356063843 0.284606397151947 -0.9448440670967102
-0.7593340277671814 0.284606397151947 1.8673992156982422
0.9211300015449524 0.28460657596588135 0.253009557723999
-1.078528642654419 0.2846059799194336 2.141308307647705
0.28058579564094543 0.2846064269542694 2.141308307647705
0.4476214647293091 0.284606397151947 1.1866958141326904
0.12056553363800049 0.2845063805580139 -1.2052977085113525
-2.2818586826324463 0.9020837545394897 2.1412081718444824
-1.5686365365982056 0.5811120271682739 -1.205298662185669
0.9210302829742432 0.2845063805580139 0.5547354221343994
-0.27932751178741455 0.284606397151947 1.6195422410964966
-1.9103574752807617 0.31043803691864014 2.1408350467681885
-0.5714290142059326 0.49631166458129883 -1.205298900604248
0.5282833576202393 0.2845063805580139 -1.2053003311157227
0.4092846214771271 0.284606397151947 1.858608365058899
-0.582768440246582 0.2845063805580139 2.141207695007324
-0.4957970380783081 0.2846064567565918 2.141308307647705
0.46852970123291016 0.2846062183380127 -1.2053991556167603
-0.08565622568130493 0.284606397151947 0.7455150485038757
0.6563118696212769 0.284606397151947 -0.3600285053253174
0.18719148635864258 0.2846064567565918 -1.2053991556167603
-0.022586237639188766 0.284606397151947 0.11304916441440582
-1.2050626277923584 0.2846062183380127 2.141308307647705
-0.1248052567243576 0.284606397151947 1.8788002729415894
0.9211300015449524 0.2846066951751709 -0.05684232711791992
0.9211300611495972 0.2846064567565918 0.7863465547561646
0.12175416201353073 0.284606397151947 -0.9063637852668762
0.9211300015449524 0.2846066951751709 -0.48262619972229004
-1.8432382345199585 0.284606397151947 0.2224414199590683
-2.386474609375 0.2846064567565918 0.3993656635284424
0.9210301637649536 0.2845063805580139 -0.3702804744243622
0.24625572562217712 0.284606397151947 -0.5664957165718079
0.5996404886245728 0.284606397151947 1.3539223670959473
0.9211301207542419 0.32894110679626465 2.1412086486816406
-0.3065393269062042 0.284606397151947 -0.6220337748527527
-1.4745038747787476 0.284606397151947 -0.6707801222801208
-0.772926926612854 0.284606397151947 -0.8531052470207214
0.008817802183330059 0.284606397151947 1.5917080640792847
-0.034383829683065414 0.284606397151947 1.73332941532135
0.6688357591629028 0.284606397151947 -0.7898973822593689
0.9211300015449524 0.2846064567565918 0.4202442169189453
-0.3496814966201782 0.284606397151947 -0.9147914052009583
-0.10848849266767502 0.284606397151947 -0.6658324599266052
0.6297450065612793 0.284606397151947 -0.5819821953773499
-1.2779473066329956 0.284606397151947 -0.6088038086891174
-2.066291570663452 0.284606397151947 0.247041255235672
-1.889161229133606 0.284606397151947 0.7939102053642273
-1.1036909818649292 0.5289949178695679 2.1412081718444824
-2.029054641723633 0.284606397151947 1.522581696510315
0.6520265936851501 0.284606397151947 1.5881191492080688
-2.3863744735717773 0.32780689001083374 -0.5750779509544373
-2.13032865524292 0.284606397151947 -0.5849642157554626
0.9210300445556641 0.3319171071052551 1.2649346590042114
-0.006306501571089029 0.284606397151947 -0.5276215076446533
-1.8198864459991455 0.284606397151947 1.508541226387024
-2.386467933654785 0.28460609912872314 2.141308307647705
-1.7350499629974365 0.284606397151947 0.9299003481864929
0.48336610198020935 0.2846065163612366 2.141308307647705
0.9165036082267761 0.833330512046814 2.1400792598724365
-2.3863744735717773 0.7810499668121338 1.9145256280899048
-2.386474370956421 0.28460657596588135 0.857252836227417
-0.7224594354629517 0.284606397151947 -0.3234774172306061
-0.2625419497489929 0.28460636734962463 2.141308307647705
-1.8401788473129272 0.284606397151947 -0.7773810029029846
-2.3863742351531982 0.45055699348449707 -1.2053983211517334
-1.6759560108184814 0.284606397151947 1.6600804328918457
-2.3863744735717773 0.598166823387146 -0.38449332118034363
-2.3863744735717773 0.5693220496177673 -0.8323090076446533
-1.4395302534103394 0.284606397151947 1.2884999513626099
-1.3725430965423584 0.284606397151947 1.070421814918518
-2.3782918453216553 0.9367573261260986 -0.8915538787841797
-1.249104380607605 0.4910317063331604 -1.205298662185669
-2.386474609375 0.28460657596588135 0.19294416904449463
-0.5257824659347534 0.6871373653411865 -1.205298900604248
-2.0224900245666504 0.284606397151947 -0.38733938336372375
-1.8343745470046997 0.284606397151947 -0.29169508814811707
-2.3863744735717773 0.5749510526657104 1.0123342275619507
-1.9160832166671753 0.284606397151947 0.05151820182800293
-1.8677624464035034 0.284606397151947 -0.5238927006721497
-0.7552080750465393 0.284606397151947 1.6147880554199219
0.46391817927360535 0.284606397151947 -0.7238004803657532
-1.5010420083999634 0.284606397151947 -0.47132089734077454
0.9210299253463745 0.6548401713371277 -1.2053993940353394
-1.6719207763671875 0.284606397151947 1.2210978269577026
-1.9190071821212769 0.284606397151947 0.4044246971607208
0.5271457433700562 0.608712375164032 -1.2052992582321167
0.07309344410896301 0.284606397151947 -0.1554085612297058
0.20378398895263672 0.2845063805580139 2.141207695007324
0.9211300611495972 0.28460657596588135 0.9915636777877808
0.3220681846141815 0.284606397151947 0.4680907726287842
-2.2021102905273438 0.9589962363243103 -1.1896083354949951
-1.0428568124771118 0.6083619594573975 -1.2052987813949585
-0.9845954775810242 0.2846081256866455 2.141308307647705
-0.8697390556335449 0.284606397151947 -0.6813870668411255
-1.240692138671875 0.284606397151947 1.6846431493759155
-2.3863744735717773 0.5042361617088318 -0.15604791045188904
0.9210299253463745 0.40245598554611206 -1.2053993940353394
-1.7628206014633179 0.7356767058372498 2.1412081718444824
-1.0114270448684692 0.284606397151947 1.2024192810058594
-2.3863725662231445 0.5664829015731812 2.141308307647705
-1.6667392253875732 0.284606397151947 -0.2752384543418884
0.9210301041603088 0.49023815989494324 2.141308307647705
-1.4309313297271729 0.284606397151947 1.707800030708313
0.12765918672084808 0.284606397151947 0.3624457120895386
-0.9042240381240845 0.284606397151947 0.8110074996948242
-2.3863744735717773 0.7839325070381165 -0.9016311764717102
-0.9587536454200745 0.284606397151947 1.5107102394104004
-2.3863742351531982 0.7030301094055176 -1.2053983211517334
-2.386474370956421 0.45931172370910645 2.1412081718444824
-2.368105888366699 0.9612511396408081 1.8721280097961426
-2.3863742351531982 0.8029899597167969 2.1353280544281006
-0.4648902118206024 0.5208461284637451 2.1412081718444824
-0.1083228662610054 0.6144424676895142 -1.2052990198135376
0.9210300445556641 0.5808060765266418 0.9884159564971924
-2.3863744735717773 0.45210909843444824 0.414000928401947
0.9210299849510193 0.6207484006881714 2.141308307647705
0.675170361995697 0.8537015914916992 -1.2052993774414062
-0.1894497573375702 0.28460636734962463 2.141308307647705
0.9210300445556641 0.5570958256721497 1.76516592502594
0.9210294485092163 0.2845063805580139 0.3454831540584564
0.9211300015449524 0.2846062183380127 -0.16342878341674805
-2.3863744735717773 0.6505047082901001 -0.031343840062618256
-0.7479974031448364 0.284606397151947 0.1687212884426117
-1.8350354433059692 0.8388853669166565 -1.2052985429763794
-2.3863744735717773 0.6361698508262634 -0.6356951594352722
-1.1445813179016113 0.284606397151947 1.365978479385376
-1.309489130973816 0.284606397151947 -0.39908474683761597
-2.3863744735717773 0.43816423416137695 1.4882872104644775
-0.059450890868902206 0.284606397151947 -0.3378300070762634
0.42729684710502625 0.284606397151947 -0.3321102261543274
0.1420205682516098 0.284606397151947 1.8604252338409424
-0.5184459686279297 0.284606397151947 -0.5641692280769348
-1.7568775415420532 0.284606397151947 -0.05734586715698242
0.9210301041603088 0.9030386805534363 2.1217432022094727
-0.8158281445503235 0.5889108180999756 -1.205298900604248
0.9210300445556641 0.545030415058136 0.7147254347801208
-1.5533981323242188 0.284606397151947 1.079172968864441
-1.9870812892913818 0.6323418617248535 2.1412081718444824
-2.3863744735717773 0.6691392064094543 0.7947384119033813
-1.408740758895874 0.41445761919021606 2.1412081718444824
-2.3863744735717773 0.7893041372299194 -0.24811974167823792
-1.3152694702148438 0.284606397151947 1.47520911693573
-1.9914569854736328 0.6632727980613708 -1.2052985429763794
-0.8147776126861572 0.5505092144012451 2.1412081718444824
-0.5819308757781982 0.284606397151947 1.498849630355835
-0.382542222738266 0.284606397151947 0.10417928546667099
0.6313077211380005 0.6742069721221924 2.1412081718444824
0.9121320247650146 0.9218797087669373 -1.1947691440582275
0.9210299253463745 0.9098864197731018 -1.0960675477981567
0.9210299849510193 0.6622940897941589 -0.3834196925163269
0.9210300445556641 0.7681205868721008 1.8097783327102661
-2.3863744735717773 0.675233006477356 0.3827848732471466
0.9210299253463745 0.6977867484092712 -0.6729954481124878
0.9210300445556641 0.7469996809959412 1.587484359741211
0.9210299849510193 0.5954217314720154 0.11358436942100525
-1.1451702117919922 0.284606397151947 -0.31641754508018494
0.3537999093532562 0.284606397151947 -0.1249389722943306
-2.3863744735717773 0.848698079586029 1.6745675802230835
0.6459479331970215 0.284606397151947 1.1340434551239014
0.03522274270653725 0.284606397151947 1.4284563064575195
0.4353463053703308 0.5769283771514893 2.1412081718444824
0.9210299253463745 0.8704726099967957 -0.8120855093002319
-2.0533790588378906 0.8668858408927917 2.1412081718444824
-1.3185797929763794 0.6507632732391357 2.1412081718444824
0.9211301207542419 0.7433650493621826 2.1412084102630615
-0.12399586290121078 0.749839723110199 2.6759259700775146
-1.7268697023391724 0.284606397151947 0.43494340777397156
0.4647025465965271 0.284606397151947 1.6653215885162354
0.9210300445556641 0.6819996237754822 1.1576539278030396
0.9210299849510193 0.760852575302124 0.290133535861969
0.9070138335227966 0.9578040838241577 1.684832215309143
-1.8806757926940918 0.8845897912979126 2.140113115310669
-2.3863744735717773 0.658261239528656 1.5364803075790405
-1.240488052368164 0.284606397151947 1.1958544254302979
-0.8176870942115784 0.284606397151947 1.4123297929763794
-2.3863744735717773 0.7033546566963196 1.2479639053344727
-2.3863744735717773 0.8798929452896118 1.4948501586914062
-2.3863744735717773 0.8617416620254517 -0.6642170548439026
-1.051639437675476 0.284606397151947 1.8779948949813843
0.18893244862556458 0.5512773990631104 2.1412081718444824
-0.6417378187179565 0.284606397151947 -0.7027392983436584
-1.6507786512374878 0.284606397151947 1.4294239282608032
-2.3863744735717773 0.8269437551498413 0.9050179719924927
-1.6808384656906128 0.284606397151947 0.17331142723560333
-1.521145224571228 0.6876566410064697 2.1412081718444824
-0.317433625459671 0.284606397151947 1.7849336862564087
-0.854828417301178 0.7497397065162659 2.5129387378692627
-1.3065667152404785 0.284606397151947 0.3125579357147217
-1.0739951133728027 0.284606397151947 -0.7748273611068726
-1.1019039154052734 0.9889549612998962 2.1094284057617188
-0.44465261697769165 0.284606397151947 1.1711196899414062
-0.30086827278137207 0.6042561531066895 -1.2052990198135376
-1.232667088508606 0.7602095603942871 -1.2052987813949585
-2.3716888427734375 0.9121844172477722 1.303398847579956
-2.0025949478149414 0.8972327709197998 -1.2004389762878418
-2.1886775493621826 1.0389091968536377 1.679683804512024
0.7244793176651001 0.284606397151947 0.5553645491600037
0.005468393675982952 0.6816540956497192 2.1412081718444824
0.0703703835606575 0.284606397151947 -0.7241348624229431
-0.011048242449760437 0.7497397065162659 2.5491249561309814
0.31702256202697754 0.6188418865203857 -1.2052992582321167
-2.3807177543640137 0.8739574551582336 0.46872478723526
0.9210299849510193 0.5808155536651611 -0.1903652548789978
0.3990773558616638 0.8497795462608337 1.8372697830200195
-2.011082172393799 0.7008257508277893 0.1128273457288742
-1.3994097709655762 0.6721976399421692 -1.205298662185669
0.6788684129714966 0.284606397151947 0.032951466739177704
-0.14082324504852295 0.2846064567565918 -1.2053990364074707
-0.7384923696517944 0.7389434576034546 2.6988260746002197
0.9210299849510193 0.5802018642425537 0.4133509397506714
-1.9065433740615845 0.6782150268554688 1.7673046588897705
-0.9722011685371399 0.284606397151947 0.26346802711486816
-1.9775975942611694 0.6754223704338074 -0.15812505781650543
-1.5701028108596802 0.8882552981376648 2.1412081718444824
0.3319106996059418 0.284606397151947 1.3203274011611938
0.515560507774353 0.9240573644638062 -1.201844334602356
-1.5712485313415527 1.1076219081878662 -0.6711673140525818
-1.5423128604888916 0.284606397151947 0.5264202952384949
-1.7206021547317505 0.284606397151947 0.6643420457839966
-1.558207631111145 0.284606397151947 -0.06329286098480225
-1.1531602144241333 0.7844513654708862 2.1412081718444824
-1.5720751285552979 0.284606397151947 0.836341142654419
-1.7099995613098145 1.002368688583374 2.098449945449829
-2.3786442279815674 0.8638538718223572 -0.061289507895708084
0.4383634030818939 0.284606397151947 -0.5215724110603333
-1.490997076034546 0.284606397151947 0.132877916097641
-2.233059883117676 1.0384082794189453 -0.7436708807945251
0.3562697172164917 0.8914607167243958 -1.2052992582321167
-1.7379039525985718 0.5471259355545044 2.1412081718444824
0.9210299849510193 0.7303600311279297 -0.047804780304431915
0.9210299849510193 0.8308318257331848 -0.2639334201812744
-1.4928476810455322 0.284606397151947 1.5320509672164917
-1.903287410736084 0.284606397151947 1.007262110710144
0.4396696090698242 0.284606397151947 1.4879015684127808
-2.3863744735717773 0.846343994140625 0.6554838418960571
-0.8552778959274292 0.7619228959083557 2.4784047603607178
-0.5233855247497559 0.3910413980484009 2.715308904647827
-0.7068544626235962 0.284606397151947 0.9074252843856812
0.36670950055122375 0.284606397151947 0.2997312545776367
-1.9500991106033325 0.6585479974746704 -0.43431180715560913
-1.647655725479126 0.8007585406303406 -1.2052985429763794
-2.375127077102661 0.81563800573349 -0.47778624296188354
-1.3350622653961182 0.8998247385025024 2.1412081718444824
-2.3863744735717773 0.641366720199585 0.16592290997505188
-1.191999077796936 0.284606397151947 0.1464158296585083
-1.1436203718185425 0.9241463541984558 -1.2041716575622559
-1.1506582498550415 0.284606397151947 0.4311566650867462
-0.2437468022108078 0.6593382358551025 2.1223809719085693
-2.379819631576538 0.8953752517700195 1.12101149559021
-1.4404985904693604 0.284606397151947 0.6867489814758301
-1.9806630611419678 0.6635345220565796 0.7506534457206726
0.2537666857242584 0.284606397151947 1.6895195245742798
0.40965506434440613 1.1349270343780518 -0.8969835042953491
-1.3650795221328735 0.284606397151947 0.8767630457878113
-1.2184275388717651 0.596762478351593 1.635650396347046
-0.5501795411109924 0.284606397151947 1.6788262128829956
-2.001690149307251 0.7195098400115967 -0.7323426604270935
-2.0132272243499756 1.0240190029144287 -0.9826496243476868
-0.6582936644554138 0.762045681476593 2.6656854152679443
-0.41646137833595276 0.5798728466033936 2.782235860824585
-1.1382542848587036 0.7869893908500671 1.828418254852295
-1.9971883296966553 0.732368528842926 1.2866652011871338
-1.6834481954574585 0.6507104635238647 1.7081193923950195
-1.492669701576233 0.284606397151947 0.34082767367362976
0.4649712145328522 0.8125393390655518 2.1412081718444824
-0.2933849096298218 0.6882138252258301 2.7656972408294678
0.6373137831687927 0.9337332248687744 2.131216049194336
0.3182835578918457 0.284606397151947 0.9395389556884766
-1.3062076568603516 0.284606397151947 -0.1719762235879898
0.3923876881599426 0.9885280728340149 2.1068928241729736
-0.5118152499198914 0.284606397151947 -0.35417070984840393
0.6628986597061157 0.284606397151947 0.9028175473213196
0.9210300445556641 0.7122325301170349 1.3854330778121948
-0.9280058741569519 0.9237820506095886 2.1404480934143066
-2.205326557159424 1.0530225038528442 1.4560065269470215
0.5281755328178406 1.0848658084869385 1.9225754737854004
-0.16126340627670288 0.284606397151947 1.4934645891189575
-0.40201956033706665 0.8141546845436096 2.6192705631256104
-0.16661036014556885 0.8503367900848389 -1.2029786109924316
0.9151805639266968 0.9629708528518677 1.4643405675888062
0.9210299849510193 0.7484052777290344 0.5828432440757751
0.9099332094192505 0.9694913029670715 1.920057773590088
0.9210299849510193 0.9243024587631226 0.06584743410348892
-2.346759557723999 0.9676198363304138 0.06646652519702911
-0.24818874895572662 0.284606397151947 1.3031221628189087
0.9210300445556641 0.7520040273666382 0.850165843963623
0.08102043718099594 0.826823890209198 -1.2052991390228271
-1.5079530477523804 0.6857179403305054 -0.8048744201660156
0.9147071838378906 1.0354794263839722 -0.9897327423095703
-0.01120927557349205 0.7712348699569702 2.5219616889953613
0.9151292443275452 0.9949214458465576 -0.40570756793022156
-2.1681928634643555 1.0290414094924927 2.006666898727417
0.9138339161872864 0.9781435132026672 0.49388208985328674
-2.3350048065185547 0.9595475196838379 -0.4136393964290619
-1.8348314762115479 1.0421736240386963 -0.8856609463691711
0.9210300445556641 0.9847608208656311 0.9579134583473206
0.7751110196113586 1.0928161144256592 1.7477517127990723
0.5676491856575012 0.6780830025672913 1.6363557577133179
-1.4555240869522095 0.9152639508247375 -1.1916861534118652
-0.7051988244056702 0.8047611713409424 -1.205298900604248
-2.3789942264556885 0.8728402256965637 0.24080517888069153
0.39911508560180664 0.7244536876678467 -0.9162750244140625
-0.15424464643001556 1.026333212852478 -1.1656978130340576
-1.685294508934021 0.989536464214325 -1.1626087427139282
-2.3232288360595703 1.0442824363708496 0.35617518424987793
-1.9417394399642944 1.0483160018920898 1.8586347103118896
-1.3158918619155884 0.284606397151947 0.5435457229614258
-1.840658187866211 0.6507127285003662 -0.7320315837860107
-1.643437385559082 0.6746044158935547 -0.3946080803871155
0.24680662155151367 0.284606397151947 1.0563948154449463
-0.8204587697982788 0.284606397151947 1.1837118864059448
0.9210300445556641 0.8966823220252991 1.163860559463501
-0.05982308089733124 0.9262294173240662 2.3240201473236084
-1.338755488395691 0.284606397151947 0.028255337849259377
0.9210299849510193 0.9062927961349487 -0.5753214955329895
-2.2672204971313477 1.0562055110931396 -0.23604269325733185
-0.6040956377983093 0.284606397151947 0.5322006344795227
-1.581837773323059 1.0824638605117798 -0.9081494212150574
-1.1300629377365112 0.284606397151947 -0.08115781843662262
-2.3423683643341064 0.9857739806175232 0.9331681132316589
0.6107883453369141 1.1001181602478027 -1.1228755712509155
-1.101276159286499 0.284606397151947 -0.5949235558509827
-0.9308062195777893 0.802124559879303 -1.2052987813949585
-1.8816745281219482 1.0240201950073242 -0.05945803225040436
-2.047328472137451 1.0461418628692627 -0.6274038553237915
0.18878790736198425 0.284606397151947 -0.40252208709716797
-2.0495309829711914 1.0847804546356201 -0.37140634655952454
-0.4623987078666687 0.8173559308052063 -0.9207996129989624
-0.40254515409469604 0.8828746676445007 -1.2052990198135376
-0.7456944584846497 0.617975652217865 1.7509503364562988
-1.6788413524627686 0.7242444753646851 -0.678715169429779
0.6974714398384094 1.155691146850586 1.5330866575241089
-1.3794302940368652 1.0940722227096558 -1.1804187297821045
-0.924826979637146 0.284606397151947 0.4582006335258484
0.7209597826004028 1.1568721532821655 1.1248421669006348
-2.1151905059814453 1.0907180309295654 -0.017333850264549255
0.23254214227199554 0.284606397151947 0.08755262941122055
-0.25010040402412415 0.284606397151947 -0.4455743730068207
0.8837836980819702 1.0404908657073975 -0.7098375558853149
-1.4659532308578491 0.284606397151947 -0.24539627134799957
0.920643150806427 1.006750226020813 0.7481055855751038
-0.21643966436386108 1.074031949043274 2.03826904296875
-0.9609471559524536 0.284606397151947 -0.49132630228996277
0.5902372002601624 0.7535502314567566 -0.5783877372741699
-0.16168545186519623 0.284606397151947 -0.8201043009757996
-2.1249923706054688 1.0714174509048462 0.9956247210502625
-1.8215800523757935 1.076126217842102 -0.6162766218185425
0.1364019215106964 0.9955539703369141 2.111724376678467
-0.9058691263198853 0.284606397151947 1.0110905170440674
-0.22721044719219208 0.8476361632347107 2.4655210971832275
-0.7618941068649292 1.0088964700698853 -1.1483862400054932
0.5530344843864441 0.7021244168281555 -0.7634896039962769
0.917594313621521 1.0430183410644531 1.2562116384506226
0.9100897312164307 1.0196257829666138 -0.13416455686092377
0.4047122895717621 1.1466320753097534 1.3494831323623657
0.28130000829696655 0.284606397151947 -0.7314186096191406
-0.7489292025566101 0.284606397151947 -0.5305156111717224
-1.0133816003799438 1.0061200857162476 -1.1788043975830078
0.22370757162570953 0.8288874626159668 -0.8552424311637878
-1.8372262716293335 0.8039869666099548 -0.3771623969078064
-0.7611881494522095 0.284606397151947 -0.07537133991718292
-0.9456512928009033 0.284606397151947 -0.3085351288318634
-1.195451259613037 0.6979750990867615 -0.8171691298484802
0.16760654747486115 1.126570463180542 1.626247525215149
-0.4449077546596527 0.9563121795654297 2.3257784843444824
-0.5777894258499146 0.284606397151947 -0.16246522963047028
-1.7760378122329712 1.049074411392212 0.7964915037155151
0.842160165309906 1.1443690061569214 0.6732138991355896
-0.10295088589191437 0.284606397151947 0.46360674500465393
-0.27442073822021484 0.284606397151947 -0.23142820596694946
0.3094336986541748 0.6069390177726746 1.776535153388977
-0.8772785663604736 0.7640435099601746 -0.8707913160324097
-0.14351381361484528 0.956169843673706 2.0345654487609863
-0.6675911545753479 0.6057944297790527 -0.761391282081604
-2.297198534011841 1.0463365316390991 0.6652864217758179
-1.7480024099349976 1.0324472188949585 1.4825279712677002
-1.971893548965454 0.6816003918647766 1.0608222484588623
-2.0236241817474365 0.7275465726852417 0.4785127341747284
-1.4304276704788208 1.0357784032821655 2.0139808654785156
-0.10081075131893158 0.7678402066230774 -0.9039731025695801
-2.0328080654144287 1.0552788972854614 1.286077857017517
-1.1132251024246216 0.284606397151947 1.0130409002304077
-1.2571624517440796 1.0968869924545288 -0.9303826689720154
-1.7866244316101074 0.6883638501167297 1.4520184993743896
-0.21556270122528076 0.637187123298645 -0.7611203789710999
0.17576642334461212 0.9871689677238464 -1.1884738206863403
-1.3227819204330444 0.6583309173583984 -0.5371798872947693
-1.6978744268417358 1.0457196235656738 1.764090657234192
-0.700779914855957 0.8830810189247131 2.411464214324951
-2.0554957389831543 1.088181495666504 0.2834226191043854
0.5480279326438904 0.284606397151947 0.21896147727966309
0.7528705596923828 1.1377578973770142 -0.4923774003982544
-0.5229279398918152 1.0146851539611816 -1.1466065645217896
-1.8010716438293457 0.7044074535369873 0.9692233800888062
-1.799481987953186 0.6829389929771423 -0.05471333861351013
-1.220304012298584 1.0531094074249268 1.846293568611145
-1.5100771188735962 0.7603974342346191 1.703068494796753
0.7928722500801086 1.1444226503372192 0.3851463198661804
0.634955644607544 1.146668791770935 -0.7951154112815857
-1.7288172245025635 0.712873637676239 0.2960531711578369
-1.9259788990020752 0.9709376692771912 1.5808817148208618
0.15176355838775635 1.1261951923370361 -1.059770107269287
-0.5741482973098755 0.8008766770362854 -0.7245967388153076
0.5344735980033875 1.1942797899246216 -0.10561008751392365
-1.4680993556976318 1.0501294136047363 1.6695106029510498
-0.8220531344413757 0.8219896554946899 1.960012435913086
0.165800079703331 0.284606397151947 1.2207262516021729
-1.9727920293807983 0.9528064131736755 0.8200231790542603
-1.6254552602767944 1.1081767082214355 0.06603328138589859
0.32237890362739563 0.6421125531196594 -0.6886190176010132
-1.4456567764282227 0.6607180833816528 1.3512662649154663
-1.9611058235168457 0.6368512511253357 1.5742934942245483
-1.1948001384735107 0.29642578959465027 0.8312214016914368
-1.7932873964309692 0.6582262516021729 0.6283199191093445
0.22634172439575195 0.284606397151947 -0.23369872570037842
0.4140890836715698 0.6413689851760864 1.36503005027771
0.2965911328792572 1.1068912744522095 1.8210663795471191
-0.8111774325370789 1.0344198942184448 2.0359973907470703
0.5485620498657227 0.709982693195343 -0.2936992645263672
-1.435620665550232 0.747168779373169 -0.32192614674568176
-1.5249046087265015 1.119820475578308 -0.4558365046977997
-0.5884755253791809 0.8219686150550842 2.25516414642334
-1.5730690956115723 0.6752074956893921 -0.09531974792480469
-2.0023961067199707 1.0755348205566406 0.56195467710495
0.4035578668117523 1.1233159303665161 -0.6478568315505981
-0.19730067253112793 1.177092432975769 -0.8088874816894531
-1.0215917825698853 1.1073505878448486 -0.571332573890686
-0.9866349101066589 1.1109721660614014 -0.8834127187728882
0.7902160882949829 1.189897060394287 -0.16731522977352142
-0.9967026114463806 0.6784239411354065 -0.7149056792259216
-1.4860235452651978 1.029275894165039 1.3732892274856567
-1.8945471048355103 0.7197884917259216 0.2678660750389099
-1.8890515565872192 1.018632411956787 1.1019377708435059
-0.7111694812774658 1.1152936220169067 -0.9430533051490784
0.07172039151191711 1.1584645509719849 -0.7922319173812866
0.6042185425758362 0.7846754193305969 1.2032556533813477
-1.0996737480163574 0.284606397151947 1.5922435522079468
-0.3227854073047638 1.1060186624526978 -1.0287179946899414
0.36673226952552795 0.284606397151947 0.7222296595573425
0.5295035243034363 1.1653534173965454 -0.37175077199935913
-1.7905054092407227 1.0718742609024048 -0.2586810290813446
-0.7152894139289856 0.284606397151947 0.34541597962379456
-1.2469727993011475 1.0953826904296875 1.3973668813705444
-1.7206454277038574 1.0759027004241943 0.5178498029708862
-1.8394122123718262 1.0789904594421387 0.22008155286312103
-1.3623154163360596 0.7715808153152466 -0.7040238380432129
-1.2865809202194214 1.0900940895080566 -0.6723654270172119
-1.535559058189392 1.086706280708313 -0.22408725321292877
0.4539487063884735 0.284606397151947 0.031244277954101562
-0.8156895041465759 1.088761568069458 -0.5862511396408081
0.3984336853027344 0.7418690919876099 -0.49874693155288696
-0.2724588215351105 0.6720643043518066 1.8746358156204224
0.49751216173171997 0.3839806914329529 0.9808907508850098
-0.07714994251728058 0.29961127042770386 -0.09712861478328705
-0.6333492398262024 1.1233028173446655 -0.6584129929542542
0.5631124973297119 0.284606397151947 0.6828565001487732
-0.9600837230682373 0.284606397151947 0.06802107393741608
-0.21550308167934418 0.36170026659965515 0.885158121585846
-0.4016987681388855 0.284606397151947 1.4828484058380127
0.08186937123537064 0.9243058562278748 -0.6565124988555908
-0.8049130439758301 1.0865809917449951 1.762585163116455
-1.092261552810669 0.7732425332069397 -0.5235131978988647
-1.0572869777679443 0.6264165639877319 1.3029865026474
-0.15840347111225128 0.284606397151947 1.1089333295822144
-0.6170614957809448 0.30715876817703247 0.7738503217697144
-1.5976239442825317 1.0889192819595337 0.9357306361198425
-0.381178617477417 1.1267513036727905 -0.6357637047767639
0.49581918120384216 1.0135235786437988 1.5528539419174194
-1.3626924753189087 0.812004029750824 1.544984221458435
0.01748993992805481 0.798420786857605 1.800717830657959
-0.5386889576911926 1.0819270610809326 1.954573392868042
-1.5309596061706543 0.6303929686546326 0.33242538571357727
-1.232277512550354 1.10194730758667 -0.3829343318939209
-1.3192096948623657 1.1098265647888184 -0.020703205838799477
-1.080725908279419 0.284606397151947 0.6469566226005554
-1.4573993682861328 0.6511748433113098 1.0647534132003784
-1.1088234186172485 1.0508999824523926 -0.23343181610107422
0.005430618301033974 1.1487469673156738 -0.508582353591919
0.45992568135261536 1.1327787637710571 0.19537439942359924
-1.0818506479263306 1.0766680240631104 1.6650028228759766
-1.2591427564620972 0.6574665307998657 -0.19976384937763214
0.6757696866989136 0.7940499186515808 0.5538776516914368
0.6506122350692749 1.111109972000122 0.882513165473938
0.23300112783908844 1.1506065130233765 -0.3486737012863159
-1.4478052854537964 1.0951217412948608 0.42925557494163513
-1.3648256063461304 1.090659737586975 1.0521436929702759
-0.8511964678764343 0.6566230654716492 -0.5131927132606506
0.3881796896457672 0.5589313507080078 -0.11400052905082703
0.5805639028549194 0.9493231773376465 0.850407600402832
-0.10998961329460144 1.119078278541565 1.778715968132019
0.3439478576183319 0.6860434412956238 1.5791476964950562
0.13055108487606049 0.6711394190788269 -0.4734419584274292
-0.9150102138519287 0.8170595169067383 1.3954925537109375
-0.30208820104599 1.0461982488632202 -0.5048485398292542
0.6256110072135925 0.9923465847969055 0.35102808475494385
-0.4880908131599426 0.9231499433517456 2.0188982486724854
-0.9469388127326965 0.7405848503112793 1.6505388021469116
-0.0548587292432785 0.6683438420295715 -0.6592258214950562
0.6629968881607056 0.7042982578277588 0.09287479519844055
-1.5561264753341675 1.0011221170425415 0.2656812071800232
-0.26327821612358093 0.8125752210617065 1.5962361097335815
-1.2093950510025024 0.5686149597167969 0.7295445203781128
-0.40487709641456604 0.6805139780044556 -0.6189753413200378
-1.6524426937103271 0.8121417164802551 0.6059483289718628
-1.3906784057617188 0.8933812975883484 -0.0132202859967947
-1.1715935468673706 0.8285280466079712 1.4344549179077148
-1.3532789945602417 0.8438513278961182 1.1407545804977417
-1.4510951042175293 0.7000388503074646 0.5865399241447449
-0.6350767016410828 0.2990504801273346 1.317003607749939
-1.447340488433838 0.9574071764945984 0.7904481291770935
-0.6416008472442627 0.8022716045379639 1.718181848526001
0.49286577105522156 1.161381721496582 0.41207367181777954
-0.9541026949882507 0.3189024329185486 -0.15193083882331848
-0.38271138072013855 0.284606397151947 0.3671305179595947
-0.8075889945030212 1.1469484567642212 1.4465168714523315
0.19469980895519257 0.284606397151947 0.694795548915863
-0.5553550124168396 0.33419686555862427 0.02406940422952175
-1.1095800399780273 1.0970230102539062 1.1242451667785645
0.5000946521759033 1.0720614194869995 1.2077085971832275
-0.43857648968696594 1.1371679306030273 1.656055212020874
0.034545257687568665 0.284606397151947 0.9360522627830505
0.32625699043273926 0.9081060290336609 -0.31609973311424255
0.1478717029094696 0.8096551895141602 1.5634589195251465
-0.4469221532344818 0.42749443650245667 -0.3493596017360687
0.4068309962749481 1.0806993246078491 -0.046110544353723526
-1.264757752418518 1.1315560340881348 0.5934396386146545
-0.38415762782096863 0.7500591278076172 1.7137483358383179
-0.03913130611181259 1.1289483308792114 1.5688890218734741
-0.8686797618865967 1.1606061458587646 1.1772478818893433
-0.09090998768806458 0.8532876372337341 -0.3456664979457855
-1.1262911558151245 1.1493406295776367 0.8744897246360779
-1.1922800540924072 0.865768551826477 0.2644639313220978
-0.5652763843536377 1.1769540309906006 1.3595826625823975
-1.398745059967041 0.6917861700057983 0.1526186615228653
0.003894079476594925 0.33886316418647766 0.5946212410926819
-0.6376582384109497 0.8872748017311096 1.4450345039367676
-1.314145565032959 0.7135179042816162 0.8981688022613525
-0.33382448554039 1.1460076570510864 1.4616848230361938
0.4287479817867279 0.7693842053413391 1.0768805742263794
-0.5692170262336731 0.8698575496673584 -0.3704901337623596
0.19937649369239807 1.0189226865768433 1.3615381717681885
-0.608453094959259 0.3789704740047455 0.1650237888097763
0.17404311895370483 0.7482239007949829 -0.2190939486026764
-0.912966251373291 0.6285419464111328 -0.15708307921886444
-0.06607981771230698 0.7046827673912048 1.541872262954712
-0.26368704438209534 0.37799760699272156 -0.08941140025854111
-0.8314617276191711 0.3660019338130951 0.6005116105079651
-1.0252872705459595 0.7463657855987549 1.062306523323059
-0.9637115597724915 0.8701034784317017 -0.21475888788700104
-0.6536998748779297 0.3531571328639984 1.117444396018982
-0.587471604347229 0.6826424598693848 1.4741955995559692
-1.1562496423721313 1.0739786624908447 0.35212182998657227
0.37621936202049255 0.9626954793930054 0.18650458753108978
-0.5572277307510376 1.0622841119766235 -0.3662303686141968
-0.23955108225345612 0.45110148191452026 1.0760858058929443
-0.26162827014923096 0.3227421045303345 0.6720096468925476
-0.8419094085693359 1.0317641496658325 -0.33124011754989624
0.46062180399894714 0.7188125252723694 -0.001277560368180275
0.46087512373924255 0.7378621697425842 0.6169681549072266
-0.904524564743042 0.9919570088386536 0.024657804518938065
-0.8670024275779724 1.100282907485962 0.8356828689575195
-1.1173006296157837 0.5544053912162781 0.21099857985973358
-1.1095727682113647 0.9946845769882202 0.04054643213748932
-0.03111211583018303 1.090971827507019 -0.31156158447265625
0.45673543214797974 0.3921118676662445 0.6065055131912231
-0.5313026905059814 0.5535770058631897 0.4232029318809509
-0.9961076378822327 0.975892186164856 0.5115358233451843
0.22223128378391266 0.34012481570243835 0.17476339638233185
0.17995047569274902 1.0566152334213257 -0.07597724348306656
0.25702762603759766 0.6358148455619812 1.0671770572662354
-0.1541914939880371 0.7781757712364197 1.343178153038025
0.01508326642215252 0.34237343072891235 1.2488439083099365
-1.714246392250061 0.8528349995613098 1.28090500831604
-1.109371542930603 1.0261067152023315 0.6411833763122559
-0.9262390732765198 0.5975265502929688 0.728944718837738
-0.7172791361808777 0.8018028736114502 -0.22426819801330566
-0.25948116183280945 0.9004085063934326 -0.297021746635437
-1.134017825126648 0.7687853574752808 0.7106637954711914
-0.790582537651062 1.0130951404571533 1.112692952156067
-1.6500791311264038 0.7414023280143738 1.0585145950317383
0.40483832359313965 0.7212469577789307 0.3321020007133484
0.23674602806568146 0.8084718585014343 0.6497223377227783
-1.0236355066299438 0.7866285443305969 0.23733673989772797
-0.42452192306518555 0.8722534775733948 1.2399029731750488
-0.32071205973625183 0.6110281944274902 -0.25506290793418884
-0.4394744336605072 0.31163278222084045 0.7108517289161682
-0.03758898004889488 0.6160771250724792 0.4854314625263214
0.263196736574173 0.9423437118530273 1.1359045505523682
0.191558837890625 0.674419105052948 0.8316167593002319
-0.2404036521911621 0.39757081866264343 0.2753024995326996
-0.09615182876586914 0.8235568404197693 0.1093766912817955
0.384090393781662 0.9619803428649902 0.7419130206108093
-0.006536906585097313 0.7036962509155273 0.04776342585682869
-0.5984310507774353 0.7028994560241699 0.7926863431930542
-0.35676687955856323 0.7937167286872864 1.0340888500213623
-0.7150213122367859 0.802558422088623 1.1858761310577393
-0.03473281487822533 0.8667823672294617 1.22117018699646
-0.5564823746681213 0.7916248440742493 -0.00740114226937294
0.16060322523117065 0.8450659513473511 0.9932650327682495
-0.6125651001930237 0.6338998675346375 0.359061062335968
0.16241693496704102 0.8060945868492126 0.24114058911800385
0.051860444247722626 0.7850130200386047 0.574428141117096
-0.3919323682785034 0.47161322832107544 1.323217511177063
-0.31908556818962097 0.8580282926559448 -0.06609063595533371
-0.22644059360027313 1.7745540142059326 -0.28535354137420654
-0.07694128155708313 1.408057689666748 0.2772585451602936
-0.22486263513565063 0.6920176148414612 0.4575706422328949
-0.7821474671363831 0.804848849773407 0.2329014390707016
-0.1667075902223587 0.42488881945610046 0.14293938875198364
-0.11127713322639465 0.7451205849647522 1.1290111541748047
-0.3817298412322998 1.3272780179977417 0.4260096251964569
-0.13361135125160217 0.7477737069129944 0.8367211222648621
-0.4743588864803314 0.7964730262756348 0.7429576516151428
-0.5196316838264465 0.792552649974823 0.2923681437969208
-0.5664096474647522 2.0161867141723633 0.5679932236671448
-0.7205546498298645 0.730949878692627 1.0644476413726807
-0.06817296892404556 1.3747658729553223 0.08248275518417358
-0.2693819999694824 1.5141115188598633 -0.2616075575351715
-0.7790882587432861 0.8152419924736023 0.6190798282623291
-0.07825125753879547 1.4705641269683838 -0.12809951603412628
-0.22060850262641907 1.3942699432373047 0.4136330187320709
-0.49180135130882263 1.4575668573379517 0.562053382396698
-0.6102403402328491 1.3487695455551147 0.44113293290138245
-0.3593237102031708 1.246872067451477 0.19820302724838257
-0.3418951630592346 1.2977226972579956 -0.059062451124191284
-0.5733836889266968 1.2485934495925903 0.2469387948513031
-0.5345378518104553 1.5655838251113892 -0.26284798979759216
-0.3255060911178589 1.8825749158859253 0.588675320148468
-0.7843919396400452 1.3821690082550049 0.03139468654990196
-0.6230919361114502 1.9150371551513672 0.6087009310722351
-0.21398399770259857 1.3067187070846558 0.022457705810666084
-0.7430887222290039 1.490739107131958 0.5042674541473389
0.07333575934171677 1.5359454154968262 0.1211724802851677
-0.7888751029968262 1.3844972848892212 0.31601521372795105
-0.8035686016082764 1.6656484603881836 0.5103687047958374
-0.019206464290618896 1.6789898872375488 -0.1896524876356125
0.06905931234359741 1.8251477479934692 -0.08790141344070435
-0.07799837738275528 1.600911021232605 0.4572545289993286
-0.4094724655151367 1.9359127283096313 -0.189609095454216
-0.46960628032684326 1.317427158355713 -0.1321837306022644
-0.33778849244117737 1.579740285873413 0.5933743119239807
-0.6367797255516052 1.4018582105636597 -0.14798197150230408
-0.2254309058189392 2.0796115398406982 -0.14101630449295044
-0.6376999020576477 1.2709249258041382 0.09201113879680634
0.11963967978954315 1.6875195503234863 0.2777860164642334
-0.9100387096405029 4.2609734535217285 0.9157470464706421
-0.3060486614704132 1.8869949579238892 0.30070218443870544
-0.8783499002456665 1.4859620332717896 0.14348331093788147
-0.3901229202747345 2.2483768463134766 0.08406735956668854
-0.7853100299835205 1.6750068664550781 -0.06094450131058693
-0.576021671295166 1.7797579765319824 -0.21525916457176208
-0.33236217498779297 2.2362093925476074 0.37884724140167236
-0.038861289620399475 2.1502084732055664 -0.07370394468307495
-0.4498884379863739 2.0794968605041504 0.07226616889238358
0.07117509841918945 2.1906521320343018 0.3145577311515808
0.14557503163814545 2.1118271350860596 0.08917099982500076
-0.7159429788589478 1.9008833169937134 0.1757614016532898
-0.09969719499349594 2.050112009048462 0.507855236530304
-0.8835777044296265 4.053504467010498 0.19731907546520233
-0.8682546615600586 1.7289685010910034 0.2701670229434967
0.1493985950946808 1.857224702835083 0.13751858472824097
-0.7571299076080322 3.769714593887329 0.546721339225769
-0.13807885348796844 2.342857837677002 0.190151646733284
0.07354164123535156 1.9098541736602783 0.39326557517051697
-0.5981231927871704 3.866077423095703 0.7307635545730591
-0.6794818639755249 4.070916175842285 0.9234552979469299
-0.5164391398429871 3.920924186706543 0.42368584871292114
-1.0303585529327393 3.8907220363616943 0.35160738229751587
-0.8990687131881714 3.8059182167053223 0.7615687251091003
-1.1832386255264282 4.255597114562988 0.7498416304588318
-1.1197233200073242 4.006852149963379 0.8382614850997925
-0.389693945646286 4.137638568878174 0.4509822130203247
-0.7746201157569885 3.9124226570129395 0.8779609203338623
-0.8176078200340271 3.8445239067077637 0.34248870611190796
-0.33751437067985535 4.932919025421143 0.5326998233795166
-0.6220096349716187 3.822218179702759 0.5399132370948792
-0.45293328166007996 4.048342227935791 0.6931800842285156
-1.113106369972229 3.8701260089874268 0.5154313445091248
-0.9222328662872314 4.445515155792236 0.6134290099143982
-1.185718059539795 4.30484676361084 0.48619958758354187
-0.6361091732978821 4.006759166717529 0.2483554184436798
-1.1779412031173706 4.077154159545898 0.3236657679080963
-0.14182691276073456 5.071192741394043 0.6741678714752197
-0.9548270106315613 3.772876501083374 0.5821316838264465
-1.2288830280303955 4.064459323883057 0.6550374031066895
-0.36976158618927 5.061601161956787 0.8469114899635315
-0.17111288011074066 5.10062837600708 0.5021344423294067
-1.0787694454193115 4.293613433837891 0.2898162603378296
-0.5003517270088196 5.029945373535156 0.7621436715126038
-0.5119404196739197 4.1902875900268555 0.22980397939682007
-0.7258942723274231 4.511197090148926 0.5254452228546143
-0.4228799343109131 5.208491325378418 0.4632411301136017
-0.8253260850906372 4.296143054962158 0.1709497570991516
-1.0276615619659424 3.906630277633667 0.8563596606254578
-0.16692131757736206 5.159560680389404 0.8502567410469055
-0.5504457950592041 5.168256759643555 0.7677984833717346
-0.6510344743728638 4.323779582977295 0.8287080526351929
-0.6262771487236023 4.399956703186035 0.21142952144145966
-0.9604220390319824 6.243187427520752 0.1593012511730194
-0.44178667664527893 4.310332298278809 0.6547827124595642
-0.23437316715717316 5.297853946685791 0.9699873924255371
-0.09948030859231949 5.24282693862915 0.44854989647865295
-0.8192946314811707 5.916050910949707 0.3033355176448822
-0.40138351917266846 4.5385355949401855 0.48330917954444885
-0.5131236910820007 5.341662883758545 0.8939259648323059
-0.4271359443664551 5.529150485992432 0.9181506633758545
-0.4158722460269928 4.495336055755615 0.3528353273868561
-0.6527835130691528 6.047106742858887 0.24489572644233704
-0.5267952084541321 5.471651077270508 0.5856708884239197
-0.47631996870040894 4.778863906860352 0.5660980939865112
-0.05138634517788887 5.420562744140625 0.843071699142456
-1.043130874633789 6.087618827819824 0.481953501701355
-0.9980965256690979 5.94697904586792 0.3776364028453827
-0.753648042678833 5.936512470245361 0.4796643555164337
-0.07217622548341751 5.411875247955322 0.42002278566360474
0.026853207498788834 5.507754325866699 0.7337948679924011
-0.9979167580604553 5.945862770080566 0.2616099715232849
0.012334678322076797 5.874686241149902 0.6373674273490906
-0.3126094937324524 5.9660797119140625 0.8849073052406311
-0.4426048696041107 6.160704135894775 0.8650663495063782
-0.2237968146800995 5.778011798858643 0.400807648897171
-0.3231704533100128 5.913401126861572 0.4612272083759308
-0.32018354535102844 5.561770915985107 0.4040532112121582
-0.08114249259233475 6.3585944175720215 0.9229717254638672
0.03291459381580353 5.573135852813721 0.5200814008712769
-0.3748195171356201 5.734738349914551 0.8559480905532837
-1.0480515956878662 6.286381721496582 0.3869267702102661
-0.354854553937912 6.293688774108887 0.3186900019645691
-0.19855041801929474 6.253922939300537 0.9397205710411072
-0.18302211165428162 6.136225700378418 0.4438248574733734
-0.8925002217292786 5.928301811218262 0.21055170893669128
-0.08438495546579361 5.732146739959717 0.8856377601623535
-0.6126850843429565 6.221079349517822 0.6036324501037598
-0.17127157747745514 6.442978382110596 0.46991491317749023
-0.08315438777208328 6.005511283874512 0.8684115409851074
-0.6678029298782349 6.0241289138793945 0.5270887613296509
-0.039562299847602844 6.271462917327881 0.6735401153564453
-0.10431193560361862 6.61759090423584 0.9534519910812378
-0.6128506064414978 6.382095813751221 0.25321123003959656
-0.3518427014350891 6.483300685882568 0.97430419921875
-0.05583004280924797 6.653390407562256 0.7261186242103577
-0.5081321001052856 6.303993225097656 0.762790322303772
-0.221377894282341 6.602368354797363 0.38371819257736206
-0.3078961670398712 7.131463527679443 0.4616287350654602
-0.5049636960029602 6.616735458374023 0.8502365946769714
-0.7212470769882202 6.500799179077148 0.4543108344078064
-0.3028222322463989 6.821537494659424 0.3786466419696808
-0.6261916756629944 6.872251510620117 0.5990791320800781
-0.6152013540267944 6.591078758239746 0.6712388396263123
-0.5156798958778381 6.715299129486084 0.39064013957977295
-0.04526818171143532 6.901689529418945 0.7391154170036316
-0.2327207773923874 6.818074703216553 0.9582374691963196
-0.23185396194458008 7.081780910491943 0.8914272785186768
-0.12151641398668289 7.27000093460083 0.599139392375946
-0.11700186133384705 6.909506797790527 0.5481063723564148
-0.44381850957870483 6.975496768951416 0.856484591960907
0.010017666965723038 8.174890518188477 0.1915338784456253
-0.45152825117111206 7.273804187774658 0.8497148156166077
-0.11143689602613449 7.838016986846924 0.36873477697372437
-0.5693637132644653 7.084259510040283 0.6027101278305054
-0.03809520974755287 8.014962196350098 0.1683317869901657
-0.26713916659355164 7.331920623779297 0.8695985674858093
-0.1603960394859314 7.686421871185303 0.5324503779411316
-0.3623051345348358 7.301533222198486 0.45871904492378235
-0.45771241188049316 7.982385635375977 0.2911897599697113
-0.19217602908611298 7.514098644256592 0.7115821838378906
-0.29911839962005615 7.932078838348389 0.1632450371980667
-0.30620336532592773 8.826166152954102 0.6788601279258728
-0.26995348930358887 7.773094654083252 0.33869653940200806
-0.00486077181994915 8.421256065368652 0.016513554379343987
-0.02967926487326622 8.003105163574219 0.3999781310558319
-0.33000999689102173 7.594130039215088 0.6458840370178223
-0.4241563081741333 8.479362487792969 0.6269286274909973
-0.49222949147224426 8.654541015625 0.5015028119087219
-0.18807120621204376 8.078326225280762 0.025717273354530334
-0.2755051851272583 8.770798683166504 0.43919381499290466
-0.625944197177887 8.56951904296875 0.8941478729248047
-0.49478375911712646 8.485608100891113 0.831252932548523
-0.35759812593460083 8.147570610046387 0.057784490287303925
-0.3650454580783844 8.788614273071289 1.1515517234802246
-1.3639419078826904 9.497901916503906 -0.017882872372865677
-0.4667477309703827 8.516079902648926 1.006397008895874
-0.12511271238327026 8.79063892364502 0.7729449272155762
-0.07752089947462082 8.328107833862305 0.41007864475250244
-0.3859628736972809 8.444685935974121 0.7353569269180298
-0.4909649193286896 8.255123138427734 0.2707023620605469
-0.4706747829914093 8.016103744506836 0.41441839933395386
-0.5389015674591064 9.13652229309082 0.6722723841667175
-0.23359499871730804 8.688163757324219 1.0455125570297241
-0.538836658000946 8.668270111083984 1.065086841583252
-0.10348387062549591 8.36052417755127 -0.02081448957324028
-0.5909814834594727 8.856644630432129 0.6380897760391235
-0.15674768388271332 9.64971923828125 0.2149021178483963
-0.3145056664943695 8.456629753112793 0.2138318568468094
-0.5292716026306152 8.807022094726562 1.1602824926376343
-1.24582040309906 9.445965766906738 -0.10370785742998123
-0.2889821529388428 8.556365013122559 0.20308037102222443
-1.195104956626892 9.396429061889648 -0.02120622619986534
-1.1039315462112427 9.438261032104492 -0.10270726680755615
-0.15081165730953217 9.607075691223145 0.05903298035264015
-0.15978547930717468 9.000679969787598 1.003618836402893
-0.1185757964849472 8.972969055175781 0.7310752868652344
-0.22435009479522705 9.062188148498535 0.9798095226287842
-0.051542602479457855 9.506514549255371 0.06018061563372612
0.026432126760482788 9.536406517028809 0.14294444024562836
-0.5236998200416565 9.095909118652344 0.8540506958961487
-1.3006181716918945 9.703567504882812 -0.15241800248622894
0.016430839896202087 9.308636665344238 1.3060113191604614
0.13701167702674866 9.746907234191895 0.0683857724070549
-1.1789554357528687 9.601320266723633 0.030906828120350838
-1.0736616849899292 9.696504592895508 1.0291377305984497
-1.0469788312911987 10.029465675354004 0.856877863407135
-1.0214447975158691 9.731086730957031 1.0485481023788452
-1.1271060705184937 9.705556869506836 1.0229942798614502
-0.20095424354076385 9.90869140625 0.28519806265830994
-0.10695751011371613 9.690738677978516 -0.06246837601065636
-0.9791797995567322 9.541085243225098 -0.03661887347698212
0.16229546070098877 9.874305725097656 0.12093865126371384
-0.9444612264633179 9.762931823730469 0.905846357345581
-0.3761730194091797 10.10230541229248 0.17015230655670166
-0.8940379023551941 10.04794979095459 -0.14185243844985962
0.005341477692127228 9.215801239013672 1.200781226158142
0.1837228536605835 10.264235496520996 0.13601680099964142
-0.2146531492471695 9.871637344360352 0.01380810234695673
-0.3835130035877228 10.3469877243042 1.1170519590377808
-0.4114242196083069 10.300931930541992 1.0767747163772583
-0.023669805377721786 10.08306884765625 0.09766320884227753
-0.6340177059173584 10.316850662231445 -0.1320761740207672
0.0905245989561081 10.158529281616211 0.07769286632537842
-0.6664372682571411 10.259943962097168 -0.08992946892976761
-0.8720114827156067 9.995624542236328 0.05502711981534958
-0.5595823526382446 10.314857482910156 -0.002947252243757248
-0.5093827843666077 10.260421752929688 1.0173289775848389
-1.1306025981903076 10.141707420349121 1.1093206405639648
-0.09697296470403671 10.344599723815918 0.20471332967281342
-0.06336642801761627 10.421463966369629 0.32563453912734985
0.2677423059940338 10.363354682922363 0.0829562395811081
-0.7243521213531494 10.379313468933105 -0.22633713483810425
0.20366087555885315 10.36046314239502 0.3569212853908539
0.4199426770210266 10.42202377319336 0.09365389496088028
0.20663607120513916 10.591411590576172 0.12909650802612305
-1.1108444929122925 10.58422565460205 1.0842138528823853
-0.9920696020126343 10.373747825622559 -0.11680636554956436
-0.14050619304180145 10.764204978942871 0.6318836808204651
-0.1857055127620697 10.789124488830566 0.5416571497917175
0.17121194303035736 10.64955997467041 0.37985506653785706
-1.015690803527832 10.65039348602295 1.2513545751571655
-0.006162980571389198 10.787667274475098 0.23214031755924225
-0.18296997249126434 10.905521392822266 0.8146209716796875
-0.580656111240387 11.014820098876953 0.7142916321754456
0.061944715678691864 10.762951850891113 0.4617376923561096
-0.5725342035293579 10.74610424041748 -0.13116946816444397
-0.4264623522758484 10.913284301757812 0.652306318283081
0.15853707492351532 10.913029670715332 0.009741857647895813
-0.7728755474090576 10.861268043518066 -0.15713857114315033
-0.6344390511512756 10.78890323638916 -0.19521427154541016
0.16057178378105164 10.955534934997559 0.061163775622844696
-0.012422201223671436 11.002830505371094 0.2586972117424011
-0.28761786222457886 11.097698211669922 0.8093657493591309
-0.666488766670227 10.981154441833496 0.907882571220398
0.6116432547569275 11.163198471069336 -0.40136486291885376
-0.6051754951477051 11.165950775146484 0.295091837644577
0.38462409377098083 11.176139831542969 1.0890374183654785
-0.555433988571167 11.150830268859863 0.7191558480262756
-1.1479343175888062 11.2608003616333 0.5525631308555603
0.038026805967092514 11.21727180480957 0.579883873462677
0.025792641565203667 11.15713119506836 -0.11520485579967499
-0.23915712535381317 11.297076225280762 0.57720947265625
-0.08403078466653824 11.272815704345703 1.076204776763916
-0.3479630947113037 11.285978317260742 1.2767804861068726
0.1533675491809845 11.308422088623047 1.078459620475769
0.07714387774467468 11.283073425292969 -0.31594547629356384
0.032831087708473206 11.29260540008545 0.30318954586982727
0.06925046443939209 11.380840301513672 0.8456878662109375
-1.0383652448654175 11.400546073913574 0.8927973508834839
-0.7939176559448242 11.45885944366455 0.6581144332885742
-0.4462484121322632 11.392167091369629 0.47025853395462036
0.5617356896400452 11.441755294799805 1.10568106174469
0.028784964233636856 11.453289031982422 -0.4582417607307434
0.28184399008750916 11.500508308410645 0.20710709691047668
-0.7197179794311523 11.49466609954834 -0.34055468440055847
-0.7004656195640564 11.498810768127441 -0.007441200315952301
-0.6156729459762573 11.513583183288574 0.8397232890129089
-1.2025202512741089 11.538079261779785 0.21380706131458282
0.5448569059371948 11.564441680908203 1.114308476448059
-1.3428970575332642 11.567803382873535 1.1971577405929565
-0.7103379964828491 11.569540023803711 0.7932313084602356
-0.06712297350168228 11.582171440124512 1.3348445892333984
