291
-0.960357129573822 1.3126500844955444 0.7361766695976257
-1.0709394216537476 1.196657419204712 0.23863977193832397
-0.9265037775039673 1.006911277770996 0.5792798399925232
-0.11017666757106781 1.240142822265625 0.4475666582584381
-0.9721250534057617 0.9971753358840942 0.32483312487602234
-0.47593557834625244 0.9300253391265869 0.13177573680877686
-0.36124709248542786 0.9255180358886719 0.489729106426239
-0.8725951910018921 1.1502701044082642 0.7677862048149109
-0.6545807123184204 0.9854019284248352 0.04053105041384697
-0.6676926016807556 1.1280087232589722 -0.08189069479703903
-0.19738641381263733 1.0644551515579224 0.43544867634773254
-0.8112229108810425 0.9446942806243896 0.16745920479297638
-1.0615588426589966 1.1752930879592896 0.48319900035858154
-0.9363630414009094 1.1147727966308594 0.057751260697841644
-0.6321521401405334 0.8430478572845459 0.49970000982284546
-0.588066041469574 0.8677829504013062 0.3044177293777466
-0.8078047037124634 0.8733134269714355 0.3792106807231903
-0.3581579327583313 0.9442150592803955 0.28532445430755615
-0.394743949174881 1.236217975616455 -0.07511977851390839
-0.6958768963813782 1.8510977029800415 0.5442537665367126
-0.3811191916465759 2.036191463470459 0.6079584956169128
-0.3446669280529022 1.065983772277832 0.04985411465167999
-0.0949026420712471 1.4314789772033691 0.3202422261238098
-1.0779578685760498 1.425383448600769 0.27354416251182556
-0.5632560849189758 1.491376280784607 0.376720130443573
-0.18389123678207397 1.1748266220092773 0.16202987730503082
-0.7251183390617371 0.9208328723907471 0.6392436027526855
-0.8581844568252563 1.2946761846542358 -0.06456126272678375
-0.20200476050376892 1.3905435800552368 0.045013125985860825
-0.46572139859199524 1.3452868461608887 0.8596601486206055
-0.5587695240974426 1.3909497261047363 -0.13580434024333954
-0.2249079793691635 1.530056118965149 0.6808127760887146
-0.15409256517887115 1.68648099899292 0.5228599905967712
-0.3829568922519684 1.5688544511795044 0.805475115776062
-0.6677210330963135 1.0674480199813843 0.8010385632514954
-0.6202555298805237 1.2460414171218872 0.8881855010986328
-0.15851658582687378 1.6710333824157715 0.25367051362991333
-0.9453139901161194 1.5174108743667603 0.0921076163649559
-0.36577844619750977 1.5851556062698364 -0.03392423689365387
-0.7265753746032715 1.5600334405899048 -0.049500368535518646
-0.817425012588501 1.698380708694458 0.3273206055164337
-0.5077574849128723 0.9829270839691162 0.7060103416442871
-0.20769339799880981 1.2840675115585327 0.697573184967041
-0.5397316813468933 3.0928826332092285 -0.201008602976799
-0.17889678478240967 1.909808874130249 0.4902479350566864
-0.7053236961364746 1.7802232503890991 0.11615259945392609
-0.3330298066139221 1.7935667037963867 0.09251726418733597
-0.6454046368598938 1.6297913789749146 0.7327909469604492
-1.0675735473632812 1.4673608541488647 0.5273720622062683
-0.33666810393333435 1.0423948764801025 0.6607267260551453
-0.30367252230644226 2.0146191120147705 0.30638670921325684
-0.7117772698402405 2.9057347774505615 -0.007303944788873196
-0.6776560544967651 2.926218032836914 0.2655414342880249
-0.5138087868690491 2.849325180053711 0.15403269231319427
-0.5261694192886353 1.9605268239974976 0.1853463053703308
-0.8672294616699219 1.5901472568511963 0.6721733212471008
-0.41230908036231995 3.0234766006469727 -0.09817136824131012
-0.418965220451355 1.8596843481063843 0.7253257036209106
-0.6493875980377197 2.0314338207244873 0.45200198888778687
-0.5185557007789612 2.651848793029785 0.2526472210884094
-0.7544524073600769 3.247713088989258 -0.22850090265274048
-0.8405428528785706 3.00705623626709 0.14725737273693085
-0.4907800257205963 2.899770736694336 0.02257317304611206
-0.3257848620414734 3.368281364440918 -0.004292624536901712
-0.4925278425216675 3.3864328861236572 -0.19898396730422974
-0.767516016960144 3.070352554321289 -0.1432318538427353
-0.718757688999176 3.0960628986358643 0.37233495712280273
-0.9301742315292358 3.1495583057403564 0.06535691022872925
0.4561454951763153 4.208702087402344 1.190847396850586
-1.228850245475769 3.0442185401916504 0.8169368505477905
-0.7397170066833496 3.3421590328216553 0.38827499747276306
-0.40905240178108215 2.9713611602783203 0.28062570095062256
-0.818077802658081 4.547357082366943 0.5380297899246216
-0.9742044806480408 3.319896697998047 0.08908812701702118
-0.7103248238563538 3.6281208992004395 -0.06226631999015808
-0.4954912066459656 3.3514983654022217 0.37630021572113037
0.3036766052246094 4.224203586578369 0.985382080078125
-1.2403066158294678 3.087747097015381 0.8315597772598267
0.382069855928421 4.188312530517578 1.0812543630599976
0.43543192744255066 4.356640815734863 1.2822710275650024
-0.793779194355011 3.450007915496826 -0.17586727440357208
-0.782599687576294 4.026960372924805 0.2402261197566986
0.24339468777179718 4.245035171508789 1.2423473596572876
-0.37381625175476074 3.1485297679901123 0.3370392322540283
-0.8498515486717224 4.268985748291016 0.33411353826522827
-0.8760426044464111 3.4694976806640625 0.25135666131973267
-0.8421617746353149 4.385655403137207 0.43613719940185547
-0.43890535831451416 3.534557342529297 0.16564889252185822
0.16855435073375702 4.239239692687988 1.0760728120803833
-1.010595679283142 4.479386329650879 0.36830613017082214
-0.8613143563270569 5.0316877365112305 0.1903028041124344
-0.7441600561141968 3.660182237625122 0.1373443603515625
0.30161774158477783 4.167469024658203 1.1325204372406006
-0.2883329391479492 3.1131346225738525 0.07797998189926147
-0.6433371305465698 5.191689968109131 0.6283855438232422
-0.6819526553153992 5.076306343078613 0.39020809531211853
-0.8548464179039001 4.46973180770874 0.20272952318191528
-0.6027799844741821 5.332353115081787 0.31102538108825684
-1.0820215940475464 4.694158554077148 0.41915085911750793
-0.7877435684204102 4.336526393890381 0.3256361484527588
-0.6953683495521545 4.712803840637207 0.41858670115470886
-0.5344571471214294 5.351716995239258 0.73955237865448
-0.8635433912277222 5.11385440826416 0.7074161767959595
-0.8206390142440796 4.670419216156006 0.15127778053283691
-0.7217554450035095 5.3625335693359375 0.8333004713058472
-0.5107312202453613 5.331702709197998 0.5034288763999939
-1.0357791185379028 5.510770797729492 0.7668455839157104
-0.8420243263244629 4.837608814239502 0.5730850696563721
-0.2605825364589691 6.999324321746826 0.14224709570407867
-1.014683723449707 4.926616668701172 0.5997995734214783
-0.8417951464653015 5.480287075042725 0.8622410297393799
0.4407147765159607 4.46077299118042 1.0393356084823608
-1.0274882316589355 4.869530200958252 0.2454843968153
-0.9682702422142029 5.780165195465088 0.7566807866096497
-0.0005032727494835854 6.741950511932373 -0.11709977686405182
-0.531989574432373 5.54849100112915 0.8891250491142273
-0.3853093981742859 5.563475131988525 0.7404016256332397
-1.1171835660934448 5.185810089111328 0.5288475751876831
-0.3942159414291382 5.515969753265381 0.4672856628894806
-1.0294119119644165 5.56238317489624 0.44260096549987793
0.12680764496326447 6.738908767700195 0.22816945612430573
-0.7434104084968567 5.973448276519775 0.5222319960594177
-0.759221613407135 5.672606945037842 0.9569690823554993
-1.0450352430343628 5.199529647827148 0.30614763498306274
-0.8114926218986511 5.341781139373779 0.20867659151554108
-1.0695281028747559 5.356812477111816 0.6352034211158752
-0.028517328202724457 6.809091091156006 0.25110146403312683
-0.28614431619644165 5.72184419631958 0.5893422365188599
-0.5605867505073547 6.064695835113525 0.6508962512016296
-0.4379725456237793 5.648312568664551 0.29643332958221436
-0.6883490085601807 5.729915618896484 0.2587335705757141
-0.908107340335846 5.809526443481445 0.4644376337528229
-0.5613976716995239 5.7997636795043945 0.9349150657653809
-0.5031313896179199 7.1251115798950195 -0.04245346039533615
-0.8477059006690979 5.567483425140381 0.23931588232517242
0.26810765266418457 6.71778678894043 -0.11274148523807526
-0.355834037065506 5.87597131729126 0.7538936138153076
0.2532891035079956 6.733232498168945 0.10254090279340744
-0.8066753149032593 5.954700469970703 0.8257173299789429
-0.65553218126297 7.2500152587890625 0.05383707955479622
-0.3640104830265045 8.033034324645996 0.7529789805412292
0.13888153433799744 6.859686374664307 -0.2626924216747284
0.18090438842773438 6.975552082061768 0.2662433087825775
-0.16720235347747803 7.213523864746094 0.16208602488040924
0.36670976877212524 6.8395304679870605 -0.04428665339946747
-0.40365639328956604 5.874818801879883 0.42420050501823425
0.3843139708042145 7.001538276672363 0.04988989606499672
-0.04027029126882553 6.678959369659424 -0.028813965618610382
0.03248884156346321 6.982365131378174 -0.29890885949134827
-0.05246599018573761 8.017217636108398 1.0841596126556396
-0.1855025440454483 6.972943305969238 -0.1538522094488144
0.2556244134902954 7.080577373504639 -0.2740810513496399
0.3648815453052521 7.2027201652526855 -0.06463078409433365
-0.7074158787727356 7.087502479553223 0.28836771845817566
-0.03886105865240097 7.954699516296387 0.7594016790390015
-0.7077409029006958 6.94321870803833 0.25192636251449585
-0.11715450882911682 7.901657581329346 0.8797141909599304
-0.7198704481124878 6.895914554595947 0.14707237482070923
-0.5561160445213318 6.928483486175537 0.10457688570022583
-0.42344698309898376 8.348015785217285 0.5457431077957153
-0.4524476230144501 8.1886625289917 0.3311519920825958
-0.6218871474266052 6.890174388885498 0.2006891518831253
-0.16637898981571198 7.864896774291992 0.9537397623062134
-1.0529849529266357 8.27542495727539 1.102941870689392
-0.6347493529319763 8.075611114501953 0.37175384163856506
-0.05371074378490448 7.260656356811523 -0.18199726939201355
0.054707121104002 8.162384986877441 0.7411059141159058
-0.3382313549518585 7.9502949714660645 0.9667162895202637
-0.18791553378105164 7.939555644989014 1.0863301753997803
0.08333785831928253 7.341501712799072 -0.0054013836197555065
-0.2750360667705536 7.947329044342041 0.6692817807197571
0.12956713140010834 7.27170467376709 0.10453876852989197
-0.512171745300293 8.0709228515625 0.46392881870269775
-0.6678839325904846 8.099480628967285 0.5409291386604309
-0.31516700983047485 8.26959228515625 0.895339846611023
-0.08123265951871872 8.500503540039062 0.41842523217201233
-0.1265554130077362 8.132078170776367 0.52959805727005
0.24558396637439728 8.319366455078125 0.34309741854667664
0.14939768612384796 8.374563217163086 0.0864872932434082
0.15176250040531158 8.242019653320312 0.2511170506477356
-0.6637246608734131 8.12144660949707 0.4595804214477539
-1.065192699432373 9.260149002075195 0.4559284746646881
0.29602307081222534 8.415661811828613 0.0824638083577156
-0.8793663382530212 8.2573881149292 1.1336007118225098
0.3738994002342224 8.640341758728027 0.352878212928772
0.242463618516922 8.851229667663574 0.34768471121788025
-0.12652744352817535 8.668802261352539 0.11510471254587173
-0.9893118143081665 9.155401229858398 0.21024934947490692
-0.07278646528720856 8.362603187561035 0.15119779109954834
-0.09079641848802567 8.642534255981445 0.462432324886322
0.10765093564987183 8.585958480834961 0.5038052201271057
0.2617960274219513 8.672934532165527 -0.013576892204582691
0.4060336649417877 8.591804504394531 0.21116158366203308
0.048453036695718765 8.213899612426758 0.2792418301105499
0.15782786905765533 8.49067211151123 -0.06666861474514008
-0.7324323654174805 8.022720336914062 0.2498965710401535
-0.870270311832428 9.313095092773438 0.12223927676677704
-1.0670112371444702 9.172266006469727 0.16624094545841217
-0.9340780377388 9.16084098815918 0.37794315814971924
-0.6585775017738342 9.547208786010742 1.1835222244262695
-1.210904836654663 9.439535140991211 0.4093305170536041
-0.014054451137781143 8.937263488769531 0.33309406042099
-1.2618640661239624 9.417999267578125 0.1433858424425125
-1.1144338846206665 9.152392387390137 0.09797017276287079
-0.6280039548873901 9.571964263916016 1.0224175453186035
-0.10383203625679016 8.8488187789917 0.10933095216751099
-0.8466305732727051 9.744144439697266 1.366312861442566
-0.6655439138412476 9.734417915344238 1.4467434883117676
-0.8836610913276672 9.427824020385742 0.3389926254749298
-0.4670160710811615 9.603899002075195 1.284623146057129
-0.4466143548488617 9.700240135192871 1.0454546213150024
-0.8179659247398376 9.724947929382324 1.191128134727478
-1.0567530393600464 9.62166976928711 0.23099710047245026
0.17733138799667358 8.91635513305664 0.09304105490446091
-0.6515712141990662 9.513697624206543 1.3147433996200562
-1.0228934288024902 9.435115814208984 -0.028462661430239677
-1.184558391571045 9.618552207946777 -0.03577661141753197
0.09207595884799957 10.304821014404297 0.5489581227302551
0.09259055554866791 10.260714530944824 0.9266443252563477
0.029368747025728226 10.16211986541748 0.9646968245506287
-0.23236356675624847 10.343571662902832 -0.05301171541213989
-0.2844621539115906 9.85003662109375 0.9752553701400757
-0.6935445666313171 9.759090423583984 0.9525031447410583
-0.9875960946083069 9.894087791442871 0.3601857125759125
-0.04921592026948929 10.139094352722168 0.8460458517074585
-0.19216226041316986 10.32929515838623 0.2244771420955658
-0.9035149812698364 9.804943084716797 0.17953862249851227
-1.147995114326477 9.835381507873535 0.07329118996858597
-0.29856157302856445 10.352189064025879 0.07992827892303467
0.010136038064956665 10.269535064697266 0.7235276103019714
-1.0934792757034302 9.883005142211914 0.4432063698768616
-1.0346843004226685 9.844942092895508 0.01036007795482874
-0.4472431540489197 9.83603286743164 1.281287431716919
-0.114997498691082 10.294740676879883 -0.005692994222044945
-0.9065238833427429 10.065949440002441 0.11616546660661697
0.12972965836524963 10.403675079345703 0.19454729557037354
-0.7344719767570496 9.963412284851074 1.1229389905929565
-0.9868679046630859 10.013029098510742 0.49324700236320496
-0.6050117015838623 10.176509857177734 0.03977864235639572
0.16068151593208313 10.466680526733398 0.2933753728866577
-0.3944808840751648 10.44633960723877 0.034162335097789764
0.15031474828720093 10.64623737335205 0.17173781991004944
0.21714022755622864 10.612081527709961 0.11082262545824051
0.21679478883743286 10.439729690551758 0.731838583946228
0.27281031012535095 10.400899887084961 0.8971853852272034
0.2955179810523987 10.539018630981445 0.918864905834198
-0.9327407479286194 10.786397933959961 1.1003121137619019
-0.006567803211510181 10.777087211608887 -0.07011671364307404
0.14568501710891724 10.518667221069336 0.9569820761680603
-0.18314935266971588 10.624048233032227 0.021427609026432037
0.13821722567081451 10.81508731842041 -0.1431712955236435
-0.8442221879959106 10.832193374633789 1.139516830444336
-0.7475222945213318 10.909764289855957 0.4723999500274658
-0.8411579728126526 10.935513496398926 1.1448453664779663
-0.03429607301950455 10.885887145996094 -0.020101048052310944
0.16248826682567596 10.872456550598145 0.08366028219461441
-0.9195697903633118 10.937530517578125 1.2247872352600098
-0.7062422633171082 10.877799987792969 0.4513450264930725
0.2481396198272705 11.017837524414062 -0.11653493344783783
-1.3701280355453491 11.106121063232422 -0.46352869272232056
-0.45000720024108887 10.861140251159668 0.1412188559770584
-1.3099929094314575 11.147241592407227 -0.40120965242385864
-1.0033397674560547 11.083210945129395 1.1721086502075195
-0.7548882365226746 11.159258842468262 0.2651349604129791
-0.8308829069137573 11.073457717895508 1.3389062881469727
-0.7033957839012146 11.152182579040527 0.26354503631591797
0.035296935588121414 11.07110595703125 0.7175925970077515
0.2312353551387787 11.117840766906738 -0.19824257493019104
0.45145660638809204 11.23194694519043 0.9947636723518372
-0.6688066124916077 11.211615562438965 0.4261957108974457
-0.48640814423561096 11.193282127380371 0.5716146230697632
0.511021077632904 11.358752250671387 1.139055848121643
-0.22736845910549164 11.33736801147461 0.3640943765640259
0.26156675815582275 11.331404685974121 1.2847707271575928
-0.2788000702857971 11.401190757751465 0.3799664378166199
0.028879860416054726 11.328644752502441 -0.38514190912246704
0.45951351523399353 11.349442481994629 1.1910195350646973
0.4186106026172638 11.403356552124023 0.44763684272766113
-1.1997196674346924 11.405200004577637 0.7242116928100586
0.45487868785858154 11.380205154418945 -0.28124377131462097
-0.33220162987709045 11.431943893432617 0.3411436676979065
-0.7444264888763428 11.43062973022461 0.7239091992378235
-0.17953506112098694 11.466999053955078 0.9631177186965942
-1.2688205242156982 11.509429931640625 0.9855567812919617
-1.0300029516220093 11.504537582397461 0.5124527812004089
0.12753869593143463 11.545373916625977 0.48174238204956055
0.29030641913414 11.522573471069336 0.6387726068496704
-0.11719582229852676 11.556499481201172 0.9337007403373718
0.5632340908050537 11.558911323547363 -0.5084368586540222
-1.3711357116699219 11.576422691345215 -0.4413102865219116
0.15347450971603394 11.579423904418945 0.676264762878418
