1576
-2.386474370956421 0.2846066951751709 1.5951271057128906
-2.3863744735717773 0.2845063805580139 -0.7602386474609375
-2.3863744735717773 0.47811827063560486 0.6872016787528992
0.9210304021835327 0.2845063805580139 -0.8530320525169373
-2.1122512817382812 0.284606397151947 0.0012626626994460821
-1.3416738510131836 0.2845063805580139 -1.205301284790039
-0.45244109630584717 0.284606397151947 1.2817853689193726
-1.018261432647705 0.284606397151947 -0.9215078949928284
-0.9750268459320068 0.2845063805580139 -1.2052973508834839
0.921032190322876 0.2845063805580139 -1.2053306102752686
-2.38637638092041 0.2845063805580139 -0.26377296447753906
-2.3863773345947266 0.2845063805580139 0.28065013885498047
-2.3863754272460938 0.2845063805580139 -0.48650169372558594
-1.7899494171142578 0.2845063805580139 2.141207695007324
-2.3863754272460938 0.2845063805580139 -0.011773109436035156
-2.386474609375 0.2846064567565918 0.6881132125854492
0.6644634008407593 0.2846064567565918 -1.2053992748260498
-0.554072916507721 0.2845063805580139 -1.2052971124649048
-2.091357469558716 0.284606397151947 1.3140339851379395
0.11608409881591797 0.2845063805580139 2.141206741333008
0.921029806137085 0.2845063805580139 -0.8975752592086792
0.9210302829742432 0.2845063805580139 -0.7525510787963867
-2.3863754272460938 0.2845063805580139 0.11318397521972656
-1.5997611284255981 0.284606397151947 1.8799738883972168
-0.44045937061309814 0.2845063805580139 -1.2052979469299316
-2.379365921020508 0.2845063805580139 2.141207695007324
-2.3863754272460938 0.2845063805580139 -0.14204120635986328
0.921032190322876 0.2845063805580139 -1.0077465772628784
-2.131781816482544 0.284606397151947 1.6950218677520752
-1.0921003818511963 0.2845063805580139 -1.2052983045578003
0.9210309982299805 0.2845063805580139 1.370945930480957
0.9210300445556641 0.4938191771507263 1.5561991930007935
-1.9089263677597046 0.284606397151947 1.7163398265838623
-2.386474370956421 0.2846066951751709 1.8753457069396973
-2.185930013656616 0.2846059799194336 2.141308307647705
0.9211299419403076 0.2846066951751709 -0.6743595600128174
-2.3863744735717773 0.2845063805580139 -0.6472330093383789
0.9210999011993408 0.28460627794265747 -1.2053993940353394
-2.3863754272460938 0.2845063805580139 -0.8699932098388672
-1.9563018083572388 0.2846062183380127 2.141308307647705
0.9211300611495972 0.2846064567565918 0.8810831308364868
-1.448392391204834 0.2846062183380127 -1.2053985595703125
0.3249485492706299 0.284606397151947 1.5944856405258179
-0.5492733120918274 0.284606397151947 -0.9200959205627441
0.3847864866256714 0.2845063805580139 -1.2053003311157227
-2.386474370956421 0.2845907211303711 2.141207456588745
-2.386474370956421 0.2846064567565918 1.0080347061157227
-0.39058375358581543 0.284606397151947 -0.8127328753471375
-2.3863742351531982 0.5741994380950928 -1.2053983211517334
-2.386474609375 0.2846065163612366 -1.2053520679473877
-1.7635085582733154 0.284606397151947 -0.6159893870353699
-1.5059903860092163 0.284606397151947 -0.9089471101760864
-2.386474370956421 0.2846064567565918 1.6923537254333496
-2.0975704193115234 0.284606397151947 -0.730082094669342
0.9211301207542419 0.28460636734962463 2.042163848876953
-1.8983993530273438 0.284606397151947 1.3543596267700195
0.38260212540626526 0.284606397151947 -0.9206624627113342
-1.5396075248718262 0.2846062183380127 -1.2053985595703125
-2.38637638092041 0.2845063805580139 0.5169582366943359
-1.7070984840393066 0.284606397151947 -0.7967454195022583
-0.07925879955291748 0.2846064567565918 -1.2053990364074707
-1.2783571481704712 0.284606397151947 -0.9297977685928345
-1.8729472160339355 0.2846062183380127 -1.205398440361023
-2.3864386081695557 0.2846064567565918 -1.2053983211517334
0.9211300611495972 0.284606397151947 1.7769407033920288
-2.0510618686676025 0.284606397151947 1.8703852891921997
0.9211300611495972 0.28460657596588135 1.1002681255340576
-0.10677924752235413 0.2846064269542694 2.141308307647705
-2.38637638092041 0.2845063805580139 -0.3744535446166992
0.5692262649536133 0.2845063805580139 2.141207695007324
0.9210300445556641 0.28456535935401917 2.141308307647705
-2.3863725662231445 0.2845063805580139 1.489105224609375
0.9211300611495972 0.2846064567565918 1.677018642425537
0.769608199596405 0.28460636734962463 2.141308307647705
-1.2286403179168701 0.2846062183380127 -1.205398678779602
-1.9843237400054932 0.284606397151947 -0.13875065743923187
0.9211300611495972 0.2846066355705261 1.469808578491211
0.9210281372070312 0.2845063805580139 1.5746126174926758
-1.8899251222610474 0.284606397151947 1.1576143503189087
-2.141016721725464 0.284606397151947 0.7884008288383484
-1.31056547164917 0.2846078872680664 2.141308307647705
0.9211299419403076 0.2846064567565918 -0.5800676345825195
0.9210309982299805 0.2845063805580139 2.141246795654297
-2.3863744735717773 0.2845063805580139 0.9323348999023438
-1.7713470458984375 0.2846064567565918 -1.2053985595703125
-1.3587329387664795 0.284606397151947 -0.7557330131530762
0.9210329055786133 0.2845063805580139 1.8865556716918945
-0.11225005239248276 0.7008563876152039 2.1412081718444824
-0.37633785605430603 0.2846064269542694 2.141308307647705
-0.006770491600036621 0.28460657596588135 -1.2053990364074707
-1.6736741065979004 0.2846064567565918 -1.2053985595703125
-2.025782823562622 0.284606397151947 -0.9087528586387634
-1.9259986877441406 0.5026518702507019 -1.2052985429763794
0.5409418344497681 0.284606397151947 0.5246573090553284
-1.460850715637207 0.2845063805580139 2.1412057876586914
-1.9579248428344727 0.2845063805580139 -1.2052993774414062
-0.667609453201294 0.2846081256866455 2.141308307647705
-2.3863749504089355 0.6713577508926392 2.141308307647705
-2.3863744735717773 0.2845063805580139 1.303450584411621
-0.7742277383804321 0.2846078872680664 2.141308307647705
0.9211300015449524 0.2846064567565918 0.6557598114013672
-2.386474370956421 0.2846066951751709 1.9263699054718018
-2.09700608253479 0.284606397151947 1.121650218963623
0.9211300015449524 0.2846066951751709 0.03898453712463379
-2.3656463623046875 0.2845063805580139 -1.2052984237670898
-2.3863744735717773 0.46248453855514526 1.291501760482788
-0.6982817649841309 0.28460657596588135 -1.2053987979888916
-0.881847620010376 0.2846043109893799 2.141308307647705
-2.3863744735717773 0.2845063805580139 1.183511734008789
-0.9843604564666748 0.284606397151947 1.767920970916748
-2.386474609375 0.7906948924064636 -1.2052984237670898
0.9210308194160461 0.2845063805580139 0.13159415125846863
-2.1509041786193848 0.284606397151947 0.4344882071018219
-1.6870877742767334 0.28460633754730225 2.141308307647705
-2.3863744735717773 0.2845063805580139 -1.0176563262939453
-2.156583786010742 0.2845063805580139 -1.2052984237670898
-2.386474370956421 0.2846064567565918 1.0701651573181152
0.9210299849510193 0.5083392858505249 -0.5404333472251892
-0.6253225803375244 0.284606397151947 1.9078909158706665
-1.3335421085357666 0.284606397151947 1.854846477508545
-1.8070083856582642 0.284606397151947 -0.9305857419967651
-2.386474609375 0.2846064567565918 -0.9480876922607422
-2.1214094161987305 0.284606397151947 -0.27556121349334717
-1.8158549070358276 0.284606397151947 1.873956322669983
-0.8948217630386353 0.2845063805580139 -1.2052973508834839
-2.0372772216796875 0.2845063805580139 -1.2052984237670898
0.0489751435816288 0.5460078716278076 -1.2052991390228271
0.40491294860839844 0.2845063805580139 2.1412086486816406
0.9211299419403076 0.7583785057067871 -1.2052991390228271
-1.574495792388916 0.2846078872680664 2.141308307647705
-2.386474609375 0.8995336890220642 -1.2053120136260986
-2.0590622425079346 0.28460800647735596 2.141308307647705
-0.35218721628189087 0.2845063805580139 -1.2052969932556152
0.9210309982299805 0.2845063805580139 1.206049919128418
0.6122007369995117 0.284606397151947 -0.10081005841493607
0.9211299419403076 0.5264320373535156 -1.205298900604248
-2.043200731277466 0.284606397151947 0.6141242980957031
0.9211300015449524 0.2846066951751709 -0.25667428970336914
0.2758033275604248 0.2845063805580139 -1.2052994966506958
-0.8096939325332642 0.2845063805580139 -1.2052972316741943
-0.0022821426391601562 0.2845063805580139 2.141207695007324
-0.2663998007774353 0.2845063805580139 -1.205297827720642
0.8274306058883667 0.28460633754730225 -1.2053992748260498
0.5773971676826477 0.284606397151947 -0.8878392577171326
-0.8580570220947266 0.284606397151947 1.9502131938934326
0.9211300015449524 0.2846064567565918 0.24802350997924805
-1.0828171968460083 0.2846078872680664 2.141308307647705
0.29143571853637695 0.28460636734962463 2.141308307647705
0.46536049246788025 0.284606397151947 1.2713862657546997
0.10721194744110107 0.2845063805580139 -1.2052977085113525
-2.386474370956421 0.8887959718704224 2.141204833984375
-1.6074953079223633 0.2846064567565918 -1.2053985595703125
0.9210299849510193 0.2845063805580139 0.5526649951934814
-0.26188719272613525 0.284606397151947 1.7607461214065552
-1.8714561462402344 0.2845063805580139 2.141206741333008
-0.6250042915344238 0.28460633754730225 -1.2053989171981812
0.5492081642150879 0.2845063805580139 -1.2052993774414062
0.3479425609111786 0.284606397151947 1.905740737915039
-0.5802497863769531 0.2845063805580139 2.141207695007324
-0.4865726828575134 0.2846064567565918 2.141308307647705
0.4697638750076294 0.2846064567565918 -1.2053991556167603
-0.15879188477993011 0.284606397151947 1.0150562524795532
0.664077877998352 0.284606397151947 -0.2814565598964691
0.18956267833709717 0.2846064567565918 -1.2053991556167603
0.0979757159948349 0.284606397151947 -0.019615937024354935
-0.12136835604906082 0.284606397151947 1.8900805711746216
0.9211300015449524 0.2846064567565918 -0.060257673263549805
0.9211300611495972 0.2846064567565918 0.7809083461761475
0.15449866652488708 0.284606397151947 -0.90045565366745
0.9211300015449524 0.2846064567565918 -0.4779350757598877
-1.8447158336639404 0.284606397151947 0.26347994804382324
-2.386474609375 0.2846064567565918 0.40016961097717285
0.9210314750671387 0.2845063805580139 -0.36835595965385437
0.24787984788417816 0.284606397151947 -0.5851094722747803
0.6641237139701843 0.284606397151947 1.4906346797943115
-0.24721086025238037 0.284606397151947 -0.6997619867324829
-1.53923761844635 0.284606397151947 -0.7153814435005188
0.2147134244441986 0.284606397151947 1.7340370416641235
0.0014690482057631016 0.284606397151947 1.7009726762771606
0.6263537406921387 0.284606397151947 -0.6980230808258057
0.9211300015449524 0.2846064567565918 0.4316709041595459
-0.24503841996192932 0.284606397151947 -0.9042696356773376
0.6394287347793579 0.284606397151947 -0.5173730254173279
-1.3894706964492798 0.284606397151947 -0.5700720548629761
-2.082366466522217 0.284606397151947 0.2295384407043457
-1.9230859279632568 0.284606397151947 0.789714515209198
-0.6732988357543945 0.607934296131134 2.1412081718444824
-2.101221799850464 0.284606397151947 1.5185023546218872
0.5966854095458984 0.284606397151947 1.8016328811645508
-2.3863744735717773 0.2845063805580139 -0.5690679550170898
-2.1061718463897705 0.284606397151947 -0.536081075668335
0.9210309982299805 0.2845063805580139 1.2848215103149414
0.04096673056483269 0.284606397151947 -0.5578551292419434
-1.9246726036071777 0.284606397151947 1.5530682802200317
-2.386474370956421 0.2846066951751709 2.141289234161377
-1.8381428718566895 0.284606397151947 0.97103351354599
0.4889448285102844 0.28460636734962463 2.141308307647705
0.9210301637649536 0.8234666585922241 2.141308307647705
-2.3863744735717773 0.7040231823921204 1.908968210220337
-2.386474370956421 0.28460657596588135 0.8434913158416748
-0.8530254364013672 0.284606397151947 -0.49443861842155457
-0.27407658100128174 0.2846064567565918 2.141308307647705
-1.906793236732483 0.284606397151947 -0.7595141530036926
-2.3863751888275146 0.4362449645996094 -1.2053983211517334
-1.720451831817627 0.284606397151947 1.684119462966919
-2.3863744735717773 0.4961319863796234 -0.35049405694007874
-2.3863744735717773 0.5800526738166809 -0.8805654048919678
-1.5447176694869995 0.284606397151947 1.3227797746658325
-1.485520362854004 0.284606397151947 1.1274828910827637
-2.3863744735717773 1.13688325881958 -1.2053983211517334
-2.386474609375 0.2846064567565918 0.19508135318756104
-0.6710391640663147 0.5757756233215332 -1.205298900604248
-1.9667609930038452 0.284606397151947 -0.37095215916633606
-1.8126797676086426 0.284606397151947 -0.24470765888690948
-2.3863744735717773 0.610084056854248 1.1215544939041138
-1.944115161895752 0.284606397151947 0.09485005587339401
-1.9307001829147339 0.284606397151947 -0.5818237662315369
-0.7655991911888123 0.284606397151947 1.7424620389938354
0.44314348697662354 0.284606397151947 -0.7310519218444824
-1.5800946950912476 0.284606397151947 -0.5313459038734436
0.9210299253463745 0.6432148814201355 -1.2053993940353394
-1.7314651012420654 0.284606397151947 1.2659341096878052
-1.9609981775283813 0.284606397151947 0.41945216059684753
0.5770630836486816 0.49397897720336914 -1.2052992582321167
0.1666923314332962 0.284606397151947 -0.2717547118663788
0.20433521270751953 0.2845063805580139 2.141206741333008
0.9211300611495972 0.28460657596588135 0.9895654916763306
0.33252081274986267 0.284606397151947 0.48346641659736633
-2.386474609375 1.0138413906097412 -1.2053122520446777
-1.1636427640914917 0.2845063805580139 -1.2052984237670898
-0.985086977481842 0.2846081256866455 2.141308307647705
-0.966773271560669 0.284606397151947 -0.7547689080238342
-1.3322923183441162 0.284606397151947 1.6622350215911865
-2.386474609375 0.28460633754730225 -0.07827425003051758
0.9210302233695984 0.3820618987083435 -1.2053993940353394
-1.903021216392517 0.6817857623100281 2.1412081718444824
-1.1916875839233398 0.284606397151947 1.3882732391357422
-2.3863751888275146 0.5572735071182251 2.141308307647705
-1.7689802646636963 0.284606397151947 -0.4132622182369232
0.9210301041603088 0.47509756684303284 2.141308307647705
-1.5005258321762085 0.284606397151947 1.7261195182800293
0.08958256989717484 0.284606397151947 0.42656585574150085
-1.1707929372787476 0.284606397151947 0.9093523621559143
-2.3863744735717773 0.7760283946990967 -0.9535617232322693
-1.0304720401763916 0.284606397151947 1.5564767122268677
-2.38637375831604 0.6870381832122803 -1.2053983211517334
-2.386474370956421 0.4391310214996338 2.1412081718444824
-2.386375665664673 1.1145763397216797 2.141308307647705
-2.3863754272460938 0.7815375328063965 2.141308307647705
-0.4636497497558594 0.610052764415741 2.1412081718444824
-0.19133776426315308 0.5310660004615784 -1.2052990198135376
0.9210300445556641 0.49384579062461853 1.0117241144180298
-2.386373519897461 0.2845063805580139 0.6174612045288086
0.9210302233695984 0.6038203239440918 2.141308307647705
0.6761409640312195 0.7062721848487854 -1.2052993774414062
-0.18867337703704834 0.28460636734962463 2.141308307647705
0.9210300445556641 0.3160948157310486 1.8403486013412476
0.9210320711135864 0.2845063805580139 0.3442719876766205
-2.3863744735717773 0.6708613038063049 -0.0017838814528658986
-0.9318802356719971 0.284606397151947 0.07241134345531464
-1.9943819046020508 0.7274734973907471 -1.2052985429763794
-2.3863744735717773 0.49274879693984985 -0.6265925168991089
-1.1983107328414917 0.284606397151947 1.5788307189941406
-1.379247784614563 0.284606397151947 -0.38611340522766113
-2.3863754272460938 0.2845063805580139 1.3953313827514648
-0.02182687446475029 0.284606397151947 -0.39084169268608093
0.49428418278694153 0.284606397151947 -0.34059804677963257
0.08947545289993286 0.284606397151947 1.901211142539978
-0.4897746741771698 0.284606397151947 -0.6542808413505554
-1.8144372701644897 0.284606397151947 -0.06318619102239609
0.9210301637649536 0.924418568611145 2.141308307647705
-0.8948285579681396 0.5269728899002075 -1.2052987813949585
0.9210300445556641 0.4762568771839142 0.7577940821647644
-1.7036572694778442 0.284606397151947 1.0775818824768066
-2.0085368156433105 0.49984103441238403 2.1412081718444824
-2.3863744735717773 0.5493806004524231 0.9153645634651184
-1.3847877979278564 0.2846081256866455 2.141308307647705
-2.3863744735717773 0.557988166809082 -0.15080152451992035
-1.3947416543960571 0.284606397151947 1.4815243482589722
-2.1402747631073 0.5850933194160461 -1.2052984237670898
-0.5606318712234497 0.749839723110199 2.637876272201538
-0.6535016298294067 0.284606397151947 1.5955256223678589
-0.33498844504356384 0.284606397151947 -0.141638845205307
0.5869929790496826 0.574072539806366 2.1412081718444824
0.9211299419403076 0.8714295625686646 -1.2052949666976929
0.9211299419403076 0.9771784543991089 -1.2052948474884033
0.9210299849510193 0.47939401865005493 -0.2448066622018814
0.9210301041603088 0.6817294955253601 1.9132097959518433
-2.3863744735717773 0.46480485796928406 0.39595937728881836
0.9210299253463745 0.5670545101165771 -0.7835068106651306
0.9210300445556641 0.6362440586090088 1.7190008163452148
0.9210299849510193 0.4765205383300781 0.15981334447860718
-1.2448372840881348 0.284606397151947 -0.2560160160064697
0.45444256067276 0.284606397151947 -0.024239452555775642
-2.3863744735717773 0.5675090551376343 1.7660346031188965
0.6412619948387146 0.284606397151947 1.2383484840393066
0.0936799868941307 0.284606397151947 1.5478769540786743
0.3315114378929138 0.545812726020813 2.1412081718444824
0.9210299253463745 0.6967285871505737 -0.9461482167243958
-2.1303417682647705 0.6992138624191284 2.1412081718444824
-1.2357606887817383 0.2845063805580139 2.141207695007324
0.9211301207542419 0.7202838659286499 2.141207695007324
-0.14728857576847076 0.28493422269821167 2.692765951156616
-1.7731720209121704 0.284606397151947 0.4321308434009552
0.6925129294395447 0.28460636734962463 2.141308307647705
0.9210300445556641 0.5486268401145935 1.2576572895050049
0.9210299849510193 0.6378071904182434 0.3440302014350891
0.9210300445556641 0.8828245997428894 1.8527024984359741
-2.0563714504241943 0.8632224202156067 2.1412081718444824
-2.3863744735717773 0.4457756578922272 1.6022740602493286
-1.356664776802063 0.284606397151947 1.26307213306427
-0.8710339069366455 0.284606397151947 1.5902738571166992
-2.3863744735717773 0.6650762557983398 1.4076732397079468
-2.3863744735717773 0.6730467677116394 1.5843958854675293
-2.3863744735717773 0.6644792556762695 -0.7050961256027222
-1.1456406116485596 0.2846081256866455 2.141308307647705
0.06428567320108414 0.5628402829170227 2.1412081718444824
-0.6509512066841125 0.284606397151947 -0.7609578967094421
-1.7451013326644897 0.284606397151947 1.4895505905151367
-2.3863744735717773 0.7736968994140625 1.033638596534729
-1.737883448600769 0.284606397151947 0.10971265286207199
-1.415576696395874 0.5722880959510803 2.1412081718444824
-0.38143080472946167 0.284606397151947 1.933252215385437
-0.8536584973335266 0.7497397065162659 2.6028378009796143
-1.4325199127197266 0.284606397151947 0.31044116616249084
-1.1621310710906982 0.284606397151947 -0.7693814635276794
-1.231805443763733 0.8153550624847412 2.1412081718444824
-0.44099727272987366 0.5127791166305542 -1.2052990198135376
-1.3113139867782593 0.5418487787246704 -1.205298662185669
-2.3863744735717773 0.8724817037582397 1.4655317068099976
-2.130094289779663 0.8569607138633728 -1.2052984237670898
-2.3863744735717773 0.912621259689331 1.8646966218948364
0.7234551906585693 0.284606397151947 0.6280712485313416
-0.2775958180427551 0.6009071469306946 2.1412081718444824
0.049823373556137085 0.284606397151947 -0.7296355366706848
-0.01080999057739973 0.749839723110199 2.572474479675293
0.29162338376045227 0.5237419605255127 -1.2052991390228271
-2.3863744735717773 0.6460198163986206 0.5679695010185242
0.9211300015449524 0.2846064567565918 -0.16607069969177246
0.2691638767719269 0.9273849725723267 2.1412081718444824
-2.0361523628234863 1.096714973449707 0.07526995986700058
-1.509726643562317 0.5627263784408569 -1.205298662185669
0.6719275712966919 0.284606397151947 0.10258711129426956
-0.14992845058441162 0.2846064567565918 -1.2053990364074707
-0.6252022385597229 0.284606397151947 2.692453384399414
0.9210299849510193 0.4806020259857178 0.4975874722003937
-2.0275356769561768 0.881548285484314 1.7912803888320923
-1.1789968013763428 0.284606397151947 0.2924712598323822
-2.0669126510620117 0.9093822240829468 -0.3004275858402252
-1.5898946523666382 0.6558545231819153 2.1412081718444824
0.4759714901447296 0.284606397151947 1.4648629426956177
0.4833254814147949 0.8265276551246643 -1.2052992582321167
-2.358755111694336 1.4414117336273193 -1.2052984237670898
-1.668104887008667 0.284606397151947 0.604705274105072
-1.8453114032745361 0.284606397151947 0.6176021695137024
-1.641797423362732 0.284606397151947 -0.10756567120552063
-0.915115237236023 0.5726333856582642 2.1412081718444824
-1.718363881111145 0.284606397151947 0.818634569644928
-1.759838581085205 0.7738795280456543 2.1412081718444824
-2.3863744735717773 0.8154860734939575 -0.14759717881679535
0.4391731023788452 0.284606397151947 -0.5498529076576233
-1.547534465789795 0.284606397151947 0.13502608239650726
-2.3863744735717773 0.950356662273407 -0.8970264196395874
0.43750113248825073 0.6527888178825378 -1.2052992582321167
-1.7437509298324585 0.506324052810669 2.1412081718444824
0.9210299849510193 0.6884813904762268 0.1234125867486
0.9210299849510193 0.5904353857040405 -0.0656103864312172
-1.5594422817230225 0.284606397151947 1.545560359954834
-2.0295815467834473 0.284606397151947 0.9636231660842896
0.5642673969268799 0.284606397151947 1.6264073848724365
-2.3863744735717773 0.7084410190582275 0.8186933398246765
-0.8549301028251648 0.7497397065162659 2.505129814147949
-0.4558633863925934 0.284606397151947 2.6926443576812744
-0.8585479855537415 0.284606397151947 1.234533429145813
0.47323885560035706 0.284606397151947 0.34036025404930115
-2.0204684734344482 0.6873571276664734 -0.6639403104782104
-1.763390064239502 0.595388650894165 -1.2052985429763794
-2.3863744735717773 0.687052309513092 -0.5032645463943481
-1.1984485387802124 0.5850420594215393 2.1412081718444824
-2.3863744735717773 0.5198202729225159 0.13006292283535004
-1.3074628114700317 0.284606397151947 0.1412186175584793
-1.4478676319122314 0.7653259038925171 -1.205298662185669
-1.301605224609375 0.284606397151947 0.46175551414489746
-0.41560032963752747 0.6947832107543945 2.8004941940307617
-2.3863744735717773 0.7756084203720093 1.257900357246399
-1.517862319946289 0.284606397151947 0.7402421236038208
-2.083441972732544 0.9489719867706299 1.212529182434082
0.41842955350875854 0.284606397151947 1.7474322319030762
0.6561944484710693 0.9168630242347717 -1.2052992582321167
-1.5390303134918213 0.284606397151947 0.953391432762146
-1.4176344871520996 0.9476687908172607 1.8620123863220215
-0.5183187127113342 0.284606397151947 1.7403062582015991
-2.0347189903259277 0.8376584053039551 -0.8010942339897156
-2.386474609375 1.2591878175735474 -1.205311894416809
-1.493397831916809 0.284606397151947 4.114638328552246
-0.1793840080499649 0.284606397151947 4.639352798461914
-1.0633604526519775 0.7261292934417725 2.1412081718444824
-2.028122663497925 1.1666059494018555 1.6465299129486084
-1.8396110534667969 0.7021664381027222 1.803722620010376
-1.6203958988189697 0.284606397151947 0.33901068568229675
0.5643294453620911 0.7324971556663513 2.1412081718444824
-0.2949618399143219 0.28725627064704895 2.692638874053955
0.9210300445556641 1.1367921829223633 2.141308307647705
0.3723610043525696 0.284606397151947 1.0840665102005005
-1.4316123723983765 0.284606397151947 -0.1954435557126999
0.35526877641677856 0.7176845669746399 2.1412081718444824
-0.5493167042732239 0.284606397151947 -0.3624020218849182
0.7011336088180542 0.284606397151947 0.9651008248329163
0.9210300445556641 0.6483571529388428 1.4892421960830688
-1.37119460105896 0.28767722845077515 3.0440335273742676
-2.3863744735717773 0.8196395635604858 1.6808784008026123
0.5977185368537903 0.8784517049789429 2.1412081718444824
-0.143256276845932 0.284606397151947 1.6096391677856445
-0.9678611755371094 0.284606397151947 4.578254699707031
-0.3505619764328003 0.6913439631462097 -1.2052990198135376
0.9210300445556641 1.0673822164535522 1.7843741178512573
0.9210300445556641 0.6943919062614441 0.7592860460281372
0.9211300611495972 1.03318452835083 2.141209602355957
0.9210299849510193 0.8463975787162781 0.25799620151519775
-2.3863744735717773 0.8150291442871094 0.11325512081384659
-0.28653857111930847 0.284606397151947 1.456897497177124
0.9210300445556641 0.6942883729934692 0.9576091766357422
-0.0667814388871193 0.7056060433387756 -1.2052991390228271
-1.8894201517105103 0.9848049283027649 -0.8680600523948669
0.9210386276245117 1.078289270401001 -1.2053993940353394
-0.09976982325315475 0.284606397151947 3.826636552810669
0.9210299849510193 0.6740588545799255 -0.3595256805419922
-2.386474370956421 0.9928154349327087 2.1412081718444824
0.9210299849510193 0.6905768513679504 0.5608174204826355
-2.3863744735717773 0.8217900991439819 -0.7226948738098145
-2.0816521644592285 1.0852546691894531 -1.2052984237670898
0.9210300445556641 0.8918581604957581 1.2667319774627686
0.9210301637649536 1.2725965976715088 2.141308307647705
0.3415438234806061 0.910473644733429 2.050546169281006
-1.646780252456665 0.7330803871154785 -1.2052985429763794
-0.8303125500679016 0.7195764780044556 -1.205298900604248
-2.3863744735717773 0.6701399087905884 0.28873884677886963
0.46171140670776367 0.8522130250930786 -0.8667840957641602
-0.2045677900314331 0.8168551325798035 -1.2052990198135376
-1.8484079837799072 0.7947059273719788 -1.2052985429763794
-2.3863744735717773 0.7775830030441284 0.4419625997543335
-2.035585641860962 1.0613104104995728 2.1412081718444824
-1.4834219217300415 0.284606397151947 0.5296777486801147
-1.856214165687561 0.6399860382080078 -0.8201428055763245
-1.8300468921661377 0.613074541091919 -0.5826029181480408
0.2746438980102539 0.284606397151947 1.234376072883606
-0.9973775148391724 0.284606397151947 1.3446143865585327
0.9210300445556641 0.700509250164032 1.1808669567108154
0.6885805130004883 0.28916966915130615 3.7448716163635254
-1.439426302909851 0.284606397151947 -0.013843565247952938
0.9210299253463745 0.6916984915733337 -0.5909270644187927
-2.3863744735717773 0.7286147475242615 -0.3088834881782532
-0.9031310677528381 0.284606397151947 0.659047544002533
-1.911708950996399 0.9599660634994507 -1.2052985429763794
-1.2355742454528809 0.284606397151947 -0.05686085298657417
-2.3863744735717773 0.9344279170036316 1.1724212169647217
0.9210383892059326 1.1898670196533203 -1.2053993940353394
-1.2132275104522705 0.284606397151947 -0.5824278593063354
-1.1093496084213257 0.5811043977737427 -1.2052987813949585
-2.3863744735717773 0.9454458951950073 -0.2905329465866089
-2.3863744735717773 0.9745016098022461 -0.6732421517372131
0.28495991230010986 0.284606397151947 -0.4033432900905609
-2.3863744735717773 0.8793261051177979 -0.4877386689186096
-0.9920496344566345 1.5526068210601807 -1.3804817199707031
-0.5717189908027649 0.7276442050933838 -1.205298900604248
-1.1138222217559814 0.31587985157966614 4.4930925369262695
-2.4589664936065674 1.5360453128814697 -0.9419512748718262
0.9211301207542419 1.3656415939331055 2.141209363937378
-1.6875758171081543 0.9233976602554321 -1.2052985429763794
-1.1055500507354736 0.284606397151947 0.4823766052722931
0.9210300445556641 0.9345860481262207 1.5485707521438599
-2.3863744735717773 0.956512451171875 -0.015498124994337559
0.27133262157440186 0.284606397151947 -0.07058478146791458
-0.38005250692367554 0.284606397151947 -0.5356066226959229
0.9210299253463745 0.7777940034866333 -0.7479411959648132
-1.5903719663619995 0.284606397151947 -0.3115529716014862
0.9210300445556641 0.8644108176231384 1.0592830181121826
-1.029180884361267 0.284606397151947 -0.5810126662254333
0.9210299253463745 1.0951374769210815 -0.8475437164306641
-0.06289627403020859 0.284606397151947 -0.8803775310516357
-2.3863744735717773 1.0972332954406738 1.5153392553329468
-2.3863744735717773 1.1572266817092896 -0.8588073253631592
0.4478221535682678 0.2927719056606293 2.8889098167419434
-1.1532859802246094 0.284606397151947 1.181132435798645
0.5736299753189087 0.284606397151947 4.0593743324279785
-1.0241636037826538 0.7550824880599976 -1.2052987813949585
0.5003864169120789 1.1167826652526855 -0.8343660831451416
0.9210300445556641 0.808101236820221 1.6743900775909424
0.9210299849510193 0.8176287412643433 -0.04349660873413086
0.266187846660614 0.284606397151947 -0.754004716873169
-0.8056058883666992 0.284606397151947 -0.6658706665039062
-1.2625895738601685 0.7451282143592834 -1.205298662185669
0.49475759267807007 1.0372676849365234 -1.2052992582321167
-2.0493595600128174 1.2314459085464478 -0.6776812076568604
-0.8741803169250488 0.284606397151947 -0.10822964459657669
-1.1076172590255737 0.284606397151947 -0.3881809711456299
-1.786159634590149 1.2230650186538696 -0.8639895915985107
0.44865691661834717 0.2977609634399414 3.6218948364257812
0.26144877076148987 0.284606397151947 4.406301021575928
-0.7261437177658081 0.284606397151947 -0.2755120098590851
-2.3863744735717773 1.0833905935287476 1.3145073652267456
0.9210300445556641 0.8850674629211426 0.8464594483375549
-0.022002853453159332 0.284606397151947 0.5604080557823181
-0.36350035667419434 0.284606397151947 -0.3366135060787201
0.1103295087814331 0.7789131999015808 2.1412081718444824
-1.839741587638855 1.3802471160888672 -1.2052985429763794
0.6957603693008423 0.3101123571395874 3.5885512828826904
-1.2572015523910522 0.8714035153388977 -0.853671669960022
-2.3863744735717773 0.9235618114471436 0.927112340927124
-2.386474370956421 1.3236618041992188 2.1412081718444824
-2.021304130554199 0.8347119688987732 1.4708027839660645
-2.0617995262145996 1.1946732997894287 0.874352216720581
-0.0040001943707466125 0.9892419576644897 -1.2052991390228271
-2.3863744735717773 1.1793783903121948 1.8312032222747803
-1.3012571334838867 0.284606397151947 1.057958722114563
-1.4659600257873535 0.9311696887016296 -1.205298662185669
-1.8817903995513916 0.6124835014343262 1.5891263484954834
-0.3269490897655487 0.9678124189376831 -0.8727984428405762
0.22416314482688904 0.719645082950592 -1.2052991390228271
-1.7508333921432495 0.8579395413398743 -0.7862062454223633
-1.8695063591003418 0.9318981766700745 2.1412081718444824
-0.7949370741844177 0.28470999002456665 2.69254732131958
-2.3863744735717773 0.9402840733528137 0.5322927236557007
0.6717010140419006 0.284606397151947 0.3424692153930664
0.9210299253463745 0.8962185382843018 -0.8965969085693359
-0.7501862049102783 0.8719385266304016 -1.205298900604248
-1.9958027601242065 0.6794641017913818 1.1991524696350098
-2.031010627746582 0.8136634230613708 -0.0700669139623642
-1.4143117666244507 0.7802900671958923 2.1412081718444824
-1.8211077451705933 1.0305640697479248 1.843083381652832
0.9210299849510193 1.0599113702774048 0.4397430717945099
0.9210386276245117 1.3007910251617432 -1.2053993940353394
-2.0445196628570557 0.756973385810852 0.22426044940948486
-2.386474370956421 1.2183711528778076 2.1412081718444824
0.05607865750789642 0.831454336643219 -1.2052991390228271
-1.347532868385315 1.2533390522003174 -1.205298662185669
0.9210299849510193 0.9396513104438782 -0.26214665174484253
-1.6002659797668457 0.8945744037628174 2.1412081718444824
-1.5513654947280884 0.2980981767177582 3.9423654079437256
0.2908819019794464 0.284606397151947 1.4310302734375
-2.3863744735717773 1.1173593997955322 -0.16968055069446564
0.3566009998321533 0.6421283483505249 -0.8206223845481873
-1.5841593742370605 0.7932305932044983 1.7570738792419434
-2.0472207069396973 0.7210009694099426 1.6550214290618896
-1.3534027338027954 0.284606397151947 0.852414608001709
-2.0539908409118652 0.8449670672416687 0.950251579284668
0.37499570846557617 0.284606397151947 -0.21583452820777893
0.04629847779870033 1.0486161708831787 2.1412081718444824
0.02852497436106205 0.6496461033821106 3.1266896724700928
-0.939678430557251 0.284606397151947 2.705470323562622
0.9210299253463745 1.4192156791687012 -0.9782485365867615
-1.9289486408233643 1.085636854171753 -0.6605801582336426
-2.386474609375 1.3502113819122314 -1.2053122520446777
-1.3659297227859497 0.31447550654411316 4.286402702331543
-1.9766340255737305 0.8325768113136292 -0.5048919916152954
-2.3863744735717773 0.8303955793380737 0.6960707902908325
0.9159532785415649 1.3991506099700928 -1.2052993774414062
-0.2575537860393524 0.9786124229431152 -1.2052990198135376
-1.5662658214569092 1.1279948949813843 -1.205298662185669
-1.18947434425354 0.9025804996490479 -1.2052987813949585
0.9210299849510193 0.8519385457038879 -0.46625271439552307
-1.5120917558670044 0.7964257001876831 -0.8577549457550049
-1.9812489748001099 1.2630105018615723 2.1412081718444824
-2.0630674362182617 1.015493631362915 0.39721399545669556
-2.3863744735717773 1.0104844570159912 1.6746361255645752
-0.9754753708839417 0.9274356961250305 -1.2052987813949585
0.3030112683773041 0.8770569562911987 -1.2052992582321167
0.5046163201332092 1.3619863986968994 2.1399550437927246
-1.1424367427825928 0.284606397151947 1.8068443536758423
-0.44359585642814636 0.883387565612793 -1.2052990198135376
0.4299216568470001 0.284606397151947 0.8804154992103577
0.9210299253463745 0.9452258348464966 -0.6655687093734741
-2.3863744735717773 1.1155601739883423 -0.5586955547332764
-0.7799617052078247 0.284606397151947 0.3530421853065491
-1.3855091333389282 0.9721553921699524 2.1412081718444824
-2.3863744735717773 1.0192776918411255 0.7346678376197815
-2.3863744735717773 0.8917930126190186 0.28449368476867676
-1.9976625442504883 1.257777214050293 -1.2052985429763794
-1.785906195640564 1.1372615098953247 -1.2052985429763794
-2.3863744735717773 1.284697413444519 -0.6985018253326416
0.48493534326553345 0.284606397151947 0.16411474347114563
-1.300849199295044 1.0516397953033447 -1.205298662185669
0.5655829310417175 0.7143700122833252 -0.7510539889335632
-0.03534742817282677 0.30616018176078796 4.595978260040283
0.5431759357452393 0.284606397151947 1.0566463470458984
-0.18044285476207733 0.284606397151947 -0.2833590507507324
-0.8465341925621033 1.0737133026123047 -1.205298900604248
0.5867719054222107 0.284606397151947 0.780365526676178
-1.1161880493164062 0.284606397151947 0.09684418886899948
-0.26338672637939453 0.284606397151947 1.2575381994247437
-0.3620874881744385 0.284606397151947 1.6147041320800781
0.07046104967594147 1.2007079124450684 -1.2052991390228271
-1.5801547765731812 0.29041868448257446 3.5049476623535156
-2.0106399059295654 1.5715564489364624 -0.8104308843612671
-1.299080729484558 0.7242505550384521 1.8217604160308838
-0.09262930601835251 0.284606397151947 1.2036901712417603
-0.8412884473800659 0.284606397151947 1.0317462682724
-2.3863744735717773 1.3282800912857056 1.6848742961883545
-0.6063474416732788 0.9793974757194519 -1.205298900604248
0.487865686416626 1.0210391283035278 2.1412081718444824
-1.724463939666748 1.068254828453064 2.1412081718444824
0.6971524953842163 0.33232927322387695 3.440786361694336
-0.779769778251648 0.29249757528305054 4.6356706619262695
-2.044797658920288 0.7872152328491211 0.7077041268348694
-2.3833839893341064 1.4117631912231445 -0.9357516765594482
-2.3863744735717773 1.3884841203689575 -0.28551599383354187
-1.83425772190094 0.956569492816925 1.6392207145690918
-2.367562770843506 1.4496512413024902 -0.6022771596908569
0.25664225220680237 1.044134497642517 -1.2052991390228271
0.9210299849510193 1.1258702278137207 0.24295945465564728
-0.8363557457923889 0.8295979499816895 2.1628036499023438
-1.9881104230880737 0.6628133058547974 -0.24920085072517395
0.9210300445556641 1.0633903741836548 1.2256816625595093
0.9210300445556641 1.0986393690109253 1.5749516487121582
0.5661028027534485 1.2282013893127441 -1.2052992582321167
-2.3863744735717773 1.2298054695129395 0.814005434513092
-2.2127139568328857 1.4610174894332886 2.1436729431152344
-1.4763144254684448 1.1081843376159668 -0.8434340953826904
0.6109557151794434 0.9140123724937439 -0.6350763440132141
0.9210300445556641 1.329101800918579 1.8428207635879517
0.376404732465744 0.2911505699157715 4.304232597351074
0.12205947935581207 0.6802054643630981 2.9321417808532715
0.6355475783348083 1.5466939210891724 -0.9505079984664917
-1.3454185724258423 0.31714189052581787 3.600222110748291
0.9210300445556641 1.0830700397491455 0.6999037861824036
-0.6385946869850159 0.28641512989997864 4.675415515899658
-1.5992807149887085 0.2885195016860962 3.655405044555664
0.0738448053598404 0.828011691570282 -0.8628607392311096
0.9210299849510193 1.0656335353851318 -0.06133008375763893
-2.3863744735717773 1.0720529556274414 0.23436272144317627
0.4791645407676697 0.30257245898246765 4.195343971252441
-1.98763108253479 1.2886130809783936 1.384629726409912
-0.8806359767913818 0.8192371726036072 -0.8544741868972778
-2.3863744735717773 1.1172866821289062 1.0165854692459106
-2.3863744735717773 1.1860733032226562 -0.3783286213874817
-1.1384468078613281 0.9858837723731995 2.1412081718444824
-1.8799047470092773 1.572858214378357 1.9739607572555542
-2.136828660964966 1.6140267848968506 1.3501297235488892
-0.5073530673980713 0.284606397151947 1.5025508403778076
-2.3863744735717773 1.3283175230026245 1.474762201309204
-1.251025915145874 0.30333903431892395 4.396315574645996
0.9210300445556641 1.057594895362854 0.9548923969268799
-1.0644489526748657 0.284606397151947 -0.16309842467308044
-0.5489057898521423 0.284606397151947 0.31653130054473877
-1.4545010328292847 0.29634544253349304 3.1885297298431396
0.22402623295783997 0.284606397151947 0.978917121887207
-0.7008341550827026 0.284606397151947 -0.04561430215835571
-1.25552499294281 1.180108666419983 2.1412081718444824
0.9194937348365784 1.459013819694519 2.224895477294922
-0.4800414741039276 0.3073168098926544 4.684703826904297
0.0851534828543663 0.284606397151947 1.136657476425171
0.9210299253463745 1.21140456199646 -0.6960881352424622
0.322913259267807 0.2874975800514221 2.6935653686523438
-0.6498697400093079 0.284606397151947 -0.5355857014656067
0.9210299849510193 1.070129632949829 -0.4954940974712372
-2.3863744735717773 1.259541630744934 1.2076469659805298
0.1029977947473526 0.2905381917953491 4.50825834274292
-1.551242709159851 0.33942893147468567 3.348545789718628
-0.04603629186749458 1.4390958547592163 -1.2005159854888916
-1.7835464477539062 1.2801134586334229 2.137955665588379
-2.3863744735717773 1.1298182010650635 0.4788462817668915
-1.3300812244415283 0.28789204359054565 3.8487181663513184
0.21295911073684692 0.284606397151947 0.6082260012626648
-0.8635067939758301 0.284606397151947 4.468411445617676
-1.828895926475525 0.6690101027488708 1.367606282234192
-0.32542532682418823 0.33463966846466064 4.682328701019287
0.9210300445556641 0.8019695281982422 1.4185726642608643
-1.129873514175415 0.6963430047035217 -0.8118886947631836
0.6242119669914246 0.31619495153427124 3.0740957260131836
-0.7648503184318542 0.284606397151947 0.17217274010181427
0.8014225959777832 1.4761601686477661 -1.2014163732528687
-1.6187598705291748 0.6928285360336304 -0.6848621368408203
0.026836395263671875 0.2845063805580139 2.6925230026245117
-0.5394201278686523 0.284606397151947 -0.14788858592510223
-1.0015053749084473 0.284606397151947 0.8568944334983826
-1.522057294845581 1.1871328353881836 2.1412081718444824
-2.0942301750183105 1.4530755281448364 -1.2000194787979126
-0.793121337890625 0.284606397151947 1.4387898445129395
-0.5079621076583862 0.30283039808273315 4.494443416595459
-2.3863744735717773 1.1808072328567505 0.053492166101932526
0.9210299849510193 1.2236276865005493 0.5403538942337036
-1.1033040285110474 1.1478331089019775 -1.2052987813949585
0.6676651239395142 0.2968111038208008 3.28057599067688
-0.2884794771671295 0.284606397151947 0.8656941652297974
-1.572173833847046 1.3702605962753296 -1.205298662185669
0.9210299849510193 0.7613338232040405 -0.20881596207618713
0.9210300445556641 1.377004623413086 1.6823421716690063
-2.4423739910125732 1.5316369533538818 -0.4256816506385803
-0.8693588376045227 0.8862708806991577 2.74833083152771
-2.069681406021118 1.3871698379516602 -0.029771704226732254
-2.3631763458251953 1.5183236598968506 -0.07594574987888336
0.3282392621040344 1.2164174318313599 -1.2052992582321167
0.42126011848449707 0.284606397151947 0.6669314503669739
-1.0144494771957397 0.284606397151947 1.0678775310516357
-2.3817291259765625 1.454522728919983 1.260183572769165
0.28456205129623413 0.284606397151947 0.30938205122947693
0.9210299849510193 1.1681041717529297 -0.29536014795303345
0.3119032680988312 0.7011504769325256 1.8286395072937012
0.6567272543907166 0.2847788631916046 3.9097142219543457
-0.08574330806732178 0.284606397151947 1.4413318634033203
-2.3863742351531982 1.4176466464996338 2.1106719970703125
-2.0152690410614014 1.4538720846176147 2.2200803756713867
-1.9794631004333496 1.4935979843139648 1.7377067804336548
-1.3871725797653198 0.6163426637649536 -0.7671297192573547
-0.13683584332466125 1.164665937423706 -1.2052990198135376
-2.3528690338134766 1.47153639793396 1.5191980600357056
-1.3745357990264893 0.29877418279647827 4.1236796379089355
-2.3643696308135986 1.4539852142333984 1.8606117963790894
0.9210299849510193 0.8519346714019775 0.43572068214416504
0.9210300445556641 1.241715431213379 1.4746707677841187
-2.464404582977295 1.5318611860275269 0.5466189980506897
-1.0891294479370117 0.3212645351886749 4.26723575592041
-0.39758267998695374 0.6949261426925659 -0.8280143141746521
-0.5281675457954407 0.284606397151947 1.0640949010849
0.46527180075645447 1.4986426830291748 2.304450273513794
0.6467968821525574 1.2334823608398438 2.1412081718444824
0.5542051196098328 0.8567488193511963 1.784833550453186
-0.1739387810230255 0.284606397151947 0.4552038609981537
0.28683698177337646 0.284606397151947 0.1251237392425537
1.0229668617248535 1.5505579710006714 1.5848828554153442
0.9033054113388062 1.436914324760437 -0.8059325814247131
-0.8226815462112427 0.29645660519599915 4.255560398101807
-0.19019678235054016 0.3205982744693756 4.4066338539123535
-1.5907838344573975 0.29256340861320496 3.801612377166748
-0.04124400019645691 0.2968651354312897 4.131973743438721
-0.9163610935211182 0.284606397151947 -0.30585309863090515
0.30952075123786926 0.38927751779556274 3.5269391536712646
-1.3014087677001953 0.284606397151947 0.6705248951911926
0.8870680928230286 1.3859682083129883 0.3477135896682739
0.8616413474082947 1.5214970111846924 2.0209717750549316
0.06481725722551346 0.284606397151947 4.331110954284668
-0.17152108252048492 0.284606397151947 -0.534682035446167
-0.5945091843605042 1.1637471914291382 -1.205298900604248
0.9210300445556641 0.8868911266326904 0.637635350227356
0.12089932709932327 0.5231574177742004 3.188138723373413
-1.897854208946228 0.6445026993751526 0.0075599621050059795
-0.015724528580904007 0.284606397151947 -0.18055732548236847
0.20310068130493164 0.284606397151947 2.6934900283813477
0.07755003869533539 0.284606397151947 1.32941734790802
0.4479314982891083 0.4562976360321045 3.945621967315674
-0.2840668261051178 0.28834277391433716 4.2190632820129395
-0.9771115183830261 0.284606397151947 0.28432250022888184
0.059973958879709244 0.284606397151947 0.7705224752426147
-1.2035876512527466 0.3380134403705597 3.4635658264160156
0.5046740770339966 1.557080864906311 -0.7304202318191528
-0.9264357089996338 1.268054723739624 -1.2052987813949585
-1.7025176286697388 1.2534855604171753 1.759316325187683
0.2726653516292572 0.9857195615768433 -0.791079580783844
0.2874700725078583 1.3716562986373901 2.0022835731506348
0.2135196030139923 0.2934747040271759 4.122550964355469
-1.6558055877685547 0.6454020738601685 1.6030478477478027
-0.5660329461097717 0.284606397151947 0.12595723569393158
-0.6372815370559692 0.8957915902137756 -0.8828034400939941
-1.8126919269561768 0.7071734666824341 -0.33124202489852905
-1.2106914520263672 1.5335417985916138 -1.3474806547164917
-0.46055668592453003 0.34177878499031067 3.8577888011932373
-2.2145235538482666 1.539217233657837 -0.6805619597434998
-0.6291428208351135 0.284606397151947 1.3429580926895142
-0.07365691661834717 0.6580456495285034 -0.8154225945472717
-0.8852143287658691 0.6403519511222839 2.96097469329834
0.5954853296279907 1.2278602123260498 -0.6051962375640869
-2.0282368659973145 1.3775990009307861 0.48931339383125305
-1.8870517015457153 1.1338642835617065 0.9624642729759216
0.13702738285064697 1.4692668914794922 -1.1935456991195679
0.5698398947715759 1.475724458694458 -1.2016843557357788
-0.312735915184021 0.7061353921890259 3.2398886680603027
-1.3581708669662476 1.3516714572906494 -0.40540966391563416
-1.7199956178665161 1.5471186637878418 -1.2704704999923706
-0.7173492908477783 0.444518506526947 3.689107894897461
-1.9844911098480225 1.5289820432662964 -1.0776004791259766
-0.3565205931663513 1.546669363975525 -1.3399642705917358
-1.7622708082199097 1.4107979536056519 -0.7273523211479187
0.03209652379155159 1.510947585105896 2.290219306945801
-0.6457239389419556 1.3249117136001587 2.311723470687866
-0.05742520093917847 1.06996488571167 -0.8430470824241638
-2.3863744735717773 1.357904314994812 -0.04643653705716133
-0.3692355751991272 1.1638449430465698 -1.2052990198135376
-2.0426554679870605 1.5881637334823608 -0.4634173810482025
-1.5826361179351807 1.5534749031066895 -0.9715112447738647
0.9210299849510193 0.9571331143379211 0.10050396621227264
0.08445311337709427 1.597440481185913 -0.9385059475898743
-1.4570701122283936 1.5378227233886719 -1.3083328008651733
0.9210300445556641 1.2523512840270996 0.9702315926551819
0.9210299849510193 1.2740849256515503 -0.0983821302652359
-1.7686986923217773 1.591502070426941 -0.6801770925521851
0.9098090529441833 1.4713515043258667 1.3342612981796265
-1.962134838104248 1.6411645412445068 -0.016654837876558304
-2.0792980194091797 1.3549482822418213 -0.37303102016448975
0.9210299849510193 1.309087872505188 0.18416832387447357
-1.8728941679000854 0.9318454265594482 1.1930100917816162
0.37744250893592834 0.6164253354072571 -0.6084518432617188
0.9210300445556641 1.2735663652420044 1.2535487413406372
-0.2452249377965927 0.29381486773490906 4.014055252075195
-1.1115599870681763 0.34991544485092163 3.794132709503174
-1.0748310089111328 1.0821237564086914 -0.8717638850212097
-2.0707874298095703 1.6651540994644165 1.0964317321777344
-0.8523404002189636 1.170646071434021 2.463404893875122
-1.2924059629440308 1.5882879495620728 1.8663337230682373
-1.4404406547546387 1.4636445045471191 2.265275239944458
0.9210299849510193 1.3425565958023071 -0.535202145576477
-0.7118419408798218 0.35069623589515686 3.8137619495391846
-2.121173143386841 1.67140531539917 0.7317215800285339
-0.34339261054992676 0.284606397151947 1.0570311546325684
-1.118114948272705 0.284606397151947 0.67851722240448
0.5920681357383728 0.37179216742515564 3.063706874847412
-1.713343858718872 1.5784028768539429 1.7946451902389526
-1.1422605514526367 1.2696003913879395 1.5077874660491943
-1.5299620628356934 1.628568410873413 1.6540234088897705
-1.6793497800827026 1.6287230253219604 -0.3898114860057831
-2.3863744735717773 1.3677029609680176 1.0020229816436768
0.4921025335788727 0.6409966945648193 1.6761558055877686
-1.7115999460220337 1.4751859903335571 2.3155295848846436
-2.222257137298584 1.5485275983810425 1.8068938255310059
-1.0302693843841553 0.3701876103878021 3.415239095687866
-0.16632433235645294 0.284606397151947 -0.040363799780607224
-1.6179558038711548 1.3626333475112915 1.2797114849090576
-2.006011724472046 0.8049418926239014 0.4872590899467468
-0.8218597173690796 1.1322211027145386 -0.44549140334129333
-2.3515849113464355 1.4864132404327393 0.3446069061756134
-1.4747401475906372 0.9617824554443359 -0.6366698145866394
-1.8521019220352173 1.7000175714492798 0.23600560426712036
-1.024178147315979 0.40261900424957275 2.9713950157165527
0.10377336293458939 0.32197633385658264 3.6549863815307617
-2.31404185295105 1.567354440689087 1.0961359739303589
-1.4084614515304565 1.398762822151184 1.9716638326644897
-1.4523650407791138 1.6472142934799194 -0.5570889115333557
-2.090487241744995 1.607068419456482 -0.22077181935310364
-0.28501710295677185 0.284606397151947 0.6708194613456726
-0.6682934761047363 0.30157017707824707 4.146262168884277
0.6018598675727844 0.9001181721687317 -0.23970867693424225
-0.6425358653068542 0.284606397151947 0.9257404208183289
-1.7933791875839233 0.9867914915084839 -0.5354078412055969
-1.8596186637878418 1.1073073148727417 1.4629954099655151
-1.2535709142684937 0.32160481810569763 2.954012155532837
-0.644648551940918 1.3361090421676636 -1.205298900604248
-0.8620439171791077 0.6168060898780823 -0.7644122838973999
-1.9377727508544922 1.1108613014221191 -0.24762427806854248
-0.49863263964653015 0.284606397151947 0.6211546659469604
0.2290312647819519 0.3412654995918274 2.923100233078003
-1.5591305494308472 1.52342689037323 2.055955171585083
-0.9448923468589783 0.9515582919120789 2.099414825439453
-0.815890371799469 0.284606397151947 0.8380423188209534
0.3614100217819214 1.4269285202026367 -1.2052992582321167
-0.2687853276729584 0.9360618591308594 2.9903604984283447
-1.907893180847168 0.6286525130271912 0.5480045080184937
0.3725822865962982 0.9415054321289062 0.6613997220993042
0.4012032449245453 0.2964008152484894 3.8570735454559326
-1.10888671875 0.30204445123672485 4.038615703582764
0.3213311433792114 1.568089246749878 -1.0820379257202148
-0.29603901505470276 1.3573901653289795 -1.2052990198135376
-1.2448921203613281 1.348893165588379 -0.9153369665145874
0.008463280275464058 0.48869162797927856 3.9428741931915283
0.9064699411392212 1.4127594232559204 0.007898939773440361
-1.05744469165802 1.4730803966522217 2.28378963470459
-2.0341567993164062 1.5953257083892822 1.5888564586639404
-0.2633087933063507 0.29449912905693054 3.2885239124298096
0.40334728360176086 1.3232992887496948 -0.7300969362258911
-1.861007571220398 0.9175551533699036 0.10631553828716278
-0.4534614682197571 1.2184189558029175 2.582085132598877
-0.9837952852249146 1.1953660249710083 2.1412081718444824
0.9031971096992493 1.4092216491699219 -0.3105563819408417
0.2594938278198242 1.1890462636947632 2.1354715824127197
-1.4006952047348022 0.295626699924469 3.3093202114105225
0.5958881974220276 1.1849690675735474 1.6505664587020874
0.5036973357200623 0.29027408361434937 3.3921608924865723
-1.821675419807434 1.3842031955718994 -0.45455992221832275
-0.9433925747871399 0.3361680805683136 3.969625949859619
0.601904571056366 1.5050770044326782 1.8512524366378784
-0.7779099941253662 0.3053254783153534 3.9749226570129395
0.20528309047222137 1.3657034635543823 -0.8574091792106628
-1.497512936592102 0.6884347796440125 -0.49470868706703186
-0.6257150769233704 0.5900791883468628 3.3857882022857666
-2.0565714836120605 1.4531643390655518 0.884815514087677
-0.24399389326572418 0.8040912747383118 -0.7449843287467957
-1.7708767652511597 1.3912431001663208 1.5445283651351929
-2.176011800765991 1.613530158996582 0.20765233039855957
-0.017040960490703583 0.808720052242279 2.777822256088257
-0.45754262804985046 0.4834483563899994 3.5900611877441406
-0.4701786935329437 0.3703538477420807 4.07469367980957
0.5503074526786804 0.6859087944030762 -0.11552748829126358
0.6127561330795288 0.8581606149673462 0.6727153658866882
-0.9393588900566101 0.377360075712204 3.075829267501831
0.5992138385772705 0.8195956945419312 1.5683417320251465
-0.6677526831626892 0.3172507882118225 3.0760202407836914
0.2669369876384735 0.284606397151947 0.7904424071311951
-1.2141833305358887 1.479915738105774 2.260519504547119
0.09909620136022568 0.284606397151947 0.23524616658687592
-0.6275497674942017 0.30111029744148254 3.420994758605957
-0.40777093172073364 0.284606397151947 0.039210546761751175
-1.471593976020813 1.1060203313827515 1.6875938177108765
-1.8641208410263062 0.6295185685157776 0.25580188632011414
-0.026332702487707138 0.7898035645484924 2.67384672164917
-1.2526646852493286 0.7026889324188232 -0.6204765439033508
-0.6135843992233276 0.6408147811889648 -0.7751194834709167
-0.7299606800079346 0.7709674835205078 2.0077428817749023
0.7929518222808838 1.5235435962677002 -0.3428504467010498
-0.37855368852615356 0.39296939969062805 2.9957945346832275
-0.3563103675842285 0.284606397151947 0.28878700733184814
-1.3522640466690063 0.630203127861023 1.6407206058502197
-1.4456164836883545 1.5751864910125732 -0.7953124046325684
0.14000554382801056 0.6760039925575256 -0.7081469893455505
0.5412012338638306 0.734230637550354 -0.495021253824234
-1.914659023284912 1.2808380126953125 1.1623847484588623
0.17788147926330566 0.31173762679100037 3.8435397148132324
-1.4676251411437988 1.3088980913162231 -0.7036438584327698
-1.1923933029174805 0.32668277621269226 2.876864433288574
-0.1299496740102768 0.8424724340438843 2.141371011734009
0.6166654825210571 0.8551008105278015 1.0909459590911865
0.0341600626707077 0.3845028877258301 3.3607606887817383
0.7160429358482361 1.5525822639465332 1.6520298719406128
-1.9235903024673462 0.6525094509124756 0.9488353729248047
-1.002051591873169 0.36149531602859497 3.2450637817382812
-1.7078708410263062 0.6765789985656738 -0.14176562428474426
0.017060354351997375 0.3112291991710663 3.0610058307647705
-0.4973289370536804 0.36017468571662903 4.3183369636535645
0.8311460018157959 1.5019298791885376 -0.6440463662147522
-1.9675477743148804 1.3316453695297241 0.2594892978668213
-0.0999189019203186 0.284606397151947 0.2973916232585907
-1.8252015113830566 1.2818597555160522 -0.1775025576353073
-1.628982663154602 0.938080370426178 1.4584966897964478
-1.8289005756378174 1.6546152830123901 1.400683045387268
-0.8328571915626526 1.330602765083313 -0.8992233872413635
-2.3330883979797363 1.5819634199142456 0.628666341304779
-2.3863744735717773 1.2777730226516724 0.6146159768104553
0.36546263098716736 0.9380289316177368 -0.6011269688606262
-0.1977340430021286 0.7895750999450684 3.0391030311584473
-0.37415099143981934 0.284606397151947 0.47982099652290344
-1.7910765409469604 0.6827160120010376 1.1085188388824463
0.5523139238357544 0.7898724675178528 1.307554006576538
0.35662564635276794 0.9738442301750183 1.733558177947998
-1.3031773567199707 1.3465462923049927 1.7110047340393066
-2.444153070449829 1.5346406698226929 0.8482023477554321
0.42349231243133545 1.2936944961547852 -0.13503271341323853
-2.458264112472534 1.5344089269638062 0.1664513349533081
-1.5675945281982422 0.716553807258606 1.2410367727279663
-0.6596260666847229 1.0044922828674316 2.8572709560394287
-0.8871678709983826 1.5166875123977661 1.7478382587432861
-1.0088403224945068 0.390921950340271 3.6302759647369385
0.008836404420435429 0.6631106734275818 1.7400325536727905
0.6115148663520813 0.88651043176651 0.05411957949399948
-2.3863744735717773 1.2673969268798828 0.296743780374527
0.9205183982849121 1.3459250926971436 0.7558165788650513
-0.27614226937294006 0.3699287474155426 3.6734061241149902
0.37564295530319214 0.40558138489723206 3.1599271297454834
-0.6913211345672607 0.284606397151947 0.685204803943634
-0.7757196426391602 0.789587140083313 2.9746601581573486
0.9712490439414978 1.5401711463928223 1.1631067991256714
-0.20941095054149628 1.5647231340408325 -1.0723977088928223
-1.1150802373886108 1.1573889255523682 1.7998096942901611
-1.804972529411316 0.8879472613334656 0.3634277880191803
0.21367529034614563 1.6315944194793701 -0.31987854838371277
-0.23567460477352142 1.194127082824707 -0.29071804881095886
0.45112738013267517 1.5770052671432495 -0.35840702056884766
-1.1916435956954956 1.2111061811447144 -0.6828377842903137
-0.01924118772149086 1.6204912662506104 -0.5662586688995361
-1.6009187698364258 0.8792979121208191 -0.3367544710636139
-1.4015713930130005 0.946595311164856 -0.24557477235794067
-0.8007213473320007 1.303285837173462 2.123337507247925
-0.5910235643386841 0.971994936466217 -0.6817398071289062
-1.7926690578460693 0.9560500979423523 -0.14546190202236176
0.3333083987236023 1.3903298377990723 -0.4870029091835022
-0.30002260208129883 1.5466084480285645 -0.5450179576873779
0.3386312425136566 1.4854875802993774 1.843478798866272
0.17292867600917816 1.4645278453826904 2.338853120803833
0.2225465327501297 1.5877957344055176 -0.6386604309082031
-1.9540472030639648 1.147162914276123 0.5963876843452454
-0.8652769327163696 1.542003870010376 -1.0260429382324219
0.10633562505245209 0.48953232169151306 3.3981945514678955
-1.3212510347366333 0.6696559190750122 -0.34910252690315247
-0.247881680727005 0.284606397151947 0.14410318434238434
-0.5201171040534973 0.5307343602180481 3.16823410987854
-0.18263979256153107 0.5740725994110107 -0.6553072929382324
-0.8350104689598083 0.38016802072525024 3.5159506797790527
-1.4634681940078735 0.7804846167564392 1.5116474628448486
-1.5760396718978882 1.2009845972061157 -0.4765819311141968
-1.7973552942276 0.6518740653991699 0.7642222046852112
0.5296478271484375 0.6149921417236328 0.4726109802722931
-0.320842444896698 1.2779872417449951 -0.6051306128501892
-0.8794044852256775 1.1422216892242432 -0.7443453073501587
-0.6859903931617737 0.284606397151947 1.1599420309066772
-0.10761088877916336 1.2833629846572876 -0.7598140239715576
-0.027271635830402374 0.32098105549812317 3.5448012351989746
-1.6566928625106812 0.7117211222648621 0.12900392711162567
0.12506398558616638 1.1792818307876587 -0.6366124153137207
-0.9509276747703552 0.6711592674255371 -0.6029302477836609
0.009272471070289612 0.9238293766975403 1.910644292831421
-1.0328460931777954 0.7488710880279541 1.8290735483169556
0.42972898483276367 1.051363468170166 -0.368964821100235
0.6166006326675415 1.1957552433013916 1.1870262622833252
0.4460078179836273 0.6477648019790649 -0.32239335775375366
0.41538992524147034 1.0278449058532715 0.04594326764345169
-0.06306122243404388 1.0563998222351074 2.653463363647461
-0.2191985696554184 0.5475426912307739 3.4434850215911865
0.5075631141662598 1.146916151046753 1.4517546892166138
0.3038979768753052 0.6192007660865784 1.5723440647125244
0.3343821167945862 1.2653988599777222 1.6989864110946655
0.5885785818099976 1.3628129959106445 -0.3082745671272278
-0.04019493982195854 0.9437483549118042 -0.641349732875824
-1.4565329551696777 0.6260213255882263 -0.13389255106449127
0.10016012191772461 0.6590251922607422 -0.5004300475120544
0.3780509829521179 0.8580656051635742 1.4880425930023193
0.538311779499054 0.6979774236679077 0.19546377658843994
-0.5224061012268066 1.2479445934295654 -0.8626992106437683
-1.8426746129989624 0.9133822917938232 0.797376275062561
-0.6495596766471863 0.284606397151947 0.48076513409614563
-0.3366187810897827 0.5426648259162903 3.775851011276245
-1.0501487255096436 0.6419459581375122 -0.37895452976226807
-0.16202731430530548 1.0470552444458008 2.501919746398926
0.3035803437232971 0.6418724656105042 -0.20297379791736603
-1.7036607265472412 0.7204605937004089 0.4742865562438965
0.40009093284606934 0.8148683905601501 0.43679073452949524
-0.0359809473156929 0.284606397151947 0.10059794038534164
-0.9084908962249756 0.284606397151947 0.4810764491558075
-0.516828715801239 0.41696494817733765 3.256150245666504
0.5166077613830566 0.6331467628479004 0.9653398394584656
-0.5532124638557434 0.6588914394378662 -0.611570417881012
0.16543790698051453 0.9057652354240417 -0.37372422218322754
-0.3193488121032715 0.664252758026123 -0.4616164267063141
0.006217130459845066 0.284606397151947 0.9442718625068665
0.34846487641334534 0.9122090339660645 -0.1972178965806961
-1.809073567390442 1.2133285999298096 0.20857447385787964
-0.5135934948921204 0.810948371887207 2.35748291015625
-1.5326951742172241 0.955292820930481 -0.01380867138504982
-1.112512230873108 0.6455952525138855 1.5952494144439697
-1.7218810319900513 1.0188108682632446 1.1570578813552856
-0.838093101978302 0.6436586976051331 1.7051230669021606
-1.7811425924301147 1.3207894563674927 0.6708424091339111
-0.03487081080675125 0.5863597393035889 -0.2664063572883606
0.39836135506629944 0.6363489031791687 1.2963597774505615
-1.542314887046814 0.6706864833831787 1.0282772779464722
-1.2433497905731201 0.9642535448074341 -0.6005541682243347
-0.2752891182899475 0.8063103556632996 2.561884880065918
-0.9166671633720398 0.9115118384361267 -0.6349817514419556
-1.862029790878296 1.7040215730667114 1.0545001029968262
-0.6800351142883301 0.5914583802223206 -0.29978370666503906
-1.4367061853408813 0.6472395062446594 0.17965830862522125
-1.7333073616027832 1.6551100015640259 -0.1665833294391632
-1.2457207441329956 0.9445329308509827 1.637471079826355
0.37390902638435364 0.5888158679008484 0.0850825160741806
-0.6147558093070984 1.2485684156417847 -0.37363043427467346
-1.3606157302856445 0.6923511624336243 1.3466390371322632
-0.9880794882774353 1.2177785634994507 -0.28168871998786926
-0.11705061793327332 0.284606397151947 0.7321889400482178
-0.4785950481891632 0.284606397151947 0.8213373422622681
0.14040404558181763 0.8292077779769897 1.6248257160186768
-0.1316312551498413 0.8154973983764648 -0.44585004448890686
-0.8021758198738098 0.6581647396087646 3.20230770111084
-1.2909064292907715 0.6072987914085388 0.9404997825622559
-0.36173951625823975 1.2506811618804932 2.191584348678589
-1.9824522733688354 1.631917119026184 0.4394999146461487
-0.3808506727218628 1.1097742319107056 -0.6652482151985168
-1.6127296686172485 0.8591295480728149 0.7940845489501953
-1.0656211376190186 1.3400732278823853 -0.5511141419410706
-0.661902904510498 1.0287386178970337 2.2252726554870605
-1.484297513961792 1.2412625551223755 1.470395803451538
-1.439311146736145 0.8610661029815674 1.030489444732666
-1.1294113397598267 0.933333694934845 -0.35893794894218445
-1.6491734981536865 1.267161250114441 -0.01257202960550785
-0.718271791934967 1.2940802574157715 -0.6408563852310181
-1.22384512424469 1.1562447547912598 -0.22650305926799774
0.08260984718799591 0.7414653301239014 -0.1137172058224678
0.4332846999168396 0.6810325384140015 0.7750450372695923
-0.3231974244117737 0.74456787109375 1.9270557165145874
-0.6080840826034546 0.5736162662506104 0.03170723468065262
-0.26853954792022705 0.6067771315574646 0.4552324116230011
-1.2616980075836182 0.7788046002388 -0.12889131903648376
-0.8075564503669739 1.0383929014205933 1.5351911783218384
-0.635025680065155 0.8240658044815063 -0.48253241181373596
-1.7403175830841064 1.0826443433761597 0.5076737999916077
0.24910272657871246 0.6733169555664062 0.34955984354019165
-1.616359829902649 1.2704052925109863 0.35945919156074524
-0.9004891514778137 0.6038150191307068 0.12344489991664886
-0.41756466031074524 0.6715073585510254 1.6388349533081055
-0.9480721950531006 0.8719677329063416 1.3259342908859253
-1.5928566455841064 1.2702521085739136 1.077483057975769
-0.19549940526485443 0.7003307938575745 1.6909692287445068
-0.32583609223365784 0.6031854748725891 -0.1961401104927063
-0.4013354778289795 0.6326521635055542 1.2845386266708374
0.2403692603111267 0.8412313461303711 0.05675048753619194
-1.2366235256195068 0.8291422128677368 0.07373862713575363
-1.5110071897506714 0.6523734927177429 0.7540662288665771
-0.053866513073444366 0.6502742767333984 1.028810977935791
-0.1090402901172638 1.2531994581222534 2.0202651023864746
0.3342910706996918 0.6692225337028503 1.0775614976882935
0.4461295008659363 0.8988349437713623 0.9678513407707214
-0.08225973695516586 0.5850173830986023 0.14455483853816986
-0.567548394203186 0.711197018623352 1.8429887294769287
-0.44731447100639343 0.9066063165664673 2.9731361865997314
-0.7179337739944458 0.5859625339508057 0.7322570085525513
-0.11101202666759491 0.8870347738265991 -0.18341004848480225
-1.482731819152832 0.6544010639190674 0.46521294116973877
-0.9501201510429382 0.9078998565673828 1.668685793876648
0.6008566617965698 1.5000958442687988 1.1538677215576172
-1.0369185209274292 0.6158170104026794 -0.13137465715408325
-1.1708496809005737 0.613826334476471 1.2626112699508667
-1.409833550453186 1.0409090518951416 1.287405252456665
-0.3757089376449585 0.9913919568061829 -0.41330626606941223
0.05223775655031204 1.280621886253357 -0.4048592746257782
-0.2432975023984909 1.3730281591415405 2.175809860229492
-0.8608924150466919 0.8181560039520264 -0.34790050983428955
0.4413680136203766 1.264359712600708 1.1568659543991089
-0.2488803118467331 1.2126761674880981 2.5154786109924316
0.3789258897304535 1.6283177137374878 -0.02827775664627552
-0.05246236175298691 1.0770012140274048 -0.29114511609077454
-1.3422155380249023 0.7390614151954651 0.6677345633506775
0.38568782806396484 0.9818433523178101 0.2846713960170746
-0.7557957172393799 1.029504418373108 1.828752040863037
0.05122218653559685 1.436984896659851 2.0078916549682617
-1.161790132522583 0.9864201545715332 1.4453840255737305
-0.6416352391242981 1.0584008693695068 -0.23834389448165894
0.5819644927978516 1.2147170305252075 0.09441696107387543
0.07503120601177216 0.6722909808158875 1.3722845315933228
-0.4356305003166199 1.4902485609054565 2.00370454788208
0.5562149286270142 1.505239725112915 1.4489856958389282
-1.2557787895202637 0.6355161666870117 0.2896042466163635
-0.614147424697876 1.1809940338134766 2.6131746768951416
0.3532261848449707 0.9042443037033081 1.2014797925949097
-0.5087701678276062 0.7798126339912415 -0.21018290519714355
-0.9132508039474487 0.8257589936256409 -0.12818439304828644
-0.6182926893234253 0.6097423434257507 0.4123500883579254
-0.6025099754333496 1.239033818244934 1.8890631198883057
-0.5850608944892883 0.9241147041320801 2.577787160873413
-0.8871275782585144 0.7005020380020142 1.4735116958618164
0.6984509229660034 1.5506260395050049 -0.07135038077831268
-0.06943842768669128 0.6479182839393616 0.7217910885810852
0.06669945269823074 0.8203047513961792 0.2254803329706192
-0.1897655576467514 1.6144227981567383 -0.9112462997436523
-0.2640022039413452 0.9671508073806763 2.102518320083618
0.7479667067527771 1.5438354015350342 0.33582204580307007
-0.650433361530304 0.8422378897666931 1.707381010055542
-0.29808977246284485 0.7551229000091553 0.02490176260471344
0.2881321310997009 0.6547244191169739 0.6185972690582275
-0.311437726020813 1.6224160194396973 -0.7138818502426147
-0.21096663177013397 0.7143194079399109 1.4685307741165161
0.8165645599365234 1.4916757345199585 0.7553758025169373
-0.8996037244796753 0.6535171270370483 1.1663355827331543
-0.712139368057251 1.4746226072311401 2.013000249862671
-0.5938640236854553 1.5049484968185425 -1.198526382446289
0.053329743444919586 1.3894658088684082 1.7437366247177124
-0.6789844036102295 0.7086541652679443 1.4503880739212036
0.618037760257721 0.9185391068458557 0.39047303795814514
-0.9675633907318115 1.6373718976974487 -0.8297140598297119
-1.1772814989089966 1.4737749099731445 -1.193029761314392
-0.6362065076828003 0.6564486622810364 1.0926653146743774
0.013540982268750668 0.8533464670181274 1.3917815685272217
0.2962000370025635 1.4665775299072266 1.5776737928390503
-0.9274780750274658 1.2771028280258179 1.686138391494751
-0.6168990731239319 1.6650665998458862 -0.7372676134109497
-1.0057276487350464 1.5096012353897095 2.02101469039917
-0.200511634349823 1.4478294849395752 1.789432168006897
-0.45948266983032227 0.943619966506958 2.0945708751678467
-0.5369991064071655 0.7802987694740295 0.1741427779197693
-0.1312042623758316 0.9502397179603577 0.08298922330141068
-0.7607426047325134 1.5529780387878418 -1.3244000673294067
-0.09212000668048859 0.8990886211395264 1.6649988889694214
0.09823234379291534 0.7643525004386902 1.1326159238815308
-0.8254030346870422 1.674677848815918 -0.5282444953918457
-0.34452536702156067 0.9452404379844666 1.7581570148468018
-1.1979050636291504 1.5652577877044678 -0.9274463653564453
0.6585478782653809 1.621475338935852 0.5636634826660156
0.2462024688720703 1.0773065090179443 1.5152137279510498
-0.5426473021507263 1.5524688959121704 -0.9303429126739502
-0.503367006778717 0.8897364139556885 1.510705828666687
-0.6062260866165161 1.6746944189071655 -0.5118076801300049
-0.8308586478233337 1.4024931192398071 -0.24187195301055908
0.9193909168243408 1.5258455276489258 0.6137678623199463
0.23630957305431366 1.1909617185592651 -0.17077606916427612
0.11029379069805145 0.7825758457183838 0.7831149101257324
-0.018518025055527687 0.7508202195167542 0.47760093212127686
0.11345341801643372 1.1390341520309448 0.03115389682352543
-0.2929973304271698 0.6661553978919983 1.0274111032485962
-1.0940580368041992 1.6535590887069702 -0.6407080292701721
-1.837362289428711 1.7104567289352417 0.48311856389045715
-0.4945388436317444 0.8541258573532104 1.3144687414169312
-0.1768917739391327 0.7880319356918335 1.2531261444091797
-1.214377522468567 0.8279539942741394 1.1652289628982544
-0.29867687821388245 1.1393259763717651 1.6358041763305664
0.6349917650222778 1.5801081657409668 0.16138549149036407
-0.575790524482727 1.5347942113876343 1.671554446220398
-1.0705945491790771 1.5936026573181152 1.4989491701126099
-0.27517062425613403 0.8358137011528015 0.29018154740333557
-0.5819304585456848 1.1927164793014526 1.563584327697754
-1.4491074085235596 0.9050841927528381 0.22099892795085907
0.5347616076469421 1.1580935716629028 0.43449461460113525
-1.3071123361587524 1.7143688201904297 -0.17005480825901031
0.8650325536727905 1.485511302947998 1.003385305404663
0.592993974685669 1.111678123474121 0.8499652147293091
-1.6950165033340454 1.6820908784866333 1.1491442918777466
-0.44457584619522095 0.6464753746986389 0.6807766556739807
-0.8100606799125671 0.7645203471183777 0.9627972841262817
-1.4636322259902954 1.5977303981781006 1.250751256942749
-0.9064315557479858 1.767926812171936 -0.3520081341266632
-1.7323272228240967 1.5553606748580933 0.8141170144081116
-0.438457190990448 1.0041522979736328 -0.14094367623329163
-1.6542397737503052 1.7029942274093628 0.04733526334166527
-1.5072581768035889 1.7200685739517212 -0.2076975405216217
-1.8742835521697998 1.6905338764190674 0.705231249332428
-0.9127811193466187 1.1997078657150269 1.2103211879730225
-1.427282452583313 1.64306640625 1.45231294631958
-1.2618390321731567 1.7489856481552124 -0.39742788672447205
-0.6890552043914795 1.568790078163147 1.5342800617218018
-1.15731680393219 1.580582618713379 1.6483722925186157
-0.30022943019866943 0.8053122162818909 0.8295280933380127
-1.185276985168457 1.2570083141326904 1.280899167060852
-1.6552280187606812 1.479748249053955 0.21148890256881714
-1.0369818210601807 0.8514838218688965 0.11989181488752365
-1.0617401599884033 1.6546235084533691 -0.2881724536418915
-0.7752246856689453 0.7484932541847229 0.47762343287467957
0.45504674315452576 1.2451421022415161 0.6406512260437012
-0.0729743242263794 0.965173065662384 0.3246827721595764
0.2386234551668167 1.1716628074645996 0.2741859555244446
-1.4320570230484009 0.8774105906486511 0.4690135717391968
-0.8219902515411377 0.9970874190330505 1.243897557258606
-0.7019548416137695 0.8393192887306213 0.0017658984288573265
-0.9509400129318237 1.11528480052948 -0.06549710035324097
-0.512232780456543 1.0357946157455444 0.17972835898399353
-1.1602954864501953 0.7324174642562866 0.8678704500198364
-1.025542974472046 0.9254131317138672 1.0465874671936035
-0.734585165977478 1.0403422117233276 0.037620287388563156
-1.4581325054168701 1.1115976572036743 0.6284357309341431
-1.065427541732788 0.6790997982025146 0.3942866027355194
-1.6491273641586304 1.206176996231079 0.8016648888587952
-1.0677086114883423 0.6194196939468384 0.6412176489830017
-0.6263982653617859 0.889451801776886 1.1661428213119507
0.48761457204818726 1.570906400680542 0.857329249382019
0.1338331699371338 0.8476648926734924 0.9559051990509033
-1.3055965900421143 1.1706395149230957 1.0986418724060059
-1.2333413362503052 1.0382717847824097 0.881069540977478
-1.3700932264328003 1.234602451324463 0.033840376883745193
-1.1644809246063232 1.088250994682312 0.11493533104658127
-1.448664903640747 1.23679780960083 0.8642449975013733
-0.4875497817993164 0.9135239124298096 0.33509165048599243
0.18276478350162506 1.1301802396774292 0.5027350187301636
-1.201308250427246 0.8826630711555481 0.4571380913257599
-1.4176689386367798 1.1898059844970703 0.25751030445098877
-0.07104067504405975 1.4326684474945068 1.6056033372879028
-0.24797454476356506 0.9603186249732971 1.2366063594818115
-0.5793112516403198 0.8064789772033691 0.7936874628067017
-0.9526962041854858 0.7989168167114258 0.7150423526763916
-0.36185258626937866 1.49151611328125 1.7474530935287476
-0.4571074843406677 1.418879508972168 1.4183849096298218
-1.263768196105957 1.410782814025879 -0.07671024650335312
0.4462559223175049 1.4959321022033691 0.1993619054555893
-0.6399881839752197 0.9270862936973572 0.5779165625572205
0.27024179697036743 1.7095555067062378 0.6778857707977295
-0.3347225785255432 0.8363811373710632 1.0428869724273682
-1.4903953075408936 1.2076445817947388 -0.25645023584365845
-0.22447516024112701 1.093259572982788 0.019056115299463272
-0.8072983622550964 1.0297245979309082 0.38089245557785034
0.3583262264728546 1.1778191328048706 0.7913626432418823
0.28458765149116516 1.5847177505493164 0.24355320632457733
-0.8625537753105164 0.8489364981651306 0.2956991195678711
0.3647022247314453 1.749098300933838 0.44208386540412903
-0.20470580458641052 1.1799191236495972 1.4255372285842896
-0.3169950842857361 0.9729610681533813 0.8120357394218445
0.4358338713645935 1.638627290725708 0.6561830639839172
-0.025981727987527847 0.9138883352279663 0.6509604454040527
-0.2880536913871765 0.8721409440040588 0.5327159762382507
-0.13221830129623413 1.1161832809448242 0.39274105429649353
-1.122893214225769 1.1183429956436157 0.46014007925987244
0.05184950679540634 1.0427988767623901 0.8357124924659729
-0.30438026785850525 1.4688411951065063 1.315721869468689
-1.0120673179626465 1.023051381111145 0.7409740686416626
-1.1821832656860352 1.465773344039917 1.1975409984588623
-1.2533527612686157 1.290979027748108 0.7585422992706299
0.14209677278995514 1.6325523853302002 0.8124777674674988
0.3379189968109131 1.4014766216278076 1.0414843559265137
-0.08783072233200073 1.453628420829773 1.239506483078003
-0.6031824350357056 1.3690165281295776 1.1649023294448853
-0.7426499128341675 0.9908586740493774 0.9535759687423706
-0.4120844900608063 1.0891929864883423 0.6257452964782715
-0.07175853103399277 1.216844916343689 1.1138324737548828
0.041932400315999985 1.4175692796707153 0.7670686841011047
-1.3756428956985474 1.3109397888183594 0.4744863212108612
0.15511886775493622 1.137506127357483 1.3316981792449951
-1.1914211511611938 1.570115089416504 0.08568224310874939
-0.4231424331665039 1.2503509521484375 0.679469645023346
-0.46094396710395813 1.488578200340271 -0.35665130615234375
0.2077387124300003 1.257021188735962 0.9957554936408997
-0.18748608231544495 1.3063420057296753 0.7137730121612549
-0.22042736411094666 1.2724895477294922 1.043702244758606
-0.7335488796234131 1.2477657794952393 0.35852912068367004
-0.5318660140037537 1.2774488925933838 -0.008303450420498848
-0.16500331461429596 1.5109058618545532 0.9552311301231384
-0.7373404502868652 1.4704654216766357 0.1329018622636795
-1.483482003211975 1.5098280906677246 0.9136806130409241
-0.6604817509651184 1.4625794887542725 1.350164771080017
-1.0692540407180786 1.3085882663726807 0.5563220977783203
-0.8085900545120239 1.322420597076416 0.028771821409463882
0.1196376383304596 1.3520246744155884 1.3988596200942993
-1.1284716129302979 1.3634264469146729 0.8111686706542969
-0.9066281318664551 1.3338083028793335 1.098179817199707
-0.906184196472168 1.211523413658142 0.3122471272945404
0.1686466932296753 1.4601026773452759 -0.02101138047873974
0.07649552822113037 1.4134128093719482 0.4576132893562317
-0.3959065079689026 1.4386130571365356 1.0761445760726929
-0.2198391854763031 1.216562032699585 0.11011125147342682
-1.0801780223846436 1.402260661125183 0.1282740831375122
-0.21446748077869415 1.3701646327972412 0.1444767564535141
-1.391221523284912 1.502259612083435 0.29289668798446655
-0.7436516880989075 1.5373917818069458 0.5909631252288818
-0.03722210228443146 1.520076036453247 -0.3036620318889618
-0.16332687437534332 1.5678564310073853 0.585840106010437
-0.8440282344818115 1.511252522468567 0.4022229015827179
-0.7220540046691895 1.1990702152252197 0.9378430247306824
-0.5538060069084167 1.167650818824768 0.841827929019928
-0.43209218978881836 1.3654823303222656 0.12118390947580338
-0.5896638631820679 1.8340764045715332 -0.0031129561830312014
-0.2707711458206177 1.371402382850647 0.39674919843673706
-0.45089513063430786 1.3551480770111084 0.45157966017723083
-0.4933575689792633 1.480695366859436 0.6483041048049927
-0.7369258403778076 1.3479539155960083 0.7509106993675232
-0.11065962165594101 1.484300136566162 0.41073206067085266
-0.08263318240642548 1.7153995037078857 0.1818440556526184
-0.3636946678161621 1.7865629196166992 0.6101796627044678
-0.8610689640045166 1.1743402481079102 0.6621207594871521
-0.04404129460453987 1.5472190380096436 0.23154133558273315
-0.2519289255142212 1.458089828491211 0.006751302629709244
-0.5511491894721985 1.6329857110977173 -0.08064665645360947
-0.6608930826187134 2.646935224533081 0.9632043838500977
-0.6375505328178406 2.6283977031707764 1.1525397300720215
-0.5626401305198669 2.687440872192383 1.3305823802947998
-0.7852250933647156 1.6781260967254639 -0.014672476798295975
-0.5956975817680359 1.397824764251709 0.20128807425498962
-0.3837951123714447 2.753373861312866 1.3643698692321777
-0.6510786414146423 1.4256418943405151 0.5019152164459229
-0.8991725444793701 1.693271517753601 0.43043282628059387
-0.38765978813171387 1.6353559494018555 -0.08969507366418839
-0.20821179449558258 1.6448734998703003 -0.02628466486930847
-0.40592142939567566 2.6420650482177734 1.163663387298584
-0.3375971019268036 1.5762171745300293 0.6841413974761963
-0.8788095712661743 1.5689992904663086 0.1524757295846939
-0.16774103045463562 1.8023217916488647 0.38303056359291077
-0.479137122631073 2.654644727706909 0.9365768432617188
-0.7903525829315186 2.7176826000213623 1.191867709159851
-0.3231513500213623 2.7108230590820312 0.9498010277748108
-0.32945045828819275 2.904297113418579 1.4294177293777466
-0.9289092421531677 1.7325950860977173 0.2070162147283554
-0.6967988610267639 1.7283740043640137 0.6139218211174011
-0.7896220088005066 2.889774799346924 0.7768409252166748
-0.69610995054245 2.752695322036743 0.8268113732337952
-0.17468954622745514 3.0647740364074707 1.1202208995819092
-0.47626087069511414 1.9027386903762817 0.41951295733451843
-0.645501434803009 1.9122252464294434 0.25376269221305847
-0.2821059226989746 3.099058151245117 1.3933405876159668
-0.2020246535539627 2.929187059402466 0.9446055293083191
-0.3738919794559479 2.8525404930114746 0.7667157649993896
-0.23257601261138916 2.778566598892212 1.1689594984054565
-0.6694238781929016 2.8515052795410156 1.4301551580429077
-0.8576551675796509 3.3899354934692383 0.7200949788093567
-1.0006799697875977 3.719740867614746 0.9637751579284668
-0.6298852562904358 3.7646737098693848 1.136613368988037
-0.5413175821304321 3.56384015083313 1.1936633586883545
-0.527604341506958 3.139087200164795 0.6635609865188599
-0.8974909782409668 2.846121311187744 1.1679290533065796
-0.8955045938491821 3.172797203063965 1.2720190286636353
-0.9631553888320923 3.2560834884643555 1.0148988962173462
-0.8966447710990906 3.0804474353790283 0.8018417954444885
-0.30977076292037964 3.2839295864105225 1.0844138860702515
-0.4888894855976105 3.8606534004211426 0.9866494536399841
-0.45282289385795593 3.3576066493988037 1.297881007194519
-0.9750096201896667 3.4914183616638184 1.0533500909805298
-0.9353684782981873 2.9624342918395996 1.0140023231506348
-0.7668887376785278 3.043762683868408 1.414892554283142
-0.576664924621582 3.1803300380706787 1.4464421272277832
-0.917844831943512 3.514983654022217 0.6787331104278564
-0.6383267641067505 3.6802451610565186 0.6569285988807678
-0.5410138964653015 3.819802761077881 0.6706339716911316
-0.4936344027519226 2.9599905014038086 0.6784902811050415
-0.41021281480789185 3.306558132171631 0.8872076272964478
-0.7077201008796692 3.277287244796753 0.6987168788909912
-0.496274471282959 3.977461814880371 0.7725861072540283
-0.5527608394622803 5.16148567199707 1.2021774053573608
-0.6919525861740112 4.121819496154785 0.888434886932373
-0.7214969396591187 5.35983943939209 1.5902704000473022
-0.8247968554496765 3.8813424110412598 1.1027613878250122
-0.6982492208480835 5.149902820587158 1.3263864517211914
0.29102668166160583 4.862014293670654 -0.25198879837989807
-0.9353032112121582 3.7126622200012207 0.6592481136322021
-0.7845895886421204 5.1985182762146 1.1708760261535645
-0.48215824365615845 3.5125696659088135 0.8274276256561279
-0.5926773548126221 5.239038467407227 1.5011937618255615
-0.8120834827423096 3.8867197036743164 0.5634216666221619
-0.8124496936798096 3.437772512435913 1.2330586910247803
-0.6518464088439941 5.703220367431641 0.8756910562515259
-0.7410542368888855 5.520195484161377 0.8917248249053955
-0.3588694930076599 5.315288543701172 1.1565359830856323
-0.4429704546928406 5.285678863525391 1.4406737089157104
-0.5044569969177246 5.284908771514893 0.9771665930747986
-0.9785926342010498 3.943255662918091 0.8981497287750244
-0.8906242847442627 5.400484561920166 1.0448294878005981
-0.7048307061195374 5.302700996398926 0.9551095366477966
-0.8403540849685669 4.0753865242004395 0.6733852028846741
-0.8888034820556641 5.421403884887695 1.5104758739471436
-0.9598180055618286 5.362537860870361 1.26205575466156
-0.33876317739486694 5.353220462799072 1.3496145009994507
0.2855321168899536 6.415499210357666 -0.2736218571662903
-0.2941667139530182 5.549112796783447 0.9276482462882996
-0.5406736731529236 5.584137439727783 1.536221981048584
-0.4611324965953827 5.580465316772461 0.8485627770423889
-0.2171734720468521 5.765683174133301 1.1775989532470703
-0.9020823240280151 6.165312767028809 0.3182229697704315
-0.8915034532546997 6.102942943572998 0.15313050150871277
-0.8123103976249695 5.1965227127075195 1.4053279161453247
-0.4306057393550873 5.990071773529053 1.1654337644577026
-0.22455857694149017 5.70105504989624 0.8965985774993896
-0.26376280188560486 5.467162132263184 1.1174240112304688
-0.7983181476593018 6.320999622344971 0.34837597608566284
-0.16061462461948395 5.970893383026123 1.1746472120285034
-0.713573157787323 5.793002128601074 1.2608981132507324
-0.769766092300415 6.170397758483887 -0.023454658687114716
-0.12842302024364471 6.137670993804932 1.0549236536026
-0.17565040290355682 5.927886009216309 0.9936535954475403
-0.8929395079612732 5.66634464263916 1.278106451034546
-1.0878738164901733 6.348348617553711 -0.16605792939662933
-0.9687884449958801 6.076236724853516 0.04115339368581772
-1.0585376024246216 6.198155403137207 -0.10314992070198059
0.01615956425666809 6.312899589538574 1.0238370895385742
-0.4858020544052124 5.781500339508057 1.3511345386505127
0.11719055473804474 6.437314987182617 -0.3428404629230499
-1.1399540901184082 6.472932815551758 -0.027678880840539932
-1.197365164756775 6.2288103103637695 0.15778198838233948
-1.1027880907058716 6.104225158691406 0.08929973095655441
0.2202702909708023 6.433282375335693 -0.24947132170200348
0.10778474807739258 6.465811252593994 -0.3352002501487732
0.1114410012960434 6.4697442054748535 -0.2679094672203064
-0.022189777344465256 6.736514568328857 0.9328822493553162
0.0035628797486424446 6.514934062957764 0.9527094960212708
0.04261855036020279 6.375323295593262 1.0407309532165527
-0.4616187810897827 7.639276504516602 0.8101473450660706
-0.09406790882349014 7.568691730499268 1.0208370685577393
-0.774950385093689 6.411954402923584 -0.09593342989683151
0.10931041091680527 7.051887512207031 0.8427101969718933
-0.09979497641324997 7.0790886878967285 0.8098444938659668
-1.0630853176116943 6.270383834838867 0.3389225900173187
0.02282509207725525 6.907443046569824 0.9394748210906982
-0.6821786761283875 6.272249221801758 0.2289634495973587
0.10646354407072067 7.1729865074157715 0.6832380294799805
-0.27732542157173157 7.4015092849731445 0.8758265972137451
-0.4847838580608368 7.89560604095459 1.0803000926971436
-0.4883146286010742 7.805143356323242 0.6235373616218567
-0.6532508730888367 6.257983207702637 0.04761942848563194
-0.05292943865060806 7.102579593658447 0.9746959209442139
0.19615128636360168 7.336585521697998 0.6987086534500122
-0.16661176085472107 7.591027736663818 0.4543265998363495
-0.2926093637943268 7.405275821685791 0.6733864545822144
0.05003565922379494 7.362035274505615 0.9997282028198242
0.17644217610359192 7.528463840484619 0.8491323590278625
-0.5285128355026245 7.752229690551758 0.9212038516998291
-0.7727709412574768 7.989243984222412 1.0632257461547852
-0.11033173650503159 7.300446033477783 0.6341474652290344
0.17316266894340515 7.599822044372559 0.6528775691986084
0.02440592460334301 7.575957298278809 0.4897425174713135
-0.0576515756547451 7.910292625427246 0.8218306303024292
-0.41262587904930115 8.445438385009766 0.24945510923862457
-0.33134782314300537 8.489906311035156 0.5488327741622925
-0.32870909571647644 7.553404808044434 0.4827524721622467
-0.6492832899093628 7.876371383666992 0.984804630279541
-0.26073363423347473 8.30060863494873 0.34471064805984497
-0.4312777817249298 7.854424476623535 0.5030263066291809
-0.8849671483039856 7.9935455322265625 0.9132227897644043
-0.048355259001255035 8.460786819458008 0.43310150504112244
-0.42134883999824524 9.129286766052246 -0.0371270626783371
-0.28441479802131653 8.173609733581543 0.4578532874584198
-0.2451833039522171 7.665581703186035 1.0050411224365234
-0.6018210053443909 8.063861846923828 0.7466132044792175
-0.44520512223243713 8.749284744262695 0.03452214598655701
-0.3082476854324341 8.031662940979004 0.9804479479789734
-0.01593906618654728 7.943116188049316 0.6081128120422363
-0.13388079404830933 7.864364147186279 0.4338706135749817
-0.7037401795387268 8.06413745880127 1.1636128425598145
-0.8172997832298279 8.509930610656738 0.6183391809463501
-0.7473477125167847 8.673238754272461 0.721703290939331
-0.6478237509727478 8.412463188171387 0.8556763529777527
-0.8386750817298889 8.245534896850586 0.6589856147766113
-0.11265631020069122 8.475638389587402 0.5505874156951904
-0.4244883060455322 8.625053405761719 0.15561850368976593
-0.6268485188484192 8.899984359741211 0.142839252948761
-0.1578339785337448 9.458011627197266 0.12182726711034775
-0.15398529171943665 8.1725492477417 0.6715748906135559
-0.8944182991981506 8.284253120422363 0.9838005304336548
-0.1590588092803955 8.435261726379395 0.259066641330719
-0.6893900632858276 9.226945877075195 0.020110338926315308
-0.8002275824546814 8.159749984741211 0.728865921497345
-0.3813380002975464 9.274192810058594 0.20744283497333527
0.0748765617609024 9.313800811767578 1.0928739309310913
-0.4709814190864563 8.80700397491455 0.33230891823768616
-0.17094680666923523 9.504843711853027 0.2112882286310196
-0.7055160403251648 9.352408409118652 -0.14290346205234528
0.07760868966579437 9.353361129760742 1.0655862092971802
-0.3851315975189209 9.251364707946777 -0.10639555007219315
-0.2547209560871124 8.739484786987305 0.11380614340305328
-0.816972017288208 9.563742637634277 0.11358274519443512
0.011826889589428902 9.355385780334473 1.0500309467315674
-0.5704762935638428 9.04819107055664 0.2251274734735489
-0.7462149858474731 8.947319984436035 0.5613475441932678
-0.1223212331533432 9.573408126831055 -0.20751288533210754
0.013787735253572464 9.612013816833496 -0.14247135818004608
-0.715181291103363 8.899856567382812 0.5899912118911743
0.031365614384412766 9.573829650878906 -0.041267894208431244
-0.8967366218566895 8.900885581970215 0.509319543838501
-0.6207792162895203 9.473511695861816 -0.21405769884586334
-0.599786102771759 9.562784194946289 0.03264234960079193
-0.5473887324333191 9.769901275634766 -0.2671852111816406
-0.13446976244449615 9.734969139099121 0.21093803644180298
-1.0244460105895996 10.09695816040039 1.1900724172592163
-0.7678180932998657 9.688785552978516 -0.20559117197990417
-0.1281753033399582 9.750157356262207 -0.006732067558914423
-0.6760141849517822 9.70865249633789 0.11713383346796036
-1.0958855152130127 10.074898719787598 1.1779264211654663
-0.7333711385726929 9.921911239624023 -0.0957716777920723
-0.02935984544456005 10.464211463928223 0.900163471698761
-0.4957772493362427 9.896369934082031 0.10675965249538422
-0.5318655371665955 9.874591827392578 0.1548653393983841
-0.04667298495769501 9.869019508361816 0.07377001643180847
-0.029907621443271637 10.578359603881836 1.2354497909545898
0.11744430661201477 10.387750625610352 0.5093990564346313
-0.757024347782135 10.087150573730469 0.0028980327770113945
-0.1334979087114334 9.983861923217773 0.10598383843898773
0.04508640617132187 10.36474609375 0.5551370978355408
0.04719115048646927 10.431625366210938 0.9610647559165955
-0.9070502519607544 10.238834381103516 1.0791161060333252
0.13930216431617737 10.406360626220703 0.8828294277191162
0.16755446791648865 10.416900634765625 0.6068195700645447
-1.1100915670394897 10.434293746948242 -0.14650726318359375
-0.15006551146507263 10.595548629760742 1.217400074005127
-0.48365285992622375 10.457681655883789 1.23676598072052
-0.23930004239082336 10.579889297485352 1.3950963020324707
-0.6442086100578308 10.185070037841797 -0.18232497572898865
0.2078208476305008 10.534951210021973 0.9083197712898254
0.17396165430545807 10.853424072265625 -0.30793580412864685
-0.27473393082618713 10.613719940185547 1.3768633604049683
-0.23538415133953094 10.703906059265137 1.3788926601409912
-1.0086840391159058 10.59267807006836 1.136037826538086
-0.9988114237785339 10.765409469604492 -0.18267597258090973
0.24896466732025146 10.72278118133545 -0.1384267359972
-1.321027159690857 10.879164695739746 0.39134466648101807
0.24124571681022644 10.977679252624512 -0.2775256633758545
0.1285688579082489 10.749934196472168 0.7467001676559448
-1.3093738555908203 10.87541675567627 0.3957192301750183
-1.1432026624679565 10.800532341003418 1.0970816612243652
0.24583688378334045 10.772137641906738 0.2843843698501587
0.03734513372182846 10.810633659362793 0.2960568070411682
-0.9163345098495483 11.07027816772461 -0.3194262385368347
0.18883240222930908 10.974763870239258 -0.4113423526287079
-0.7190583348274231 11.175434112548828 -0.17775891721248627
-1.091553807258606 11.059151649475098 -0.24553540349006653
0.19253391027450562 10.991668701171875 -0.30392512679100037
-1.1641162633895874 11.113779067993164 1.0292925834655762
-0.01669222302734852 10.950519561767578 0.7437806129455566
-1.1812313795089722 11.183859825134277 0.8281530737876892
-0.5580586791038513 11.26364803314209 -0.14735428988933563
-0.8785892724990845 11.212285041809082 -0.08798951655626297
0.4710542559623718 11.17451000213623 1.0950082540512085
-0.8796135187149048 11.258719444274902 -0.1022695004940033
-0.8787329792976379 11.284113883972168 -0.3581852614879608
-0.5245986580848694 11.275228500366211 0.24872910976409912
0.5809279680252075 11.398931503295898 1.4288617372512817
-1.1392061710357666 11.359895706176758 0.6019362211227417
-0.2669857442378998 11.343616485595703 0.8521963953971863
0.49855995178222656 11.377752304077148 1.0402932167053223
0.09786704927682877 11.278800010681152 -0.06857219338417053
0.17667704820632935 11.38665771484375 1.400635838508606
-1.0775845050811768 11.438593864440918 0.4536602795124054
0.49051928520202637 11.467309951782227 0.8946701884269714
-1.2313915491104126 11.488016128540039 1.4902284145355225
-0.8450788855552673 11.501503944396973 1.318993091583252
0.46744731068611145 11.501199722290039 0.24417848885059357
-0.23539096117019653 11.526302337646484 1.485934853553772
-0.13928475975990295 11.491068840026855 0.28076645731925964
-0.10803689062595367 11.518214225769043 0.2808529734611511
-0.3454217314720154 11.545884132385254 0.5788909792900085
-0.8305188417434692 11.539481163024902 0.4086170196533203
-1.1479936838150024 11.546313285827637 -0.2753213942050934
-0.7812919616699219 11.563041687011719 1.342293381690979
-1.172136664390564 11.579110145568848 1.4729583263397217
