1295
-2.386474370956421 0.2846062183380127 1.5950536727905273
-2.3863744735717773 0.2845063805580139 -0.7612953186035156
-2.3863744735717773 0.5596768856048584 0.6179520487785339
0.9210299253463745 0.5309236645698547 -0.8964278697967529
-2.147627115249634 0.284606397151947 0.031308140605688095
-1.3402252197265625 0.2845063805580139 -1.205301284790039
-0.4558386504650116 0.284606397151947 1.261216163635254
-1.052923560142517 0.284606397151947 -0.9553115367889404
-0.9699089527130127 0.2845063805580139 -1.2052983045578003
0.9210305213928223 0.2845063805580139 -1.2053391933441162
-2.3863744735717773 0.2845063805580139 -0.2634153366088867
-2.3863754272460938 0.2845063805580139 0.2738914489746094
-2.3863754272460938 0.2845063805580139 -0.4925355911254883
-1.7948589324951172 0.2845063805580139 2.141207695007324
-2.3863754272460938 0.2845063805580139 -0.01672077178955078
-2.386474609375 0.28460633754730225 0.678769588470459
0.6582679748535156 0.2846062183380127 -1.2053992748260498
-0.5587275624275208 0.2845063805580139 -1.2052980661392212
-2.111302137374878 0.284606397151947 1.3448021411895752
0.12212467193603516 0.2845063805580139 2.141206741333008
0.921029806137085 0.2845063805580139 -0.8917502760887146
0.9210306406021118 0.2845063805580139 -0.7479104995727539
-2.38637638092041 0.2845063805580139 0.11837196350097656
-1.5812019109725952 0.284606397151947 1.8894636631011963
-0.4372369050979614 0.2845063805580139 -1.2052969932556152
-2.37276554107666 0.2845063805580139 2.141206741333008
-2.3863754272460938 0.2845063805580139 -0.13625144958496094
0.9210313558578491 0.2845063805580139 -0.9994667768478394
-2.170269727706909 0.284606397151947 1.7111918926239014
-1.096330165863037 0.2845063805580139 -1.205295443534851
0.9210300445556641 0.2845063805580139 1.3664255142211914
0.9210300445556641 0.5491634011268616 1.5359567403793335
-1.9290145635604858 0.284606397151947 1.7246557474136353
-2.3863744735717773 0.5325841903686523 1.7716286182403564
-2.182217597961426 0.2846078872680664 2.141308307647705
0.9211299419403076 0.2846064567565918 -0.6773967742919922
-2.386373519897461 0.2845063805580139 -0.6407184600830078
0.9211032390594482 0.2846065163612366 -1.2053993940353394
-2.3863744735717773 0.2845063805580139 -0.8753852844238281
-1.9502352476119995 0.28460800647735596 2.141308307647705
0.9211300611495972 0.2846064567565918 0.8815581798553467
-1.4512360095977783 0.2846064567565918 -1.2053985595703125
0.2825949788093567 0.284606397151947 1.5781452655792236
-0.6075648069381714 0.284606397151947 -1.0069423913955688
0.38741374015808105 0.2845063805580139 -1.2052974700927734
-2.386474370956421 0.28458619117736816 2.1412088871002197
-2.2248239517211914 0.284606397151947 0.9689223766326904
-0.48946377635002136 0.284606397151947 -0.8432841300964355
-2.3863751888275146 0.581256628036499 -1.2053983211517334
-2.386474609375 0.28460657596588135 -1.2053513526916504
-1.7538213729858398 0.284606397151947 -0.5662420988082886
-1.5419470071792603 0.284606397151947 -0.9388177990913391
-2.386474370956421 0.2846064567565918 1.6903748512268066
-2.0275497436523438 0.284606397151947 -0.7030976414680481
0.9211301207542419 0.2846066355705261 2.036451578140259
-1.9059559106826782 0.284606397151947 1.355807900428772
0.3403695225715637 0.284606397151947 -0.942009449005127
-1.5398056507110596 0.2846064567565918 -1.2053985595703125
-2.38637638092041 0.2845063805580139 0.5209121704101562
-1.705487608909607 0.284606397151947 -0.7561244964599609
-0.08885952085256577 0.2957254946231842 -1.181430459022522
-1.2927536964416504 0.284606397151947 -1.0182785987854004
-1.8754913806915283 0.2846062183380127 -1.205398440361023
-2.3864619731903076 0.2846062183380127 -1.2053983211517334
0.9211300611495972 0.2846066355705261 1.7750699520111084
-2.3863754272460938 0.2845063805580139 1.7999944686889648
-2.053699254989624 0.284606397151947 1.8956184387207031
0.9211300611495972 0.28460657596588135 1.1037304401397705
-0.11382077634334564 0.2846064567565918 2.141308307647705
-2.3863754272460938 0.2845063805580139 -0.3762083053588867
0.5585842132568359 0.2845063805580139 2.141207695007324
0.9210299849510193 0.28455081582069397 2.141308307647705
-2.3863744735717773 0.2845063805580139 1.4858531951904297
0.9211300611495972 0.2846065163612366 1.6776518821716309
0.7277191281318665 0.284606397151947 2.1291563510894775
-1.2218968868255615 0.2846064567565918 -1.205398678779602
-1.991312861442566 0.284606397151947 -0.14479483664035797
0.9211300611495972 0.2846065163612366 1.4663302898406982
0.9210309982299805 0.2845063805580139 1.5738983154296875
-1.888796329498291 0.284606397151947 1.1542807817459106
-2.148914098739624 0.284606397151947 0.7362900376319885
-1.3178688287734985 0.2846062183380127 2.141308307647705
0.9211299419403076 0.2846066951751709 -0.5838632583618164
0.9210300445556641 0.2845846116542816 2.141308307647705
-2.3863754272460938 0.2845063805580139 0.937993049621582
-1.7712361812591553 0.2846062183380127 -1.2053985595703125
-1.338441014289856 0.284606397151947 -0.8118019700050354
0.9210329055786133 0.2845063805580139 1.8798770904541016
0.25825175642967224 0.7708444595336914 2.1412081718444824
-0.3737543225288391 0.2846064567565918 2.141308307647705
-0.01361095905303955 0.2846064567565918 -1.2053990364074707
-1.674490213394165 0.2846064567565918 -1.2053985595703125
-1.989548921585083 0.284606397151947 -0.9209109544754028
-1.8828949928283691 0.5616363286972046 -1.2052985429763794
0.5900365114212036 0.284606397151947 0.4849843978881836
-1.4520177841186523 0.2845063805580139 2.141206741333008
-1.955831527709961 0.2845063805580139 -1.2052993774414062
-0.6634120941162109 0.2846062183380127 2.141308307647705
-2.3863728046417236 0.6775863170623779 2.141308307647705
-2.3863725662231445 0.2845063805580139 1.3076362609863281
-0.7728151082992554 0.2846078872680664 2.141308307647705
0.9211300015449524 0.2846064567565918 0.6531858444213867
-2.386474370956421 0.2846064567565918 1.9181780815124512
-2.094379186630249 0.284606397151947 1.1605714559555054
0.9211300015449524 0.2846062183380127 0.040572404861450195
-2.3614282608032227 0.2845063805580139 -1.2052984237670898
-2.3863744735717773 0.49710914492607117 1.2379823923110962
-0.6948115825653076 0.28460657596588135 -1.2053987979888916
-0.8817585706710815 0.2846078872680664 2.141308307647705
-2.3863744735717773 0.2845063805580139 1.1812267303466797
-0.9719773530960083 0.284606397151947 1.7136772871017456
-2.386474609375 0.7962870001792908 -1.2052984237670898
0.9210294485092163 0.2845063805580139 0.1290259063243866
-2.171633005142212 0.284606397151947 0.4807886779308319
-1.6892704963684082 0.2846078872680664 2.141308307647705
-2.3863744735717773 0.2845063805580139 -1.0060443878173828
-2.150257110595703 0.2845063805580139 -1.2052984237670898
-2.386474370956421 0.2846064567565918 1.0605909824371338
0.9210299253463745 0.5612363815307617 -0.5880481600761414
-0.6248387694358826 0.284606397151947 1.9113126993179321
-1.3225756883621216 0.284606397151947 1.8761122226715088
-1.7734147310256958 0.284606397151947 -0.9557928442955017
-2.21713924407959 0.284606397151947 -0.8669381141662598
-2.2218165397644043 0.284606397151947 -0.21641549468040466
-1.8076143264770508 0.284606397151947 1.8705722093582153
-0.8955172300338745 0.2845063805580139 -1.2052983045578003
-2.0269365310668945 0.2845063805580139 -1.2052984237670898
0.06891009211540222 0.598253607749939 -1.2052991390228271
0.4082527160644531 0.2845063805580139 2.1412086486816406
0.9211299419403076 0.7667093276977539 -1.2052996158599854
-1.5723446607589722 0.2846062183380127 2.141308307647705
-2.386474609375 0.9062871932983398 -1.2053121328353882
-2.0524473190307617 0.28460609912872314 2.141308307647705
-0.35114145278930664 0.2845063805580139 -1.2052979469299316
0.9210329055786133 0.2845063805580139 1.2141265869140625
0.6007724404335022 0.284606397151947 -0.1593804657459259
0.9211299419403076 0.5319967269897461 -1.2052996158599854
-1.9625097513198853 0.284606397151947 0.6077318787574768
0.9211300015449524 0.2846064567565918 -0.2561519145965576
0.27068066596984863 0.2845063805580139 -1.205297589302063
-0.8135596513748169 0.2845063805580139 -1.2053000926971436
-0.005993843078613281 0.2845063805580139 2.141206741333008
-0.26859545707702637 0.2845063805580139 -1.205297827720642
0.8258000612258911 0.284606397151947 -1.2053992748260498
0.56600022315979 0.284606397151947 -0.949189305305481
-0.8636080622673035 0.284606397151947 1.9466285705566406
0.9211300015449524 0.2846064567565918 0.25017499923706055
-1.0823571681976318 0.2846081256866455 2.141308307647705
0.28663140535354614 0.28460636734962463 2.141308307647705
0.4384753406047821 0.284606397151947 1.2413861751556396
0.11054480075836182 0.2845063805580139 -1.2052977085113525
-2.386474370956421 0.8969931602478027 2.1412079334259033
-1.668574333190918 0.5535975694656372 -1.2052985429763794
0.9210295081138611 0.2845063805580139 0.553086519241333
-0.2886631190776825 0.284606397151947 1.7279385328292847
-1.8704652786254883 0.2845063805580139 2.141206741333008
-0.6339191794395447 0.49866983294487 -1.205298900604248
0.5402517318725586 0.2845063805580139 -1.2052974700927734
0.4050203561782837 0.284606397151947 1.9256689548492432
-0.5813674926757812 0.2845063805580139 2.141204833984375
-0.4897623360157013 0.2846064269542694 2.141308307647705
0.46906256675720215 0.28460633754730225 -1.2053991556167603
-0.11350865662097931 0.284606397151947 0.9516714215278625
0.6825166940689087 0.284606397151947 -0.3369353711605072
0.1870739459991455 0.2846064567565918 -1.2053991556167603
0.03163573518395424 0.284606397151947 0.08223464339971542
-1.201345443725586 0.2846062183380127 2.141308307647705
-0.13333334028720856 0.284606397151947 1.9021936655044556
0.9211300015449524 0.2846064567565918 -0.05814933776855469
0.9211300611495972 0.2846064567565918 0.7830355167388916
0.11282482743263245 0.284606397151947 -0.9090349078178406
0.9211300015449524 0.2846064567565918 -0.4799158573150635
-1.89085054397583 0.284606397151947 0.24442611634731293
-2.386474609375 0.2846064567565918 0.40019989013671875
0.9210292100906372 0.2845063805580139 -0.36927530169487
0.2811046242713928 0.284606397151947 -0.6077264547348022
0.637371301651001 0.284606397151947 1.479274868965149
0.9211301207542419 0.3160034120082855 2.1412081718444824
-0.2929772436618805 0.284606397151947 -0.7297838926315308
-1.5180968046188354 0.284606397151947 -0.7398062944412231
-0.8164460062980652 0.284606397151947 -0.9179388880729675
0.14966800808906555 0.284606397151947 1.7068172693252563
-0.05515868961811066 0.284606397151947 1.7256966829299927
0.7227024435997009 0.284606397151947 -0.794739305973053
0.9211300015449524 0.28460657596588135 0.4268221855163574
-0.30244624614715576 0.284606397151947 -0.925481379032135
-0.10260177403688431 0.284606397151947 -0.6815735101699829
0.6481741070747375 0.284606397151947 -0.5695962309837341
-1.382266879081726 0.284606397151947 -0.6115067601203918
-2.1080775260925293 0.284606397151947 0.24845150113105774
-1.928815484046936 0.284606397151947 0.7974663972854614
-0.9794970750808716 0.5504759550094604 2.1412081718444824
-2.0838470458984375 0.284606397151947 1.5388158559799194
0.7046859860420227 0.284606397151947 1.6776155233383179
-2.3863744735717773 0.2845063805580139 -0.5698623657226562
-2.1250576972961426 0.284606397151947 -0.562481701374054
0.9210300445556641 0.2845063805580139 1.2847871780395508
0.057509779930114746 0.284606397151947 -0.5679904818534851
-1.8987029790878296 0.284606397151947 1.5563751459121704
-2.386448621749878 0.2846043109893799 2.141308307647705
-1.807928204536438 0.284606397151947 0.9519212245941162
0.48628056049346924 0.2846064567565918 2.141308307647705
0.9210302829742432 0.8339698910713196 2.141308307647705
-2.3863744735717773 0.7381808161735535 1.8830599784851074
-2.386474370956421 0.2846064567565918 0.8535645008087158
-0.8387235999107361 0.284606397151947 -0.4573802649974823
-0.27000731229782104 0.28460636734962463 2.141308307647705
-1.8698325157165527 0.284606397151947 -0.7542133331298828
-2.3863742351531982 0.4432353973388672 -1.2053983211517334
-1.726287603378296 0.284606397151947 1.690321683883667
-2.3863744735717773 0.5580741763114929 -0.38958555459976196
-2.3863744735717773 0.5674306154251099 -0.8902320265769958
-1.5415643453598022 0.284606397151947 1.3332659006118774
-1.478600025177002 0.284606397151947 1.14841628074646
-2.3856096267700195 1.1427942514419556 -1.1929439306259155
-1.3890684843063354 0.5206592679023743 -1.205298662185669
-2.386474609375 0.28460657596588135 0.19298505783081055
-0.5650811791419983 0.7334043979644775 -1.205298900604248
-2.0479609966278076 0.284606397151947 -0.3692058026790619
-1.8760364055633545 0.284606397151947 -0.28200286626815796
-2.3863744735717773 0.601122260093689 1.0583516359329224
-1.9430464506149292 0.284606397151947 0.056050051003694534
-1.9013322591781616 0.284606397151947 -0.5197798609733582
-0.7869638800621033 0.284606397151947 1.7359957695007324
0.5146310329437256 0.284606397151947 -0.7314864993095398
-1.5732353925704956 0.284606397151947 -0.5435857772827148
0.9210295677185059 0.649095356464386 -1.2053993940353394
-1.7375552654266357 0.284606397151947 1.273043155670166
-1.9581547975540161 0.284606397151947 0.4225693643093109
0.5630476474761963 0.5673218965530396 -1.2052992582321167
0.09017623960971832 0.284606397151947 -0.24084024131298065
0.20401668548583984 0.2845063805580139 2.141207695007324
0.9211300611495972 0.2846066951751709 0.9907011985778809
0.31430378556251526 0.284606397151947 0.5173121094703674
-2.386474609375 1.021382451057434 -1.2053120136260986
-1.1165931224822998 0.5171786546707153 -1.2052987813949585
-0.9849947690963745 0.2846078872680664 2.141308307647705
-0.9518345594406128 0.284606397151947 -0.7717775106430054
-1.317302942276001 0.284606397151947 1.6860891580581665
-2.3863744735717773 0.4805212616920471 -0.11125891655683517
0.9210299253463745 0.39297837018966675 -1.2053993940353394
-1.854631781578064 0.7185216546058655 2.1412081718444824
-1.1379613876342773 0.284606397151947 1.2994756698608398
-2.386376142501831 0.5621477365493774 2.141308307647705
-1.7297340631484985 0.284606397151947 -0.33789318799972534
0.9210301041603088 0.48585233092308044 2.141308307647705
-1.501964807510376 0.284606397151947 1.7205215692520142
0.07573062181472778 0.284606397151947 0.47644558548927307
-1.170539140701294 0.284606397151947 0.9060454368591309
-2.3863744735717773 0.8081738352775574 -0.917351245880127
-1.0203187465667725 0.284606397151947 1.5175410509109497
-2.3863742351531982 0.6939139366149902 -1.2053983211517334
-2.386474370956421 0.4489409923553467 2.1412081718444824
-2.3844704627990723 1.093802571296692 2.1368393898010254
-2.386375665664673 0.7884174585342407 2.141308307647705
-0.48476722836494446 0.613494336605072 2.1412081718444824
-0.15395250916481018 0.5621505975723267 -1.2052990198135376
0.9210300445556641 0.551449179649353 0.9840442538261414
-2.3863754272460938 0.2845063805580139 0.6204586029052734
0.9210301637649536 0.6134241223335266 2.141308307647705
0.6771117448806763 0.7642734050750732 -1.2052993774414062
-0.18932706117630005 0.2846064269542694 2.141308307647705
0.9210300445556641 0.5506047606468201 1.768028736114502
0.9210314154624939 0.2845063805580139 0.3445952832698822
0.9211300015449524 0.2846066951751709 -0.16344046592712402
-2.3863744735717773 0.658873438835144 0.014283531345427036
-0.9657357931137085 0.284606397151947 0.05075600743293762
-1.9531736373901367 0.7542884945869446 -1.2052985429763794
-2.3863744735717773 0.5599865317344666 -0.6631239652633667
-1.2191909551620483 0.284606397151947 1.4791113138198853
-1.3728235960006714 0.284606397151947 -0.42001625895500183
-2.3863744735717773 0.2845063805580139 1.3941659927368164
-0.04298267140984535 0.284606397151947 -0.3938048779964447
0.4791339337825775 0.284606397151947 -0.35331830382347107
0.11281643807888031 0.284606397151947 1.9098281860351562
-0.5300072431564331 0.284606397151947 -0.6711949706077576
-1.8005574941635132 0.284606397151947 -0.08952518552541733
0.9210301637649536 0.9342684149742126 2.141308307647705
-0.8492392301559448 0.583222508430481 -1.205298900604248
0.9210300445556641 0.5342575311660767 0.686888575553894
-1.695736050605774 0.284606397151947 1.0919740200042725
-2.0000061988830566 0.5691924691200256 2.1412081718444824
-2.3863744735717773 0.5368030667304993 0.8450475335121155
-1.384039044380188 0.2846078872680664 2.141308307647705
-2.3863744735717773 0.6846358180046082 -0.24580368399620056
-1.4019438028335571 0.284606397151947 1.4999905824661255
-2.1162972450256348 0.5930732488632202 -1.2052984237670898
-0.7155542373657227 0.6293937563896179 2.1412081718444824
-0.6674081087112427 0.284606397151947 1.601097822189331
-0.3485265076160431 0.284606397151947 -0.1156049519777298
0.6425082087516785 0.5800645351409912 2.1412081718444824
0.9211299419403076 0.8839883804321289 -1.2052949666976929
0.9211299419403076 0.9900571703910828 -1.2052947282791138
0.9210299849510193 0.581004798412323 -0.37237194180488586
0.9210300445556641 0.738095760345459 1.8856219053268433
-2.3863744735717773 0.5918274521827698 0.4093106985092163
0.9210299253463745 0.6688815951347351 -0.7565792202949524
0.9210300445556641 0.7329368591308594 1.6453969478607178
0.9210299849510193 0.5671902298927307 0.18348731100559235
-1.2502188682556152 0.284606397151947 -0.28457245230674744
0.42631107568740845 0.284606397151947 -0.12035919725894928
-2.3863744735717773 0.7563341856002808 1.707313895225525
0.6278326511383057 0.284606397151947 1.2415800094604492
0.040983568876981735 0.284606397151947 1.5604023933410645
0.4279698431491852 0.602148175239563 2.1412081718444824
0.9210299253463745 0.7975766062736511 -0.952248215675354
-2.0720651149749756 0.7441264390945435 2.1412081718444824
-1.2269604206085205 0.5875406265258789 2.1412081718444824
0.9211301207542419 0.7317144870758057 2.1412084102630615
-0.17011618614196777 0.28459715843200684 2.6924242973327637
-1.7834144830703735 0.284606397151947 0.40671485662460327
0.568897545337677 0.284606397151947 1.8146493434906006
0.9210300445556641 0.5980169773101807 1.2373801469802856
0.9210299849510193 0.7530523538589478 0.275677889585495
0.9210300445556641 0.9301527142524719 1.8054085969924927
-2.0101821422576904 0.9251058101654053 2.1412081718444824
-2.3863744735717773 0.5534566044807434 1.533322811126709
-1.3325988054275513 0.284606397151947 1.2734718322753906
-0.8303793668746948 0.284606397151947 1.5286433696746826
-2.3863744735717773 0.700583815574646 1.2946213483810425
-2.3863744735717773 0.7334789037704468 1.5181891918182373
-2.3863744735717773 0.7458251714706421 -0.7473146319389343
-1.106195330619812 0.284606397151947 1.883710265159607
0.22749368846416473 0.5751147270202637 2.1412081718444824
-0.6905266046524048 0.284606397151947 -0.7648760080337524
-1.7374893426895142 0.284606397151947 1.4912004470825195
-2.3863744735717773 0.754531979560852 0.9447335600852966
-1.7627018690109253 0.284606397151947 0.12879924476146698
-1.4515352249145508 0.5922994017601013 2.1412081718444824
-0.3827022910118103 0.284606397151947 1.9003896713256836
-0.854151725769043 0.7497397065162659 2.5649399757385254
-1.4643193483352661 0.284606397151947 0.28584498167037964
-1.163124680519104 0.284606397151947 -0.7785218954086304
-1.2860559225082397 1.103499412536621 2.1412081718444824
-0.41308680176734924 0.5861756801605225 -1.2052990198135376
-1.2532857656478882 0.6946812272071838 -1.205298662185669
-2.3863744735717773 0.9076539874076843 1.3869149684906006
-2.1098484992980957 0.8577710390090942 -1.2052984237670898
-2.3863744735717773 1.0273480415344238 1.805915355682373
0.7277542948722839 0.284606397151947 0.6564436554908752
-0.03836554288864136 0.5972619652748108 2.1412081718444824
0.10612228512763977 0.284606397151947 -0.7302217483520508
-0.010840445756912231 0.749839723110199 2.5673341751098633
0.2908670902252197 0.5728104710578918 -1.2052991390228271
-2.3863744735717773 0.7665503025054932 0.5680067539215088
0.9210299849510193 0.5519405007362366 -0.13707755506038666
0.37108567357063293 1.1845839023590088 2.1412081718444824
-2.0574328899383545 0.9280627965927124 0.03643745556473732
-1.487223744392395 0.6986351609230042 -1.205298662185669
0.6681573390960693 0.284606397151947 0.038478512316942215
-0.1409701108932495 0.28460633754730225 -1.2053990364074707
-0.6316686272621155 0.2871648967266083 2.6927127838134766
0.9210299849510193 0.5863891839981079 0.45186635851860046
-1.97344172000885 0.8867579698562622 1.7790868282318115
-1.1667369604110718 0.284606397151947 0.2988440990447998
-2.059718370437622 0.8472251296043396 -0.2639533579349518
-1.6180479526519775 0.7332678437232971 2.1412081718444824
0.44674447178840637 0.284606397151947 1.4312971830368042
0.4915699362754822 0.8733071684837341 -1.2052992582321167
-2.013845205307007 1.3159173727035522 -1.1208723783493042
-1.6256816387176514 0.284606397151947 0.5906804800033569
-1.7892491817474365 0.284606397151947 0.6390858888626099
-1.6404342651367188 0.284606397151947 -0.09933967888355255
-1.05319082736969 0.7451680302619934 2.1412081718444824
-1.6956783533096313 0.284606397151947 0.8140186071395874
-1.7720534801483154 0.9061994552612305 2.1412081718444824
-2.3863744735717773 0.8226252198219299 -0.10932383686304092
0.45425722002983093 0.284606397151947 -0.5569184422492981
-1.5998027324676514 0.284606397151947 0.13980594277381897
-2.3863744735717773 1.1220123767852783 -0.9453379511833191
0.39258065819740295 0.712683916091919 -1.2052992582321167
-1.7342007160186768 0.5637332797050476 2.1412081718444824
0.9210299849510193 0.6958662271499634 0.0075682420283555984
0.9210299849510193 0.7474405169487 -0.2406776398420334
-1.5654295682907104 0.284606397151947 1.5493533611297607
-1.9938846826553345 0.284606397151947 0.9824728965759277
0.48519715666770935 0.284606397151947 1.6092875003814697
-2.3863744735717773 0.7618764638900757 0.74677574634552
-0.8550774455070496 0.7497397065162659 2.493806838989258
-0.4768867492675781 0.284606397151947 2.6935861110687256
-0.8510608077049255 0.284606397151947 1.1573697328567505
0.4514465034008026 0.284606397151947 0.3586607575416565
-2.04750919342041 0.7069594264030457 -0.6237776875495911
-1.7677680253982544 0.7535692453384399 -1.2052985429763794
-2.3863744735717773 0.7258227467536926 -0.5130220055580139
-1.3448562622070312 0.7707586288452148 2.1412081718444824
-2.3863744735717773 0.559302031993866 0.2069314569234848
-1.3335846662521362 0.284606397151947 0.16050201654434204
-1.3778350353240967 0.8812959790229797 -1.205298662185669
-1.347658395767212 0.284606397151947 0.4127114713191986
-0.27664849162101746 0.6182745099067688 2.1412081718444824
-2.3863744735717773 0.8321863412857056 1.165250301361084
-1.4960784912109375 0.284606397151947 0.7728604674339294
-2.0597896575927734 0.8828275203704834 0.9973843693733215
0.3414493799209595 0.284606397151947 1.7516332864761353
0.5688244700431824 1.1077158451080322 -1.2052992582321167
-1.530147671699524 0.284606397151947 0.97840416431427
-1.3617527484893799 0.8087069392204285 1.8569598197937012
-0.5387755036354065 0.284606397151947 1.7289869785308838
-2.0677270889282227 0.8481082916259766 -0.8217736482620239
-2.288417100906372 1.2178326845169067 -1.2052984237670898
-0.9381669759750366 0.29856303334236145 3.345106363296509
-0.33042025566101074 0.284606397151947 3.7862322330474854
-1.1781489849090576 0.8929011821746826 2.1412081718444824
-2.0378975868225098 0.8393992781639099 1.4960311651229858
-1.8693459033966064 0.6847196221351624 1.8076375722885132
-1.6198904514312744 0.284606397151947 0.37733131647109985
0.6035618185997009 0.806303083896637 2.1412081718444824
-0.3289746046066284 0.28880777955055237 2.6931345462799072
0.9046930074691772 1.1419647932052612 2.1412081718444824
0.32255932688713074 0.284606397151947 1.07611083984375
-1.43229341506958 0.284606397151947 -0.19034750759601593
0.4368579089641571 0.8590005040168762 2.1412081718444824
-0.5506532192230225 0.284606397151947 -0.34535494446754456
0.6993644833564758 0.284606397151947 0.9934237003326416
0.9210300445556641 0.6999660134315491 1.421598196029663
-0.9232361912727356 1.141277551651001 2.1412081718444824
-2.3863744735717773 0.9399406909942627 1.6066538095474243
0.5663069486618042 1.1211819648742676 2.1412081718444824
-0.1948433220386505 0.284606397151947 1.5926800966262817
-0.738434910774231 0.29484471678733826 3.686788558959961
-0.22890637814998627 0.7218683362007141 -1.2052990198135376
0.9210300445556641 1.0903834104537964 1.6442265510559082
0.9210300445556641 0.7418302893638611 0.7318615913391113
0.9211300611495972 1.0445611476898193 2.141209363937378
0.9210299849510193 0.9115118384361267 0.12021248042583466
-2.3863744735717773 0.8872843980789185 0.084567591547966
-0.3291269838809967 0.284606397151947 1.4275074005126953
0.9210300445556641 0.7351046800613403 0.9108499884605408
0.01311977207660675 0.7770601511001587 -1.2052991390228271
-1.8046538829803467 0.8524568676948547 -0.8786801695823669
0.9210299253463745 1.099078893661499 -1.2046194076538086
-0.1078062430024147 0.30882179737091064 2.864417791366577
0.9210299849510193 0.8125991225242615 -0.4301043450832367
-2.38459849357605 0.9985437989234924 2.1380252838134766
0.9210299849510193 0.8102737665176392 0.44551336765289307
-2.3863744735717773 0.8772898316383362 -0.6336216330528259
-2.073862314224243 1.186223030090332 -1.2052984237670898
0.9210300445556641 0.983056902885437 1.1443707942962646
0.9129646420478821 1.2095574140548706 1.9757781028747559
0.5726165175437927 0.8240418434143066 1.810601830482483
-1.6185646057128906 0.8546727299690247 -1.205298662185669
-0.7494275569915771 0.7687696218490601 -1.205298900604248
-2.3863744735717773 0.7648405432701111 0.23544277250766754
0.46488669514656067 0.8459786772727966 -1.0008918046951294
-0.14968204498291016 0.9105804562568665 -1.2052990198135376
-1.8893390893936157 0.9504372477531433 -1.2052985429763794
-2.3863744735717773 0.8476980328559875 0.40602216124534607
-2.1476893424987793 1.1444658041000366 2.1356616020202637
-1.4446547031402588 0.284606397151947 0.5813901424407959
-1.9098247289657593 0.676945686340332 -0.8134262561798096
-1.819716453552246 0.6823105812072754 -0.590587854385376
0.2387319654226303 0.284606397151947 1.217576503753662
-0.9338387250900269 0.284606397151947 1.3305720090866089
0.9210300445556641 0.7505035996437073 1.138201117515564
0.08995557576417923 0.34101730585098267 3.186049699783325
-1.4553310871124268 0.284606397151947 0.006823731120675802
0.9210299253463745 0.7927619814872742 -0.6183211803436279
-2.3863744735717773 0.864656925201416 -0.3224851191043854
-0.8268287181854248 0.284606397151947 0.60231614112854
-1.8538413047790527 1.1753064393997192 -1.2052985429763794
-1.2718220949172974 0.284606397151947 -0.08056080341339111
-2.3863744735717773 0.9714375138282776 1.0167863368988037
0.9060443043708801 1.2159935235977173 -1.203812837600708
-1.2095544338226318 0.284606397151947 -0.5870006084442139
-1.0138020515441895 0.7110927700996399 -1.2052987813949585
-2.3863744735717773 1.1427651643753052 -0.3227255940437317
-2.3863744735717773 1.1385072469711304 -0.7366827726364136
0.23773296177387238 0.284606397151947 -0.44062966108322144
-2.3863744735717773 1.058355450630188 -0.5123639702796936
-0.710096001625061 1.045572280883789 -0.9536252617835999
-0.42180582880973816 0.8578740358352661 -1.2052990198135376
-0.691668689250946 0.5161179900169373 3.5002007484436035
-1.8852996826171875 1.1342058181762695 -0.7754672765731812
0.9126089215278625 1.257692813873291 1.8050737380981445
-1.5932576656341553 1.0460686683654785 -1.205298662185669
-1.0077943801879883 0.284606397151947 0.4358479380607605
0.9210300445556641 1.2111293077468872 1.3929692506790161
-2.3863744735717773 1.1005544662475586 -0.06282273679971695
0.23372073471546173 0.284606397151947 -0.08705013245344162
-0.3947511315345764 0.284606397151947 -0.5559172034263611
0.9210299253463745 0.9147498607635498 -0.7787538170814514
-1.5498658418655396 0.284606397151947 -0.31860896944999695
0.9210300445556641 0.9724922776222229 0.9346134066581726
-0.0020374483428895473 0.3510894477367401 3.6078925132751465
-1.021095633506775 0.284606397151947 -0.5983965992927551
0.9050229787826538 1.3304396867752075 -0.9147509932518005
-0.09552311897277832 0.284606397151947 -0.8605157136917114
-2.3863744735717773 1.1392031908035278 1.2596865892410278
-2.356935977935791 1.2555077075958252 -0.8953216671943665
-0.06161069869995117 0.8339143395423889 2.6549012660980225
-1.0794140100479126 0.284606397151947 1.1335779428482056
0.10120689868927002 0.29648324847221375 3.334873914718628
-0.9179280996322632 0.8821064233779907 -1.2052987813949585
0.6464570164680481 0.9681859612464905 -0.7901160717010498
0.9210300445556641 0.8802513480186462 1.5363494157791138
0.9210299849510193 0.9217992424964905 -0.11121959239244461
0.4951343536376953 1.333685278892517 1.966747522354126
0.33271729946136475 0.284606397151947 -0.7719692587852478
-0.827919065952301 0.284606397151947 -0.6312000155448914
-1.1684825420379639 0.8724818229675293 -1.2052987813949585
0.4073038101196289 1.3124343156814575 -1.180359125137329
-2.060681104660034 0.93691486120224 -0.5648441910743713
-0.8860382437705994 0.284606397151947 -0.1219262182712555
-1.1084777116775513 0.284606397151947 -0.416026771068573
-1.5299956798553467 0.8879969716072083 -0.8749688267707825
-0.00268324906937778 1.1369746923446655 2.1412081718444824
-0.09406400471925735 0.2877095639705658 3.720151424407959
-0.7172558307647705 0.284606397151947 -0.27370065450668335
-2.38020920753479 1.1981191635131836 1.103458046913147
0.9210300445556641 1.049991488456726 0.7301450967788696
-0.07627071440219879 0.284606397151947 0.5672190189361572
-0.3502196967601776 0.284606397151947 -0.3425873816013336
0.35674849152565 0.9502125978469849 1.9956210851669312
-1.4060653448104858 1.3705979585647583 -0.9225111603736877
0.08804170042276382 0.37211814522743225 3.037381649017334
-0.9979509711265564 0.8425063490867615 -0.8874531388282776
-2.3863744735717773 0.9862701892852783 0.8077135682106018
-2.1057546138763428 1.2558209896087646 1.9284284114837646
-2.037414073944092 0.7546593546867371 1.2365037202835083
-2.047079086303711 0.8981367349624634 0.5708648562431335
-1.501341700553894 0.8981210589408875 2.1412081718444824
0.003241014201194048 1.1919437646865845 -1.171301007270813
-2.3690149784088135 1.1824684143066406 1.6296360492706299
-1.281598448753357 0.284606397151947 1.091812252998352
-1.3733720779418945 1.180254340171814 -1.205298662185669
-1.8117353916168213 0.6764245629310608 1.5965843200683594
-0.2775143086910248 0.8809595704078674 -1.0030595064163208
0.24247847497463226 0.8211186528205872 -1.2052991390228271
-1.635897159576416 0.6996704339981079 -0.7356836199760437
-1.9199923276901245 1.1485954523086548 2.1305854320526123
-0.7740527391433716 0.3007720112800598 2.6925244331359863
-2.3863744735717773 1.0911376476287842 0.3913169503211975
0.6427119374275208 0.284606397151947 0.27762019634246826
0.9210299253463745 1.1594880819320679 -0.7492586374282837
-0.626069188117981 0.9806828498840332 -1.205298900604248
-1.9550364017486572 0.6743631362915039 0.9664424061775208
-1.9844721555709839 0.6915429830551147 -0.08029945194721222
-1.499327301979065 1.1387426853179932 2.1412081718444824
-1.6703107357025146 0.8557649254798889 1.8220208883285522
0.9210299849510193 1.2473537921905518 0.3447803556919098
0.9210299253463745 1.2340198755264282 -1.0244956016540527
-1.9300758838653564 0.7070855498313904 0.1750538945198059
-2.3785929679870605 1.173622965812683 1.8944593667984009
0.12267067283391953 0.9908248782157898 -1.2052991390228271
-1.10642409324646 1.4325401782989502 -0.9824874401092529
0.9210299849510193 1.2335604429244995 -0.2843858003616333
-1.728585958480835 1.1585413217544556 2.1370909214019775
-0.9486268758773804 0.31468409299850464 3.1989176273345947
0.26695457100868225 0.284606397151947 1.4240128993988037
-2.364199161529541 1.2270832061767578 -0.16488681733608246
0.3661367893218994 0.6391234397888184 -0.834885835647583
-1.565731167793274 0.6885879039764404 1.6595643758773804
-2.0411343574523926 0.696364164352417 1.6462534666061401
-1.352033257484436 0.284606397151947 0.8966898322105408
-1.9779642820358276 0.6810287237167358 0.7147767543792725
0.3084102272987366 0.284606397151947 -0.27013254165649414
0.3439951539039612 1.3848764896392822 1.8322192430496216
0.21368303894996643 1.1126536130905151 2.1412081718444824
-0.85996413230896 0.33966749906539917 2.9209721088409424
0.749321699142456 1.496860384941101 -0.7686944007873535
-1.7934085130691528 0.9170830845832825 -0.5794552564620972
-2.095881938934326 1.3295599222183228 -0.8201149702072144
-0.8826788663864136 0.32224681973457336 3.5180299282073975
-1.9237911701202393 0.7118105888366699 -0.34733426570892334
-2.3863744735717773 1.0418535470962524 0.6307722926139832
0.6819854378700256 1.3021838665008545 -1.188096284866333
-0.142375186085701 1.2461236715316772 -1.2052990198135376
-1.475624680519104 1.3476128578186035 -1.1779543161392212
-1.171039342880249 1.090085744857788 -1.2052987813949585
0.9210299849510193 1.0154286623001099 -0.5339482426643372
-1.4002398252487183 0.7126829624176025 -0.8042051792144775
-1.8906916379928589 1.2760440111160278 1.866930603981018
-2.0646610260009766 0.8390275835990906 0.29725292325019836
-2.3736767768859863 1.1811027526855469 1.436174988746643
-0.9133106470108032 1.0983233451843262 -1.2052987813949585
0.32858040928840637 1.1235302686691284 -1.2052992582321167
0.5768387317657471 1.0898747444152832 1.6717503070831299
-1.14846670627594 0.284606397151947 1.6577718257904053
-0.3595927357673645 1.0836987495422363 -1.2052990198135376
0.40879157185554504 0.284606397151947 0.8633274435997009
0.9153387546539307 1.306524395942688 -0.617791473865509
-2.3575003147125244 1.246032476425171 -0.5678889751434326
-0.7821816802024841 0.284606397151947 0.4083470106124878
-1.4775735139846802 1.2757461071014404 2.094040870666504
-2.3790698051452637 1.2202051877975464 0.5988291501998901
-2.383824348449707 1.1239352226257324 0.1955367624759674
-1.760416865348816 1.3302398920059204 -0.993435800075531
-1.6550935506820679 1.2518876791000366 -1.198954463005066
-2.0806219577789307 1.3319947719573975 -0.5599146485328674
0.4683196544647217 0.284606397151947 0.10700486600399017
-1.1276671886444092 1.270719289779663 -1.187860131263733
0.5270586609840393 0.7203124165534973 -0.7198213338851929
-0.22643913328647614 0.3946972191333771 3.7869956493377686
0.5084061026573181 0.284606397151947 1.0592191219329834
-0.17302127182483673 0.284606397151947 -0.2306828498840332
-0.781347930431366 1.2611284255981445 -1.203597068786621
0.5630543828010559 0.284606397151947 0.8103213906288147
-1.1658560037612915 0.284606397151947 0.08081012219190598
-0.2969418168067932 0.284606397151947 1.1950440406799316
-0.4140535891056061 0.284606397151947 1.5876120328903198
0.017410634085536003 1.4198205471038818 -1.1406054496765137
-1.0206730365753174 0.4015979766845703 2.96691632270813
-1.5281587839126587 1.0771863460540771 -0.691196620464325
-1.3509827852249146 0.658830463886261 1.6278293132781982
-0.1036427766084671 0.284606397151947 1.2481085062026978
-0.7925171256065369 0.284606397151947 0.9659242630004883
-2.15592622756958 1.2883163690567017 1.3830506801605225
-0.5757949948310852 1.2446545362472534 -1.2023091316223145
0.6703987717628479 1.2643510103225708 2.134838581085205
-1.666049599647522 1.2756493091583252 1.8474446535110474
0.02391018532216549 0.29510316252708435 2.922175645828247
-0.6231606602668762 0.35552099347114563 3.7458527088165283
-1.9433326721191406 0.6689622402191162 0.44820329546928406
-1.853912591934204 1.3500380516052246 -0.7023060917854309
-1.9144296646118164 1.3636949062347412 -0.2645075023174286
-1.2679405212402344 0.284606397151947 0.7138736844062805
-1.8347923755645752 0.7254555225372314 1.4057800769805908
-1.7303540706634521 1.363654375076294 -0.44023603200912476
0.14204230904579163 1.3329161405563354 -1.1850917339324951
0.9210299849510193 1.2657572031021118 0.11181409657001495
-1.1261450052261353 1.1758559942245483 2.1412081718444824
-1.7750746011734009 0.7023023366928101 -0.2588944733142853
0.8976048827171326 1.3390538692474365 0.8771181702613831
0.9210300445556641 1.2830172777175903 1.2377853393554688
0.6280723214149475 1.4239790439605713 -1.0477323532104492
-2.1908116340637207 1.2969480752944946 0.6340485215187073
-1.8677866458892822 1.2834105491638184 1.5552520751953125
-1.2326687574386597 0.8997532725334167 -0.8483806848526001
0.6257060170173645 0.879304051399231 -0.5887054204940796
0.8018149733543396 1.4016464948654175 1.480712652206421
0.047089409083127975 0.38557693362236023 3.50026798248291
0.24816201627254486 0.6850525736808777 1.8138340711593628
0.31035831570625305 1.0180450677871704 -0.8658044934272766
-0.8517213463783264 0.892950177192688 2.0749318599700928
-0.35495471954345703 1.2891278266906738 -1.177893042564392
0.9210299849510193 1.2906286716461182 0.6174524426460266
-0.4738020896911621 0.3455464541912079 3.836374282836914
-0.8513999581336975 0.6222218871116638 2.891326427459717
0.06790631264448166 0.8375189304351807 -0.9111000895500183
0.9210299849510193 1.2584432363510132 -0.10341570526361465
-2.367612361907959 1.2347040176391602 0.13247430324554443
0.01127147488296032 0.5065560936927795 3.364386558532715
-1.7712208032608032 0.7765294313430786 0.9414284825325012
-0.6758996844291687 0.6927347779273987 -0.8706204891204834
-2.3535637855529785 1.211289405822754 0.9335911870002747
-2.1840169429779053 1.3073960542678833 -0.3264714777469635
-1.1833813190460205 1.3650966882705688 1.9895609617233276
-1.796085238456726 0.9974757432937622 1.604008674621582
-1.9080960750579834 0.9358383417129517 0.7651736736297607
-0.549551784992218 0.284606397151947 1.4679276943206787
-2.009345293045044 1.2963993549346924 1.2104157209396362
-0.9037235975265503 0.2850340008735657 3.5786092281341553
0.8350350856781006 1.4583218097686768 0.7494794130325317
-1.089276671409607 0.284606397151947 -0.1496896743774414
-0.5837901830673218 0.284606397151947 0.3677765429019928
-0.7987638115882874 0.7839096784591675 2.7137651443481445
0.11132217198610306 0.284606397151947 0.97040855884552
-0.7160113453865051 0.284606397151947 -0.056780558079481125
-1.3469862937927246 1.3229281902313232 1.7768423557281494
0.9093461632728577 1.2678073644638062 1.5886317491531372
-0.4356788396835327 0.4592283070087433 3.634956121444702
0.02573995105922222 0.284606397151947 1.121933102607727
0.6499307751655579 1.479647159576416 -0.6232138872146606
0.032410264015197754 0.8277404308319092 2.1412081718444824
-0.6438623070716858 0.284606397151947 -0.5358999371528625
0.9206765294075012 1.332780361175537 -0.4417504668235779
-2.1294333934783936 1.2831389904022217 0.8973286747932434
-0.33999621868133545 0.43480709195137024 3.458697557449341
-0.8264961242675781 1.2458035945892334 2.2261180877685547
-0.1994912326335907 1.1262680292129517 -0.8151977062225342
-1.5651909112930298 1.312090277671814 1.627401351928711
-2.23527193069458 1.2817373275756836 0.3675330877304077
-0.6664835214614868 0.9796846508979797 2.5494656562805176
0.1645113080739975 0.284606397151947 0.6846801042556763
-0.6223763227462769 0.3634995222091675 3.263996124267578
-1.8364999294281006 0.6829091906547546 1.1748449802398682
-0.35077759623527527 0.4127514958381653 3.251744270324707
0.9210300445556641 0.9051003456115723 1.3357210159301758
-1.0019484758377075 0.6855373382568359 -0.737036406993866
-0.005727635696530342 1.270051121711731 2.099484920501709
-0.7372045516967773 0.284606397151947 0.17116959393024445
0.42401766777038574 1.4292480945587158 -0.8458845019340515
-1.5282707214355469 0.6985763311386108 -0.5406811833381653
0.04750218242406845 0.39166444540023804 2.7447564601898193
-0.5363388657569885 0.284606397151947 -0.13651655614376068
-1.0008769035339355 0.284606397151947 0.7985178828239441
-1.4260571002960205 1.0416462421417236 1.693683385848999
-1.6248047351837158 1.37956964969635 -0.7018413543701172
-0.7255279421806335 0.284606397151947 1.3604586124420166
-0.5152223110198975 0.461667001247406 3.1736817359924316
-2.090758800506592 1.3112496137619019 -0.04993801936507225
0.8366751670837402 1.3829587697982788 0.34882852435112
-0.8884345293045044 1.3839848041534424 -1.1590745449066162
-0.15264706313610077 0.8425500392913818 2.544499635696411
-0.3454926311969757 0.284606397151947 0.7869305610656738
-1.2828850746154785 1.440826654434204 -0.8499395251274109
0.8222383260726929 1.0453604459762573 -0.27683815360069275
0.6855828166007996 1.4421412944793701 1.2569652795791626
-1.8782823085784912 1.1208293437957764 -0.32292282581329346
-0.9775127172470093 1.3551253080368042 1.8613288402557373
-1.8462979793548584 0.9359631538391113 -0.06735734641551971
-1.6234043836593628 1.3839898109436035 -0.15573249757289886
0.26109203696250916 1.451101303100586 -0.9891524910926819
0.4571800231933594 0.284606397151947 0.6435258984565735
-0.9818825721740723 0.284606397151947 0.9913915991783142
-1.9084552526474 1.2912094593048096 0.8524180054664612
0.30294016003608704 0.284606397151947 0.302245169878006
0.8196747899055481 1.4576386213302612 -0.32811012864112854
0.43520206212997437 0.6433788537979126 1.6874507665634155
-0.2112656682729721 0.6298583149909973 2.9396519660949707
-0.11290188878774643 0.284606397151947 1.443057656288147
-2.113335371017456 1.2798432111740112 1.6503169536590576
-1.693544864654541 1.310027003288269 1.392248511314392
-1.7058160305023193 0.934842586517334 1.249173641204834
-1.2218672037124634 0.6613418459892273 -0.7204658389091492
-0.28136399388313293 1.439044713973999 -1.0677584409713745
-1.8415240049362183 1.0747668743133545 1.0314234495162964
-0.5750476121902466 0.6403858661651611 2.9895529747009277
-1.942456603050232 1.0718168020248413 1.3335933685302734
0.9210299849510193 1.018743872642517 0.4277128279209137
0.9105582237243652 1.2902603149414062 1.0628682374954224
-1.8934625387191772 1.1119381189346313 0.29753124713897705
-0.584406316280365 1.2288154363632202 2.2332403659820557
-0.35383665561676025 0.6676009297370911 -0.8175036907196045
-0.6005069017410278 0.284606397151947 1.042001485824585
0.6604722738265991 0.9243160486221313 1.269744873046875
0.5976954102516174 1.374276876449585 1.698462724685669
0.5721530914306641 0.7392720580101013 1.586007833480835
-0.17271266877651215 0.284606397151947 0.3225129246711731
0.29982513189315796 0.284606397151947 0.0918019711971283
0.3965083360671997 1.406453013420105 1.077657699584961
0.43009713292121887 1.11330246925354 -0.6585060954093933
-0.5703737139701843 0.7595089673995972 2.7350399494171143
-0.4206164479255676 1.0287011861801147 2.5412726402282715
-0.8372632265090942 0.37339773774147034 3.0398082733154297
-0.22681528329849243 1.3366886377334595 2.0304510593414307
-0.9545038938522339 0.284606397151947 -0.30337613821029663
0.09054256230592728 1.3695119619369507 1.9150978326797485
-1.221317172050476 0.284606397151947 0.5236586928367615
0.7590733766555786 1.1179485321044922 0.21870897710323334
0.4484180808067322 1.418866753578186 1.5305638313293457
-0.21646647155284882 0.349869966506958 3.186206102371216
-0.20409825444221497 0.284606397151947 -0.5274907946586609
-0.5070261359214783 1.4343129396438599 -1.0032674074172974
0.829741895198822 0.8798602819442749 0.6240792274475098
0.2896444499492645 0.9783097505569458 1.6864781379699707
-1.785207748413086 0.6984938979148865 0.035158898681402206
-0.02113795094192028 0.284606397151947 -0.08598565310239792
-0.22423295676708221 0.9999096989631653 2.482975721359253
0.06546676903963089 0.284606397151947 1.3563185930252075
0.06000890955328941 1.0357733964920044 1.910152554512024
-0.3879794776439667 0.6097540855407715 2.9315927028656006
-0.9417755603790283 0.284606397151947 0.2697579264640808
-0.04281743988394737 0.284606397151947 0.7941255569458008
-0.9722193479537964 0.7499454021453857 1.8699562549591064
0.2795294225215912 1.4725722074508667 -0.42743971943855286
-0.7491404414176941 1.4525413513183594 -0.9424865245819092
-1.49903404712677 0.8864601254463196 1.5235501527786255
0.2715103328227997 0.766154944896698 -0.7052713632583618
0.475664347410202 0.8853222727775574 1.4576575756072998
-0.33431798219680786 0.7841711044311523 2.680769443511963
-1.5555446147918701 0.6756346225738525 1.3117115497589111
-0.5681542754173279 0.284606397151947 0.08640001714229584
-0.5055679678916931 0.8608365654945374 -0.8193619251251221
-1.5251637697219849 0.6580988168716431 -0.2517498731613159
-0.9321894645690918 1.432902455329895 -0.7077938914299011
-0.2605228126049042 1.1910643577575684 2.0676214694976807
-1.5664271116256714 1.07082200050354 -0.4052307903766632
-0.6329106092453003 0.284606397151947 1.2039246559143066
-0.039405226707458496 0.6796505451202393 -0.8039828538894653
-1.1741663217544556 0.7563303709030151 1.7348977327346802
0.5873050689697266 0.92042475938797 -0.339250773191452
-1.8181716203689575 0.8283454179763794 0.37604647874832153
-1.7956714630126953 0.7232219576835632 0.6485915184020996
0.040164876729249954 1.4591501951217651 -0.6855500340461731
0.2864226698875427 1.4620071649551392 -0.6854594945907593
0.05164026841521263 1.3597750663757324 1.2761667966842651
-0.7985674142837524 1.3986175060272217 -0.356399267911911
-1.222447156906128 1.1106983423233032 -0.6833299398422241
-0.30486243963241577 1.4004969596862793 1.5139907598495483
-1.398996353149414 1.4244576692581177 -0.5893725752830505
-0.43429628014564514 1.4234875440597534 -0.6192120313644409
-1.378253698348999 0.8253272771835327 -0.5478851795196533
0.2955004870891571 1.3965383768081665 1.1718947887420654
-0.7670278549194336 1.2750709056854248 1.1376171112060547
-0.17725129425525665 0.8819502592086792 -0.7308668494224548
-1.8030256032943726 1.3469109535217285 -0.00982283242046833
-0.2364121377468109 1.4720762968063354 -0.7525473237037659
-1.4463483095169067 1.4056830406188965 -0.316759318113327
-1.1298516988754272 1.4252690076828003 -0.5421558618545532
0.7607853412628174 0.8746936321258545 0.012427650392055511
-0.13132038712501526 1.4440475702285767 -0.5833326578140259
-0.9445430636405945 1.1049519777297974 -0.7675837874412537
0.68205726146698 1.3832567930221558 0.5482997894287109
0.6332005262374878 1.4436633586883545 -0.16359597444534302
-1.297675371170044 1.2275205850601196 -0.4085569679737091
0.5103143453598022 1.3905155658721924 0.9452094435691833
-1.3530583381652832 1.3893412351608276 -0.050802357494831085
-1.6378227472305298 0.9061145186424255 -0.20233435928821564
0.9038330912590027 1.3968608379364014 0.0406937338411808
-1.5977518558502197 0.7522227764129639 0.8276374936103821
0.42530933022499084 0.6442907452583313 -0.4899355173110962
0.5925021171569824 1.41937255859375 0.858975887298584
-0.5096253752708435 0.8345205783843994 2.125594139099121
-0.671342670917511 1.3518949747085571 1.8678358793258667
-0.774175763130188 0.8213925957679749 -0.7483113408088684
-1.447692632675171 1.399842619895935 0.5868046879768372
-1.1036505699157715 1.398046851158142 1.366062879562378
-1.2206979990005493 1.34688401222229 1.1043884754180908
-1.3422006368637085 1.37189519405365 1.517245888710022
0.4482544958591461 1.3751165866851807 -0.44328081607818604
-0.7098610401153564 1.3557093143463135 1.6083494424819946
-1.354421854019165 1.3908531665802002 0.3304253816604614
-0.40504613518714905 0.284606397151947 0.9589975476264954
-1.0522204637527466 0.284606397151947 0.6167654991149902
0.0259832963347435 0.7601199746131897 1.6685563325881958
-1.5414113998413086 1.3470029830932617 1.0042896270751953
-1.146928071975708 1.313795566558838 0.880580484867096
-1.0997564792633057 1.348473072052002 0.5943912267684937
-1.0964033603668213 1.3974648714065552 -0.2435033768415451
-1.8998091220855713 1.3485350608825684 0.6234085559844971
0.4626600444316864 0.7060586214065552 1.3050434589385986
-1.4939993619918823 1.3241654634475708 1.25196373462677
-1.785852313041687 1.3143267631530762 1.0943654775619507
-0.9753375053405762 0.709263265132904 1.6286994218826294
-0.19688154757022858 0.284606397151947 0.03351337090134621
-1.265906810760498 1.24211847782135 0.5352319478988647
-1.6578173637390137 0.7210885882377625 0.2849768102169037
-0.6299196481704712 1.4719232320785522 -0.514342725276947
-1.669018030166626 1.1227935552597046 0.23292729258537292
-1.144854187965393 0.7636452317237854 -0.5495497584342957
-1.2085800170898438 1.4293479919433594 0.15002387762069702
-0.9880205988883972 1.371854543685913 1.631927251815796
-0.08307331800460815 0.7298862934112549 1.9278346300125122
-1.679351806640625 1.0160601139068604 0.589535653591156
-1.3537663221359253 0.7742727994918823 1.3690952062606812
-0.9261269569396973 1.3688057661056519 -0.07205844670534134
-1.419954776763916 1.0760244131088257 -0.1256595253944397
-0.29549041390419006 0.284606397151947 0.6133966445922852
-0.47169509530067444 1.300951361656189 2.0395002365112305
0.5416621565818787 0.7779550552368164 -0.1852460503578186
-0.603696882724762 0.284606397151947 0.8227137923240662
-1.3662430047988892 0.7627001404762268 -0.24274900555610657
-1.5458773374557495 0.7441244125366211 1.088376760482788
-0.7122515439987183 0.7594374418258667 1.9372000694274902
-0.610390841960907 1.314005970954895 -0.7237366437911987
-0.7792626023292542 0.7293795943260193 -0.6064873337745667
-1.5535931587219238 0.7881374359130859 0.005312485620379448
-0.5708143711090088 0.284606397151947 0.6331164836883545
0.1001642495393753 1.4396218061447144 1.6904971599578857
-1.4263008832931519 1.0368218421936035 1.24236261844635
-1.1572054624557495 0.7489876747131348 1.4245579242706299
-0.7953148484230042 0.284606397151947 0.7744590044021606
0.11551114171743393 1.1389541625976562 -0.7442644238471985
-0.05004798620939255 1.2714391946792603 1.220333218574524
-1.5687973499298096 0.6993318200111389 0.5253869891166687
0.44291985034942627 1.1416138410568237 0.4922444224357605
-0.3096073865890503 0.9011343717575073 2.1190388202667236
-0.560704231262207 0.9861615896224976 2.3707120418548584
0.03325134888291359 1.0793029069900513 -0.5479546785354614
-0.4842434227466583 1.0505313873291016 -0.6557220816612244
-0.898034930229187 1.1540007591247559 -0.5865949392318726
-0.10601605474948883 1.430387020111084 1.6518763303756714
0.45282259583473206 1.4928487539291382 0.09957416355609894
-1.1666300296783447 0.9627660512924194 1.6133636236190796
-1.5188156366348267 1.0931915044784546 0.915097177028656
-0.49745506048202515 0.6942673325538635 1.7374615669250488
0.3625171184539795 0.9239955544471741 -0.5511664748191833
-1.478322982788086 0.736391544342041 0.2024921029806137
-0.24479883909225464 1.3128243684768677 1.2462419271469116
-1.1561673879623413 1.2439277172088623 1.454660415649414
0.35398218035697937 1.0663986206054688 -0.1917264461517334
0.3366506099700928 1.139336109161377 1.5455340147018433
-0.9058753252029419 1.1447453498840332 1.8778520822525024
0.7082673907279968 0.8972630500793457 0.9949465394020081
-0.11369109898805618 0.9923071265220642 1.7821403741836548
-1.2117400169372559 0.9704479575157166 -0.3443901836872101
-0.5355484485626221 1.0285959243774414 1.8651436567306519
0.34675782918930054 1.1145719289779663 1.1129449605941772
-0.8298260569572449 0.9439277648925781 1.725759744644165
0.043845854699611664 0.7336485385894775 -0.6330622434616089
-1.2002184391021729 0.6827695369720459 -0.204268679022789
-0.667839765548706 1.3479677438735962 1.2773948907852173
-1.5086374282836914 0.9455150365829468 0.4408699572086334
-0.3590485453605652 0.6783304810523987 -0.652418315410614
-1.3751616477966309 0.946155309677124 0.8780390620231628
-0.8104794025421143 1.2773741483688354 0.9727007150650024
-1.4120957851409912 1.027091145515442 0.1434241682291031
0.25107821822166443 1.3196851015090942 1.2752474546432495
-0.4676254093647003 1.2812367677688599 1.2830517292022705
-0.4102420210838318 1.4061883687973022 1.7791404724121094
0.4990847408771515 0.5585998296737671 0.09056620299816132
0.6261033415794373 0.739055335521698 0.41368308663368225
-0.9366593956947327 1.058370590209961 1.435194730758667
0.5174537897109985 0.6636092662811279 1.049778699874878
-0.7018134593963623 0.7262094020843506 1.6691325902938843
0.27720773220062256 0.3149145245552063 0.8844804167747498
-1.1818352937698364 1.0526354312896729 1.1587666273117065
0.1443118304014206 0.3454904854297638 0.27821534872055054
-0.31207016110420227 0.7771773934364319 1.8253549337387085
-0.3885696530342102 0.284606397151947 0.08749539405107498
-1.3607739210128784 0.7171598672866821 1.0880287885665894
-1.3001145124435425 0.7112767696380615 0.23746827244758606
0.23296646773815155 0.7520273923873901 1.565419316291809
-0.8754974603652954 0.6644474267959595 -0.3302186131477356
-0.47825393080711365 0.5907089114189148 -0.40563350915908813
-0.7847012877464294 0.6617360711097717 1.2075035572052002
0.4595527946949005 1.064900517463684 0.032756272703409195
-0.20494616031646729 0.6812726259231567 1.527321696281433
-0.3996332287788391 0.284606397151947 0.28065159916877747
-1.1285918951034546 0.7078740000724792 1.1854405403137207
-0.9284253716468811 1.0508739948272705 -0.31203824281692505
-0.005347158294171095 0.6002147793769836 -0.44888752698898315
0.4082067012786865 0.6738668084144592 -0.23935723304748535
-1.2800065279006958 0.9056182503700256 0.6130338907241821
-0.2108115255832672 0.8059109449386597 1.6526288986206055
-0.9812362790107727 0.768092691898346 -0.42958080768585205
-0.6914738416671753 1.0470465421676636 1.4953991174697876
0.2269698977470398 0.7453451156616211 1.3434637784957886
0.35300618410110474 0.49351194500923157 0.6135197281837463
0.012465531937777996 1.0885626077651978 1.4730890989303589
0.5473203063011169 0.8775123953819275 0.7966880202293396
-1.4254040718078613 0.7237266302108765 0.6792535781860352
-0.8777193427085876 0.6970347166061401 1.4453871250152588
-1.0826884508132935 0.5369971394538879 0.1620631068944931
-0.18832717835903168 1.0442962646484375 1.474208950996399
-0.4317961633205414 0.958589494228363 1.6468214988708496
0.2588841915130615 0.946037232875824 -0.3575221002101898
-1.2417742013931274 0.981194794178009 0.3104505240917206
-0.08111362159252167 0.3499189019203186 0.2355867475271225
-1.261942744255066 0.9122844338417053 -0.013677733018994331
-1.2553423643112183 0.701166033744812 0.8594760894775391
-1.549157977104187 1.412863850593567 0.7863572835922241
-0.5308629274368286 0.8467271327972412 -0.5135447978973389
-1.5923515558242798 1.4438858032226562 0.25881123542785645
-1.9241738319396973 1.3995161056518555 0.40808290243148804
0.2068680375814438 0.7449489831924438 -0.282874196767807
-0.2368783950805664 0.37995919585227966 1.0868314504623413
-0.35707229375839233 0.34180784225463867 0.4829659163951874
-1.0762004852294922 0.5845180749893188 0.6982752680778503
0.5267535448074341 0.751488208770752 0.6430766582489014
0.40931031107902527 0.7970172762870789 1.1090227365493774
-1.1003613471984863 0.9766824841499329 0.9103391170501709
-1.7180436849594116 1.4038370847702026 0.5982751846313477
-0.5883395075798035 0.7352665066719055 1.4509124755859375
0.3742145597934723 1.3144773244857788 -0.004849778488278389
-1.72129225730896 1.4735243320465088 0.12979565560817719
-0.9605034589767456 1.1377687454223633 0.602274477481842
-0.7767279148101807 1.0260957479476929 1.062745213508606
-0.48934268951416016 1.142804741859436 1.2729800939559937
-0.46121838688850403 0.8892552256584167 1.331071138381958
-0.18067780137062073 0.4554043114185333 0.7515351176261902
0.5357890725135803 0.8841386437416077 0.17048096656799316
-2.008526563644409 1.3713278770446777 0.17347295582294464
0.5217055082321167 1.403458595275879 0.3023253083229065
-0.3616243302822113 0.6798614859580994 1.2905303239822388
0.04916276037693024 0.6564798355102539 1.3047537803649902
-0.6785556674003601 0.37603887915611267 0.4732370376586914
-0.9182767271995544 0.8388929963111877 1.2601975202560425
0.3795505166053772 1.3181495666503906 0.5042807459831238
-0.20916810631752014 0.9063868522644043 -0.5162643790245056
-1.0222768783569336 0.7567070722579956 0.9363493323326111
-0.9565027356147766 1.2649036645889282 0.3853762745857239
0.060115449130535126 1.36860990524292 -0.21048744022846222
-0.10525950789451599 1.333178162574768 -0.24747169017791748
0.2675744593143463 1.4315420389175415 -0.1673392355442047
-0.7574573755264282 0.7421166300773621 -0.2368774563074112
-0.26828503608703613 1.2844386100769043 -0.38518044352531433
-1.0658440589904785 0.7856910824775696 -0.01631065085530281
-0.9220358729362488 1.2559949159622192 0.16214247047901154
-0.86276775598526 1.211169958114624 0.7873721122741699
-0.6230345368385315 1.0877962112426758 -0.14438191056251526
-1.0098403692245483 1.0495855808258057 0.143288254737854
0.17797690629959106 1.28150475025177 0.014720635488629341
-0.5472539067268372 1.3149080276489258 -0.21475684642791748
0.3787018060684204 1.160569667816162 0.8084067106246948
0.1526550054550171 1.0151690244674683 1.243912935256958
-0.06287863850593567 1.0617314577102661 -0.29963359236717224
-1.1855055093765259 0.8075168132781982 0.469065397977829
-0.6369608044624329 1.0505200624465942 -0.40432092547416687
-0.06528744101524353 0.7416438460350037 1.1577417850494385
-0.8427379131317139 0.5842466354370117 0.061486586928367615
-0.33011937141418457 0.5050817131996155 0.33229827880859375
-0.5470177531242371 0.5374293923377991 0.9904356002807617
-0.20283390581607819 0.5718224048614502 -0.258402943611145
-0.690189778804779 0.8253884315490723 1.0778392553329468
-0.8893924355506897 0.8319751024246216 0.7984368801116943
-0.952073872089386 0.9750377535820007 -0.09790568798780441
-1.017499566078186 0.7976958751678467 0.5141347646713257
-0.030574940145015717 0.5275434851646423 0.47417333722114563
-0.3298736810684204 1.2571529150009155 -0.19296106696128845
-0.739282488822937 1.2358797788619995 -0.026363035663962364
-0.5030781626701355 0.5837875604629517 0.6754895448684692
-0.2499879002571106 0.8607208728790283 -0.3439745604991913
-0.2556595206260681 0.9654638171195984 1.2012208700180054
-0.9675926566123962 0.7973260283470154 0.22189119458198547
0.05678550899028778 0.8477980494499207 -0.20388244092464447
-0.6014178991317749 0.7030695676803589 -0.031546033918857574
0.04636469483375549 0.7575238347053528 0.8547224998474121
-0.7157886028289795 0.789829671382904 0.7378963828086853
-0.08815395832061768 0.810961902141571 -0.015245083719491959
0.4153779447078705 0.9193043112754822 0.5069636702537537
0.18660040199756622 0.562443196773529 0.09794802963733673
0.1465868055820465 0.9077320694923401 0.16599340736865997
0.07513168454170227 0.9297068119049072 1.0597378015518188
-0.35733306407928467 0.8886458873748779 1.0255569219589233
0.2687684893608093 0.8649076223373413 0.6653699278831482
0.10767289996147156 0.5783807039260864 0.8301923871040344
0.3580706715583801 0.8566527962684631 0.9089507460594177
0.3058242201805115 0.8366891741752625 0.06581220775842667
-0.3248560130596161 0.8414867520332336 -0.038099147379398346
-0.638681948184967 0.7025008797645569 0.27198246121406555
-0.17367786169052124 0.6160168051719666 -0.0016997288912534714
-0.097535640001297 0.8489421606063843 0.6621553301811218
0.426766037940979 0.7617633938789368 0.29003939032554626
-0.5567740201950073 0.8311253190040588 -0.24334114789962769
-0.7825332880020142 1.710546612739563 0.5359556674957275
-0.6019842624664307 1.6877801418304443 0.4727703630924225
-0.43919506669044495 0.7853899002075195 0.9176328182220459
-0.5827314257621765 1.688070297241211 0.30086639523506165
-0.10437087714672089 0.8370780944824219 0.8309913873672485
-0.3943515717983246 1.803566813468933 0.30264735221862793
-0.7537693381309509 0.8011425733566284 0.42499426007270813
0.15872877836227417 0.8614345192909241 0.426294207572937
-0.32726022601127625 0.7885953783988953 0.31533393263816833
-0.654835045337677 0.9011440873146057 0.45356276631355286
-0.4967096447944641 0.8621456027030945 0.7327581644058228
-0.18107090890407562 0.7763623595237732 0.48772087693214417
-0.4504316747188568 0.827080488204956 0.13611072301864624
-0.3482763469219208 1.993080973625183 0.22362768650054932
-0.8203915953636169 1.8487389087677002 0.6573534607887268
-0.5416364669799805 1.7946876287460327 0.12670892477035522
-0.44929561018943787 1.7751507759094238 0.5154002904891968
-0.029100123792886734 0.8713148832321167 0.18310673534870148
-0.9244937300682068 1.7727010250091553 0.257990300655365
-0.23599731922149658 2.8340647220611572 0.7787173986434937
-0.7792564034461975 1.7044858932495117 0.28600233793258667
-0.7237553000450134 2.0301601886749268 0.7391928434371948
-0.9526020288467407 2.2844152450561523 0.5751648545265198
-0.34487414360046387 2.66874361038208 0.7090393900871277
-0.5548762083053589 2.8262577056884766 0.8077278137207031
-0.9927648305892944 1.8326226472854614 0.4432387351989746
-0.15511903166770935 2.759854555130005 0.3878365457057953
-0.3591475784778595 2.0473196506500244 0.5446239709854126
-0.47459715604782104 2.5232231616973877 0.6728459000587463
-0.7610179781913757 1.806754231452942 0.09280548989772797
-0.5367053747177124 1.8840293884277344 0.6700664162635803
-0.4183524250984192 2.860208034515381 0.16420112550258636
-1.0540872812271118 1.965707540512085 0.4558986723423004
-0.28626924753189087 2.6902883052825928 0.28520193696022034
-0.3657683730125427 2.510788679122925 0.39081302285194397
-1.0106024742126465 2.1012320518493652 0.21135729551315308
-0.518787145614624 3.10817289352417 0.7769079804420471
-0.32137948274612427 2.2148072719573975 0.3944319486618042
-0.6633854508399963 1.9717077016830444 0.00843560416251421
-0.7046350836753845 2.595686435699463 0.7508805394172668
-0.8035319447517395 2.1133017539978027 0.03487313911318779
-0.10647699236869812 2.7759029865264893 0.5735291838645935
-0.5016661882400513 2.332261323928833 0.6260790824890137
0.03791223466396332 3.087806224822998 0.6892989277839661
-0.07033215463161469 2.9288082122802734 0.26001283526420593
-0.7106584310531616 2.2305331230163574 0.7256802916526794
-0.41245561838150024 3.3608486652374268 0.5247125029563904
-0.7865779995918274 2.8360047340393066 0.7781007885932922
-1.0631853342056274 2.2265193462371826 0.3738958537578583
-0.5574133396148682 2.2545032501220703 0.11371862888336182
-0.6557164192199707 3.1620261669158936 0.6475809216499329
-0.7381265759468079 2.4197025299072266 0.11875677108764648
-0.32490724325180054 3.1204283237457275 0.8371315598487854
-0.9002785682678223 2.4944381713867188 0.6753547191619873
-1.0602662563323975 2.536325693130493 0.4596792757511139
-0.5255186557769775 2.538050651550293 0.18573977053165436
-0.9370404481887817 2.527272939682007 0.24752025306224823
-0.2671196460723877 3.050997495651245 0.13842011988162994
-0.6061710119247437 2.9813363552093506 0.12897402048110962
0.04058375209569931 3.1526572704315186 0.31829553842544556
0.064317487180233 2.9810845851898193 0.4547821581363678
-0.008415321819484234 2.8898935317993164 0.6642768383026123
-0.23850734531879425 3.387284517288208 0.40129581093788147
-0.21310175955295563 5.190353870391846 0.44968798756599426
-0.47212666273117065 3.305093765258789 0.33441948890686035
-0.9785673022270203 2.7567496299743652 0.6319840550422668
-0.12936249375343323 3.2562384605407715 0.22876930236816406
-0.8205493092536926 3.127749443054199 0.43900924921035767
0.06565330922603607 4.843986988067627 0.46011242270469666
-0.650419294834137 3.0969033241271973 0.22100301086902618
-0.7784372568130493 2.7007548809051514 0.19187718629837036
-0.1399352252483368 3.1795926094055176 0.7838573455810547
-0.9896880984306335 2.7712154388427734 0.37436485290527344
-0.9133597612380981 3.032999277114868 0.5803782343864441
-0.27523067593574524 4.865798473358154 0.8245530128479004
-0.2881297469139099 4.865097522735596 0.31832683086395264
-0.34688109159469604 4.834662437438965 0.5925629138946533
0.12909242510795593 5.008746147155762 0.343182772397995
-0.5482960343360901 5.387893199920654 0.257731169462204
-0.663821816444397 5.566144943237305 0.6106512546539307
-0.11320134252309799 4.807096481323242 0.7491815090179443
0.03334042429924011 4.9670844078063965 0.8857333660125732
0.038845062255859375 4.830245494842529 0.6822975873947144
0.19979722797870636 4.932254791259766 0.6187847256660461
-0.10306144505739212 4.794358730316162 0.45463043451309204
-0.4358574151992798 4.945773124694824 0.887726902961731
-0.24442526698112488 5.049076080322266 1.0122816562652588
-0.5151180624961853 4.8850483894348145 0.5389996767044067
-0.14730533957481384 4.98590612411499 0.21501730382442474
-0.7054858803749084 5.125542640686035 0.4844365417957306
-0.5944811105728149 5.029013156890869 0.8501085042953491
0.274324893951416 5.079714298248291 0.5995572805404663
-0.4878230094909668 4.94803524017334 0.34955647587776184
-0.6076256036758423 4.963966369628906 0.6541966199874878
-0.7354474067687988 5.185088157653809 0.7883437871932983
-0.21677139401435852 5.202511310577393 0.08262119442224503
-0.021974746137857437 5.223544120788574 0.15188884735107422
-0.04461224377155304 5.092142105102539 0.9884611368179321
-0.5187703371047974 5.154655933380127 0.2093781679868698
0.2720906436443329 5.278209209442139 0.5674375891685486
-0.29047393798828125 5.37122917175293 0.9797469973564148
-0.039103586226701736 5.456861972808838 0.19121360778808594
-0.1630706638097763 5.548818111419678 0.45054367184638977
-0.6996805667877197 5.3303117752075195 0.5121955871582031
0.15818218886852264 5.233623504638672 0.2813614308834076
-0.5247753262519836 5.5109992027282715 0.9146865010261536
0.14605112373828888 5.265409469604492 0.8784083127975464
-0.7516204714775085 5.400481224060059 0.7733503580093384
-0.32899177074432373 5.386356830596924 0.1464378535747528
0.45989423990249634 6.65880012512207 0.06212355196475983
-0.21588972210884094 5.800867080688477 0.81688392162323
-0.10014473646879196 5.431520462036133 0.990803062915802
0.1604059338569641 5.446155071258545 0.6569147109985352
-0.474604994058609 5.9556145668029785 0.5542683601379395
-0.47709566354751587 5.182692050933838 1.0196181535720825
-0.004263352137058973 5.610481262207031 0.6624590754508972
-0.4428679347038269 5.801778793334961 0.40394389629364014
-0.4953725337982178 5.622430801391602 0.37616342306137085
-0.4768355190753937 6.248228073120117 0.5686798691749573
-1.0716001987457275 7.342644691467285 1.1429266929626465
-0.36598801612854004 5.661758899688721 0.8633596897125244
-0.3859013020992279 5.942443370819092 0.8374848365783691
0.46739068627357483 6.707857131958008 -0.01589350402355194
-0.4014070928096771 6.647378444671631 0.6338798999786377
-0.09484048187732697 5.777059078216553 0.5152081847190857
-0.5631400942802429 7.745018482208252 -0.40954941511154175
-0.2843795716762543 6.205556869506836 0.8458977341651917
0.5193710327148438 6.7222981452941895 0.07039893418550491
-0.25211983919143677 6.4218668937683105 0.8740332126617432
-0.3007836937904358 6.177704334259033 0.4570600092411041
-0.15134850144386292 6.170807361602783 0.557623565196991
-0.5821406245231628 7.719540596008301 -0.25432270765304565
-0.30833297967910767 7.068493366241455 0.8745349049568176
0.5025339722633362 6.827097415924072 0.10024283826351166
-0.45428553223609924 6.413569927215576 0.744914710521698
-1.1376351118087769 7.400662422180176 1.1137343645095825
-0.811211347579956 7.627420425415039 -0.45541441440582275
-0.08819456398487091 6.037256717681885 0.6707651615142822
-0.47166699171066284 6.849879741668701 0.9510167837142944
0.5997775793075562 6.5818867683410645 0.17122069001197815
-0.882879376411438 7.6337971687316895 -0.3059779107570648
-0.9043534398078918 7.767908096313477 -0.5269149541854858
-0.46920570731163025 6.634459972381592 0.8086909055709839
-0.1914864331483841 6.618900775909424 0.7324172258377075
-0.12177187949419022 8.230929374694824 0.8772727847099304
-1.0874675512313843 7.372125625610352 1.1389460563659668
-0.7287489175796509 7.612495422363281 -0.24877968430519104
-1.0352628231048584 7.4741411209106445 1.1374765634536743
-0.15168191492557526 8.04258918762207 0.9361487030982971
-0.3090129792690277 6.834717273712158 0.986502468585968
-0.43031877279281616 7.904355525970459 0.7192716598510742
-0.25576314330101013 7.933317184448242 0.6608231663703918
-0.7748090028762817 7.9200439453125 -0.5631740689277649
-0.23407647013664246 6.836108207702637 0.9121479988098145
-0.30618318915367126 7.860472202301025 0.7929642796516418
-0.7984188795089722 7.679368495941162 -0.1640317589044571
-0.39465272426605225 7.191491603851318 0.8923628926277161
-0.8779162168502808 8.065903663635254 -0.42012742161750793
0.11935746669769287 8.787362098693848 0.07164990901947021
0.18192750215530396 8.695569038391113 0.2782241106033325
-0.5451579689979553 7.869818687438965 -0.47584643959999084
-0.5133374929428101 8.011563301086426 0.7919297218322754
-0.7036959528923035 7.797105312347412 -0.08397970348596573
-0.5712891221046448 9.323208808898926 0.49225059151649475
0.3017817735671997 8.63698959350586 0.2601783573627472
-0.23390386998653412 8.056133270263672 0.608505368232727
-0.3539600968360901 8.29463005065918 0.6225669980049133
-0.26256802678108215 8.285606384277344 0.5960849523544312
0.08649154007434845 8.781488418579102 0.28843408823013306
-0.3312458395957947 7.874243259429932 0.8810250759124756
-0.9123114943504333 7.957996845245361 -0.19611959159374237
-0.9908681511878967 8.777971267700195 -0.05704636126756668
-0.7900572419166565 9.059343338012695 0.5414330959320068
-0.34307172894477844 8.121573448181152 1.0587776899337769
-0.7949413657188416 8.844549179077148 -0.01451105996966362
-0.2764296531677246 8.3961181640625 0.9464126825332642
0.34418946504592896 8.69880485534668 0.405186265707016
-0.457058310508728 8.238314628601074 0.9801361560821533
-0.9743660092353821 9.102104187011719 0.5553679466247559
-0.7301442623138428 9.014331817626953 0.41425275802612305
-0.7525597214698792 9.066520690917969 0.632469117641449
-0.7903358340263367 8.91796588897705 -0.054001107811927795
0.3991978168487549 8.932007789611816 0.20762181282043457
-0.942115306854248 9.021574020385742 -0.09642589092254639
0.30490028858184814 8.72845458984375 0.050604723393917084
0.39477020502090454 8.846220016479492 0.056641288101673126
-1.0614867210388184 9.135525703430176 0.4374409317970276
-0.596054196357727 9.345193862915039 0.7954517602920532
-0.8637452721595764 8.859414100646973 0.18976619839668274
-1.014913558959961 8.918795585632324 0.03260640799999237
-0.550872266292572 9.248319625854492 0.31727075576782227
-0.867287278175354 9.6233491897583 0.5893927216529846
-0.5507129430770874 9.300501823425293 0.6696048974990845
-0.86423659324646 9.357447624206543 0.13268740475177765
-1.0298480987548828 9.564311027526855 0.3444008529186249
-1.132609248161316 9.459303855895996 0.35858696699142456
-0.7755374908447266 9.322864532470703 0.9270212650299072
-1.0662270784378052 9.352445602416992 0.6889432668685913
-0.8069535493850708 9.30021858215332 0.13026422262191772
-0.9565516710281372 8.941751480102539 0.2765616476535797
-0.7732577323913574 9.284518241882324 0.9038273096084595
0.1743047535419464 9.989160537719727 0.4806413948535919
-0.7941431999206543 9.699761390686035 0.7705912590026855
-0.9056977033615112 9.787595748901367 0.28059759736061096
0.12070911377668381 9.954424858093262 0.3623883128166199
-0.753888726234436 9.697395324707031 0.3025829792022705
0.18644002079963684 9.908858299255371 0.39026010036468506
0.27229171991348267 10.192388534545898 0.660201370716095
0.34441137313842773 10.008288383483887 0.4205939769744873
0.4839714467525482 10.206621170043945 0.5521863102912903
-0.8715229034423828 9.840232849121094 0.1996152400970459
-0.7300819754600525 9.589093208312988 0.9014838933944702
-0.7505314350128174 9.679691314697266 0.6449549198150635
0.14192846417427063 10.149415969848633 0.21982307732105255
0.2504211962223053 10.140731811523438 0.19988425076007843
-0.7002122402191162 9.786208152770996 0.8158941268920898
-0.6538375616073608 10.078333854675293 0.22236675024032593
-0.027673976495862007 10.182342529296875 0.5697516202926636
0.19528158009052277 10.372076034545898 0.33781155943870544
-0.06233998388051987 10.247152328491211 0.4384192228317261
-0.6567022800445557 10.206720352172852 0.1988387405872345
-0.8686323761940002 10.244060516357422 0.13372498750686646
-0.7313519716262817 10.265192985534668 0.3599555492401123
0.2494211345911026 10.242989540100098 0.7858822345733643
0.34979677200317383 10.413558006286621 0.5277926921844482
0.2992725372314453 10.409780502319336 0.7812383770942688
-0.7553403377532959 10.420500755310059 0.31855508685112
0.0728306919336319 10.455955505371094 0.6609899401664734
-0.4790515899658203 10.408011436462402 0.3049856126308441
0.05316033959388733 10.426321029663086 0.054754361510276794
-0.9041123986244202 10.452170372009277 0.09317564964294434
0.15749549865722656 10.644001960754395 -0.19178564846515656
0.06356561928987503 10.67037582397461 -0.1836274415254593
0.28369444608688354 10.700273513793945 0.2656380236148834
-0.8575923442840576 10.579825401306152 0.1040860190987587
0.02908528968691826 10.8690824508667 1.3283263444900513
0.15946541726589203 10.90807819366455 1.3258692026138306
0.00805972982198 10.953093528747559 1.2757701873779297
0.25593945384025574 10.692831993103027 0.5586447715759277
0.03940674662590027 10.904400825500488 1.4377111196517944
0.24364662170410156 10.75329303741455 1.0381922721862793
-0.77493816614151 10.63779067993164 0.23701322078704834
0.17284923791885376 10.649974822998047 0.2663300931453705
-1.221748948097229 11.120257377624512 1.2018170356750488
0.013331566005945206 10.878520965576172 -0.3531791865825653
-0.7409448027610779 10.70166015625 0.37021762132644653
0.35606950521469116 10.934562683105469 0.9365566372871399
-1.308743953704834 11.134598731994629 -0.2861669659614563
0.00023725302889943123 10.989315032958984 -0.18695159256458282
-1.2330143451690674 11.22754955291748 1.2331550121307373
-0.27643540501594543 11.110087394714355 1.3133299350738525
0.04309689626097679 11.019509315490723 -0.32294389605522156
0.5832169651985168 11.077092170715332 0.32662805914878845
-0.0055890921503305435 11.101490020751953 -0.22206315398216248
-0.09348061680793762 11.114673614501953 0.5207855105400085
-0.8562498688697815 11.235739707946777 1.2538357973098755
-0.290515273809433 11.205804824829102 -0.47509515285491943
0.21168337762355804 11.173296928405762 1.1581394672393799
0.31464684009552 11.257746696472168 1.2209923267364502
-0.049647361040115356 11.250118255615234 -0.42600002884864807
-0.8488179445266724 11.387627601623535 0.6995136141777039
0.029659980908036232 11.246006965637207 1.3731369972229004
-0.6492847204208374 11.394190788269043 1.382015585899353
-0.8796157836914062 11.37993049621582 0.9068777561187744
-1.3204951286315918 11.477160453796387 0.5665573477745056
-1.1006437540054321 11.409666061401367 0.4948521852493286
0.29054996371269226 11.404537200927734 0.854506254196167
0.014832355082035065 11.468832969665527 0.3845401108264923
0.15899187326431274 11.506036758422852 0.6017232537269592
-0.5078623294830322 11.508631706237793 1.4160020351409912
-1.2749814987182617 11.485212326049805 0.992246150970459
-0.995147168636322 11.521474838256836 0.42368948459625244
0.49223774671554565 11.548013687133789 0.3546633720397949
0.2152356654405594 11.521971702575684 1.4825111627578735
-1.2258130311965942 11.542336463928223 0.05554753914475441
0.3955865502357483 11.565042495727539 1.062963604927063
-1.2862499952316284 11.57450008392334 0.4177640974521637
0.14537359774112701 11.579429626464844 -0.47765329480171204
