176
-0.7920573949813843 6.807578086853027 0.6860692501068115
-0.8193169236183167 6.6933674812316895 0.31032341718673706
-0.6650164723396301 6.577481746673584 0.6865307092666626
-0.1096261516213417 6.821641445159912 0.3858393728733063
-0.708565890789032 6.521270751953125 0.3152637779712677
-0.2628414034843445 6.456856727600098 0.08196447789669037
-0.2667166292667389 6.552827835083008 0.6105464696884155
-0.6269167065620422 6.678069591522217 0.8692015409469604
-0.3248354196548462 6.479686260223389 -0.00649689044803381
-0.5016412138938904 6.636419296264648 -0.11341632902622223
-0.11635956168174744 6.687036037445068 0.4554615020751953
-0.5813526511192322 6.462039470672607 0.18551670014858246
-0.8404362797737122 6.686996936798096 0.5498464703559875
-0.6640641093254089 6.605687141418457 0.08059213310480118
-0.44298702478408813 6.515079021453857 0.573660135269165
-0.3668765127658844 6.400291442871094 0.30530044436454773
-0.5221384167671204 6.480498790740967 0.39885109663009644
-0.23114252090454102 6.417148113250732 0.24042601883411407
-0.2965482175350189 6.779931545257568 -0.22115376591682434
-0.9251075983047485 7.4837141036987305 0.5889601707458496
-0.5982950329780579 7.560927867889404 0.5453903079032898
-0.13499455153942108 6.616915225982666 -0.04860661178827286
-0.16432484984397888 6.993149280548096 0.2937817871570587
-0.8372595906257629 6.919049263000488 0.3154368996620178
-0.54362952709198 7.067155361175537 0.4170772135257721
-0.07167915999889374 6.76892614364624 0.06811448186635971
-0.41246557235717773 6.523516654968262 0.7775741815567017
-0.6600863933563232 6.7531046867370605 -0.059972625225782394
-0.15972588956356049 7.014471530914307 -0.055519554764032364
-0.4093177020549774 7.081120014190674 0.8906095027923584
-0.5076138377189636 6.936346530914307 -0.1760391891002655
-0.3828699588775635 7.132531642913818 0.6953393220901489
-0.3839891850948334 7.249277114868164 0.4210459589958191
-0.6713699102401733 7.217794895172119 0.6758221983909607
-0.43919721245765686 6.680572509765625 0.9420077204704285
-0.4416173994541168 6.828438758850098 0.9824086427688599
-0.24529439210891724 7.2484636306762695 0.10294982045888901
-0.7517977356910706 6.979268550872803 0.14200691878795624
-0.37672170996665955 7.237098693847656 -0.11964698880910873
-0.6190285682678223 7.069847106933594 -0.034824371337890625
-0.939600944519043 7.302131652832031 0.515936553478241
-0.24672704935073853 6.641900062561035 0.8919904232025146
-0.235230952501297 7.105037689208984 0.6476219892501831
-0.2354888617992401 8.392753601074219 -0.03925406187772751
-0.38088762760162354 7.367859363555908 0.33079251646995544
-0.5830516219139099 7.399420261383057 0.02111564576625824
-0.38576173782348633 7.448421478271484 -0.11180159449577332
-0.8713499903678894 7.3393778800964355 0.8263996839523315
-0.8329094648361206 7.152939796447754 0.6284525394439697
-0.18985216319561005 6.627871036529541 0.7850025296211243
-0.32655370235443115 7.682286739349365 0.15787535905838013
-0.4732381999492645 8.160592079162598 0.07124018669128418
-0.36501702666282654 8.222392082214355 0.21383629739284515
-0.5765126943588257 7.925212860107422 0.06227435916662216
-0.5455158948898315 7.680830001831055 -0.025561023503541946
-0.8934902548789978 7.2508745193481445 0.6996517777442932
-0.10149724781513214 8.386645317077637 0.10059621930122375
-0.6726589798927307 7.42775821685791 0.8158379197120667
-0.4803582429885864 7.571619510650635 0.1770784705877304
-0.3986319899559021 7.898918151855469 0.04635888710618019
-0.7406044602394104 8.544477462768555 -0.06603730469942093
-0.6366770267486572 8.281942367553711 0.15765610337257385
-0.18442028760910034 8.298441886901855 0.19046245515346527
-0.18383455276489258 8.68781852722168 0.0022367313504219055
-0.4116736650466919 8.674041748046875 -0.07989543676376343
-0.6589668989181519 8.350865364074707 -0.06615932285785675
-0.38578853011131287 8.464900016784668 0.37149670720100403
-0.7423940896987915 8.442071914672852 0.17400790750980377
0.31869661808013916 9.1498384475708 1.2132679224014282
-1.1394497156143188 8.487382888793945 0.9520219564437866
-0.6519578099250793 8.592055320739746 0.3043454885482788
-0.01205560564994812 8.431581497192383 0.24722546339035034
-1.1450588703155518 9.444318771362305 0.25317031145095825
-0.8373931646347046 8.685234069824219 0.19809845089912415
-0.9255292415618896 8.841130256652832 0.009341349825263023
-0.12707975506782532 8.564187049865723 0.38309139013290405
0.24314497411251068 9.13193416595459 1.083029866218567
-1.2166893482208252 8.551058769226074 0.9750850796699524
0.07062770426273346 9.13498592376709 1.2887837886810303
0.2429819107055664 9.046972274780273 1.1426019668579102
-0.7913511395454407 8.691219329833984 -0.13152144849300385
-0.8933095335960388 9.150567054748535 0.23241372406482697
0.19680358469486237 9.107794761657715 1.2686604261398315
-0.0010434351861476898 8.558311462402344 0.37176212668418884
-0.8428197503089905 9.294702529907227 0.008029293268918991
-0.8634995222091675 8.881805419921875 0.27095159888267517
-1.0204254388809204 9.37972354888916 0.36493098735809326
-0.5146069526672363 8.85191535949707 0.19011621177196503
0.1486765593290329 9.415680885314941 1.13136887550354
-1.1654666662216187 9.440194129943848 0.19941268861293793
-0.5596778988838196 9.899378776550293 0.05598809942603111
-0.8864048719406128 8.979826927185059 0.3089371919631958
0.24981285631656647 9.241868019104004 1.4168983697891235
0.025668522343039513 8.584750175476074 0.0685957670211792
-0.6421895027160645 9.829530715942383 0.9226526021957397
-0.739994466304779 9.919608116149902 0.7053804397583008
-1.0464115142822266 9.4443941116333 -0.048275887966156006
-0.6361079812049866 9.912628173828125 0.606907069683075
-1.1743378639221191 9.767916679382324 0.09998350590467453
-0.8330035209655762 9.372090339660645 0.16434302926063538
-0.8305405378341675 9.733491897583008 0.23785366117954254
-0.4850374162197113 9.901388168334961 0.9188951849937439
-0.8226372003555298 9.89631462097168 0.8568928241729736
-0.935314953327179 9.648505210876465 0.049362488090991974
-0.46217942237854004 9.986218452453613 1.0479854345321655
-0.4944945275783539 9.882759094238281 0.7904175519943237
-0.8244397044181824 10.208728790283203 0.7552512288093567
-0.5325743556022644 9.743696212768555 0.09831081330776215
-0.26337817311286926 10.292819023132324 -0.23918655514717102
-0.9797349572181702 9.88990592956543 0.4246806204319
-0.6684857606887817 10.103282928466797 1.1926127672195435
0.22195863723754883 9.37820053100586 1.1598188877105713
-0.9643397927284241 9.88708209991455 0.14122708141803741
-0.7680289149284363 10.411725044250488 0.9410269260406494
-0.05773400515317917 10.505749702453613 -0.14105366170406342
-0.4200460612773895 10.17484188079834 1.1384564638137817
-0.36625486612319946 10.358987808227539 0.9284281134605408
-0.9838081002235413 10.19583797454834 0.40985438227653503
-0.5428698062896729 10.331507682800293 0.7634161114692688
-0.8860723972320557 10.299212455749512 0.48373085260391235
-0.13074766099452972 10.53282642364502 -0.20129628479480743
-0.6205899119377136 10.59390640258789 0.43392041325569153
-0.5337799191474915 10.350244522094727 1.0800859928131104
-0.9793569445610046 10.188599586486816 0.30892911553382874
-0.8989091515541077 10.23617172241211 0.2515004277229309
-0.8794378042221069 10.254263877868652 0.586174726486206
-0.014309162274003029 10.593694686889648 -0.1623227447271347
-0.43826818466186523 10.490778923034668 0.7907292246818542
-0.43422022461891174 10.558175086975098 0.5559498071670532
-0.527184009552002 10.596172332763672 0.38284027576446533
-0.5972427129745483 10.645718574523926 0.2924257218837738
-1.066624641418457 10.601189613342285 0.6501038074493408
-0.44532325863838196 10.575102806091309 1.0780402421951294
-0.956933319568634 10.93979549407959 -0.058445531874895096
-0.9155545830726624 10.529887199401855 0.3129281997680664
-0.02172432839870453 10.755922317504883 -0.07832278311252594
-0.6431031823158264 10.697844505310059 1.1340186595916748
-0.09076161682605743 10.788619995117188 0.32197046279907227
-0.6800232529640198 10.758529663085938 1.1125398874282837
-0.9945182204246521 10.908609390258789 -0.10301652550697327
0.39964058995246887 10.936697006225586 1.332549810409546
0.35773125290870667 11.021448135375977 -0.18828245997428894
-0.293144553899765 10.985579490661621 -0.23947595059871674
0.25963690876960754 11.119477272033691 0.036039937287569046
0.2584906816482544 10.98284912109375 -0.11162617802619934
-0.9596642851829529 10.817867279052734 0.19741110503673553
0.3374810814857483 11.052414894104004 0.16391393542289734
-0.24585585296154022 10.972803115844727 1.2093147039413452
0.12360496819019318 11.156295776367188 -0.2929166555404663
-0.09482560306787491 11.124227523803711 0.6065500378608704
0.10098346322774887 11.136160850524902 -0.243301123380661
0.34847044944763184 11.17064380645752 -0.261089563369751
0.4514264464378357 11.225624084472656 -0.1335226595401764
-0.8970637321472168 11.152905464172363 -0.18745987117290497
-0.04603699594736099 11.20360279083252 1.2406706809997559
-0.8392016291618347 11.2214994430542 -0.17413488030433655
0.2601800858974457 11.364240646362305 1.2280927896499634
-0.821034848690033 11.245504379272461 -0.05039748176932335
-1.1314493417739868 11.304338455200195 0.1693345010280609
-1.1047526597976685 11.308643341064453 0.6163085103034973
-0.8949874639511108 11.414420127868652 1.0055642127990723
-0.6075484752655029 11.378852844238281 -0.21426792442798615
0.1909627914428711 11.372036933898926 1.1729202270507812
-1.3274269104003906 11.457610130310059 1.3698748350143433
-0.642244815826416 11.470708847045898 0.48692408204078674
0.5158873796463013 11.47467041015625 0.005846401676535606
0.27242738008499146 11.487265586853027 0.7330288887023926
-0.3235800862312317 11.484757423400879 0.8877046704292297
-0.1452254354953766 11.476381301879883 1.131977915763855
0.203512504696846 11.527276992797852 0.06613688915967941
0.03674507886171341 11.514187812805176 0.8410323858261108
0.4317542612552643 11.52291488647461 -0.26474645733833313
-0.6818472146987915 11.549127578735352 0.7887580394744873
-0.5201593041419983 11.569708824157715 0.3765246570110321
0.003312727902084589 11.57313060760498 0.9888503551483154
-0.3622129261493683 11.581157684326172 -0.4138141870498657
