1634
-2.386474370956421 0.2846064567565918 1.5942103862762451
-2.3863744735717773 0.2845063805580139 -0.7600193023681641
-2.3863744735717773 0.44675782322883606 0.7139260172843933
0.9210323095321655 0.2845063805580139 -0.8521727919578552
-2.0913472175598145 0.284606397151947 0.001467001624405384
-1.3415908813476562 0.2845063805580139 -1.205301284790039
-0.4494442939758301 0.284606397151947 1.2580629587173462
-0.9448716640472412 0.284606397151947 -0.9232916831970215
-0.9755418300628662 0.2845063805580139 -1.2052983045578003
0.9210302829742432 0.2845063805580139 -1.2053344249725342
-2.3863754272460938 0.2845063805580139 -0.26398658752441406
-2.3863754272460938 0.2845063805580139 0.2813911437988281
-2.3863754272460938 0.2845063805580139 -0.4855499267578125
-1.7891902923583984 0.2845063805580139 2.1412057876586914
-2.3863744735717773 0.2845063805580139 -0.010223388671875
-2.386474609375 0.2846064567565918 0.6895909309387207
0.6657042503356934 0.28460633754730225 -1.2053992748260498
-0.552463948726654 0.2845063805580139 -1.2052980661392212
-2.0790271759033203 0.284606397151947 1.2987642288208008
0.1151275634765625 0.2845063805580139 2.141207695007324
0.9210317134857178 0.2845063805580139 -0.9001950025558472
0.9210308790206909 0.2845063805580139 -0.752385139465332
-2.3863754272460938 0.2845063805580139 0.11251354217529297
-1.6033782958984375 0.284606397151947 1.880467176437378
-0.44005751609802246 0.2845063805580139 -1.2052998542785645
-2.381002426147461 0.2845063805580139 2.141206741333008
-2.38637638092041 0.2845063805580139 -0.1441326141357422
0.9210314750671387 0.2845063805580139 -1.009774088859558
-2.096665382385254 0.284606397151947 1.6962049007415771
-1.0907347202301025 0.2845063805580139 -1.2052983045578003
0.9210329055786133 0.2845063805580139 1.3714160919189453
0.9210300445556641 0.4558330476284027 1.5657155513763428
-1.8958231210708618 0.284606397151947 1.7078602313995361
-2.386474370956421 0.2846064567565918 1.8740324974060059
-2.1868088245391846 0.2846040725708008 2.141308307647705
0.9211299419403076 0.2846064567565918 -0.6734087467193604
-2.3863773345947266 0.2845063805580139 -0.6482992172241211
0.9211005568504333 0.2846066355705261 -1.2053993940353394
-2.3863744735717773 0.2845063805580139 -0.8686084747314453
-1.9572241306304932 0.28460609912872314 2.141308307647705
0.9211300611495972 0.2846064567565918 0.8812556266784668
-1.4470961093902588 0.2846062183380127 -1.2053985595703125
0.33604753017425537 0.284606397151947 1.5841313600540161
-0.5633696913719177 0.284606397151947 -0.9294371604919434
0.3842061758041382 0.2845063805580139 -1.2052974700927734
-2.386474370956421 0.28459763526916504 2.141207456588745
-2.386474370956421 0.2846066951751709 1.0077760219573975
-0.4013451635837555 0.284606397151947 -0.8266879916191101
-2.3863751888275146 0.5729923248291016 -1.2053983211517334
-2.386474609375 0.2846065163612366 -1.2053520679473877
-1.7358880043029785 0.284606397151947 -0.6151663661003113
-1.4686468839645386 0.284606397151947 -0.8967266082763672
-2.386474370956421 0.2846064567565918 1.6955547332763672
-2.0873560905456543 0.284606397151947 -0.7205492258071899
0.9211301207542419 0.2846064269542694 2.0445878505706787
-1.890223503112793 0.284606397151947 1.348602533340454
0.3655606806278229 0.284606397151947 -0.9132038354873657
-1.5380947589874268 0.2846064567565918 -1.2053985595703125
-2.3863744735717773 0.2845063805580139 0.5167655944824219
-1.673460602760315 0.284606397151947 -0.7917277812957764
-0.07999229431152344 0.28460657596588135 -1.2053990364074707
-1.2410495281219482 0.284606397151947 -0.9103448390960693
-1.8727912902832031 0.2846064567565918 -1.205398440361023
-2.386441946029663 0.2846064567565918 -1.2053983211517334
0.9211300611495972 0.28460657596588135 1.7751822471618652
-2.01741099357605 0.284606397151947 1.8744961023330688
0.9211300611495972 0.28460657596588135 1.099831223487854
-0.10594990849494934 0.2846064269542694 2.141308307647705
-2.38637638092041 0.2845063805580139 -0.3741159439086914
0.5702438354492188 0.2845063805580139 2.141207695007324
0.9210301637649536 0.2845603823661804 2.141308307647705
-2.3863744735717773 0.2845063805580139 1.48907470703125
0.9211300611495972 0.2846064567565918 1.6760802268981934
0.7716464400291443 0.28460657596588135 2.141308307647705
-1.230257511138916 0.2846064567565918 -1.205398678779602
-1.9596225023269653 0.284606397151947 -0.14631515741348267
0.9211300611495972 0.2846066951751709 1.469981074333191
0.9210300445556641 0.2845063805580139 1.5742692947387695
-1.8955708742141724 0.284606397151947 1.1493780612945557
-2.1233911514282227 0.284606397151947 0.7885201573371887
-1.3110169172286987 0.2846081256866455 2.141308307647705
0.9211299419403076 0.2846064567565918 -0.5792548656463623
0.9210281372070312 0.2845063805580139 2.1412534713745117
-2.3863773345947266 0.2845063805580139 0.9310388565063477
-1.772132396697998 0.2846064567565918 -1.2053985595703125
-1.3128509521484375 0.284606397151947 -0.741407573223114
0.9210300445556641 0.2845063805580139 1.890188217163086
-0.15860679745674133 0.7173523306846619 2.1412081718444824
-0.37682223320007324 0.2846064567565918 2.141308307647705
-0.006163239479064941 0.28460633754730225 -1.2053990364074707
-1.6753690242767334 0.2846064567565918 -1.2053985595703125
-2.0160467624664307 0.284606397151947 -0.8955888152122498
-1.9340136051177979 0.4931808114051819 -1.2052985429763794
0.5167731046676636 0.284606397151947 0.5003588795661926
-1.4631023406982422 0.2845063805580139 2.141207695007324
-1.958491325378418 0.2845063805580139 -1.2052984237670898
-0.6680974960327148 0.2846062183380127 2.141308307647705
-2.386373519897461 0.6704710721969604 2.141308307647705
-2.3863754272460938 0.2845063805580139 1.3026905059814453
-0.774142861366272 0.2846081256866455 2.141308307647705
0.9211300015449524 0.2846064567565918 0.65595543384552
-2.386474370956421 0.2846064567565918 1.928593635559082
-2.095381021499634 0.284606397151947 1.114668369293213
0.9211300015449524 0.28460657596588135 0.03862619400024414
-2.366771697998047 0.2845063805580139 -1.2052984237670898
-2.3863744735717773 0.43467453122138977 1.295052409172058
-0.6993448734283447 0.28460633754730225 -1.2053987979888916
-0.8813692331314087 0.2846059799194336 2.141308307647705
-2.3863754272460938 0.2845063805580139 1.1837892532348633
-0.9762227535247803 0.284606397151947 1.7618873119354248
-2.386474609375 0.7900351881980896 -1.2052984237670898
0.9210296273231506 0.2845063805580139 0.1319269835948944
-2.1101608276367188 0.284606397151947 0.4192172884941101
-1.6868290901184082 0.2846059799194336 2.141308307647705
-2.3863725662231445 0.2845063805580139 -1.0200519561767578
-2.1578893661499023 0.2845063805580139 -1.2052984237670898
-2.386474370956421 0.2846066951751709 1.071936845779419
0.9210299253463745 0.5115767121315002 -0.5465520024299622
-0.6223181486129761 0.284606397151947 1.9194560050964355
-1.346164345741272 0.284606397151947 1.8604872226715088
-1.7926265001296997 0.284606397151947 -0.9208585023880005
-2.386474609375 0.28460633754730225 -0.9480130672454834
-2.1022539138793945 0.284606397151947 -0.2622673809528351
-1.799845576286316 0.284606397151947 1.8645151853561401
-0.8945127725601196 0.2845063805580139 -1.2052983045578003
-2.039177894592285 0.2845063805580139 -1.2052984237670898
0.0438840426504612 0.5449491739273071 -1.2052991390228271
0.4043855667114258 0.2845063805580139 2.1412086486816406
0.9211299419403076 0.7572152614593506 -1.2052991390228271
-1.575127124786377 0.2846081256866455 2.141308307647705
-2.386474609375 0.898728609085083 -1.2053120136260986
-2.0602564811706543 0.2846043109893799 2.141308307647705
-0.350980281829834 0.2845063805580139 -1.2052979469299316
0.9210300445556641 0.2845063805580139 1.2048063278198242
0.5871549844741821 0.284606397151947 -0.11538682878017426
0.9211299419403076 0.5252439975738525 -1.2053000926971436
-2.0431618690490723 0.284606397151947 0.6090359687805176
0.9211300015449524 0.2846064567565918 -0.257051944732666
0.2764164209365845 0.2845063805580139 -1.2052994966506958
-0.8090659379959106 0.2845063805580139 -1.2052972316741943
-0.0019426345825195312 0.2845063805580139 2.141207695007324
0.828107476234436 0.284606397151947 -1.2053992748260498
0.5688408017158508 0.284606397151947 -0.8803086280822754
-0.8666039705276489 0.284606397151947 1.9564905166625977
0.9211300015449524 0.28460657596588135 0.24775981903076172
-1.080960750579834 0.2846062183380127 2.141308307647705
0.2923002243041992 0.28460633754730225 2.141308307647705
0.45783647894859314 0.284606397151947 1.275349736213684
0.10645842552185059 0.2845063805580139 -1.2052977085113525
-2.386474370956421 0.887351930141449 2.141204833984375
-1.6075119972229004 0.2846064567565918 -1.2053985595703125
0.9210318326950073 0.2845063805580139 0.5526478290557861
-0.2594987750053406 0.284606397151947 1.7470632791519165
-1.8715105056762695 0.2845063805580139 2.141206741333008
-0.6248772144317627 0.28460633754730225 -1.2053989171981812
0.5504738092422485 0.2845063805580139 -1.2052974700927734
0.3508845865726471 0.284606397151947 1.9238802194595337
-0.5799465179443359 0.2845063805580139 2.141207695007324
-0.4862048029899597 0.28460636734962463 2.141308307647705
0.46969449520111084 0.28460633754730225 -1.2053991556167603
-0.15306399762630463 0.284606397151947 0.9845290184020996
0.6243901252746582 0.284606397151947 -0.29012811183929443
0.189813494682312 0.2846064567565918 -1.2053991556167603
0.0617053285241127 0.284606397151947 -0.056358519941568375
-0.11479810625314713 0.284606397151947 1.889784574508667
0.9211300015449524 0.2846064567565918 -0.06029772758483887
0.9211300611495972 0.28460657596588135 0.7804535627365112
0.12947247922420502 0.284606397151947 -0.8935644626617432
0.9211300015449524 0.2846064567565918 -0.4776287078857422
-1.8217331171035767 0.284606397151947 0.25584861636161804
-2.386474609375 0.2846064567565918 0.40018320083618164
0.9210317134857178 0.2845063805580139 -0.3684704005718231
0.20875969529151917 0.284606397151947 -0.5969370007514954
0.6607704162597656 0.284606397151947 1.4776651859283447
-0.2406335473060608 0.284606397151947 -0.7233274579048157
-1.5025660991668701 0.284606397151947 -0.7053385972976685
0.22342227399349213 0.284606397151947 1.7211079597473145
0.006464916281402111 0.284606397151947 1.6956781148910522
0.6085968017578125 0.284606397151947 -0.7002111077308655
0.9211300015449524 0.2846064567565918 0.4322953224182129
-0.2628682255744934 0.284606397151947 -0.9511379599571228
0.6222860813140869 0.284606397151947 -0.5233238935470581
-1.3543336391448975 0.284606397151947 -0.5602019429206848
-2.067072629928589 0.284606397151947 0.2142145186662674
-1.9127635955810547 0.284606397151947 0.7785777449607849
-0.6163803935050964 0.6095670461654663 2.1412081718444824
-2.0857295989990234 0.284606397151947 1.503098964691162
0.5821335315704346 0.284606397151947 1.833465814590454
-2.3863744735717773 0.2845063805580139 -0.5689811706542969
-2.093459367752075 0.284606397151947 -0.5213703513145447
0.9210281372070312 0.2845063805580139 1.2846851348876953
0.007605105638504028 0.284606397151947 -0.5740520358085632
-1.9219807386398315 0.284606397151947 1.5407607555389404
-2.3864240646362305 0.2845063805580139 2.141206741333008
-1.8311400413513184 0.284606397151947 0.958412230014801
0.4891120195388794 0.2846064567565918 2.141308307647705
0.9210303425788879 0.8219863176345825 2.141308307647705
-2.3863744735717773 0.7006127834320068 1.8871599435806274
-2.386474370956421 0.2846064567565918 0.8418436050415039
-0.8343794345855713 0.284606397151947 -0.5177149176597595
-0.27481594681739807 0.2846065163612366 2.141308307647705
-1.882009744644165 0.284606397151947 -0.7539505362510681
-2.3863747119903564 0.4347822666168213 -1.2053983211517334
-1.713295340538025 0.284606397151947 1.670754075050354
-2.3863744735717773 0.469943106174469 -0.32958731055259705
-2.3863744735717773 0.5699745416641235 -0.8546006679534912
-1.5467442274093628 0.284606397151947 1.3125780820846558
-1.4960370063781738 0.284606397151947 1.117281436920166
-2.3863744735717773 1.1350079774856567 -1.2053983211517334
-2.386474609375 0.2846064567565918 0.19527161121368408
-0.6392087936401367 0.577568531036377 -1.205298900604248
-1.9437413215637207 0.284606397151947 -0.3615322411060333
-1.7774101495742798 0.284606397151947 -0.24044917523860931
-2.3863744735717773 0.6110807061195374 1.1492091417312622
-1.9190388917922974 0.284606397151947 0.09588538110256195
-1.919317603111267 0.284606397151947 -0.5787881016731262
-0.7477425932884216 0.284606397151947 1.7394771575927734
0.4194437861442566 0.284606397151947 -0.7372194528579712
-1.5416581630706787 0.284606397151947 -0.5215833187103271
0.9210302233695984 0.6421825289726257 -1.2053993940353394
-1.7370315790176392 0.284606397151947 1.2579059600830078
-1.9424324035644531 0.284606397151947 0.3987484872341156
0.588016927242279 0.4527253806591034 -1.2052992582321167
0.1482025384902954 0.284606397151947 -0.2891618013381958
0.20446395874023438 0.2845063805580139 2.1412057876586914
0.9211300611495972 0.2846064567565918 0.9894425868988037
0.3106764554977417 0.284606397151947 0.454886794090271
-2.386474609375 1.0124843120574951 -1.2053120136260986
-1.1634427309036255 0.2845063805580139 -1.2052984237670898
-0.9840010404586792 0.2846062183380127 2.141308307647705
-0.9203696846961975 0.284606397151947 -0.7705637216567993
-1.3304424285888672 0.284606397151947 1.6591708660125732
-2.386474609375 0.2846064567565918 -0.07836520671844482
0.9210299253463745 0.3799676299095154 -1.2053993940353394
-1.9017467498779297 0.6640004515647888 2.1412081718444824
-1.206773042678833 0.284606397151947 1.4101519584655762
-2.386376142501831 0.5563240051269531 2.141308307647705
-1.7500338554382324 0.284606397151947 -0.4221607446670532
0.9210299253463745 0.47341954708099365 2.141308307647705
-1.4965837001800537 0.284606397151947 1.71756911277771
0.06653079390525818 0.284606397151947 0.41118133068084717
-1.1902782917022705 0.284606397151947 0.9040142297744751
-2.3863744735717773 0.7668806314468384 -0.9503881335258484
-1.0214786529541016 0.284606397151947 1.5468342304229736
-2.3863742351531982 0.6860682964324951 -1.2053983211517334
-2.386474370956421 0.4373183250427246 2.1412086486816406
-2.386375665664673 1.1120909452438354 2.141308307647705
-2.386375665664673 0.780514657497406 2.141308307647705
-0.4295225441455841 0.671922504901886 2.1412081718444824
-0.19134031236171722 0.47717949748039246 -1.2052990198135376
0.9210300445556641 0.4777832329273224 1.0337893962860107
-2.3863754272460938 0.2845063805580139 0.6170682907104492
0.9210298657417297 0.6022732257843018 2.141308307647705
0.6750301718711853 0.7032363414764404 -1.2052993774414062
-0.18870538473129272 0.2846064269542694 2.141308307647705
0.9210309982299805 0.2845063805580139 1.8502817153930664
0.9210292100906372 0.2845063805580139 0.3442176282405853
-2.3863744735717773 0.6870976090431213 0.013090529479086399
-0.9279229640960693 0.284606397151947 0.03632911667227745
-2.000885486602783 0.7286936640739441 -1.2052984237670898
-2.3863744735717773 0.4903612434864044 -0.6071538329124451
-1.1802860498428345 0.284606397151947 1.6073698997497559
-1.3595342636108398 0.284606397151947 -0.3736342787742615
-2.3863754272460938 0.2845063805580139 1.3954381942749023
-0.03630692884325981 0.284606397151947 -0.4025680124759674
0.4631075859069824 0.284606397151947 -0.35544419288635254
0.10441472381353378 0.284606397151947 1.8971836566925049
-0.5063123106956482 0.284606397151947 -0.6831175088882446
-1.806337594985962 0.284606397151947 -0.05707331374287605
0.9210301637649536 0.9230043888092041 2.141308307647705
-0.8810693025588989 0.5389310717582703 -1.2052987813949585
0.9210300445556641 0.38679608702659607 0.7651116847991943
-1.709409236907959 0.284606397151947 1.0723745822906494
-2.016062021255493 0.4779950976371765 2.1412081718444824
-2.3863744735717773 0.5606544613838196 0.9494126439094543
-1.3860828876495361 0.2846059799194336 2.141308307647705
-2.3863744735717773 0.5654831528663635 -0.12130042910575867
-1.3927502632141113 0.284606397151947 1.472573161125183
-2.156005859375 0.5732502341270447 -1.2052984237670898
-0.5953539609909058 0.44650939106941223 3.079174280166626
-0.6498807072639465 0.284606397151947 1.571803331375122
-0.35411810874938965 0.284606397151947 -0.1725807785987854
0.561087965965271 0.5569028258323669 2.1412081718444824
0.9211299419403076 0.8697262406349182 -1.2052949666976929
0.9211299419403076 0.9755032658576965 -1.2052949666976929
0.9210299849510193 0.41245946288108826 -0.2507956326007843
0.9210301041603088 0.649982750415802 1.966614842414856
-2.3863744735717773 0.34197571873664856 0.4046149253845215
0.9210299253463745 0.5749061107635498 -0.7725556492805481
0.9210300445556641 0.6271326541900635 1.7413527965545654
0.9210299849510193 0.4458068311214447 0.1600199192762375
-1.2227537631988525 0.284606397151947 -0.25192853808403015
0.43325304985046387 0.284606397151947 -0.036648139357566833
-2.3863744735717773 0.5202339291572571 1.7715308666229248
0.6364371180534363 0.284606397151947 1.2294371128082275
0.10292091965675354 0.284606397151947 1.5278176069259644
0.3009319305419922 0.5464568138122559 2.1412081718444824
0.9210299253463745 0.6970611810684204 -0.9380019307136536
-2.1215829849243164 0.6880717873573303 2.1412081718444824
-1.2354278564453125 0.2845063805580139 2.141207695007324
0.9211301207542419 0.71871018409729 2.1412084102630615
-0.11169171333312988 0.28459715843200684 2.6924242973327637
-1.7601401805877686 0.284606397151947 0.4327007532119751
0.6920590400695801 0.2846064567565918 2.141308307647705
0.9210300445556641 0.551098644733429 1.2882109880447388
0.9210299849510193 0.634416937828064 0.33544379472732544
0.9210300445556641 0.8769463300704956 1.8746662139892578
-2.058612823486328 0.8482464551925659 2.1412081718444824
-2.386474370956421 0.2846062183380127 1.667572021484375
-1.3618762493133545 0.284606397151947 1.2472858428955078
-0.855299711227417 0.284606397151947 1.5909278392791748
-2.3863744735717773 0.6339102387428284 1.4480122327804565
-2.3863744735717773 0.6135499477386475 1.6014286279678345
-2.3863744735717773 0.665908694267273 -0.6831327080726624
-1.1456505060195923 0.2846062183380127 2.141308307647705
0.007825879380106926 0.5431125164031982 2.1412081718444824
-0.6829096078872681 0.284606397151947 -0.8162907361984253
-1.7446439266204834 0.284606397151947 1.4845600128173828
-2.3863744735717773 0.7639864683151245 1.0481985807418823
-1.7063887119293213 0.284606397151947 0.10442956537008286
-1.3909640312194824 0.5595255494117737 2.1412081718444824
-0.3792748749256134 0.284606397151947 1.9381215572357178
-0.8535546660423279 0.7497397065162659 2.61081600189209
-1.412460446357727 0.284606397151947 0.3205699622631073
-1.1117554903030396 0.284606397151947 -0.773429811000824
-1.1899648904800415 0.7716583609580994 2.1412081718444824
-0.3963142931461334 0.4455602765083313 -1.2052990198135376
-1.3198022842407227 0.5393233895301819 -1.205298662185669
-2.3863744735717773 0.8493738770484924 1.490369439125061
-2.1415581703186035 0.8614932298660278 -1.2052984237670898
-2.3863744735717773 0.9122631549835205 1.877170205116272
0.6641282439231873 0.284606397151947 0.6244381666183472
-0.2917303442955017 0.5701466202735901 2.1412081718444824
-0.013173822313547134 0.284606397151947 -0.73724365234375
-0.010800671763718128 0.749839723110199 2.574047327041626
0.29905956983566284 0.5380130410194397 -1.2052992582321167
-2.3863744735717773 0.6207631826400757 0.5742632150650024
0.9211300015449524 0.2846066951751709 -0.16556477546691895
0.16674458980560303 0.8923295736312866 2.1412081718444824
-2.0323421955108643 1.1636590957641602 0.035278234630823135
-1.5240085124969482 0.5786173939704895 -1.205298662185669
0.6392887234687805 0.284606397151947 0.08687733113765717
-0.15231680870056152 0.2846064567565918 -1.2053990364074707
-0.654705822467804 0.284606397151947 2.692603349685669
0.9210299849510193 0.412847101688385 0.4867981970310211
-2.0359292030334473 0.9090689420700073 1.8016276359558105
-1.1733009815216064 0.284606397151947 0.2908461093902588
-2.0615720748901367 0.903869092464447 -0.29499727487564087
-1.5675714015960693 0.6323478817939758 2.1412081718444824
0.47569215297698975 0.284606397151947 1.4723654985427856
0.49124741554260254 0.8327927589416504 -1.2052992582321167
-2.3787505626678467 1.4699689149856567 -1.2043453454971313
-1.6667455434799194 0.284606397151947 0.5971445441246033
-1.8479788303375244 0.284606397151947 0.6053164601325989
-1.6126137971878052 0.284606397151947 -0.10057854652404785
-0.812934398651123 0.5676724910736084 2.1412081718444824
-1.7180415391921997 0.284606397151947 0.805732786655426
-1.7431620359420776 0.7592929005622864 2.1412081718444824
-2.3863744735717773 0.8225379586219788 -0.1467016339302063
0.4297967255115509 0.284606397151947 -0.5682129263877869
-1.5135951042175293 0.284606397151947 0.13918384909629822
-2.3863744735717773 0.9559041261672974 -0.8884896636009216
0.452606737613678 0.6588311195373535 -1.2052992582321167
-1.7411072254180908 0.507867693901062 2.1412081718444824
0.9210299849510193 0.6788038611412048 0.12415263801813126
0.9210299849510193 0.58392733335495 -0.06250058114528656
-1.554142713546753 0.284606397151947 1.5316929817199707
-2.0225868225097656 0.284606397151947 0.9570121765136719
0.5883772969245911 0.284606397151947 1.6406911611557007
-2.3863744735717773 0.690901517868042 0.8155666589736938
-0.8548814654350281 0.7497397065162659 2.508862018585205
-0.4625577926635742 0.2845063805580139 2.6925230026245117
-0.866178572177887 0.284606397151947 1.21595299243927
0.44914647936820984 0.284606397151947 0.3234213888645172
-2.0108425617218018 0.6587395668029785 -0.6499764919281006
-1.7595120668411255 0.5903075337409973 -1.2052985429763794
-2.3863744735717773 0.6966552734375 -0.4900074899196625
-1.152098298072815 0.5649421215057373 2.1412081718444824
-2.3863744735717773 0.5312594771385193 0.14060303568840027
-1.2968708276748657 0.284606397151947 0.14385980367660522
-1.4548176527023315 0.7661280632019043 -1.205298662185669
-1.2906450033187866 0.284606397151947 0.4671408236026764
-0.4146510064601898 0.29419147968292236 3.0362067222595215
-2.3863744735717773 0.754329264163971 1.297459363937378
-1.5136327743530273 0.284606397151947 0.7306327819824219
-2.0883636474609375 0.9661493301391602 1.2491074800491333
0.4153221547603607 0.284606397151947 1.7406625747680664
0.6608562469482422 0.9416365027427673 -1.2052993774414062
-1.541914463043213 0.284606397151947 0.9393132328987122
-1.4244639873504639 0.965977668762207 1.9222322702407837
-0.5212075114250183 0.284606397151947 1.7204701900482178
-2.062101125717163 0.8642605543136597 -0.7949811816215515
-2.386474609375 1.2566988468170166 -1.2053121328353882
-1.6145741939544678 0.284606397151947 4.183121681213379
-0.15441763401031494 0.284606397151947 4.789437770843506
-0.9496995806694031 0.7178477048873901 2.1412081718444824
-2.034783124923706 1.275221347808838 1.7331469058990479
-1.8611586093902588 0.6983512043952942 1.8104665279388428
-1.6030828952789307 0.284606397151947 0.32090795040130615
0.5516366958618164 0.7244017124176025 2.1412081718444824
-0.29093074798583984 0.2845063805580139 2.6925220489501953
0.9210300445556641 1.1359447240829468 2.141308307647705
0.35679954290390015 0.284606397151947 1.0693185329437256
-1.40571129322052 0.284606397151947 -0.18689455091953278
0.3380095064640045 0.708254873752594 2.1412081718444824
-0.5477582216262817 0.284606397151947 -0.38903477787971497
0.6687092781066895 0.284606397151947 0.9441606998443604
0.9210300445556641 0.6509541273117065 1.5261468887329102
-1.5528409481048584 0.31984686851501465 3.0897512435913086
-2.3863744735717773 0.7795037031173706 1.6857315301895142
0.6553730964660645 0.8570646643638611 2.1412081718444824
-0.1375024914741516 0.284606397151947 1.602221965789795
-1.0357842445373535 0.284606397151947 4.7174553871154785
-0.3346439599990845 0.6657528281211853 -1.2052990198135376
0.9210300445556641 1.0784752368927002 1.8163167238235474
0.9210300445556641 0.6605485677719116 0.7549594640731812
0.9211300611495972 1.0313633680343628 2.141209602355957
0.9210299849510193 0.8334255218505859 0.25615569949150085
-2.3863744735717773 0.8193507790565491 0.1407526731491089
-0.27450525760650635 0.284606397151947 1.4374052286148071
0.9210300445556641 0.670518159866333 0.9600355625152588
-0.05809182673692703 0.6945957541465759 -1.2052991390228271
-1.8944536447525024 1.0456477403640747 -0.8694717288017273
0.9210386276245117 1.0774226188659668 -1.2053993940353394
-0.027168774977326393 0.284606397151947 4.04239559173584
0.9210299849510193 0.6575211882591248 -0.3608812987804413
-2.386474370956421 0.9913822412490845 2.1412081718444824
0.9210299849510193 0.6595823168754578 0.5633895397186279
-2.3863744735717773 0.8231353759765625 -0.7300658822059631
-2.092763662338257 1.0918115377426147 -1.2052984237670898
0.9210300445556641 0.879220187664032 1.2947933673858643
0.9210300445556641 1.2698206901550293 2.141308307647705
0.34498298168182373 0.885347843170166 2.13893461227417
-1.6633689403533936 0.7608127593994141 -1.2052985429763794
-0.8206206560134888 0.7081179618835449 -1.205298900604248
-2.3863744735717773 0.6448002457618713 0.3053373396396637
0.4741220772266388 0.8978750109672546 -0.8636656403541565
-0.18366043269634247 0.8056143522262573 -1.2052990198135376
-1.8546092510223389 0.7826114892959595 -1.2052985429763794
-2.3863744735717773 0.7456159591674805 0.45286986231803894
-2.0483198165893555 1.0113983154296875 2.1412081718444824
-1.4778590202331543 0.284606397151947 0.5154178142547607
-1.872200608253479 0.6530084013938904 -0.8313712477684021
-1.8175647258758545 0.5974143147468567 -0.5715724229812622
0.26377031207084656 0.284606397151947 1.2269725799560547
-1.0219801664352417 0.284606397151947 1.334824562072754
0.9210300445556641 0.6955657005310059 1.179211139678955
0.8432819843292236 0.284606397151947 3.8578667640686035
-1.4137622117996216 0.284606397151947 -0.01699092611670494
0.9210299253463745 0.7008736729621887 -0.5843720436096191
-2.3863744735717773 0.7049828767776489 -0.2960495352745056
-0.9187937378883362 0.284606397151947 0.6412203907966614
-1.9234503507614136 0.9670935869216919 -1.2052985429763794
-1.2064684629440308 0.284606397151947 -0.0596005953848362
-2.3863744735717773 0.9085627794265747 1.1864479780197144
0.9210383892059326 1.1888668537139893 -1.2053993940353394
-1.176633596420288 0.284606397151947 -0.579142153263092
-1.1089478731155396 0.5904546976089478 -1.2052987813949585
-2.3863744735717773 0.9431575536727905 -0.28939089179039
-2.3863744735717773 0.9837890863418579 -0.6666012406349182
0.26953205466270447 0.284606397151947 -0.441428542137146
-2.3863744735717773 0.8862922787666321 -0.48650670051574707
-1.0068938732147217 1.5425782203674316 -1.3862911462783813
-0.5524560213088989 0.7183965444564819 -1.205298900604248
-1.1735727787017822 0.30373910069465637 4.630219459533691
-2.5261876583099365 1.5348024368286133 -0.8932059407234192
0.9211301207542419 1.3667244911193848 2.141209602355957
-1.72089684009552 0.9552288055419922 -1.2052985429763794
-1.0909494161605835 0.284606397151947 0.4685021638870239
0.9210300445556641 0.9283788204193115 1.5601131916046143
-2.3863744735717773 0.946361243724823 -0.010264636017382145
0.2470458596944809 0.284606397151947 -0.09460238367319107
-0.381540983915329 0.284606397151947 -0.5691010355949402
0.9210299253463745 0.7762985825538635 -0.7470465898513794
-1.5660532712936401 0.284606397151947 -0.3050353229045868
0.9210300445556641 0.8413153290748596 1.0591394901275635
-1.00068199634552 0.284606397151947 -0.5976012349128723
0.9210299253463745 1.126263976097107 -0.8786861300468445
-0.08463747054338455 0.284606397151947 -0.9073173403739929
-2.3863744735717773 1.0882655382156372 1.5590842962265015
-2.3863744735717773 1.158628225326538 -0.8753170371055603
0.5714027881622314 0.28847336769104004 2.907022714614868
-1.1679648160934448 0.284606397151947 1.1762222051620483
0.7128798365592957 0.284606397151947 4.209353446960449
-1.023691177368164 0.7506611943244934 -1.2052987813949585
0.4932458996772766 1.212588906288147 -0.8069760799407959
0.9210300445556641 0.802148699760437 1.6989281177520752
0.9210299849510193 0.8134027123451233 -0.05023869127035141
0.2347935140132904 0.284606397151947 -0.754828155040741
-0.7687503099441528 0.284606397151947 -0.6842571496963501
-1.2693519592285156 0.7392829656600952 -1.205298662185669
0.4825197458267212 1.0454082489013672 -1.2052992582321167
-2.082115650177002 1.3354933261871338 -0.7212847471237183
-0.870054304599762 0.284606397151947 -0.13105711340904236
-1.085211157798767 0.284606397151947 -0.39597490429878235
-1.8273775577545166 1.2773728370666504 -0.8799912929534912
0.6803159713745117 0.29620659351348877 3.73421049118042
0.33983054757118225 0.284606397151947 4.550568103790283
-0.7138200998306274 0.284606397151947 -0.29648175835609436
-2.3863744735717773 1.0235892534255981 1.3528966903686523
0.9210300445556641 0.8414640426635742 0.8319985270500183
-0.04462976008653641 0.284606397151947 0.5770971179008484
-0.3616550862789154 0.284606397151947 -0.37188461422920227
0.0713532567024231 0.731277346611023 2.1412081718444824
-1.8896923065185547 1.4414852857589722 -1.2052985429763794
0.8858008980751038 0.30944472551345825 3.6952297687530518
-1.2877075672149658 0.8688815236091614 -0.8313300609588623
-2.3863744735717773 0.9032447934150696 0.9306950569152832
-2.386474370956421 1.323567509651184 2.1412081718444824
-2.0460948944091797 0.9105862975120544 1.5093121528625488
-2.112109899520874 1.2414488792419434 0.9143840670585632
-0.007124817464500666 0.9894033670425415 -1.2052991390228271
-2.3863744735717773 1.1593331098556519 1.8328498601913452
-1.3144290447235107 0.284606397151947 1.0431139469146729
-1.4889951944351196 0.9332529902458191 -1.205298662185669
-1.8989547491073608 0.6047108769416809 1.6092830896377563
-0.30249354243278503 1.0083831548690796 -0.8589868545532227
0.23584847152233124 0.7116981744766235 -1.2052991390228271
-1.7771501541137695 0.8551545143127441 -0.7882938385009766
-1.8615962266921997 0.8918733596801758 2.1412081718444824
-0.8107190132141113 0.284606397151947 2.692598342895508
-2.3863744735717773 0.9238123893737793 0.546599268913269
0.6389116644859314 0.284606397151947 0.3303526043891907
0.9210299253463745 0.904775857925415 -0.9021722674369812
-0.7600952386856079 0.8655164241790771 -1.205298900604248
-2.023512601852417 0.671299934387207 1.2389349937438965
-2.0321133136749268 0.8360597491264343 -0.040278010070323944
-1.3890472650527954 0.7589026093482971 2.1412081718444824
-1.8496832847595215 1.121943712234497 1.8678169250488281
0.9210299849510193 1.0120466947555542 0.4286288321018219
0.9210386276245117 1.3000527620315552 -1.2053993940353394
-2.039167881011963 0.7835053205490112 0.2569942772388458
-2.386474370956421 1.2168118953704834 2.1412081718444824
0.08089492470026016 0.8374782800674438 -1.2052991390228271
-1.3690268993377686 1.2186423540115356 -1.205298662185669
0.9210299849510193 0.9147836565971375 -0.2663731276988983
-1.5560576915740967 0.8736929893493652 2.1412081718444824
-1.6794081926345825 0.2901614010334015 4.037128925323486
0.27799054980278015 0.284606397151947 1.4203896522521973
-2.3863744735717773 1.112448811531067 -0.17155776917934418
0.36075517535209656 0.6777234673500061 -0.8246765732765198
-1.6188206672668457 0.7813221216201782 1.7895264625549316
-2.052905321121216 0.7179083824157715 1.6525416374206543
-1.3692383766174316 0.284606397151947 0.8449861407279968
-2.040170669555664 0.8657447695732117 1.0037389993667603
0.35693883895874023 0.284606397151947 -0.22996172308921814
-0.011261762119829655 0.9842115044593811 2.5131032466888428
0.28248584270477295 0.37517985701560974 3.54763126373291
-0.9431749582290649 0.284606397151947 2.6956520080566406
0.9210299253463745 1.4757307767868042 -0.9607658386230469
-1.9775110483169556 1.1659682989120483 -0.6543304920196533
-2.386474609375 1.3507106304168701 -1.2053120136260986
-1.4354240894317627 0.30826568603515625 4.4249587059021
-2.0017144680023193 0.870119571685791 -0.5549466609954834
-2.3863744735717773 0.8121448159217834 0.6967917680740356
0.9211299419403076 1.42467200756073 -1.2052992582321167
-0.22484084963798523 0.9794348478317261 -1.2052990198135376
-1.5887467861175537 1.1375852823257446 -1.205298662185669
-1.1822612285614014 0.8948414325714111 -1.2052987813949585
0.9210299849510193 0.8553363680839539 -0.4614298939704895
-1.526003122329712 0.8507369160652161 -0.8370309472084045
-1.9967291355133057 1.1922001838684082 2.1412081718444824
-2.064558267593384 1.105124831199646 0.38310521841049194
-2.3863744735717773 0.9646893739700317 1.683356761932373
-0.9728904962539673 0.9312069416046143 -1.2052987813949585
0.30543768405914307 0.878232479095459 -1.2052992582321167
0.48462745547294617 1.275486707687378 2.1412081718444824
-1.1400856971740723 0.284606397151947 1.8293015956878662
-0.3998180627822876 0.8580762147903442 -1.2052990198135376
0.4016200602054596 0.284606397151947 0.8821409344673157
0.9210299253463745 0.9449432492256165 -0.6774941682815552
-2.3863744735717773 1.1237910985946655 -0.5499604344367981
-0.7768954038619995 0.284606397151947 0.3120894432067871
-1.346442461013794 0.9464448094367981 2.1412081718444824
-2.3863744735717773 0.9954273104667664 0.7637410759925842
-2.3863744735717773 0.8726199865341187 0.31729885935783386
-2.0242156982421875 1.2736847400665283 -1.2052984237670898
-1.8145852088928223 1.1661282777786255 -1.2052985429763794
-2.3863744735717773 1.2596476078033447 -0.6848137378692627
0.4681302011013031 0.284606397151947 0.1465587317943573
-1.3122162818908691 1.0260822772979736 -1.205298662185669
0.5405482649803162 0.7092656493186951 -0.7208716869354248
0.008613373152911663 0.29664865136146545 4.729264736175537
0.5302487015724182 0.284606397151947 1.0595256090164185
-0.1964966058731079 0.284606397151947 -0.2993052005767822
-0.8324012160301208 1.067009687423706 -1.205298900604248
0.5499461889266968 0.284606397151947 0.7751336693763733
-1.1044354438781738 0.284606397151947 0.0879659354686737
-0.26769065856933594 0.284606397151947 1.2287622690200806
-0.36083847284317017 0.284606397151947 1.597215175628662
0.1158662810921669 1.235428810119629 -1.2052991390228271
-1.7249723672866821 0.284606397151947 3.575725555419922
-2.1235897541046143 1.6723740100860596 -0.9619700908660889
-1.2689064741134644 0.6876623034477234 1.8501675128936768
-0.0975816547870636 0.284606397151947 1.1859649419784546
-0.8445180654525757 0.284606397151947 1.0246219635009766
-2.3863744735717773 1.3371920585632324 1.7256803512573242
-0.5708770751953125 0.9215490818023682 -1.205298900604248
0.4565575122833252 0.9844573140144348 2.1412081718444824
-1.7061482667922974 0.9917645454406738 2.1412081718444824
0.8957977890968323 0.2847011685371399 3.5391430854797363
-0.8217380046844482 0.2956266701221466 4.806325912475586
-2.0543313026428223 0.8032809495925903 0.7410503029823303
-2.3863744735717773 1.472840428352356 -0.9710875749588013
-2.3863744735717773 1.3894160985946655 -0.29015469551086426
-1.8828603029251099 0.9724292159080505 1.6764963865280151
-2.371915102005005 1.491660475730896 -0.6059026718139648
0.24839751422405243 1.048608660697937 -1.2052991390228271
0.9210299849510193 1.10422682762146 0.2273254692554474
-0.8646543622016907 0.7654250860214233 2.799215793609619
-1.9958417415618896 0.6622669696807861 -0.2110683023929596
0.9210300445556641 1.0353347063064575 1.2243627309799194
0.9210300445556641 1.0913846492767334 1.6188974380493164
0.6057504415512085 1.2434320449829102 -1.2052992582321167
-2.3863744735717773 1.1928242444992065 0.835817813873291
-2.166912317276001 1.4804366827011108 2.326969861984253
-1.5267386436462402 1.1692771911621094 -0.8486624956130981
0.6001225709915161 0.9745874404907227 -0.6438748836517334
0.9210300445556641 1.3571878671646118 1.8636852502822876
0.4602709412574768 0.29066696763038635 4.455976963043213
0.485080748796463 0.3726459741592407 3.1724278926849365
0.7361384630203247 1.624261498451233 -0.9439473152160645
-1.5247353315353394 0.2870537042617798 3.7192604541778564
0.9210300445556641 1.053093671798706 0.7133164405822754
-0.6699802875518799 0.28611910343170166 4.837665557861328
-1.7365435361862183 0.29370880126953125 3.7330780029296875
0.07051077485084534 0.9048119187355042 -0.843660295009613
0.9210299849510193 1.0361542701721191 -0.07063326984643936
-2.3863744735717773 1.0348830223083496 0.2541605234146118
0.5795531868934631 0.28779616951942444 4.349752426147461
-2.0549209117889404 1.3241641521453857 1.4540148973464966
-0.9349871873855591 0.8505628705024719 -0.8395529985427856
-2.3863744735717773 1.0737035274505615 1.0423076152801514
-2.3863744735717773 1.181767463684082 -0.3643086552619934
-1.093120813369751 0.9430887699127197 2.1412081718444824
-1.9180164337158203 1.4556992053985596 2.2563843727111816
-2.2858474254608154 1.60127592086792 1.446624994277954
-0.4921395182609558 0.284606397151947 1.4839645624160767
-2.3863744735717773 1.2591817378997803 1.4959393739700317
-1.3244516849517822 0.2987659275531769 4.529473781585693
0.9210300445556641 1.0056188106536865 0.957881510257721
-1.0414222478866577 0.284606397151947 -0.18274228274822235
-0.5483537912368774 0.284606397151947 0.2958730459213257
-1.6406846046447754 0.29676327109336853 3.1965396404266357
0.20880107581615448 0.284606397151947 0.9534701704978943
-0.6822851300239563 0.284606397151947 -0.07242394983768463
-1.240083932876587 1.1350597143173218 2.1412081718444824
0.7462557554244995 1.4688222408294678 2.2485404014587402
-0.47280535101890564 0.2964753806591034 4.855897426605225
0.07478652149438858 0.284606397151947 1.094812035560608
0.9210299253463745 1.1956723928451538 -0.7097203135490417
0.3448185622692108 0.3201797604560852 2.6925244331359863
-0.6388541460037231 0.284606397151947 -0.5524379014968872
0.9210299849510193 1.0661958456039429 -0.5110112428665161
-2.3863744735717773 1.2039804458618164 1.240199327468872
0.17079277336597443 0.284606397151947 4.66122579574585
-1.7054275274276733 0.3142961859703064 3.41585111618042
-0.015225089155137539 1.4800457954406738 -1.2052991390228271
-1.7477434873580933 1.1821348667144775 2.1412081718444824
-2.3863744735717773 1.1038011312484741 0.4997064769268036
-1.474997878074646 0.284606397151947 3.97243595123291
0.19368383288383484 0.284606397151947 0.5918241143226624
-0.8873001337051392 0.284606397151947 4.6839518547058105
-1.871847152709961 0.7008500099182129 1.423792839050293
-0.31416723132133484 0.31681856513023376 4.819519519805908
0.9210300445556641 0.789825975894928 1.4338361024856567
-1.1485384702682495 0.6970567107200623 -0.7910869121551514
0.8106905817985535 0.29873397946357727 3.1736929416656494
-0.7687442898750305 0.284606397151947 0.13263624906539917
0.8507711887359619 1.505346417427063 -1.2052993774414062
-1.6497756242752075 0.6742805242538452 -0.6973623037338257
0.03292655944824219 0.2845063805580139 2.6925230026245117
-0.534445583820343 0.284606397151947 -0.18847186863422394
-1.0177849531173706 0.284606397151947 0.8340955972671509
-1.4763410091400146 1.1323871612548828 2.1412081718444824
-2.224618434906006 1.5370076894760132 -1.2052984237670898
-0.8092709183692932 0.284606397151947 1.4237921237945557
-0.5325769186019897 0.2879701852798462 4.721889495849609
-2.3863744735717773 1.141530990600586 0.07303722947835922
0.9210299849510193 1.1912736892700195 0.5305931568145752
-1.1114177703857422 1.143043875694275 -1.2052987813949585
0.8743741512298584 0.2897845208644867 3.346745014190674
-0.2634802758693695 0.284606397151947 0.8298870325088501
-1.5986319780349731 1.3433610200881958 -1.205298662185669
0.9210299849510193 0.7255335450172424 -0.2034301608800888
0.9210300445556641 1.3558238744735718 1.6878894567489624
-2.541407823562622 1.5375343561172485 -0.4234074652194977
-1.1350897550582886 0.33301353454589844 3.015761137008667
-2.079664468765259 1.4728384017944336 -0.026983939111232758
-2.5233566761016846 1.5478217601776123 -0.11338832229375839
0.34728875756263733 1.2239826917648315 -1.2052992582321167
0.40123113989830017 0.284606397151947 0.650795042514801
-1.0384612083435059 0.284606397151947 1.0558927059173584
-2.3863744735717773 1.452071189880371 1.3616762161254883
0.2663469612598419 0.284606397151947 0.2728614807128906
0.9210299849510193 1.131361484527588 -0.29795292019844055
0.3638417422771454 0.6898784041404724 1.828918695449829
0.7929931282997131 0.2956104576587677 4.009144306182861
-0.07932626456022263 0.284606397151947 1.436561942100525
-2.3863742351531982 1.434090256690979 2.1309680938720703
-1.999273657798767 1.479868769645691 2.3431100845336914
-2.0156660079956055 1.5843733549118042 2.0005362033843994
-1.4007694721221924 0.6285380721092224 -0.764772891998291
-0.09502443671226501 1.1811442375183105 -1.2052991390228271
-2.3799710273742676 1.508277416229248 1.6277797222137451
-1.541205883026123 0.2858275771141052 4.3212690353393555
-2.3684561252593994 1.480283498764038 1.9744373559951782
0.9210299849510193 0.8155278563499451 0.44703438878059387
0.9210300445556641 1.2140886783599854 1.4968795776367188
-2.559373378753662 1.540255069732666 0.5201982855796814
-1.1616488695144653 0.28460824489593506 4.434729099273682
-0.3832985460758209 0.7129366993904114 -0.8134611248970032
-0.5159745812416077 0.284606397151947 1.0427134037017822
0.47365084290504456 1.4902677536010742 2.3028273582458496
0.5675903558731079 1.1202268600463867 2.1412081718444824
0.5662801861763 0.8557816743850708 1.7994444370269775
-0.19310587644577026 0.284606397151947 0.46250471472740173
0.26707953214645386 0.284606397151947 0.08855930715799332
0.8941429257392883 1.4990700483322144 1.6167761087417603
0.9206493496894836 1.454432487487793 -0.7897768020629883
-0.9109438061714172 0.2879684865474701 4.445729732513428
-0.16764533519744873 0.30374616384506226 4.618037700653076
-1.7184321880340576 0.3000585436820984 3.8898043632507324
0.008346437476575375 0.2885516285896301 4.33635139465332
-0.8931266069412231 0.284606397151947 -0.32964763045310974
0.46049949526786804 0.34897491335868835 3.640758991241455
-1.312508225440979 0.284606397151947 0.6593377590179443
0.9125643372535706 1.4013307094573975 0.38236159086227417
0.9082208871841431 1.4865152835845947 2.0326223373413086
0.1411200761795044 0.284606397151947 4.525424480438232
-0.18949207663536072 0.284606397151947 -0.55166095495224
-0.5845386385917664 1.1075718402862549 -1.205298900604248
0.9210300445556641 0.8704564571380615 0.6324037909507751
0.48266109824180603 0.4616607427597046 3.4515562057495117
-1.9285680055618286 0.6420958638191223 0.05183901637792587
-0.039647407829761505 0.284606397151947 -0.20254835486412048
0.20287418365478516 0.2845063805580139 2.692523956298828
0.05929350480437279 0.284606397151947 1.3027089834213257
0.6357746124267578 0.30200329422950745 4.172513961791992
-0.2725658714771271 0.284606397151947 4.432656288146973
-0.9781823754310608 0.284606397151947 0.25707343220710754
0.021719660609960556 0.284606397151947 0.7293334007263184
-1.426323652267456 0.32493075728416443 3.5189287662506104
0.6436254382133484 1.6503939628601074 -0.7275503277778625
-0.9223800897598267 1.241061806678772 -1.2052987813949585
-1.7838166952133179 1.3554085493087769 1.9002947807312012
0.3062931299209595 1.077242374420166 -0.7910319566726685
0.2890368700027466 1.453194260597229 2.2532434463500977
0.31687822937965393 0.284606397151947 4.273420333862305
-1.6792727708816528 0.625282347202301 1.6136716604232788
-0.5696061849594116 0.284606397151947 0.09989546239376068
-0.6590586304664612 0.9219124913215637 -0.8625468015670776
-1.8415579795837402 0.7157318592071533 -0.36384719610214233
-1.2451708316802979 1.5318039655685425 -1.3840980529785156
-0.5395742654800415 0.3141610622406006 4.112884521484375
-2.3880019187927246 1.6017258167266846 -0.7681865096092224
-0.628226101398468 0.284606397151947 1.3358033895492554
-0.0517578125 0.6926518678665161 -0.8081831932067871
-1.3336509466171265 0.3863065540790558 3.115854501724243
0.5948919057846069 1.2804473638534546 -0.5760719180107117
-2.110145092010498 1.437000036239624 0.566940426826477
-1.93571138381958 1.2199126482009888 1.0463017225265503
0.17800790071487427 1.5184086561203003 -1.2052991390228271
0.6306649446487427 1.5409373044967651 -1.2268173694610596
-0.29567214846611023 0.33244073390960693 3.7428042888641357
-1.4214390516281128 1.4550596475601196 -0.46051186323165894
-1.736588954925537 1.5392143726348877 -1.3611705303192139
-0.9162778258323669 0.49944865703582764 4.081019401550293
-2.036808729171753 1.5447896718978882 -1.3101141452789307
-0.3974560797214508 1.5358048677444458 -1.3673144578933716
-1.85731041431427 1.5798561573028564 -0.860941469669342
0.029691318050026894 1.4677573442459106 2.4172043800354004
-0.6408566236495972 0.8049150109291077 3.07705020904541
-0.050592295825481415 1.1920417547225952 -0.8274266123771667
-2.3863744735717773 1.3079006671905518 -0.0290378388017416
-0.3718135356903076 1.1342341899871826 -1.2052990198135376
-2.149092435836792 1.6538872718811035 -0.5633956789970398
-1.6901623010635376 1.6371090412139893 -1.1807961463928223
0.9210299849510193 0.9349697828292847 0.10223083198070526
0.14300233125686646 1.6480457782745361 -0.9963098764419556
-1.4805690050125122 1.5295625925064087 -1.378900170326233
0.9210300445556641 1.233780026435852 1.0229066610336304
0.9210299849510193 1.2333018779754639 -0.08808289468288422
-1.8977394104003906 1.6938579082489014 -0.8314940333366394
0.9173521399497986 1.4635220766067505 1.4281480312347412
-2.097785472869873 1.643825888633728 -0.033803872764110565
-2.1204094886779785 1.4571226835250854 -0.40075504779815674
0.9210299849510193 1.2928770780563354 0.17249467968940735
-1.8881800174713135 0.9337069392204285 1.2373464107513428
0.37153810262680054 0.6065950393676758 -0.5962284803390503
0.9210300445556641 1.2305828332901 1.2617512941360474
-0.20824582874774933 0.2933940291404724 4.214401721954346
-1.2850631475448608 0.3017033636569977 3.9801833629608154
-1.1407824754714966 1.1628179550170898 -0.8549906611442566
-2.2892706394195557 1.5802648067474365 1.181462049484253
-0.969553530216217 0.5431832075119019 3.026754140853882
-1.2486690282821655 1.625300407409668 2.167755126953125
-1.430843710899353 1.45464026927948 2.3894166946411133
0.9210299849510193 1.3117897510528564 -0.519336462020874
-0.780821681022644 0.3072221279144287 4.022773265838623
-2.3680906295776367 1.5479196310043335 0.765561580657959
-0.34264251589775085 0.284606397151947 1.0170406103134155
-1.1236766576766968 0.284606397151947 0.6750901937484741
0.7042266726493835 0.34587571024894714 3.00852108001709
-1.7375428676605225 1.5913668870925903 2.0333073139190674
-1.2198237180709839 1.2606914043426514 1.7905099391937256
-1.567823886871338 1.6324912309646606 1.8861756324768066
-1.8126522302627563 1.6574937105178833 -0.5184445977210999
-2.3863744735717773 1.3217809200286865 1.0496832132339478
0.5301236510276794 0.627189040184021 1.655781865119934
-1.7300084829330444 1.4680941104888916 2.3865163326263428
-2.3899009227752686 1.5561394691467285 1.9047307968139648
-1.2401480674743652 0.29684528708457947 3.639441728591919
-0.19351914525032043 0.284606397151947 -0.06866764277219772
-1.7141050100326538 1.5150572061538696 1.4713718891143799
-2.0378100872039795 0.8134942650794983 0.5061566829681396
-0.9142546057701111 1.2329909801483154 -0.5437981486320496
-2.379140615463257 1.4727236032485962 0.36958789825439453
-1.5038450956344604 1.0095741748809814 -0.5956213474273682
-1.9588230848312378 1.6240425109863281 0.1981637328863144
-1.193670392036438 0.33141446113586426 2.753570795059204
0.2591806948184967 0.286512166261673 3.835733413696289
-2.5233688354492188 1.5468050241470337 1.1351364850997925
-1.399052381515503 1.4811733961105347 2.1834917068481445
-1.571053147315979 1.6564123630523682 -0.7057281136512756
-2.2947332859039307 1.6220742464065552 -0.2784959673881531
-0.2591191530227661 0.284606397151947 0.640178382396698
-0.6915066242218018 0.2961534857749939 4.369786262512207
0.602597177028656 0.9455111622810364 -0.24814441800117493
-0.640056312084198 0.284606397151947 0.907958984375
-1.7991381883621216 1.0261346101760864 -0.5672938823699951
-1.8715593814849854 1.1994153261184692 1.5350590944290161
-1.442352056503296 0.3008841872215271 2.975245714187622
-0.66514652967453 1.2712534666061401 -1.205298900604248
-0.8510065674781799 0.6504653096199036 -0.7543972134590149
-1.9708435535430908 1.1565945148468018 -0.2973988652229309
-0.49104925990104675 0.284606397151947 0.5993515253067017
0.5303323268890381 0.3823224902153015 2.7660272121429443
-1.5884137153625488 1.4595229625701904 2.419835090637207
-0.8484535217285156 0.8805475831031799 2.495497226715088
-0.8147473931312561 0.284606397151947 0.8169326782226562
0.42824268341064453 1.4242953062057495 -1.2052992582321167
-0.17888832092285156 0.44512537121772766 3.5149080753326416
-1.9325212240219116 0.6147504448890686 0.5722723007202148
0.44594162702560425 0.9899840950965881 0.7296435832977295
0.5339073538780212 0.2981289029121399 3.9699814319610596
-1.2840906381607056 0.292295902967453 4.211609363555908
0.3994332253932953 1.532889485359192 -1.303829550743103
-0.27612918615341187 1.3163975477218628 -1.2052990198135376
-1.3068995475769043 1.4639052152633667 -0.9481980800628662
0.12228039652109146 0.43750908970832825 4.213504314422607
0.920602023601532 1.4676860570907593 0.030351391062140465
-1.0163148641586304 1.4573630094528198 2.4035356044769287
-2.125602960586548 1.5951285362243652 1.7122094631195068
-0.19013811647891998 0.2955402135848999 3.424159288406372
0.46161651611328125 1.466850996017456 -0.7548425197601318
-1.8682727813720703 0.994248628616333 0.11403658241033554
-0.41989707946777344 0.5743070840835571 3.309779167175293
-0.921446681022644 1.1139659881591797 2.1412081718444824
0.9210299849510193 1.3794410228729248 -0.27909475564956665
0.23403194546699524 1.1275473833084106 2.1412081718444824
-1.5968657732009888 0.3197544813156128 3.330880880355835
0.5513295531272888 1.2405105829238892 1.7606663703918457
0.7644144296646118 0.3443717360496521 3.449291229248047
-1.8563883304595947 1.4387834072113037 -0.5242385268211365
-1.068854808807373 0.30762800574302673 4.137108325958252
0.6423777937889099 1.6151186227798462 2.0354530811309814
-0.8612164855003357 0.30105161666870117 4.239060878753662
0.27781203389167786 1.548575520515442 -0.8976799845695496
-1.5127778053283691 0.7338305115699768 -0.5241740345954895
-0.7535354495048523 0.5377457141876221 3.898689031600952
-2.1913533210754395 1.6521424055099487 0.9550703763961792
-0.22072796523571014 0.8435431122779846 -0.7374023795127869
-1.8376529216766357 1.594171166419983 1.755777359008789
-2.432650327682495 1.5424017906188965 0.16445809602737427
0.2650035321712494 0.4125766456127167 3.2224698066711426
-0.5501977205276489 0.323615700006485 3.908512830734253
-0.4916156828403473 0.329860121011734 4.313784122467041
0.544715404510498 0.6795661449432373 -0.10774020105600357
0.6310343742370605 0.8634911775588989 0.7367832660675049
-1.0104621648788452 0.3209487497806549 3.2562084197998047
0.6189833283424377 0.8882985711097717 1.599105715751648
-0.7728462219238281 0.3073705732822418 3.116121292114258
0.25164294242858887 0.284606397151947 0.7672272324562073
-1.2061094045639038 1.470642328262329 2.36745548248291
0.07591022551059723 0.284606397151947 0.21452896296977997
-0.6871957182884216 0.3031374216079712 3.6401965618133545
-0.41786617040634155 0.284606397151947 0.013836001046001911
-1.5257270336151123 1.1991254091262817 1.8361119031906128
-1.8643455505371094 0.6244593858718872 0.3051462173461914
0.22115525603294373 0.28517186641693115 3.019728660583496
-1.2637546062469482 0.687910795211792 -0.6058809757232666
-0.6332024931907654 0.696112334728241 -0.7868049740791321
-0.582453191280365 0.8173930644989014 2.6898539066314697
1.0837209224700928 1.5373867750167847 -0.3813863694667816
-0.19591261446475983 0.31877070665359497 3.1047110557556152
-0.3542507290840149 0.284606397151947 0.2630983591079712
-1.4247454404830933 0.6040485501289368 1.6504061222076416
-1.5239614248275757 1.6745378971099854 -0.9749734997749329
0.18896296620368958 0.7402704954147339 -0.7207419276237488
0.5321114659309387 0.7852301597595215 -0.49182355403900146
-2.0014827251434326 1.3625513315200806 1.2382900714874268
0.26715877652168274 0.3082941174507141 4.055513858795166
-1.5340726375579834 1.379538893699646 -0.7457709908485413
-1.2427672147750854 0.3418126404285431 2.7508292198181152
0.08841393142938614 0.7727658152580261 2.8965346813201904
0.6189252734184265 0.8697522878646851 1.1573631763458252
0.1017138808965683 0.34527337551116943 3.5063698291778564
0.7783474326133728 1.6320332288742065 1.7821109294891357
-1.9586429595947266 0.6430488228797913 0.9701564908027649
-1.2163708209991455 0.33269837498664856 3.375833749771118
-1.7726423740386963 0.6539615392684937 -0.14885932207107544
-0.006418320350348949 0.284606397151947 3.2080156803131104
-0.5349510312080383 0.30666008591651917 4.527349948883057
0.88845294713974 1.5387320518493652 -0.6256235241889954
-2.005737066268921 1.397398829460144 0.2669767439365387
-0.10560819506645203 0.284606397151947 0.29360613226890564
-1.8531311750411987 1.338759183883667 -0.21364016830921173
-1.74070143699646 0.9583923816680908 1.5586609840393066
-1.9259403944015503 1.6308530569076538 1.545753836631775
-0.8645751476287842 1.4172391891479492 -0.9392873644828796
-2.598950147628784 1.5556577444076538 0.6832084655761719
-2.3863744735717773 1.2527663707733154 0.6337960362434387
0.3501945436000824 1.009703278541565 -0.5827780961990356
0.0313609316945076 0.5042357444763184 3.6662440299987793
-0.3854494094848633 0.284606397151947 0.44910070300102234
-1.8386646509170532 0.6838648915290833 1.130837082862854
0.588975191116333 0.7909062504768372 1.4011796712875366
0.37198370695114136 1.0286329984664917 1.8623182773590088
-1.384267807006836 1.4949136972427368 1.8918150663375854
-2.558844804763794 1.532673954963684 0.8942333459854126
0.5144234299659729 1.3996888399124146 -0.11719309538602829
-2.5490477085113525 1.5358437299728394 0.15565359592437744
-1.6582764387130737 0.7452353835105896 1.303063154220581
-0.805849015712738 0.43316566944122314 3.519296407699585
-0.83868807554245 1.634852647781372 2.2695977687835693
-1.163043737411499 0.3197709918022156 3.8563268184661865
0.017814267426729202 0.6591283082962036 1.8291015625
0.6007456183433533 0.8975496888160706 0.05038919299840927
-2.3863744735717773 1.2360732555389404 0.30269864201545715
0.9210300445556641 1.2784308195114136 0.8065169453620911
-0.31728118658065796 0.29151827096939087 3.9225127696990967
0.6749478578567505 0.3412492871284485 3.2360570430755615
-0.6816551685333252 0.284606397151947 0.6622758507728577
-1.1095120906829834 0.49776241183280945 3.548408269882202
0.918103039264679 1.4505037069320679 1.230082392692566
-0.1805645227432251 1.5325325727462769 -1.3899763822555542
-1.0784239768981934 1.1977729797363281 2.097292184829712
-1.8483394384384155 0.9559752941131592 0.35390082001686096
0.2528932988643646 1.5986377000808716 -0.28738275170326233
-0.2471058964729309 1.2910617589950562 -0.4302259385585785
0.6062374711036682 1.635667324066162 -0.39779940247535706
-1.273228406906128 1.2696890830993652 -0.6879560947418213
0.030304251238703728 1.6261396408081055 -0.6224148869514465
-1.6880590915679932 0.87628173828125 -0.33629998564720154
-1.4580976963043213 1.0011569261550903 -0.24422317743301392
-0.7333385944366455 0.9418957233428955 2.813966989517212
-0.6017748713493347 1.0607359409332275 -0.6714556217193604
-1.8357371091842651 0.979134202003479 -0.1774805784225464
0.39996132254600525 1.5900110006332397 -0.48526763916015625
-0.22713223099708557 1.6169215440750122 -0.46727925539016724
0.4196178615093231 1.6698399782180786 2.0350146293640137
0.187617689371109 1.4697158336639404 2.405534505844116
0.3105210065841675 1.661428689956665 -0.7078138589859009
-2.025092124938965 1.202781319618225 0.6644690632820129
-0.863570511341095 1.6001782417297363 -1.24710214138031
0.4387991726398468 0.4746256172657013 3.811666965484619
-1.3900957107543945 0.682348370552063 -0.3521292507648468
-0.2560499906539917 0.284606397151947 0.12150178849697113
-0.4955005943775177 0.3697506785392761 3.3507497310638428
-0.15622393786907196 0.5907703638076782 -0.6402741074562073
-0.988376796245575 0.37140804529190063 3.816452980041504
-1.4968605041503906 0.8758819103240967 1.602584958076477
-1.6859246492385864 1.249659776687622 -0.5536877512931824
-1.8532756567001343 0.6430292725563049 0.7903556823730469
0.5505498051643372 0.6526316404342651 0.49377018213272095
-0.2796059250831604 1.4421266317367554 -0.6436097025871277
-0.8557862043380737 1.1929467916488647 -0.7828119993209839
-0.6833958029747009 0.284606397151947 1.1504695415496826
-0.058853790163993835 1.4254165887832642 -0.7947900295257568
0.05172611400485039 0.33281686902046204 3.770380973815918
-1.7569705247879028 0.7333167195320129 0.12773898243904114
0.1989717036485672 1.260239601135254 -0.6515143513679504
-0.9481596350669861 0.6926957964897156 -0.6086214780807495
-0.10570056736469269 0.9307532906532288 2.339137077331543
-0.9341701865196228 0.7958784699440002 2.0459377765655518
0.49022814631462097 1.2186298370361328 -0.3548036813735962
0.6239186525344849 1.2391611337661743 1.2530924081802368
0.4340556561946869 0.6553098559379578 -0.33570951223373413
0.4684833586215973 1.1397563219070435 -0.0007752296514809132
0.27046898007392883 0.5533269047737122 3.271663188934326
-0.08575624227523804 0.4587339758872986 3.9274630546569824
0.5164547562599182 1.1969534158706665 1.5708447694778442
0.3429534435272217 0.6155784130096436 1.5984386205673218
0.32539498805999756 1.3314952850341797 1.8883919715881348
0.7601291537284851 1.66483736038208 -0.29959481954574585
-0.025893019512295723 1.0736538171768188 -0.6269087195396423
-1.5208269357681274 0.637332022190094 -0.15286549925804138
0.11127935349941254 0.6954318284988403 -0.5334844589233398
0.3797908425331116 0.9156439304351807 1.5664803981781006
0.5362894535064697 0.7481849789619446 0.23015166819095612
-0.4751557409763336 1.318972110748291 -0.8797566890716553
-1.9139093160629272 0.9747322797775269 0.8047615885734558
-0.650480329990387 0.284606397151947 0.4756195843219757
-0.3088272511959076 0.46518757939338684 4.198919296264648
-1.105902075767517 0.6654672622680664 -0.397209107875824
0.2485111504793167 0.505458414554596 2.9867758750915527
0.3224165141582489 0.632531464099884 -0.18454207479953766
-1.8123239278793335 0.7713874578475952 0.5271390080451965
0.43035387992858887 0.8820688724517822 0.5106284022331238
-0.06173650547862053 0.284606397151947 0.07841087877750397
-0.9012444019317627 0.284606397151947 0.46383440494537354
-0.45413392782211304 0.3792461156845093 3.6121435165405273
0.5520955324172974 0.6534080505371094 1.060794472694397
-0.5431040525436401 0.6396787762641907 -0.6099560856819153
0.2720406949520111 0.9283167719841003 -0.37823137640953064
-0.32686319947242737 0.723055362701416 -0.5421832203865051
-0.015811653807759285 0.284606397151947 0.8940257430076599
0.37826794385910034 0.9653735756874084 -0.19092918932437897
-1.8040751218795776 1.2606620788574219 0.22248011827468872
-0.3443576991558075 0.4273534417152405 2.8666296005249023
-1.6271365880966187 0.9719039797782898 -0.027772391214966774
-1.1555304527282715 0.6251856684684753 1.6624782085418701
-1.7856342792510986 1.141019344329834 1.2040852308273315
-0.7246955037117004 0.6553483009338379 1.900538682937622
-1.8388140201568604 1.5717991590499878 0.6632341742515564
-0.03339914605021477 0.6306802034378052 -0.31004655361175537
0.4261139929294586 0.6332067251205444 1.3817726373672485
-1.6459987163543701 0.6683297753334045 1.0576481819152832
-1.282393217086792 1.042150855064392 -0.598587155342102
-0.1417849361896515 0.46719685196876526 3.1882190704345703
-1.008492112159729 0.9769667983055115 -0.6383427977561951
-2.0039377212524414 1.6170406341552734 1.1287453174591064
-0.7808493375778198 0.6463531255722046 -0.34885063767433167
-1.542588233947754 0.6383822560310364 0.12976016104221344
-1.8838666677474976 1.6323022842407227 -0.2353459894657135
-1.2414731979370117 0.906102180480957 1.7619372606277466
0.394579142332077 0.6168007254600525 0.08333121240139008
-0.5818428993225098 1.3413623571395874 -0.43683308362960815
-1.4506354331970215 0.675420880317688 1.4326109886169434
-1.0766388177871704 1.3340256214141846 -0.33237728476524353
-0.4678598642349243 0.284606397151947 0.7974721789360046
0.13164003193378448 0.8785554766654968 1.8122738599777222
-0.09241001307964325 0.8714598417282104 -0.505115270614624
-0.9520120024681091 0.4327239990234375 3.631399154663086
-1.4471255540847778 0.6075381636619568 1.0920103788375854
-0.38741064071655273 0.837375819683075 3.027937412261963
-2.2305164337158203 1.6136696338653564 0.4459156394004822
-0.3736094832420349 1.201728343963623 -0.701053261756897
-1.740621566772461 0.931492805480957 0.8505693674087524
-1.0801582336425781 1.4678268432617188 -0.6591954827308655
-0.7216991782188416 0.7315129637718201 3.0996885299682617
-1.5696383714675903 1.3097041845321655 1.6441861391067505
-1.59809410572052 0.9296186566352844 1.0890600681304932
-1.1952321529388428 0.9575479030609131 -0.40261566638946533
-1.7467780113220215 1.3458422422409058 -0.0077552166767418385
-0.6585948467254639 1.4073469638824463 -0.704716682434082
-1.346521258354187 1.2674027681350708 -0.2760833501815796
0.15469957888126373 0.7704079747200012 -0.1533178687095642
0.4872320890426636 0.6820451617240906 0.8639484643936157
-0.2669903039932251 0.7939924001693726 2.653507709503174
-0.6465643048286438 0.5921775102615356 -0.15718649327754974
-0.14094246923923492 0.5769031047821045 0.3817030191421509
-1.3276005983352661 0.7938117384910583 -0.1707150638103485
-0.7009885907173157 1.0102311372756958 1.9332410097122192
-0.6730188727378845 0.8570815920829773 -0.571033239364624
-1.835251808166504 1.2099425792694092 0.5227295160293579
0.36583206057548523 0.6464334726333618 0.3625222146511078
-1.6757808923721313 1.5883439779281616 0.4488772451877594
-0.9922125339508057 0.5955423712730408 0.03571680188179016
-0.4066799283027649 0.660078227519989 1.8173679113388062
-1.0231528282165527 0.7878562211990356 1.5560808181762695
-1.6994397640228271 1.4756355285644531 1.1647493839263916
-0.2082246094942093 0.8265961408615112 1.999057650566101
-0.29319268465042114 0.6438627243041992 -0.27916622161865234
-0.31841015815734863 0.5814468264579773 1.5613011121749878
0.3404931426048279 0.9259213805198669 0.05288051813840866
-1.3911198377609253 0.8121572136878967 0.03876717388629913
-1.6074095964431763 0.6471145749092102 0.7593083381652832
0.08898281306028366 0.6112112998962402 1.1547479629516602
-0.11975903064012527 1.0541969537734985 2.7333672046661377
0.3630806803703308 0.5946382284164429 1.1590012311935425
0.4791308343410492 0.9933159351348877 1.0309796333312988
-0.026844078674912453 0.5698267221450806 0.05387537553906441
-0.5147577524185181 0.8502981662750244 2.350588798522949
-0.544346034526825 0.5093804597854614 3.6508891582489014
-0.8353468775749207 0.516586184501648 0.8832588791847229
-0.021861372515559196 0.8998484015464783 -0.2546614110469818
-1.580373764038086 0.622393786907196 0.4614969491958618
-0.8996009230613708 0.902080237865448 1.8787531852722168
0.7658886909484863 1.6622107028961182 1.3218052387237549
-1.141916275024414 0.6216639280319214 -0.16058802604675293
-1.2230135202407837 0.6065290570259094 1.3795530796051025
-1.5582548379898071 1.051507592201233 1.4054983854293823
-0.394141286611557 1.004784107208252 -0.515812873840332
0.061344582587480545 1.4146870374679565 -0.4315090775489807
-0.1585749089717865 0.9003626704216003 2.864259719848633
-0.8740317821502686 0.8705946207046509 -0.4164060950279236
0.46718698740005493 1.3875706195831299 1.40920889377594
-0.10365775227546692 0.6246410608291626 3.175877571105957
0.48311206698417664 1.5997979640960693 -0.058296024799346924
0.06797479093074799 1.1688910722732544 -0.3304559588432312
-1.5040072202682495 0.8039003014564514 0.7232424020767212
0.41564443707466125 1.0470622777938843 0.29546329379081726
-0.675460934638977 1.0521489381790161 2.5313539505004883
-0.05234089866280556 1.2365186214447021 2.5618624687194824
-1.2486016750335693 0.9222623109817505 1.5613694190979004
-0.7792071104049683 1.099862813949585 -0.35639193654060364
0.5898450613021851 1.315431833267212 0.12585553526878357
0.09210055321455002 0.6035619974136353 1.5778062343597412
-0.3909848630428314 1.1969915628433228 2.690931797027588
0.651838481426239 1.6775357723236084 1.5839742422103882
-1.361346960067749 0.6601324677467346 0.2369711995124817
-0.8130096793174744 0.5882644653320312 3.3010036945343018
0.41812989115715027 1.0116961002349854 1.3100831508636475
-0.5581437349319458 0.7631198167800903 -0.312139093875885
-1.0188651084899902 0.8704574108123779 -0.21904149651527405
-0.6620426774024963 0.5557432174682617 0.31253859400749207
-0.5199349522590637 1.2188371419906616 2.631176233291626
-0.9120486974716187 0.4862729012966156 3.2869434356689453
-0.8997557163238525 0.6170046329498291 1.6507614850997925
0.990390419960022 1.5325225591659546 -0.11713425815105438
0.036719877272844315 0.5728076100349426 0.7912676334381104
0.23924313485622406 0.7779468894004822 0.17711423337459564
-0.13547031581401825 1.6183522939682007 -1.0069674253463745
-0.07785789668560028 0.6895567774772644 2.848081350326538
1.070243000984192 1.5563873052597046 0.37162718176841736
-0.578761875629425 0.9165908098220825 2.0804519653320312
-0.30895763635635376 0.7053762674331665 -0.056943800300359726
0.3827402591705322 0.6289727091789246 0.6397258043289185
-0.29479870200157166 1.6237094402313232 -0.8168047666549683
-0.17045548558235168 0.7040386199951172 1.6924089193344116
1.0620243549346924 1.5288480520248413 0.8726036548614502
-0.9113079309463501 0.5784875154495239 1.36617112159729
-0.7095747590065002 1.1977388858795166 2.6405467987060547
-0.5422983169555664 1.4845600128173828 -1.193275809288025
0.08268014341592789 1.641503930091858 2.150300979614258
-0.6003313064575195 0.6588371992111206 1.701570749282837
0.6262294054031372 0.9536445140838623 0.4106649160385132
-0.9711255431175232 1.6386321783065796 -0.9768542051315308
-1.1877036094665527 1.3922364711761475 -1.205365777015686
-0.5681360960006714 0.534365177154541 1.2914574146270752
0.05173807218670845 0.9745405316352844 1.6771177053451538
0.471149742603302 1.7512000799179077 1.7687324285507202
-0.7569803595542908 1.304824709892273 2.1669280529022217
-0.632617175579071 1.6185283660888672 -0.8881593942642212
-0.9334748983383179 1.4256449937820435 2.138978958129883
-0.16342945396900177 1.5350688695907593 2.296443223953247
-0.39848029613494873 0.8335760831832886 2.8022539615631104
-0.49623748660087585 0.6240197420120239 0.04993550479412079
0.030323106795549393 0.8113593459129333 -0.024430878460407257
-0.765173077583313 1.5543949604034424 -1.3789639472961426
-0.07282765954732895 1.1085015535354614 2.007099151611328
0.15779338777065277 0.7897759675979614 1.3665069341659546
-0.824120819568634 1.6121739149093628 -0.6766598224639893
-0.3499477803707123 0.9739502668380737 2.4139158725738525
-1.284281849861145 1.644797444343567 -1.1053755283355713
0.8748523592948914 1.5655826330184937 0.6436154246330261
0.22769887745380402 1.224127173423767 1.7617542743682861
-0.4751506447792053 1.6323797702789307 -1.1056585311889648
-0.3435855507850647 1.0140894651412964 1.9910595417022705
-0.5727659463882446 1.5955770015716553 -0.4858133792877197
-0.7766532897949219 1.6002119779586792 -0.17855729162693024
0.9210299849510193 1.4220266342163086 0.6326706409454346
0.2961132228374481 1.3052184581756592 -0.2637994587421417
0.2953403890132904 0.7089595198631287 0.8660817742347717
0.12064220011234283 0.6405262351036072 0.4683145582675934
0.2384895235300064 1.2685840129852295 -0.02721957489848137
-0.18945439159870148 0.5395837426185608 1.2042251825332642
-1.187537670135498 1.643296480178833 -0.7835477590560913
-1.9441823959350586 1.6527862548828125 0.4839419424533844
-0.4055798053741455 0.9262126684188843 1.7844666242599487
-0.04007840156555176 0.7233011722564697 1.476430058479309
-1.3855931758880615 0.8342890739440918 1.2410935163497925
-0.20872116088867188 1.2479203939437866 2.3339619636535645
0.8645737171173096 1.5589853525161743 0.16768208146095276
-0.5208969712257385 1.5131001472473145 2.358241081237793
-1.1969082355499268 1.7072890996932983 1.793805480003357
-0.21912942826747894 0.7041610479354858 0.17840512096881866
-0.4576566517353058 1.191102147102356 2.134495735168457
-1.5666766166687012 0.9402331113815308 0.2500894367694855
0.6051712036132812 1.279617428779602 0.43091508746147156
-1.3253984451293945 1.6342912912368774 -0.15882378816604614
0.900725245475769 1.4869149923324585 1.0391746759414673
0.648539662361145 1.2172478437423706 0.9189628958702087
-1.8120709657669067 1.6746137142181396 1.2731631994247437
-0.3806809186935425 0.4879549741744995 0.7361167669296265
-1.0288825035095215 0.6210704445838928 1.1055712699890137
-1.5636838674545288 1.7123150825500488 1.3871331214904785
-0.8818946480751038 1.5818672180175781 -0.4071279466152191
-1.7045422792434692 1.685412049293518 0.8410670757293701
-0.4292912781238556 0.9391968846321106 -0.2761378884315491
-1.6957807540893555 1.6137388944625854 0.031810738146305084
-1.6036125421524048 1.6062923669815063 -0.2711453437805176
-2.0283145904541016 1.6365548372268677 0.7979828119277954
-1.0213483572006226 1.0702728033065796 1.6739981174468994
-1.4606366157531738 1.6633185148239136 1.6631321907043457
-1.3487542867660522 1.6274484395980835 -0.5379741191864014
-0.677332878112793 1.6553977727890015 2.2494869232177734
-1.1489787101745605 1.6898964643478394 1.9669865369796753
-0.12431509792804718 0.6198016405105591 0.9178621768951416
-1.4130207300186157 1.278586506843567 1.5555297136306763
-1.636557698249817 1.6771936416625977 0.30000922083854675
-1.163720726966858 0.8563542366027832 0.037860073149204254
-1.1042335033416748 1.585057258605957 -0.29743245244026184
-0.9043222665786743 0.5759422779083252 0.5266360640525818
0.5670281052589417 1.4331939220428467 0.6711574196815491
0.14938217401504517 0.8786812424659729 0.3256751000881195
0.36716222763061523 1.3775511980056763 0.2596535086631775
-1.6315677165985107 0.9456180930137634 0.5218393802642822
-0.7991730570793152 0.8736951947212219 1.653557300567627
-0.7611231803894043 0.7941174507141113 -0.15810582041740417
-1.1893333196640015 1.1040118932724 -0.16860482096672058
-0.6320732831954956 0.7496088147163391 0.055849965661764145
-1.3036720752716064 0.6775738000869751 1.012885332107544
-1.1272048950195312 0.8186968564987183 1.2946476936340332
-0.9116726517677307 0.9509132504463196 -0.036014802753925323
-1.6191390752792358 1.2267793416976929 0.6918424963951111
-1.2580325603485107 0.6269440650939941 0.41098830103874207
-1.8028864860534668 1.3164945840835571 0.8685376048088074
-1.284141182899475 0.593802273273468 0.6800463795661926
-0.6343066692352295 0.7018175721168518 1.534502387046814
0.7033155560493469 1.6301430463790894 1.0748683214187622
0.2721374034881592 0.8317417502403259 1.1451587677001953
-1.546451449394226 1.2654078006744385 1.2037789821624756
-1.475117564201355 1.043548822402954 0.917976438999176
-1.5165706872940063 1.3045387268066406 0.019377147778868675
-1.3493940830230713 1.1701091527938843 0.06662023067474365
-1.5840864181518555 1.4684990644454956 0.9469806551933289
-0.448129266500473 0.6297544836997986 0.3582955300807953
0.38875940442085266 1.1846013069152832 0.5859496593475342
-1.39772629737854 0.8040457367897034 0.47288385033607483
-1.5581470727920532 1.285943865776062 0.3107779324054718
0.10480087250471115 1.7408032417297363 1.9441266059875488
-0.1414262354373932 1.0010706186294556 1.6792175769805908
-0.5528154373168945 0.6215505003929138 1.0411782264709473
-1.0225105285644531 0.6756942868232727 0.7779357433319092
-0.34557342529296875 1.5664349794387817 2.250246047973633
-0.3048068881034851 1.368310570716858 2.072828531265259
-1.2556524276733398 1.5909409523010254 -0.037412114441394806
0.5464688539505005 1.643187165260315 0.22508445382118225
-0.6847143769264221 0.6810863614082336 0.7787626385688782
0.38350337743759155 1.6104342937469482 0.8626347780227661
-0.2213781476020813 0.7369588613510132 1.3811663389205933
-1.5911129713058472 1.2646756172180176 -0.2756960093975067
-0.20540055632591248 0.9178155064582825 -0.2272331863641739
-1.075558066368103 0.6810421943664551 0.38302165269851685
0.4239864647388458 1.263428807258606 0.870517373085022
0.3378280997276306 1.6170179843902588 0.2707127034664154
-0.967007577419281 0.7499905824661255 0.11583887785673141
0.5510982871055603 1.612401008605957 0.5172796845436096
-0.06484228372573853 1.2430424690246582 1.835557460784912
0.002205055207014084 0.8118491768836975 1.122567892074585
0.6317015886306763 1.6225491762161255 0.8186230659484863
0.09019449353218079 0.8114069104194641 0.7310851812362671
-0.11393091827630997 0.6891534924507141 0.6072559356689453
0.16693668067455292 0.944965124130249 0.5657581090927124
-1.467881202697754 1.1253892183303833 0.5197975039482117
0.27027997374534607 0.9818015098571777 0.8993483185768127
0.03934222087264061 1.5619192123413086 1.8856582641601562
-1.354225754737854 0.8218316435813904 0.7715404033660889
-1.468497395515442 1.7172363996505737 1.4068704843521118
-1.476113200187683 1.7550454139709473 0.7215167880058289
0.3406737148761749 1.6761490106582642 1.114673137664795
0.49774935841560364 1.735068440437317 1.3616573810577393
0.21371640264987946 1.6060538291931152 1.533347249031067
-0.5260792970657349 0.9264134168624878 1.574914574623108
-0.8257824778556824 0.7579330205917358 1.1516706943511963
-0.3447568416595459 0.7009531855583191 0.7709898352622986
0.17691312730312347 1.159158706665039 1.3622503280639648
0.16204790771007538 1.6252247095108032 0.7572188973426819
-1.4005725383758545 1.7207156419754028 0.5571601390838623
0.2685564160346985 1.236101508140564 1.5540772676467896
-1.3371304273605347 1.6123597621917725 0.15076157450675964
-0.27390190958976746 0.7522965669631958 1.0707184076309204
-0.41906440258026123 1.605311632156372 -0.2770482301712036
0.39597758650779724 1.2758115530014038 1.142562985420227
0.1372053176164627 1.1355540752410889 1.0672410726547241
-0.003824656829237938 1.059057354927063 1.3958709239959717
-0.9251696467399597 0.7754254937171936 0.3274093568325043
-0.6207278966903687 1.144601821899414 -0.21025395393371582
0.31437093019485474 1.5581796169281006 1.2918670177459717
-0.795128345489502 1.3550323247909546 0.05442199856042862
-1.5585131645202637 1.7080940008163452 1.0113533735275269
-0.7230462431907654 1.1636074781417847 1.8397116661071777
-1.4344035387039185 1.3688125610351562 0.5568658113479614
-0.9668583273887634 1.3206405639648438 -0.10087166726589203
0.3382050693035126 1.7695080041885376 1.6597081422805786
-1.458377480506897 1.346739411354065 0.8500242233276367
-1.3438845872879028 1.1056478023529053 1.3246337175369263
-1.2519465684890747 0.9686946868896484 0.20017178356647491
0.15432791411876678 1.6170053482055664 -0.004602873232215643
0.17820574343204498 1.6715596914291382 0.5319167375564575
-0.23883825540542603 0.9594106674194336 1.3620117902755737
-0.08196674287319183 0.8803210258483887 0.11018284410238266
-1.2000750303268433 1.5552546977996826 0.25623923540115356
0.04413645714521408 1.1857861280441284 0.09557870775461197
-1.3243536949157715 1.6613998413085938 0.39262938499450684
-1.165783166885376 0.8650434017181396 0.7425435185432434
-0.027814924716949463 1.5994802713394165 -0.2712728679180145
0.17019250988960266 1.3380190134048462 0.6012552976608276
-1.2352502346038818 0.9921315312385559 0.3972010910511017
-0.8583174347877502 0.8516296148300171 1.3286267518997192
-0.501514196395874 0.7854859828948975 1.3153350353240967
-0.33832088112831116 1.0082199573516846 -0.072507843375206
-0.44104379415512085 1.4203836917877197 0.05129619687795639
-0.059568751603364944 0.8157021999359131 0.35952720046043396
-0.38933396339416504 0.7160536050796509 0.5057885050773621
-0.5589834451675415 0.7795692682266235 0.9885251522064209
-1.1142274141311646 0.9043781757354736 1.09888756275177
0.09217024594545364 1.468693494796753 0.39526042342185974
-0.17763033509254456 1.544499158859253 0.14657612144947052
-0.20152932405471802 0.8742778301239014 0.4301539361476898
-0.9993247985839844 0.7907608151435852 0.9416368007659912
0.09509129077196121 1.5666472911834717 0.21284760534763336
-0.12401538342237473 1.2507567405700684 -0.19652561843395233
-0.508173942565918 1.4628219604492188 -0.14010931551456451
-0.7146963477134705 0.8714901208877563 0.9666382074356079
-0.5711109042167664 0.9537802934646606 1.1193466186523438
-0.4669467806816101 1.1605690717697144 1.6575225591659546
-0.7477579116821289 1.5022796392440796 -0.046089399605989456
-0.6317464113235474 0.8560636043548584 0.13586163520812988
-0.16942663490772247 1.2410762310028076 1.5998530387878418
-0.6912181377410889 0.7072288393974304 0.5989407300949097
-1.2054860591888428 1.3479421138763428 0.3099023699760437
-0.2993831932544708 1.5163142681121826 -0.11014814674854279
-0.08906685560941696 1.5347161293029785 -0.039125967770814896
-0.22828830778598785 1.0379701852798462 1.081327199935913
-0.046624746173620224 0.8772077560424805 0.8919937610626221
-1.0062119960784912 1.4879975318908691 0.07280941307544708
-0.13051269948482513 1.3803398609161377 0.21185269951820374
-0.3678804934024811 0.8295978307723999 0.7547597289085388
-0.7555630803108215 1.0074657201766968 1.3602604866027832
0.008789479732513428 1.1359522342681885 0.6599546074867249
-0.21941068768501282 1.5286897420883179 1.888541579246521
-0.9428018927574158 1.4964770078659058 0.22608892619609833
-0.7449825406074524 0.799064576625824 0.31968164443969727
-0.9147513508796692 1.0224366188049316 0.3340328633785248
-0.6217972636222839 0.8481950163841248 0.5732932686805725
0.07706667482852936 1.4915757179260254 1.0295876264572144
-0.3503233790397644 0.9981893301010132 0.11886747181415558
-0.643945038318634 1.3430324792861938 0.08439265191555023
-0.04590888321399689 1.484419584274292 1.4967912435531616
-0.022978350520133972 1.4830453395843506 0.6050160527229309
-0.14199483394622803 1.3438464403152466 0.3768557906150818
0.0682821199297905 1.293292760848999 1.1934564113616943
-0.6882519721984863 1.446987271308899 1.9408501386642456
-0.8392409682273865 1.039283037185669 0.6395146250724792
-1.148276448249817 1.3387762308120728 1.1012663841247559
-0.5611467361450195 1.284437656402588 1.3638941049575806
-0.44238924980163574 1.1286485195159912 1.2768765687942505
-0.36589086055755615 1.4240669012069702 0.29003745317459106
-1.1547679901123047 1.2127668857574463 1.4744246006011963
-1.0749281644821167 1.4188882112503052 1.637662410736084
-1.2812309265136719 1.212604284286499 1.093406319618225
-1.0571943521499634 0.9419335126876831 0.6521008014678955
-0.13642475008964539 1.3169676065444946 1.083306908607483
-0.39770087599754333 1.205749273300171 1.0502440929412842
-0.3186241090297699 1.3065690994262695 1.4908417463302612
-1.0485491752624512 1.285092830657959 1.33922278881073
-1.0869635343551636 1.0182212591171265 0.949367344379425
-0.9346033930778503 1.489612340927124 1.7850404977798462
-0.5262930393218994 1.4438843727111816 1.7999359369277954
-1.0451172590255737 1.2406830787658691 0.5398443341255188
-0.5213953256607056 1.086322546005249 0.5370603203773499
-0.41914743185043335 1.1998291015625 0.6340959072113037
-0.41662514209747314 1.0817327499389648 0.2650989890098572
-0.1574573814868927 1.1113921403884888 0.7370431423187256
-0.6297309398651123 1.2400166988372803 0.2736068069934845
-0.4720381796360016 1.237181544303894 0.8527418971061707
-0.4537755846977234 2.3139476776123047 1.1490933895111084
-0.6916944980621338 1.2499099969863892 1.0184412002563477
-0.6299532055854797 2.5318286418914795 1.5688632726669312
-0.821748673915863 1.2962795495986938 1.275293231010437
-0.5541741251945496 2.300175189971924 1.282915711402893
0.3140432834625244 1.7624545097351074 -0.2620142996311188
-1.1072396039962769 1.3577479124069214 0.6593454480171204
-0.7169779539108276 2.3415443897247314 1.152034044265747
-0.3275142014026642 1.0760717391967773 0.8100056052207947
-0.4910707473754883 2.383302688598633 1.4621518850326538
-0.6991221308708191 1.260239601135254 0.5428969264030457
-0.7679847478866577 1.270744800567627 1.5405902862548828
-0.7595870494842529 2.8787946701049805 0.9444199204444885
-0.8020499348640442 2.642519235610962 0.9177426695823669
-0.3074307441711426 2.421020269393921 1.101352572441101
-0.3396231234073639 2.4376182556152344 1.4262995719909668
-0.4885540008544922 2.414235830307007 0.9429200887680054
-1.016628384590149 1.3310474157333374 0.9716108441352844
-0.8934483528137207 2.5407164096832275 1.0872524976730347
-0.6849582195281982 2.418768882751465 0.9634869694709778
-0.8134663701057434 1.2865824699401855 0.738885760307312
-0.819624662399292 2.5656394958496094 1.4788532257080078
-0.8838686943054199 2.4714303016662598 1.2835506200790405
-0.2232467085123062 2.5490128993988037 1.3663548231124878
0.04612121731042862 3.762086868286133 -0.31001439690589905
-0.3173201382160187 2.5897655487060547 0.9044635891914368
-0.4699147045612335 2.7185795307159424 1.5645796060562134
-0.5652949810028076 2.6720454692840576 0.8171238303184509
-0.18744346499443054 2.781381607055664 1.3407361507415771
-0.9096602201461792 3.2744932174682617 0.3141271770000458
-0.9000166058540344 3.2083752155303955 0.1652718186378479
-0.7022795677185059 2.35492205619812 1.384421706199646
-0.6383620500564575 3.048138380050659 1.1388561725616455
-0.3056934177875519 2.756258249282837 0.8538139462471008
-0.187313050031662 2.588284730911255 1.1333962678909302
-0.8204427361488342 3.526534080505371 0.3186388313770294
-0.25510311126708984 2.958091974258423 1.2738515138626099
-0.7973138093948364 2.930363893508911 1.273049235343933
-0.8686795830726624 3.30147385597229 -0.11016121506690979
-0.35755467414855957 3.08005952835083 1.048393726348877
-0.34366753697395325 2.9430902004241943 0.8597883582115173
-0.925441324710846 2.7500786781311035 1.2939352989196777
-1.1235051155090332 3.548042058944702 -0.10564941167831421
-0.9910590052604675 3.1928586959838867 0.018254701048135757
-1.1186476945877075 3.321507453918457 -0.07727019488811493
-0.29507678747177124 3.202394962310791 1.0550919771194458
-0.5303820371627808 2.909433364868164 1.4703824520111084
0.16871367394924164 3.6738901138305664 -0.33987346291542053
-1.1110895872116089 3.6739299297332764 0.11704571545124054
-1.2130779027938843 3.396296977996826 0.19184066355228424
-1.1148992776870728 3.2317700386047363 0.13420963287353516
0.06992285698652267 3.671875476837158 -0.3638620376586914
0.23261234164237976 3.765674114227295 -0.3288891613483429
0.1310083568096161 3.635620594024658 -0.2968783378601074
-0.08700975030660629 4.463009834289551 0.8556330800056458
-0.22702428698539734 3.402637243270874 1.08929443359375
-0.3143327236175537 3.261448860168457 1.102374792098999
-0.5014190673828125 4.81320858001709 0.7290117740631104
0.012163475155830383 4.870129585266113 1.08784818649292
-0.820393979549408 3.515428304672241 -0.12432406097650528
0.0655723363161087 4.45156192779541 0.8728218674659729
-0.313068687915802 4.460434913635254 0.7394993305206299
-1.064096450805664 3.3997833728790283 0.3517785966396332
-0.16105502843856812 4.416184902191162 0.8203407526016235
-0.716135561466217 3.321685314178467 0.17278461158275604
0.010602758266031742 4.477132320404053 0.6270049214363098
-0.4129682183265686 4.653212070465088 0.9076125025749207
-0.25028225779533386 5.180767059326172 1.037255048751831
-0.45755279064178467 5.00868558883667 0.5347711443901062
-0.7747470736503601 3.246666669845581 0.028202684596180916
-0.21612471342086792 4.5214996337890625 1.016093134880066
0.17467224597930908 4.601876258850098 0.7131478190422058
-0.10350754857063293 4.809020042419434 0.4112403988838196
-0.3700006306171417 4.650483131408691 0.5765057802200317
0.017428012564778328 4.641393184661865 1.0652027130126953
0.18823012709617615 4.785616397857666 0.9019107818603516
-0.43278512358665466 4.905738353729248 0.9505335688591003
-0.6234065890312195 5.237130641937256 0.9837071299552917
-0.16669097542762756 4.563108921051025 0.5263339281082153
0.19102433323860168 4.854650974273682 0.6625882983207703
0.07279043644666672 4.7730021476745605 0.4916495084762573
0.039700813591480255 5.104565620422363 0.8888381123542786
-0.3588946461677551 5.692803859710693 0.264374703168869
-0.247807577252388 5.863954544067383 0.7980928421020508
-0.33680856227874756 4.818898677825928 0.4383590519428253
-0.5513823628425598 5.008023738861084 0.9049132466316223
-0.21690228581428528 5.479726314544678 0.3247724175453186
-0.30128222703933716 5.095754146575928 0.3658682703971863
-0.6357165575027466 5.202126502990723 0.7567431330680847
-0.07192926108837128 5.69174337387085 0.517232358455658
-0.28924572467803955 6.6865057945251465 0.1981869339942932
-0.13151639699935913 5.321643352508545 0.4247238039970398
-0.1990858018398285 4.89954137802124 1.0857800245285034
-0.49073073267936707 5.268798828125 0.33919376134872437
-0.23239931464195251 6.242530822753906 0.20773713290691376
-0.16584636270999908 5.347736358642578 0.9443239569664001
0.0701262503862381 5.14094352722168 0.6386057138442993
-0.052911002188920975 5.099640369415283 0.42978355288505554
-0.46154093742370605 5.3088250160217285 1.058409333229065
-0.5881809592247009 5.641085624694824 0.5250096917152405
-0.6263309717178345 5.747703552246094 0.5150675177574158
-0.4015895128250122 5.632366180419922 0.8681079745292664
-0.617526650428772 5.446132659912109 0.42753300070762634
-0.11520590633153915 5.6941351890563965 0.7007085084915161
-0.248477041721344 5.919628143310547 0.2197227030992508
-0.3879331648349762 6.3102545738220215 0.21352198719978333
-0.17781226336956024 7.077862739562988 0.27750709652900696
-0.050143081694841385 5.400117874145508 0.791414737701416
-0.6583017110824585 5.440611362457275 0.8493159413337708
-0.12806792557239532 5.6867356300354 0.3486592769622803
-0.49086862802505493 6.690417766571045 0.25477349758148193
-0.6043304204940796 5.251891613006592 0.5984796285629272
-0.29241466522216797 6.8543524742126465 0.3236326575279236
0.06205479055643082 6.8919219970703125 0.9635322093963623
-0.13995707035064697 6.203044414520264 0.5260193347930908
-0.379920095205307 7.188809394836426 0.3962579071521759
-0.5512053966522217 6.849907875061035 0.055849339812994
0.08787284791469574 6.954803466796875 0.97481769323349
-0.25553104281425476 6.842021942138672 0.08038155734539032
-0.1587357521057129 6.061647891998291 0.3130800724029541
-0.743518590927124 7.038950443267822 0.1234213262796402
0.029091235250234604 6.92193078994751 0.9587388634681702
-0.41561874747276306 6.553942680358887 0.3648693561553955
-0.433185875415802 6.229014873504639 0.5435998439788818
-0.31565409898757935 7.268871307373047 -0.17173901200294495
-0.20340263843536377 7.192921161651611 -0.032315224409103394
-0.43446481227874756 6.010179042816162 0.6383795142173767
-0.13162194192409515 7.204965114593506 0.12683230638504028
-0.4929352402687073 5.885092258453369 0.30166399478912354
-0.4515172243118286 6.952410697937012 -0.058154135942459106
-0.6765434145927429 6.92764949798584 0.2898823022842407
-0.4730146825313568 7.289297580718994 -0.17515835165977478
-0.3872743546962738 7.332714080810547 0.403549462556839
-0.8413158655166626 8.324015617370605 1.0466417074203491
-0.6248056292533875 7.146059989929199 -0.09027155488729477
-0.23036108911037445 7.556345462799072 -0.0753423422574997
-0.724956750869751 7.184214115142822 0.2444952428340912
-0.8187264204025269 8.290650367736816 0.9820914268493652
-0.6746315956115723 7.358795166015625 -0.059637244790792465
-0.3081265389919281 8.566801071166992 0.7969321608543396
-0.42670029401779175 7.720320224761963 0.2713124454021454
-0.604415774345398 7.33811616897583 0.3463445007801056
-0.2079085111618042 7.448253154754639 0.215326189994812
0.15107782185077667 8.637691497802734 1.0812559127807617
0.25873038172721863 8.42846965789795 0.6879109740257263
-0.5116933584213257 7.650021076202393 0.02770625427365303
-0.30059805512428284 7.679405212402344 0.18426834046840668
0.10979749262332916 8.31728458404541 0.6853694915771484
-0.22135396301746368 8.419469833374023 0.9058863520622253
-0.9650270938873291 8.343674659729004 1.0956299304962158
-0.17960979044437408 8.421819686889648 0.7577415704727173
0.0874050036072731 8.307879447937012 0.8026761412620544
-0.43777382373809814 8.535240173339844 -0.3094835877418518
-0.2994527220726013 8.578889846801758 1.0235904455184937
0.10822243988513947 8.463197708129883 1.1664296388626099
0.04488266631960869 8.478527069091797 1.210924506187439
-0.7407900094985962 7.419045925140381 0.18258167803287506
0.06456686556339264 8.332756996154785 0.9423998594284058
0.12677200138568878 9.047910690307617 -0.033078718930482864
-0.10841047763824463 8.466864585876465 1.1981440782546997
-0.05922328680753708 8.676337242126465 1.2427842617034912
-0.779481053352356 8.205521583557129 1.0204869508743286
-0.7249290347099304 9.543875694274902 0.01062619686126709
0.09376028180122375 9.1831636428833 -0.2478138953447342
-0.9274927377700806 9.332773208618164 0.4186784327030182
-0.03242211788892746 9.039407730102539 -0.1452859342098236
-0.22899919748306274 8.749640464782715 0.7487025260925293
-0.8994588851928711 9.32098388671875 0.4708341658115387
-0.8495378494262695 8.500252723693848 0.9138461947441101
-0.018877800554037094 8.412163734436035 0.6001923680305481
0.19848354160785675 8.34607219696045 0.6152892708778381
-0.869659960269928 9.389208793640137 -0.10224375873804092
0.05654745548963547 9.011819839477539 -0.09332875162363052
-0.6044297814369202 9.488693237304688 -0.1042863205075264
-0.7189950346946716 9.435749053955078 -0.07101181149482727
0.23388583958148956 9.128790855407715 -0.18660736083984375
-1.0490237474441528 9.194540977478027 0.4882064461708069
0.20151470601558685 8.695046424865723 0.7327173352241516
-0.97746741771698 9.16727066040039 0.5478496551513672
-0.6045586466789246 9.705574035644531 -0.21976841986179352
-1.0234665870666504 9.499631881713867 0.03606190159916878
0.3147865831851959 9.911965370178223 1.0168845653533936
-1.1021859645843506 9.799639701843262 -0.08793432265520096
-0.9242867231369019 9.5275297164917 -0.2203029841184616
-0.6598176956176758 9.86266803741455 -0.13750167191028595
0.41313308477401733 9.804092407226562 1.0445647239685059
-1.0160342454910278 9.400100708007812 0.44198405742645264
-0.0047127967700362206 10.074307441711426 0.38429734110832214
0.3096725642681122 9.760538101196289 1.128482460975647
0.07106152176856995 9.05447769165039 -0.06143549084663391
0.4796471893787384 9.830276489257812 1.1327670812606812
-0.9270868301391602 9.51674747467041 0.24036945402622223
0.16950839757919312 9.908577919006348 1.134672999382019
-0.9631521105766296 10.280985832214355 1.2837169170379639
-0.9268290996551514 10.249102592468262 1.4596972465515137
-0.156647190451622 10.263629913330078 0.4193171560764313
-0.6318584680557251 10.427008628845215 1.2486308813095093
-0.320995032787323 10.050118446350098 0.2944660484790802
-0.3533851206302643 10.063445091247559 0.2691890597343445
-0.2996984124183655 10.02486801147461 0.10301925987005234
-0.9336106777191162 9.841001510620117 0.03619236499071121
-0.8732157349586487 9.9093017578125 -0.22162462770938873
-0.8853198289871216 10.236271858215332 1.3833078145980835
-1.0160754919052124 10.312528610229492 1.2483806610107422
0.2334953248500824 9.957924842834473 0.9975020885467529
-0.6683141589164734 10.023842811584473 0.12930439412593842
-0.8072629570960999 10.067124366760254 0.04542561620473862
-0.5435239672660828 10.268126487731934 -0.004478726536035538
0.041834816336631775 10.06552505493164 0.691738486289978
-0.6547338962554932 10.40284538269043 0.1088315099477768
-0.8039869666099548 10.482479095458984 1.4628677368164062
-0.9953745007514954 10.530442237854004 1.4699867963790894
0.031691424548625946 10.430251121520996 0.3263666033744812
-0.05261072516441345 10.746864318847656 -0.12488868832588196
-0.6996530890464783 10.348170280456543 -0.12657085061073303
-0.40441766381263733 10.593263626098633 -0.18501052260398865
-0.7419576644897461 10.425145149230957 1.35518479347229
-0.2603496015071869 10.796149253845215 -0.14899557828903198
-0.13685786724090576 10.786832809448242 -0.30861160159111023
-0.9629020690917969 10.75648307800293 0.0457926020026207
-0.7887455224990845 10.527074813842773 0.02809067815542221
-0.7143199443817139 10.647976875305176 -0.033644285053014755
-0.003468591719865799 10.765628814697266 -0.1404595971107483
-0.41091006994247437 10.705137252807617 -0.2009463906288147
-0.00022020749747753143 10.666618347167969 1.1699533462524414
-0.4490121006965637 10.861808776855469 -0.2039203643798828
0.21066513657569885 10.861346244812012 0.025453153997659683
-0.7202255725860596 10.738913536071777 1.392059087753296
0.25091224908828735 10.970561027526855 1.1292163133621216
-0.9972303509712219 10.81834888458252 0.04490862041711807
-0.19438312947750092 10.956340789794922 -0.3519974946975708
-1.2687413692474365 11.032093048095703 0.8275415897369385
-0.6754010319709778 10.86258602142334 1.428159236907959
0.3277616798877716 11.137722969055176 0.7733256816864014
0.32312142848968506 11.072721481323242 0.8319709897041321
0.005874317139387131 11.009968757629395 -0.24594548344612122
-1.0849733352661133 10.971709251403809 0.016948731616139412
0.4151208698749542 11.09050464630127 1.0204806327819824
0.4026029706001282 11.136336326599121 0.06006825715303421
0.26550406217575073 11.21561336517334 1.2076373100280762
0.34925577044487 11.173614501953125 0.9527009129524231
0.47185197472572327 11.231742858886719 0.6843463778495789
-1.2879709005355835 11.298389434814453 0.35306379199028015
-0.44073864817619324 11.269346237182617 0.9853543043136597
-1.0531988143920898 11.25967025756836 0.33187174797058105
0.30023276805877686 11.243599891662598 1.0935792922973633
-0.3698183298110962 11.192169189453125 -0.10259118676185608
-0.8061200976371765 11.348882675170898 0.3186858594417572
-0.08624989539384842 11.310158729553223 1.1850881576538086
-0.4525933265686035 11.373129844665527 -0.3261798918247223
-0.4360637962818146 11.428512573242188 1.1983524560928345
0.18917988240718842 11.383685111999512 0.10829521715641022
-0.042501695454120636 11.454080581665039 1.3868902921676636
0.4688383638858795 11.477842330932617 0.1271047443151474
-0.4660986363887787 11.496503829956055 0.4166221618652344
-1.3993791341781616 11.460710525512695 0.7671733498573303
-1.2181187868118286 11.519303321838379 0.974808931350708
-0.5849878787994385 11.487066268920898 -0.29272210597991943
0.28601309657096863 11.500886917114258 -0.2766825556755066
-0.1975921243429184 11.539701461791992 -0.49727943539619446
-1.2860352993011475 11.553471565246582 0.4596706032752991
-0.3538518249988556 11.551816940307617 0.06743171811103821
-0.4524415135383606 11.56240463256836 0.8204910159111023
0.556228756904602 11.578535079956055 0.4874083399772644
