166
-0.7606220841407776 7.225785255432129 0.6778537631034851
-0.7996987700462341 7.118755340576172 0.30826887488365173
-0.6315133571624756 7.01547384262085 0.7009457945823669
-0.0879649966955185 7.26062536239624 0.38899341225624084
-0.6858684420585632 6.947046756744385 0.3039190173149109
-0.2161964625120163 6.890713691711426 0.05765090510249138
-0.2734465003013611 6.996191501617432 0.6356261968612671
-0.5667099356651306 7.113285064697266 0.8775277137756348
-0.2606247067451477 6.916114807128906 -0.02235482819378376
-0.4893592596054077 7.071516990661621 -0.12076032906770706
-0.14164558053016663 7.114382266998291 0.46318089962005615
-0.5595079064369202 6.902463436126709 0.18680819869041443
-0.8182594776153564 7.115726470947266 0.5492026209831238
-0.6541973352432251 7.022897243499756 0.0729561299085617
-0.4219723641872406 6.9765729904174805 0.5867106914520264
-0.35149285197257996 6.857512950897217 0.284126877784729
-0.4979933798313141 6.92918586730957 0.38599976897239685
-0.22832226753234863 6.872600555419922 0.21241365373134613
-0.28533315658569336 7.212990760803223 -0.23680804669857025
-0.9718218445777893 7.934450149536133 0.5968404412269592
-0.6560431122779846 7.9663405418396 0.5809715986251831
-0.09702309966087341 7.043062210083008 -0.0605359822511673
-0.15990902483463287 7.437442779541016 0.29578524827957153
-0.8330110907554626 7.336360454559326 0.30517950654029846
-0.5493050813674927 7.505052089691162 0.4273827373981476
-0.03824362903833389 7.192432403564453 0.055058129131793976
-0.37081724405288696 6.971590042114258 0.8036683201789856
-0.6497687101364136 7.178773880004883 -0.06532039493322372
-0.17078831791877747 7.446019172668457 -0.0676867812871933
-0.3883696496486664 7.537997245788574 0.9017578363418579
-0.5135210752487183 7.373855113983154 -0.1669083684682846
-0.4185669720172882 7.53812313079834 0.6726048588752747
-0.4258102476596832 7.67066764831543 0.3927905261516571
-0.7289472818374634 7.656497478485107 0.6743985414505005
-0.4123827815055847 7.131726264953613 0.9541976451873779
-0.4216935336589813 7.276750087738037 1.0075231790542603
-0.2997030019760132 7.6874003410339355 0.07108593732118607
-0.7582407593727112 7.406074523925781 0.13016144931316376
-0.377194344997406 7.685929298400879 -0.12799431383609772
-0.6216967105865479 7.501229286193848 -0.05703500658273697
-0.9879338145256042 7.746204376220703 0.5442475080490112
-0.19726401567459106 7.112791061401367 0.9200167655944824
-0.24557183682918549 7.557186603546143 0.6489673256874084
-0.182184100151062 8.788018226623535 -0.010813780128955841
-0.4187856912612915 7.764801502227783 0.2959781289100647
-0.5814979076385498 7.8548173904418945 -0.019139660522341728
-0.38224855065345764 7.891195774078369 -0.13503961265087128
-0.9070970416069031 7.790984153747559 0.8682002425193787
-0.8585283756256104 7.604856967926025 0.6450625658035278
-0.148579940199852 7.095064640045166 0.811351478099823
-0.3396535813808441 8.11237907409668 0.12236998975276947
-0.4416012763977051 8.57906723022461 0.0831044539809227
-0.32470929622650146 8.640377044677734 0.1987871527671814
-0.5946725606918335 8.350750923156738 0.009717890992760658
-0.5438485145568848 8.129467010498047 -0.07870405167341232
-0.9036155939102173 7.696816444396973 0.7268319129943848
-0.07023835182189941 8.790947914123535 0.14461177587509155
-0.7207433581352234 7.876643657684326 0.840732991695404
-0.47765976190567017 8.010815620422363 0.13490310311317444
-0.3789474368095398 8.32351303100586 0.01257341355085373
-0.7605277299880981 8.922860145568848 -0.04287106171250343
-0.6181423664093018 8.685827255249023 0.1598808914422989
-0.13848364353179932 8.70787525177002 0.21950361132621765
-0.13903118669986725 9.080830574035645 0.0212105680257082
-0.3787386417388916 9.031137466430664 -0.01949525997042656
-0.6737195253372192 8.743538856506348 -0.06414882093667984
-0.3222159445285797 8.858405113220215 0.34454092383384705
-0.7246567010879517 8.831290245056152 0.19978612661361694
0.2503661513328552 9.509627342224121 1.2116036415100098
-1.1431593894958496 8.931239128112793 0.985511839389801
-0.6450639367103577 8.980847358703613 0.32211631536483765
0.06445576250553131 8.85075855255127 0.24102362990379333
-1.162505865097046 9.796149253845215 0.17776037752628326
-0.8504047393798828 9.076738357543945 0.23155197501182556
-0.9368605613708496 9.219955444335938 0.004527293145656586
-0.06691551208496094 8.973714828491211 0.40361350774765015
0.24924258887767792 9.47402572631836 1.066631555557251
-1.1942498683929443 8.920236587524414 0.9902268052101135
0.0689910277724266 9.497777938842773 1.2866860628128052
0.18683777749538422 9.395840644836426 1.1261215209960938
-0.7802276015281677 9.059097290039062 -0.0719614177942276
-0.8904523849487305 9.522710800170898 0.22454765439033508
0.17908892035484314 9.429435729980469 1.277882695198059
0.06602412462234497 8.993722915649414 0.38180992007255554
-0.8512706160545349 9.66340446472168 -0.031648844480514526
-0.8496345281600952 9.289397239685059 0.27528703212738037
-1.0533040761947632 9.741922378540039 0.3261655569076538
-0.5513999462127686 9.188745498657227 0.19156761467456818
0.17573872208595276 9.738317489624023 1.1660149097442627
-1.2122780084609985 9.789133071899414 0.1463639736175537
-0.44868817925453186 10.185110092163086 0.04421829432249069
-0.8633794784545898 9.362679481506348 0.3069837689399719
0.2545655071735382 9.625229835510254 1.4102689027786255
0.027773678302764893 9.021055221557617 0.07523428648710251
-0.6727833151817322 10.166561126708984 0.9294059872627258
-0.779494047164917 10.210090637207031 0.791828453540802
-1.087001085281372 9.800118446350098 -0.09212171286344528
-0.6708235740661621 10.221746444702148 0.6662213206291199
-1.185808539390564 10.082801818847656 0.08075471222400665
-0.8402284383773804 9.742630958557129 0.11975406110286713
-0.8460866212844849 10.078225135803223 0.2489696592092514
-0.49433252215385437 10.201574325561523 0.9093860983848572
-0.8389216065406799 10.207160949707031 0.9250696897506714
-0.9483988881111145 9.99768352508545 0.034063391387462616
-0.4170207381248474 10.263566970825195 1.0582817792892456
-0.49212926626205444 10.175662994384766 0.8020263910293579
-0.8044646978378296 10.489497184753418 0.7565237879753113
-0.47466716170310974 10.077900886535645 -0.0271746926009655
-0.1812669038772583 10.503229141235352 -0.16625866293907166
-0.9935175776481628 10.221957206726074 0.4379570782184601
-0.6830762028694153 10.395391464233398 1.1898508071899414
0.20930056273937225 9.738259315490723 1.1765353679656982
-0.9991933703422546 10.238690376281738 0.13933882117271423
-0.7256041765213013 10.706094741821289 0.948550820350647
-0.05011644586920738 10.721246719360352 -0.1741551011800766
-0.4092259705066681 10.49359130859375 1.1200350522994995
-0.362811416387558 10.673535346984863 0.9293220639228821
-0.9899996519088745 10.531408309936523 0.40135374665260315
-0.4845154881477356 10.622756004333496 0.7346910238265991
-0.9303526878356934 10.601034164428711 0.4832277297973633
-0.12380607426166534 10.772958755493164 -0.28211966156959534
-0.5760341286659241 10.851677894592285 0.38531777262687683
-0.4843621551990509 10.65160846710205 1.068529486656189
-1.0380897521972656 10.5392484664917 0.2678689658641815
-0.8950676321983337 10.55867862701416 0.1690516471862793
-0.9400710463523865 10.580820083618164 0.5979945063591003
0.029861997812986374 10.833582878112793 -0.25743547081947327
-0.3412909507751465 10.80593204498291 0.8048245310783386
-0.3005293905735016 10.83536148071289 0.5226792097091675
-0.500828206539154 10.894037246704102 0.3616314232349396
-0.5773910880088806 10.953376770019531 0.25956296920776367
-1.1819905042648315 10.932686805725098 0.7534915208816528
-0.3492578864097595 10.88413143157959 1.1694250106811523
-0.9555755853652954 11.13023567199707 -0.17929291725158691
-0.9115774035453796 10.865730285644531 0.3326537311077118
-0.07490378618240356 11.022818565368652 -0.09561971575021744
-0.7235491871833801 10.982006072998047 1.2164804935455322
-0.043729715049266815 11.065762519836426 0.33131569623947144
-0.7111376523971558 11.082646369934082 1.2029942274093628
-1.0777502059936523 11.125920295715332 -0.19007526338100433
0.4398488700389862 11.144015312194824 1.3233299255371094
0.40023520588874817 11.242414474487305 -0.19234855473041534
-0.350539892911911 11.236858367919922 -0.2992973029613495
0.32979345321655273 11.316718101501465 0.07672952115535736
0.30500686168670654 11.229864120483398 -0.1357041299343109
-1.0485570430755615 11.12846851348877 0.20382682979106903
0.37425920367240906 11.268742561340332 0.2868533134460449
-0.2554199993610382 11.238800048828125 1.302046298980713
0.11681754887104034 11.361817359924316 -0.28889548778533936
-0.06960587203502655 11.358932495117188 0.6508157253265381
0.12211289256811142 11.355271339416504 -0.27940833568573
0.3567570447921753 11.372299194335938 -0.2927679121494293
0.4349886476993561 11.410594940185547 -0.11953361332416534
-0.9125942587852478 11.381913185119629 -0.18976163864135742
-0.07808432728052139 11.41841983795166 1.2622286081314087
-0.8328431844711304 11.433453559875488 -0.14559626579284668
0.28778278827667236 11.51298999786377 1.243924856185913
-0.771430253982544 11.458974838256836 -0.020753584802150726
-1.2256253957748413 11.497852325439453 0.16856655478477478
-1.1238011121749878 11.496557235717773 0.651572048664093
-0.923104465007782 11.544563293457031 1.0230509042739868
-0.5430553555488586 11.543048858642578 -0.19340544939041138
0.2066764384508133 11.543269157409668 1.1255239248275757
-1.377690315246582 11.56584644317627 1.366263508796692
-0.6228398084640503 11.575100898742676 0.5272601246833801
0.5678490400314331 11.581807136535645 0.01523812860250473
