1695
-2.3863754272460938 0.2845063805580139 1.5926704406738281
-2.386474609375 0.284606397151947 -0.7598344087600708
-2.3863744735717773 0.4056685268878937 0.760550320148468
0.9211299419403076 0.2846064567565918 -0.8514015674591064
-2.094625234603882 0.284606397151947 -0.020323820412158966
-1.341597080230713 0.2846062183380127 -1.205398678779602
-0.4295705556869507 0.284606397151947 1.2443084716796875
-0.9454113245010376 0.284606397151947 -0.9318774342536926
-0.9761853218078613 0.2846066951751709 -1.2053987979888916
0.9210317134857178 0.2845063805580139 -1.2053477764129639
-2.386474609375 0.2846064567565918 -0.2640753984451294
-2.386474609375 0.28460657596588135 0.28127193450927734
-2.386474609375 0.28460633754730225 -0.4848630428314209
-1.7882822751998901 0.28460800647735596 2.141308307647705
-2.386474609375 0.2846064567565918 -0.008633732795715332
-2.3863754272460938 0.2845063805580139 0.6913814544677734
0.6672290563583374 0.2845063805580139 -1.2052973508834839
-0.551506519317627 0.28460633754730225 -1.2053989171981812
-2.053493022918701 0.284606397151947 1.283998727798462
0.113934725522995 0.2846064269542694 2.141308307647705
0.9211299419403076 0.2846064567565918 -0.9028875827789307
0.9211299419403076 0.2846064567565918 -0.7524542808532715
-2.386474609375 0.28460633754730225 0.11160516738891602
-1.5754544734954834 0.284606397151947 1.858142614364624
-0.4407951831817627 0.2846064567565918 -1.2053989171981812
-2.3826866149902344 0.2846062183380127 2.141308307647705
-2.386474609375 0.2846066951751709 -0.14599454402923584
0.9211299419403076 0.2846064567565918 -1.0118577480316162
-2.065335512161255 0.284606397151947 1.680432915687561
-1.0894076824188232 0.2846064567565918 -1.205398678779602
0.9211300611495972 0.2846064567565918 1.3718582391738892
0.9210300445556641 0.43850335478782654 1.567980170249939
-1.864390254020691 0.284606397151947 1.7022677659988403
-2.3863754272460938 0.2845063805580139 1.872899055480957
-2.1876964569091797 0.2845063805580139 2.141207695007324
0.9210313558578491 0.2845063805580139 -0.6727877259254456
-2.386474609375 0.2846065163612366 -0.6495434045791626
0.9211005568504333 0.2846066355705261 -1.2053993940353394
-2.386474609375 0.2846067547798157 -0.8672417998313904
-1.95794677734375 0.2845063805580139 2.141207695007324
0.921032726764679 0.2845063805580139 0.8828125
-1.445901870727539 0.2845063805580139 -1.205301284790039
0.32794302701950073 0.284606397151947 1.5690151453018188
-0.5565248131752014 0.284606397151947 -0.9000741243362427
0.3833475112915039 0.2846064567565918 -1.2053991556167603
-2.386474370956421 0.28455519676208496 2.141207695007324
-2.3863754272460938 0.2845063805580139 1.007349967956543
-0.39211687445640564 0.284606397151947 -0.8007417321205139
-2.386474609375 0.5717880129814148 -1.2052984237670898
-2.386474609375 0.284606397151947 -1.2053496837615967
-1.7430996894836426 0.284606397151947 -0.6440266370773315
-1.469707727432251 0.284606397151947 -0.9068520665168762
-2.3863744735717773 0.2845063805580139 1.7000150680541992
-2.0969033241271973 0.284606397151947 -0.7239603400230408
0.9210281372070312 0.2845063805580139 2.0470380783081055
-1.88157320022583 0.284606397151947 1.3247970342636108
0.36842209100723267 0.284606397151947 -0.9248570203781128
-1.5365972518920898 0.2845063805580139 -1.205301284790039
-2.386474609375 0.2846064567565918 0.5181286334991455
-1.6764135360717773 0.284606397151947 -0.8165017366409302
-0.08022117614746094 0.2845063805580139 -1.205297827720642
-1.2465083599090576 0.284606397151947 -0.9251419305801392
-1.8727102279663086 0.2845063805580139 -1.2052984237670898
-2.3864238262176514 0.2846064567565918 -1.2053983211517334
0.9210309982299805 0.2845063805580139 1.7733583450317383
-2.0122897624969482 0.284606397151947 1.8444578647613525
0.9210300445556641 0.2845063805580139 1.0996551513671875
-0.10506343841552734 0.2845063805580139 2.141207695007324
-2.386474609375 0.28460657596588135 -0.37400805950164795
0.5711960196495056 0.28460636734962463 2.141308307647705
0.9210301637649536 0.2845603823661804 2.141308307647705
-2.386474370956421 0.2846066951751709 1.4893584251403809
0.9210329055786133 0.2845063805580139 1.6752700805664062
0.7737436294555664 0.2845063805580139 2.141206741333008
-1.2319393157958984 0.2845063805580139 -1.205301284790039
-1.9566876888275146 0.284606397151947 -0.15638265013694763
0.9210300445556641 0.2845063805580139 1.4701080322265625
0.9211300611495972 0.2846065163612366 1.5739294290542603
-1.8821251392364502 0.284606397151947 1.1306387186050415
-2.0987343788146973 0.284606397151947 0.7674028277397156
-1.3117189407348633 0.2845063805580139 2.141207695007324
0.9210319519042969 0.2845063805580139 -0.5790044069290161
0.9210281372070312 0.2845063805580139 2.1412534713745117
-2.386474370956421 0.2846062183380127 0.9299530982971191
-1.772953987121582 0.2845063805580139 -1.205301284790039
-1.3161448240280151 0.284606397151947 -0.7561776041984558
0.9211300611495972 0.2846065163612366 1.893888235092163
-0.12130265682935715 0.7567327618598938 2.70247745513916
-0.37743377685546875 0.2845063805580139 2.141207695007324
-0.005019783973693848 0.2845063805580139 -1.2052996158599854
-1.6770715713500977 0.2845063805580139 -1.205301284790039
-2.0252628326416016 0.284606397151947 -0.9002435207366943
-1.922458291053772 0.49529996514320374 -1.2052985429763794
0.5121219754219055 0.284606397151947 0.47466519474983215
-1.4656352996826172 0.2846059799194336 2.141308307647705
-1.959162950515747 0.2846062183380127 -1.205398440361023
-0.6685075759887695 0.2845063805580139 2.141207695007324
-2.386474370956421 0.6695513725280762 2.1412088871002197
-2.386474370956421 0.2846066951751709 1.302898645401001
-0.77386474609375 0.2845063805580139 2.141207695007324
0.9210291504859924 0.2845063805580139 0.6555368304252625
-2.3863754272460938 0.2845063805580139 1.931117057800293
-2.073289394378662 0.284606397151947 1.0908517837524414
0.9210320711135864 0.2845063805580139 0.03830006718635559
-2.3680202960968018 0.2846064567565918 -1.2053983211517334
-2.3863744735717773 0.30042827129364014 1.2417014837265015
-0.7006946206092834 0.2845063805580139 -1.2052953243255615
-0.8804359436035156 0.2845063805580139 2.141207695007324
-2.386474370956421 0.2846064567565918 1.183246374130249
-0.9597993493080139 0.284606397151947 1.7365707159042358
-2.3863742351531982 0.7893640995025635 -1.2053983211517334
0.9211300015449524 0.2846064567565918 0.132124662399292
-2.095022201538086 0.284606397151947 0.3811963200569153
-1.6864948272705078 0.2845063805580139 2.141206741333008
-2.386474609375 0.28460657596588135 -1.02247154712677
-2.1592118740081787 0.2846064567565918 -1.205398440361023
-2.3863754272460938 0.2845063805580139 1.073293685913086
0.9210299253463745 0.5270331501960754 -0.564949631690979
-0.6177041530609131 0.284606397151947 1.909641146659851
-1.3395676612854004 0.284606397151947 1.8441009521484375
-1.8056727647781372 0.284606397151947 -0.9248975515365601
-2.38637638092041 0.2845063805580139 -0.9479484558105469
-2.0985379219055176 0.284606397151947 -0.26645559072494507
-1.7895209789276123 0.284606397151947 1.8601099252700806
-0.8944282531738281 0.2846064567565918 -1.2053987979888916
-2.0411627292633057 0.2846064567565918 -1.205398440361023
0.06509421020746231 0.5562190413475037 -1.2052991390228271
0.4035697877407074 0.2846065163612366 2.141308307647705
0.9210302233695984 0.7559165358543396 -1.2053993940353394
-1.575840950012207 0.2845063805580139 2.141206741333008
-2.3863723278045654 0.897905707359314 -1.2053983211517334
-2.061509132385254 0.2845063805580139 2.141206741333008
-0.34762096405029297 0.2846064567565918 -1.2053989171981812
0.9211300611495972 0.2846064567565918 1.203716516494751
0.6078944802284241 0.284606397151947 -0.10889542102813721
0.9210302233695984 0.5241772532463074 -1.2053993940353394
-2.0510096549987793 0.284606397151947 0.5780084729194641
0.9210296869277954 0.2845063805580139 -0.2556164562702179
0.2770392894744873 0.28460657596588135 -1.2053991556167603
-0.8086440563201904 0.2846064567565918 -1.2053987979888916
-0.0015952885150909424 0.2846064269542694 2.141308307647705
0.8290364742279053 0.2845063805580139 -1.2052972316741943
0.5723101496696472 0.284606397151947 -0.8805426359176636
-0.8642266392707825 0.284606397151947 1.9366196393966675
0.9210289120674133 0.2845063805580139 0.24699440598487854
-1.0787420272827148 0.2845063805580139 2.141206741333008
0.29299068450927734 0.2845063805580139 2.1412086486816406
0.4568062126636505 0.284606397151947 1.265084981918335
0.1059335470199585 0.2846064567565918 -1.2053990364074707
-2.386375665664673 0.8858059644699097 2.141308307647705
-1.6075458526611328 0.2845063805580139 -1.2053003311157227
0.9211300015449524 0.28460657596588135 0.5534369945526123
-0.25382199883461 0.284606397151947 1.7317525148391724
-1.8713552951812744 0.2846081256866455 2.141308307647705
-0.6251760125160217 0.2845063805580139 -1.2052980661392212
0.5514624118804932 0.28460657596588135 -1.2053992748260498
0.3369715213775635 0.284606397151947 1.896126389503479
-0.5795484185218811 0.28460636734962463 2.141308307647705
-0.4857044219970703 0.2845063805580139 2.141206741333008
0.4693254232406616 0.2845063805580139 -1.2052993774414062
-0.15223826467990875 0.284606397151947 1.0001596212387085
0.6029825210571289 0.284606397151947 -0.2798922061920166
0.19015789031982422 0.2845063805580139 -1.2053004503250122
0.06679379940032959 0.284606397151947 -0.053715284913778305
-0.12230454385280609 0.284606397151947 1.8916568756103516
0.9210318326950073 0.2845063805580139 -0.060049448162317276
0.9210297465324402 0.2845063805580139 0.7825718522071838
0.14702896773815155 0.284606397151947 -0.9008992910385132
0.9210314750671387 0.2845063805580139 -0.47828879952430725
-1.824016809463501 0.284606397151947 0.22562956809997559
-2.3863744735717773 0.2845063805580139 0.39754199981689453
0.9211300015449524 0.2846064567565918 -0.3702378273010254
0.20712324976921082 0.284606397151947 -0.6069626808166504
0.64252769947052 0.284606397151947 1.4631267786026
-0.21750189363956451 0.284606397151947 -0.7152540683746338
-1.507707953453064 0.284606397151947 -0.7236460447311401
0.22477683424949646 0.284606397151947 1.7140785455703735
0.007384639233350754 0.284606397151947 1.6917084455490112
0.6171062588691711 0.284606397151947 -0.7058345079421997
0.9210299849510193 0.2845063805580139 0.431045800447464
-0.25907549262046814 0.284606397151947 -0.9051887392997742
0.6245478987693787 0.284606397151947 -0.5262894034385681
-1.3753547668457031 0.284606397151947 -0.5760418176651001
-2.072370767593384 0.284606397151947 0.18542234599590302
-1.9106245040893555 0.284606397151947 0.7456331253051758
-0.5278195142745972 0.6638091802597046 2.1412081718444824
-2.0801053047180176 0.284606397151947 1.4997409582138062
0.5557721853256226 0.284606397151947 1.8345471620559692
-2.386474609375 0.28460657596588135 -0.569076657295227
-2.093301773071289 0.284606397151947 -0.5247277021408081
0.9211300611495972 0.2846064567565918 1.2845499515533447
0.004570370074361563 0.284606397151947 -0.5805138945579529
-1.9054116010665894 0.284606397151947 1.5183539390563965
-2.3863840103149414 0.2845063805580139 2.141206741333008
-1.8216155767440796 0.284606397151947 0.9372249841690063
0.48907947540283203 0.2845063805580139 2.141207695007324
0.9211301207542419 0.8206043243408203 2.1412084102630615
-2.3863744735717773 0.6946576833724976 1.8789186477661133
-2.3863754272460938 0.2845063805580139 0.8405981063842773
-0.8447514772415161 0.284606397151947 -0.5274769067764282
-0.27570629119873047 0.2845063805580139 2.1412057876586914
-1.8908025026321411 0.284606397151947 -0.7621913552284241
-2.386474609375 0.4332675337791443 -1.2052984237670898
-1.695780634880066 0.284606397151947 1.6547647714614868
-2.3863744735717773 0.41034355759620667 -0.3178948163986206
-2.3863744735717773 0.5653043985366821 -0.8479962944984436
-1.5255458354949951 0.284606397151947 1.3002041578292847
-1.4804993867874146 0.284606397151947 1.1148098707199097
-2.386474370956421 1.132631540298462 -1.2053120136260986
-2.386373519897461 0.2845063805580139 0.1949310302734375
-0.6142416000366211 0.5426487326622009 -1.205298900604248
-1.947840690612793 0.284606397151947 -0.37074926495552063
-1.7803168296813965 0.284606397151947 -0.2673048973083496
-2.3863744735717773 0.5962300300598145 1.1912081241607666
-1.9195096492767334 0.284606397151947 0.07474294304847717
-1.9347623586654663 0.284606397151947 -0.5983128547668457
-0.7341629862785339 0.284606397151947 1.731441617012024
0.4250669479370117 0.284606397151947 -0.7445371150970459
-1.5632193088531494 0.284606397151947 -0.5402979850769043
0.9211299419403076 0.6410918235778809 -1.2052996158599854
-1.7169822454452515 0.284606397151947 1.2473841905593872
-1.9297751188278198 0.284606397151947 0.3757494390010834
0.6144372224807739 0.34890666604042053 -1.2052992582321167
0.16131910681724548 0.284606397151947 -0.2976454198360443
0.2043406069278717 0.2846064269542694 2.141308307647705
0.9210300445556641 0.2845063805580139 0.9899053573608398
0.2984199523925781 0.284606397151947 0.4387114942073822
-2.3863744735717773 1.0108572244644165 -1.2053983211517334
-1.1633269786834717 0.2846062183380127 -1.205398678779602
-0.9824275970458984 0.2845063805580139 2.141207695007324
-0.9274347424507141 0.284606397151947 -0.7582141757011414
-1.3100801706314087 0.284606397151947 1.6448845863342285
-2.3863773345947266 0.2845063805580139 -0.0783395767211914
0.9211299419403076 0.37787961959838867 -1.2052996158599854
-1.8704452514648438 0.6510877013206482 2.1412081718444824
-1.173645257949829 0.284606397151947 1.419451355934143
-2.386474370956421 0.5554654598236084 2.1412088871002197
-1.77044677734375 0.284606397151947 -0.4629809558391571
0.9211301207542419 0.471509724855423 2.1412084102630615
-1.4848453998565674 0.284606397151947 1.6966508626937866
0.06022879108786583 0.284606397151947 0.39495378732681274
-1.182120442390442 0.284606397151947 0.8878982067108154
-2.3863744735717773 0.7572970986366272 -0.9504912495613098
-1.0003256797790527 0.284606397151947 1.5127238035202026
-2.386474609375 0.685001790523529 -1.2052984237670898
-2.3863747119903564 0.43553173542022705 2.141308307647705
-2.386474370956421 1.109033226966858 2.1412081718444824
-2.386474370956421 0.7794489860534668 2.1412081718444824
-0.3379727005958557 0.749839723110199 2.5624516010284424
-0.20538915693759918 0.40860697627067566 -1.2052990198135376
0.9210300445556641 0.4483596384525299 1.0514122247695923
-2.386474609375 0.2846064567565918 0.6172029972076416
0.9211301207542419 0.600517988204956 2.1412084102630615
0.6721721887588501 0.6926084756851196 -1.2052993774414062
-0.18868255615234375 0.2845063805580139 2.141207695007324
0.9211300611495972 0.28460657596588135 1.849621057510376
0.9211300015449524 0.2846064567565918 0.34294605255126953
-2.3863744735717773 0.6807205080986023 0.019110141322016716
-0.9397343993186951 0.284606397151947 0.021739378571510315
-1.9937865734100342 0.7182228565216064 -1.2052985429763794
-2.3863744735717773 0.49422046542167664 -0.6089292168617249
-1.138924241065979 0.284606397151947 1.627273440361023
-1.3718832731246948 0.284606397151947 -0.4008501172065735
-2.386474370956421 0.2846064567565918 1.396352767944336
-0.008941099978983402 0.284606397151947 -0.40995606780052185
0.46582722663879395 0.284606397151947 -0.378305584192276
0.07851822674274445 0.284606397151947 1.8918348550796509
-0.5436094403266907 0.284606397151947 -0.7047845721244812
-1.7995688915252686 0.284606397151947 -0.08338337391614914
0.9211301207542419 0.921460747718811 2.141209602355957
-0.8626164197921753 0.5292457938194275 -1.2052987813949585
0.9211300611495972 0.2846064567565918 0.7301054000854492
-1.7001255750656128 0.284606397151947 1.055125117301941
-2.003678560256958 0.44175004959106445 2.1412081718444824
-2.3863744735717773 0.5816670060157776 0.9865527749061584
-1.3877086639404297 0.2845063805580139 2.141207695007324
-2.3863744735717773 0.5747779607772827 -0.12429267168045044
-1.3622599840164185 0.284606397151947 1.4668809175491333
-2.1533665657043457 0.5628883838653564 -1.2052984237670898
-0.7416361570358276 0.3273163437843323 3.2724838256835938
-0.6313174962997437 0.284606397151947 1.5546493530273438
-0.3527275025844574 0.284606397151947 -0.1901962161064148
0.5518888235092163 0.543972373008728 2.1412081718444824
0.9210385680198669 0.8677370548248291 -1.2053993940353394
0.9210387468338013 0.9733594059944153 -1.2053993940353394
0.9211300015449524 0.2846066951751709 -0.31735682487487793
0.9210301041603088 0.6576252579689026 1.9669755697250366
-2.38637638092041 0.2845063805580139 0.4489774703979492
0.9210299253463745 0.5667399168014526 -0.7950319647789001
0.9210300445556641 0.6256861090660095 1.7514766454696655
0.9210299849510193 0.4573170244693756 0.14569570124149323
-1.2406551837921143 0.284606397151947 -0.26465851068496704
0.4429110884666443 0.284606397151947 -0.05426718294620514
-2.3863744735717773 0.4867474138736725 1.794097900390625
0.635593593120575 0.284606397151947 1.2153441905975342
0.1002330332994461 0.284606397151947 1.5172175168991089
0.252675861120224 0.5311136245727539 2.1412081718444824
0.9210299253463745 0.6979942321777344 -0.9584665298461914
-2.091139078140259 0.6671743988990784 2.1412081718444824
-1.235135793685913 0.2846059799194336 2.141308307647705
0.9210301041603088 0.7171784043312073 2.141308307647705
-0.10663080215454102 0.28459739685058594 2.6924242973327637
-1.7463823556900024 0.284606397151947 0.40744099020957947
0.6915750503540039 0.2845063805580139 2.141207695007324
0.9210300445556641 0.5606192350387573 1.3042004108428955
0.9210299849510193 0.5968533754348755 0.3471597135066986
0.9210300445556641 0.8646474480628967 1.8464843034744263
-2.0170905590057373 0.8253474235534668 2.1412081718444824
-2.3863754272460938 0.2845063805580139 1.6670665740966797
-1.3395801782608032 0.284606397151947 1.2509709596633911
-0.8319688439369202 0.284606397151947 1.578505277633667
-2.3863744735717773 0.6023303866386414 1.4295542240142822
-2.3863744735717773 0.5849416255950928 1.597098469734192
-2.3863744735717773 0.6721379160881042 -0.6806076169013977
-1.1455698013305664 0.2845063805580139 2.141207695007324
-0.04993181675672531 0.5648348331451416 2.1412081718444824
-0.7366533875465393 0.284606397151947 -0.8717597723007202
-1.7288923263549805 0.284606397151947 1.4672249555587769
-2.3863744735717773 0.756470799446106 1.0463112592697144
-1.7053269147872925 0.284606397151947 0.08616489171981812
-1.3164308071136475 0.5782610774040222 2.1412081718444824
-0.37182536721229553 0.284606397151947 1.9110288619995117
-0.8535635471343994 0.749839723110199 2.617823600769043
-1.3949015140533447 0.284606397151947 0.31214186549186707
-1.1145131587982178 0.284606397151947 -0.7977532148361206
-1.1093592643737793 0.7848649024963379 2.1412081718444824
-0.35951662063598633 0.2846064567565918 -1.2053989171981812
-1.3140686750411987 0.5335938334465027 -1.205298662185669
-2.3863744735717773 0.8273590803146362 1.4927856922149658
-2.1369762420654297 0.8465828895568848 -1.2052984237670898
-2.3863744735717773 0.9044917225837708 1.8911347389221191
0.6190404891967773 0.284606397151947 0.614699125289917
-0.30068808794021606 0.5708392262458801 2.1412081718444824
-0.007988976314663887 0.284606397151947 -0.7376695871353149
-0.010889902710914612 0.7497397065162659 2.5758554935455322
0.3134021759033203 0.5299278497695923 -1.2052992582321167
-2.3863744735717773 0.5822141766548157 0.5795039534568787
0.9210317134857178 0.2845063805580139 -0.1640685498714447
-0.005536333657801151 1.0077698230743408 2.1412081718444824
-2.098788022994995 1.2373270988464355 -0.03728228062391281
-1.5201263427734375 0.5754157900810242 -1.205298662185669
0.6492171883583069 0.284606397151947 0.08630702644586563
-0.15447378158569336 0.2845063805580139 -1.2053006887435913
-0.6589062213897705 0.2845953404903412 2.6925244331359863
0.9210299849510193 0.2865038812160492 0.48495280742645264
-2.007593870162964 0.9170289039611816 1.8043737411499023
-1.1661258935928345 0.284606397151947 0.30417579412460327
-2.05886173248291 0.886081874370575 -0.3090038299560547
-1.5131245851516724 0.615119218826294 2.1412081718444824
0.46801528334617615 0.284606397151947 1.470332384109497
0.4959370791912079 0.8170429468154907 -1.2052992582321167
-2.3860015869140625 1.4763745069503784 -1.2050738334655762
-1.6652272939682007 0.284606397151947 0.5800788402557373
-1.8511593341827393 0.284606397151947 0.5778791904449463
-1.6100002527236938 0.284606397151947 -0.11634518206119537
-0.7021390795707703 0.5711074471473694 2.1412081718444824
-1.7196366786956787 0.284606397151947 0.7856625318527222
-1.6942343711853027 0.7419384717941284 2.1412081718444824
-2.3863744735717773 0.8050331473350525 -0.15941214561462402
0.44504866003990173 0.284606397151947 -0.583687961101532
-1.502274751663208 0.284606397151947 0.1266179382801056
-2.3863744735717773 0.9538168907165527 -0.9098809957504272
0.46907344460487366 0.6402067542076111 -1.2052992582321167
-1.7141494750976562 0.5159679651260376 2.1412081718444824
0.9210299849510193 0.6590189337730408 0.11311817914247513
0.9210299849510193 0.5381109714508057 -0.09845401346683502
-1.5303512811660767 0.284606397151947 1.517236590385437
-2.0087525844573975 0.284606397151947 0.9336252808570862
0.6030892729759216 0.284606397151947 1.642242431640625
-2.3863744735717773 0.6680504083633423 0.8043822050094604
-0.854947030544281 0.749839723110199 2.5115151405334473
-0.4744485020637512 0.28460636734962463 2.6924242973327637
-0.8534923195838928 0.284606397151947 1.1950807571411133
0.44543686509132385 0.284606397151947 0.3003474771976471
-1.9979557991027832 0.6603544354438782 -0.653709888458252
-1.7438163757324219 0.5820692181587219 -1.2052985429763794
-2.3863744735717773 0.6840659379959106 -0.4936806261539459
-1.0753151178359985 0.5884095430374146 2.1412081718444824
-2.3863744735717773 0.5272953510284424 0.1387057602405548
-1.2958787679672241 0.284606397151947 0.13448123633861542
-1.432912826538086 0.7443904280662537 -1.205298662185669
-1.2848889827728271 0.284606397151947 0.46796780824661255
-0.43256181478500366 0.324649840593338 3.2236311435699463
-2.3863744735717773 0.7563072443008423 1.2952733039855957
-1.510023593902588 0.284606397151947 0.7160854935646057
-2.0525121688842773 1.120039701461792 1.2439528703689575
0.42135167121887207 0.284606397151947 1.7168487310409546
0.6630846858024597 0.9170664548873901 -1.2052993774414062
-1.5476473569869995 0.284606397151947 0.9293554425239563
-1.4395297765731812 1.1562937498092651 1.8903019428253174
-0.5086138844490051 0.284606397151947 1.7120904922485352
-2.02685809135437 0.8788757920265198 -0.8012417554855347
-2.3863744735717773 1.253251314163208 -1.2053983211517334
-1.7297745943069458 0.284606397151947 4.291024684906006
-0.12651273608207703 0.284606397151947 4.954616069793701
-0.8622593879699707 0.7083681225776672 2.1412081718444824
-2.04242205619812 1.4006624221801758 1.8534003496170044
-1.882179856300354 0.7316040396690369 1.786417841911316
-1.5955040454864502 0.284606397151947 0.3006167411804199
0.4929434657096863 0.7181323170661926 2.1412081718444824
-0.2893180847167969 0.2845063805580139 2.6925230026245117
0.9211301207542419 1.1342030763626099 2.141209840774536
0.3543759882450104 0.284606397151947 1.0668110847473145
-1.4217520952224731 0.284606397151947 -0.2080972045660019
0.29883554577827454 0.6944842338562012 2.1412081718444824
-0.5378656387329102 0.284606397151947 -0.396277517080307
0.6455713510513306 0.284606397151947 0.9328558444976807
0.9210300445556641 0.6426213383674622 1.5418803691864014
-1.6944315433502197 0.31011027097702026 3.107757329940796
-2.3863744735717773 0.7472996115684509 1.6762241125106812
0.6482791304588318 0.7979316711425781 2.1412081718444824
-0.1317128986120224 0.284606397151947 1.5859538316726685
-1.1129168272018433 0.284606397151947 4.865111827850342
-0.32923945784568787 0.606357216835022 -1.2052990198135376
0.9210300445556641 1.0621384382247925 1.8473502397537231
0.9210300445556641 0.5876824855804443 0.7540544271469116
0.9210300445556641 1.029085397720337 2.141308307647705
0.9210299849510193 0.7921085953712463 0.25781601667404175
-2.3863744735717773 0.7928946614265442 0.1609935760498047
-0.26097339391708374 0.284606397151947 1.4281374216079712
0.9210300445556641 0.6392621994018555 0.9365726113319397
-0.07591640949249268 0.653043270111084 -1.2052991390228271
-1.8875489234924316 1.1183580160140991 -0.8572959303855896
0.9211299419403076 1.0760126113891602 -1.2052991390228271
0.07742182165384293 0.284606397151947 4.241591930389404
0.9210299849510193 0.6142735481262207 -0.37583979964256287
-2.386375665664673 0.9897032380104065 2.141308307647705
0.9210299849510193 0.6122698783874512 0.5729336738586426
-2.3863744735717773 0.819307267665863 -0.753097414970398
-2.0884623527526855 1.03987455368042 -1.2052984237670898
0.9210300445556641 0.8575791120529175 1.269640564918518
0.9211301207542419 1.2660468816757202 2.141209602355957
0.24382469058036804 0.8804888725280762 2.1412081718444824
-1.6508598327636719 0.7688717842102051 -1.2052985429763794
-0.7755569219589233 0.6962605714797974 -1.205298900604248
-2.3863744735717773 0.5875391960144043 0.3242112100124359
0.4549423158168793 0.893922746181488 -0.8636236190795898
-0.1889009177684784 0.7715379595756531 -1.2052990198135376
-1.8444021940231323 0.7603939175605774 -1.2052985429763794
-2.3863744735717773 0.7104359269142151 0.46299171447753906
-2.0696611404418945 0.97222501039505 2.1412081718444824
-1.4807343482971191 0.284606397151947 0.5036725401878357
-1.8735343217849731 0.6729345321655273 -0.8208000659942627
-1.795786738395691 0.6129457354545593 -0.5960802435874939
0.25657111406326294 0.284606397151947 1.2127270698547363
-1.0072035789489746 0.284606397151947 1.2946463823318481
0.9210300445556641 0.6797598600387573 1.161125659942627
1.0020678043365479 0.284606397151947 3.994549512863159
-1.4059734344482422 0.284606397151947 -0.03389733284711838
0.9210299253463745 0.6989722847938538 -0.6073416471481323
-2.3863744735717773 0.6715645790100098 -0.31062424182891846
-0.9044975638389587 0.284606397151947 0.6243197917938232
-1.91373872756958 0.9431630969047546 -1.2052985429763794
-1.1994234323501587 0.284606397151947 -0.06263890862464905
-2.3863744735717773 0.9016558527946472 1.1899235248565674
0.9211299419403076 1.1874336004257202 -1.2052992582321167
-1.1930122375488281 0.284606397151947 -0.5969604849815369
-1.0862715244293213 0.5687341690063477 -1.2052987813949585
-2.3863744735717773 0.9063235521316528 -0.3129814863204956
-2.3863744735717773 0.9722192287445068 -0.6853730082511902
0.28604856133461 0.284606397151947 -0.4632202088832855
-2.3863744735717773 0.872129499912262 -0.5137730240821838
-1.0389602184295654 1.546831488609314 -1.4183285236358643
-0.5130674242973328 0.6795447468757629 -1.205298900604248
-1.2523070573806763 0.30173543095588684 4.795803546905518
-2.5427989959716797 1.532690405845642 -0.8896799683570862
0.9210300445556641 1.3676471710205078 2.141308307647705
-1.725185513496399 0.9467372894287109 -1.2052985429763794
-1.074052333831787 0.284606397151947 0.4796507954597473
0.9210300445556641 0.9255576729774475 1.5138490200042725
-2.3863744735717773 0.912988543510437 -0.008369307965040207
0.25445809960365295 0.284606397151947 -0.1125309094786644
-0.39672499895095825 0.284606397151947 -0.5861148834228516
0.9210299253463745 0.7658910155296326 -0.7670009732246399
-1.5833123922348022 0.284606397151947 -0.32368505001068115
0.9210300445556641 0.8197625875473022 1.0350608825683594
-1.014359712600708 0.284606397151947 -0.6028347611427307
0.9210299253463745 1.1404458284378052 -0.9020549058914185
-0.05836359038949013 0.284606397151947 -0.8977530002593994
-2.3863744735717773 1.0551412105560303 1.5875235795974731
-2.3863744735717773 1.1678215265274048 -0.8997970223426819
0.718549370765686 0.2857035994529724 2.9507789611816406
-1.1607424020767212 0.284606397151947 1.17790949344635
0.8601919412612915 0.284606397151947 4.297142028808594
-0.9914701581001282 0.7283188700675964 -1.2052987813949585
0.5157838463783264 1.2406108379364014 -0.8462571501731873
0.9210300445556641 0.8077534437179565 1.669145941734314
0.9210299849510193 0.7704768180847168 -0.06420091539621353
0.24905474483966827 0.284606397151947 -0.762162983417511
-0.7502618432044983 0.284606397151947 -0.6872397661209106
-1.2379539012908936 0.716884195804596 -1.205298662185669
0.475941002368927 1.0179526805877686 -1.2052992582321167
-2.112924575805664 1.4056999683380127 -0.7706112265586853
-0.8641153573989868 0.284606397151947 -0.14909717440605164
-1.0998809337615967 0.284606397151947 -0.4153423309326172
-1.8182181119918823 1.331235647201538 -0.8847221732139587
0.8831714391708374 0.284606397151947 3.850112199783325
0.4146251976490021 0.284606397151947 4.698735237121582
-0.7158940434455872 0.284606397151947 -0.2996608018875122
-2.3863744735717773 0.9782228469848633 1.3734965324401855
0.9210300445556641 0.8024941086769104 0.812398374080658
-0.03426238149404526 0.284606397151947 0.5531904101371765
-0.34302422404289246 0.284606397151947 -0.38939130306243896
0.000515017076395452 0.7325889468193054 2.1412081718444824
-1.9300681352615356 1.414069652557373 -1.2052985429763794
1.0686956644058228 0.2847864627838135 3.820575714111328
-1.2657370567321777 0.863075852394104 -0.8478682041168213
-2.3863744735717773 0.8894960284233093 0.9219797849655151
-2.3863742351531982 1.3226051330566406 2.141308307647705
-2.040376901626587 0.9954441785812378 1.5297505855560303
-2.1639182567596436 1.3394373655319214 0.9188690185546875
-0.010463949292898178 0.9550108313560486 -1.2052991390228271
-2.3863744735717773 1.1275240182876587 1.849065899848938
-1.3112766742706299 0.284606397151947 1.035818338394165
-1.4773155450820923 0.9079166054725647 -1.205298662185669
-1.9212617874145508 0.5814393758773804 1.6210542917251587
-0.32397225499153137 1.0201934576034546 -0.8640927672386169
0.23808249831199646 0.7030551433563232 -1.2052991390228271
-1.773945689201355 0.856641411781311 -0.8235150575637817
-1.8532942533493042 0.8890613317489624 2.1412081718444824
-0.8008602261543274 0.284606397151947 2.692528247833252
-2.3863744735717773 0.9133704304695129 0.5498823523521423
0.6327628493309021 0.284606397151947 0.3130476176738739
0.9210299253463745 0.9094300270080566 -0.9141945242881775
-0.7176219820976257 0.8510082960128784 -1.205298900604248
-2.0285565853118896 0.7142690420150757 1.2523481845855713
-2.031731605529785 0.8492022752761841 -0.049661263823509216
-1.3614823818206787 0.7594175934791565 2.1412081718444824
-1.8284709453582764 1.2468403577804565 1.9307670593261719
0.9210299849510193 0.9571605920791626 0.42079371213912964
0.9211299419403076 1.2987385988235474 -1.2052992582321167
-2.041112184524536 0.7814111709594727 0.22268258035182953
-2.386373996734619 1.214363932609558 2.141308307647705
0.06976938992738724 0.8065068125724792 -1.2052991390228271
-1.3542437553405762 1.1798288822174072 -1.205298662185669
0.9210299849510193 0.8654099702835083 -0.28137627243995667
-1.4888705015182495 0.8898656964302063 2.1412081718444824
-1.820656657218933 0.284606397151947 4.133304595947266
0.2787717878818512 0.284606397151947 1.4053467512130737
-2.3863744735717773 1.0581848621368408 -0.16634902358055115
0.35784655809402466 0.670474648475647 -0.8470940589904785
-1.6580761671066284 0.8232164978981018 1.7790824174880981
-2.0398921966552734 0.7436403036117554 1.6176471710205078
-1.3679269552230835 0.284606397151947 0.8474676609039307
-2.039879560470581 0.8919280767440796 1.030213713645935
0.3603583872318268 0.284606397151947 -0.24480342864990234
0.39466592669487 0.4942663311958313 3.2346410751342773
0.4853612780570984 0.36798161268234253 3.7766716480255127
-0.9421235918998718 0.28527265787124634 2.692647933959961
0.9210299253463745 1.505584716796875 -0.9544382691383362
-2.032946825027466 1.1908742189407349 -0.628399670124054
-2.3863744735717773 1.349961757659912 -1.2053983211517334
-1.5305471420288086 0.30115196108818054 4.573702335357666
-2.0089399814605713 0.8628597855567932 -0.5796335339546204
-2.3863744735717773 0.7891961932182312 0.6935372352600098
0.9210300445556641 1.4223252534866333 -1.2053993940353394
-0.2081039696931839 0.9568923711776733 -1.2052990198135376
-1.5676058530807495 1.089566707611084 -1.205298662185669
-1.1507385969161987 0.8799476027488708 -1.2052987813949585
0.9210299849510193 0.8328419923782349 -0.4747817814350128
-1.5102421045303345 0.8641787171363831 -0.8363811373710632
-1.9747015237808228 1.1292731761932373 2.1412081718444824
-2.0973103046417236 1.1974687576293945 0.34286391735076904
-2.3863744735717773 0.9171386361122131 1.6886729001998901
-0.9468961358070374 0.9033520817756653 -1.2052987813949585
0.3185967206954956 0.8532777428627014 -1.2052992582321167
0.4031282067298889 1.1212611198425293 2.1412081718444824
-1.1255124807357788 0.284606397151947 1.8331340551376343
-0.36586183309555054 0.82760089635849 -1.2052990198135376
0.3988352119922638 0.284606397151947 0.8780474066734314
0.9210299253463745 0.9354074001312256 -0.7089146971702576
-2.3863744735717773 1.1172555685043335 -0.5619074106216431
-0.7539687156677246 0.284606397151947 0.29352736473083496
-1.2798577547073364 0.9287346005439758 2.1412081718444824
-2.3863744735717773 0.9758784770965576 0.7579091787338257
-2.3863744735717773 0.8409022688865662 0.34301334619522095
-2.0211243629455566 1.2127659320831299 -1.2052984237670898
-1.8046927452087402 1.1412889957427979 -1.2052985429763794
-2.3863744735717773 1.2344861030578613 -0.7130566239356995
0.4663924276828766 0.284606397151947 0.12804247438907623
-1.3032429218292236 0.9757372140884399 -1.205298662185669
0.5396125912666321 0.6738075613975525 -0.7343125343322754
0.05458053573966026 0.2896654009819031 4.878596782684326
0.5271539688110352 0.284606397151947 1.0613621473312378
-0.17466621100902557 0.284606397151947 -0.3001357913017273
-0.8016332387924194 1.0228627920150757 -1.205298900604248
0.5310446619987488 0.284606397151947 0.7716264128684998
-1.0928839445114136 0.284606397151947 0.10872738063335419
-0.259392112493515 0.284606397151947 1.2177654504776
-0.35681045055389404 0.284606397151947 1.5962915420532227
0.12825234234333038 1.203709363937378 -1.2052991390228271
-1.8971463441848755 0.284606397151947 3.637922525405884
-2.183073043823242 1.6192867755889893 -1.054839849472046
-1.3004287481307983 0.7469177842140198 1.834519386291504
-0.09397727251052856 0.284606397151947 1.1769459247589111
-0.8194211721420288 0.284606397151947 1.0006238222122192
-2.3863744735717773 1.298407793045044 1.7650765180587769
-0.5401026010513306 0.8813828825950623 -1.205298900604248
0.4097045361995697 0.9167660474777222 2.1412081718444824
-1.6804245710372925 0.9416826963424683 2.1412081718444824
1.101741909980774 0.3025974929332733 3.662916898727417
-0.8349476456642151 0.284606397151947 4.964098930358887
-2.045536518096924 0.8178766369819641 0.7165524363517761
-2.4471559524536133 1.5452419519424438 -1.0207252502441406
-2.3863744735717773 1.281828761100769 -0.2865394055843353
-1.8740513324737549 1.1314811706542969 1.746817946434021
-2.382566452026367 1.4437717199325562 -0.5987082123756409
0.23252816498279572 1.0018304586410522 -1.2052991390228271
0.9210299849510193 1.036892056465149 0.23895113170146942
-1.1765458583831787 0.37819746136665344 3.1551592350006104
-1.9875569343566895 0.6518787145614624 -0.20484893023967743
0.9210300445556641 0.9969101548194885 1.1765809059143066
0.9210300445556641 1.060280203819275 1.6355347633361816
0.6096305847167969 1.1898362636566162 -1.2052992582321167
-2.3863744735717773 1.1572632789611816 0.8376964330673218
-2.219219923019409 1.4712777137756348 2.4356143474578857
-1.493478536605835 1.18901789188385 -0.8708947896957397
0.5924328565597534 0.9597312211990356 -0.6874029636383057
0.9210301041603088 1.3764714002609253 1.915481686592102
0.5484360456466675 0.284606397151947 4.6132073402404785
0.7270547151565552 0.3566994369029999 3.240217447280884
0.8086452484130859 1.6320061683654785 -1.035548448562622
-1.7040386199951172 0.2854641079902649 3.813077211380005
0.9210300445556641 0.9942754507064819 0.7056460380554199
-0.6974706053733826 0.2909570634365082 4.99661922454834
-1.8995869159698486 0.3050057590007782 3.7950387001037598
0.034130968153476715 0.9185187220573425 -0.8423828482627869
0.9210299849510193 0.9650093913078308 -0.0809926688671112
-2.3863744735717773 0.984718918800354 0.25606846809387207
0.6665799021720886 0.29573577642440796 4.508020401000977
-2.08187198638916 1.397324562072754 1.5624229907989502
-0.9230595827102661 0.8490527272224426 -0.8655691146850586
-2.3863744735717773 1.0305546522140503 1.043527603149414
-2.3863744735717773 1.1274726390838623 -0.37877845764160156
-1.0060614347457886 0.9407746195793152 2.1412081718444824
-1.9128360748291016 1.4628322124481201 2.551057815551758
-2.5980045795440674 1.5518089532852173 1.5221960544586182
-0.46322983503341675 0.284606397151947 1.4628205299377441
-2.3863744735717773 1.212729573249817 1.531123161315918
-1.4101139307022095 0.2869282364845276 4.68527889251709
0.9210300445556641 0.9696914553642273 0.931664764881134
-1.0560832023620605 0.284606397151947 -0.2033260464668274
-0.5465747117996216 0.284606397151947 0.29897940158843994
-1.7827333211898804 0.284606397151947 3.2391722202301025
0.2125004231929779 0.284606397151947 0.940932035446167
-0.6746547818183899 0.284606397151947 -0.07508369535207748
-1.2395778894424438 1.1093045473098755 2.1412081718444824
0.7256659865379333 1.464980125427246 2.488816499710083
-0.4334052801132202 0.29064103960990906 5.007691860198975
0.06954294443130493 0.284606397151947 1.081010341644287
0.9210299253463745 1.1735302209854126 -0.7191437482833862
0.3573867678642273 0.29525405168533325 2.6925244331359863
-0.639793336391449 0.284606397151947 -0.5506676435470581
0.9210299849510193 1.0083720684051514 -0.5391354560852051
-2.3863744735717773 1.1552072763442993 1.2586301565170288
0.2207561880350113 0.284606397151947 4.8262248039245605
-1.8867768049240112 0.31930819153785706 3.496656894683838
-0.0040200697258114815 1.4031511545181274 -1.2052991390228271
-1.7378755807876587 1.1155864000320435 2.1412081718444824
-2.3863744735717773 1.0918385982513428 0.5072062611579895
-1.6756203174591064 0.284606397151947 4.084069728851318
0.19444753229618073 0.284606397151947 0.5813871622085571
-0.9773183465003967 0.284606397151947 4.92848014831543
-1.9143463373184204 0.7540906667709351 1.4357709884643555
-0.2875111401081085 0.31186115741729736 4.975798606872559
0.9210300445556641 0.769218385219574 1.423783540725708
-1.1243833303451538 0.6642993688583374 -0.8022397756576538
1.0102112293243408 0.3054425120353699 3.2117555141448975
-0.763970136642456 0.284606397151947 0.11253144592046738
0.8979594707489014 1.5158841609954834 -1.2052993774414062
-1.6243973970413208 0.6702419519424438 -0.7320078015327454
0.04982280731201172 0.2845063805580139 2.6925220489501953
-0.5358080267906189 0.284606397151947 -0.19202867150306702
-0.997313380241394 0.284606397151947 0.8326733708381653
-1.4699008464813232 1.1223219633102417 2.1412081718444824
-2.2306430339813232 1.5506027936935425 -1.3665095567703247
-0.7980399131774902 0.284606397151947 1.4001307487487793
-0.5612616539001465 0.284606397151947 4.977186679840088
-2.3863744735717773 1.099757432937622 0.09054455161094666
0.9210299849510193 1.1245125532150269 0.5314774513244629
-1.0795193910598755 1.0821477174758911 -1.2052987813949585
1.0686434507369995 0.28496360778808594 3.401508331298828
-0.23359288275241852 0.284606397151947 0.8035372495651245
-1.586916208267212 1.2784006595611572 -1.205298662185669
0.9210299849510193 0.6760352849960327 -0.22372563183307648
0.9210300445556641 1.2654170989990234 1.686011552810669
-2.5758683681488037 1.531351923942566 -0.43969109654426575
-1.4127252101898193 0.3765174448490143 2.866201639175415
-2.2076356410980225 1.5739951133728027 -0.06096659600734711
-2.587825298309326 1.5556786060333252 -0.11767510324716568
0.3480363190174103 1.193643569946289 -1.2052992582321167
0.3934336304664612 0.284606397151947 0.6251345872879028
-1.0420658588409424 0.284606397151947 1.0369206666946411
-2.3863744735717773 1.3835303783416748 1.4107482433319092
0.25741955637931824 0.284606397151947 0.26030707359313965
0.9210299849510193 1.0515481233596802 -0.29887086153030396
0.34507331252098083 0.7153182625770569 1.8407835960388184
0.9337078928947449 0.30469679832458496 4.12824010848999
-0.07442210614681244 0.284606397151947 1.4195878505706787
-2.383927345275879 1.453194260597229 2.3832969665527344
-2.064767837524414 1.4729057550430298 2.484811544418335
-2.115715980529785 1.5170867443084717 2.269815683364868
-1.3906323909759521 0.6356394290924072 -0.786857545375824
-0.07899987697601318 1.153233528137207 -1.2052991390228271
-2.6009135246276855 1.530573844909668 1.7264232635498047
-1.6348236799240112 0.284606397151947 4.42780065536499
-2.456428289413452 1.5317813158035278 2.148554801940918
0.9210299849510193 0.7671024799346924 0.45198187232017517
0.9210300445556641 1.156145691871643 1.4492640495300293
-2.610520601272583 1.5288480520248413 0.4772736430168152
-1.2454512119293213 0.28936997056007385 4.612104892730713
-0.3786429762840271 0.6808544397354126 -0.8369089365005493
-0.4863830804824829 0.284606397151947 1.029505968093872
0.5542405247688293 1.4680521488189697 2.531653881072998
0.588573694229126 0.9960538744926453 2.1412081718444824
0.5206205248832703 0.8772057890892029 1.8219822645187378
-0.1943044811487198 0.284606397151947 0.43872159719467163
0.26588499546051025 0.284606397151947 0.07043834775686264
1.1125189065933228 1.5391710996627808 1.7016878128051758
0.9210299253463745 1.4086624383926392 -0.7585182189941406
-0.9661152958869934 0.284606397151947 4.673548698425293
-0.11820446699857712 0.3008934557437897 4.805877208709717
-1.872481107711792 0.3046506643295288 3.961676836013794
0.024240313097834587 0.29603609442710876 4.557856559753418
-0.9040695428848267 0.284606397151947 -0.34013232588768005
0.6772621273994446 0.3127794563770294 3.740373373031616
-1.3100571632385254 0.284606397151947 0.6580373644828796
0.9210299849510193 1.3016284704208374 0.3788926899433136
0.9019901752471924 1.4761326313018799 2.378100633621216
0.24384836852550507 0.284606397151947 4.712305545806885
-0.1933991014957428 0.284606397151947 -0.5479499101638794
-0.5427752137184143 1.0714592933654785 -1.205298900604248
0.9210299849510193 0.8305191397666931 0.6198665499687195
0.8400892615318298 0.3614391088485718 3.5877492427825928
-1.9422078132629395 0.6364708542823792 0.03965036943554878
-0.02395317330956459 0.284606397151947 -0.20659027993679047
0.20278549194335938 0.28459715843200684 2.6924242973327637
0.06163489446043968 0.284606397151947 1.290221929550171
0.7803481221199036 0.29192426800727844 4.399312496185303
-0.27188894152641296 0.284606397151947 4.641514301300049
-0.9669539928436279 0.284606397151947 0.25221920013427734
0.01343659870326519 0.284606397151947 0.7176787257194519
-1.6312817335128784 0.30167075991630554 3.528825044631958
0.8006877303123474 1.614156723022461 -0.7214531302452087
-0.9065498113632202 1.2162970304489136 -1.2052987813949585
-1.8257038593292236 1.551345705986023 2.128638744354248
0.2801099419593811 1.1437633037567139 -0.8829919099807739
0.3861865997314453 1.453194260597229 2.5845980644226074
0.46546077728271484 0.284606397151947 4.425617694854736
-1.7234549522399902 0.6531121730804443 1.6016755104064941
-0.562335729598999 0.284606397151947 0.10205419361591339
-0.6309586763381958 0.9394927024841309 -0.874544084072113
-1.8751178979873657 0.6879404783248901 -0.3905429244041443
-1.2566088438034058 1.536454439163208 -1.4456994533538818
-0.5732501745223999 0.28608644008636475 4.355617523193359
-2.560420274734497 1.5442906618118286 -0.7280159592628479
-0.623242199420929 0.284606397151947 1.3201639652252197
-0.039985354989767075 0.6768253445625305 -0.8394744396209717
-1.5596702098846436 0.37086567282676697 3.1649725437164307
0.5991601943969727 1.2501364946365356 -0.6388776898384094
-2.273991823196411 1.6297415494918823 0.6516230702400208
-1.9518439769744873 1.284339189529419 1.0687158107757568
0.226642444729805 1.4581677913665771 -1.2052991390228271
0.6461459994316101 1.5295625925064087 -1.3352024555206299
-0.20327065885066986 0.36137351393699646 4.083550930023193
-1.5419092178344727 1.6657320261001587 -0.6084753274917603
-1.7743901014328003 1.542289137840271 -1.4392608404159546
-1.0882272720336914 0.41610652208328247 4.395502090454102
-2.0365841388702393 1.5609960556030273 -1.363962173461914
-0.40711525082588196 1.5348021984100342 -1.393296241760254
-1.8178086280822754 1.6194019317626953 -1.0717345476150513
0.04797650873661041 1.466402292251587 2.6357977390289307
-0.7098120450973511 0.44579192996025085 3.7464818954467773
-0.058270130306482315 1.2086774110794067 -0.8660458922386169
-2.3863744735717773 1.2500660419464111 -0.02375546097755432
-0.36295396089553833 1.1006461381912231 -1.2052990198135376
-2.252060651779175 1.6152056455612183 -0.6334872245788574
-1.6993083953857422 1.5541542768478394 -1.4395325183868408
0.9210299849510193 0.8925111293792725 0.09881429374217987
0.13648158311843872 1.6389069557189941 -1.153466820716858
-1.4814053773880005 1.5295625925064087 -1.4223496913909912
0.9210300445556641 1.1898298263549805 1.0225964784622192
0.9210299849510193 1.1624562740325928 -0.051339294761419296
-2.0154430866241455 1.6235545873641968 -0.8784746527671814
0.9210300445556641 1.4336603879928589 1.5085164308547974
-2.3221702575683594 1.6439045667648315 -0.03630536422133446
-2.2106821537017822 1.6569751501083374 -0.3733583688735962
0.9210299849510193 1.2012927532196045 0.1641359031200409
-1.8455290794372559 1.0317487716674805 1.226857304573059
0.3389100432395935 0.6007899045944214 -0.6210002899169922
0.9210300445556641 1.1715991497039795 1.2510011196136475
-0.1485142707824707 0.284606397151947 4.3871002197265625
-1.4475078582763672 0.3087017834186554 4.171136856079102
-1.1400521993637085 1.2177636623382568 -0.9058707356452942
-2.584298849105835 1.5743588209152222 1.29803466796875
-1.320204257965088 0.3795997202396393 3.059976816177368
-1.2125624418258667 1.530862808227539 2.456541061401367
-1.3959017992019653 1.467568278312683 2.610792875289917
0.9210299849510193 1.2385830879211426 -0.528393030166626
-0.8493448495864868 0.286929726600647 4.214887619018555
-2.683846950531006 1.5309114456176758 0.8099434971809387
-0.3246549367904663 0.284606397151947 0.9872175455093384
-1.1162019968032837 0.284606397151947 0.6728113889694214
0.8460485339164734 0.3026362657546997 3.0426578521728516
-1.783990502357483 1.459601640701294 2.387244939804077
-1.185428500175476 1.3759676218032837 1.9870432615280151
-1.6137831211090088 1.548966884613037 2.173872709274292
-1.882324457168579 1.6848394870758057 -0.5761572122573853
-2.3863744735717773 1.2423371076583862 1.0521130561828613
0.5644006729125977 0.6600303053855896 1.6600342988967896
-1.7709383964538574 1.457364797592163 2.580796003341675
-2.5109751224517822 1.53545343875885 1.8868757486343384
-1.4455262422561646 0.3102119565010071 3.7799084186553955
-0.19145788252353668 0.284606397151947 -0.07964422553777695
-1.8169231414794922 1.6282687187194824 1.709356427192688
-2.052075147628784 0.8578794002532959 0.4631103575229645
-0.9321203231811523 1.252732753753662 -0.6776496171951294
-2.3863744735717773 1.3748377561569214 0.33253687620162964
-1.5180301666259766 1.069307565689087 -0.6239931583404541
-2.0714757442474365 1.6671156883239746 0.14248335361480713
-1.1040903329849243 0.3046574592590332 2.69624924659729
0.4106237292289734 0.284606397151947 3.990633487701416
-2.6226909160614014 1.5304286479949951 1.1802431344985962
-1.4789235591888428 1.4641820192337036 2.558518648147583
-1.6379008293151855 1.6628583669662476 -0.8283237218856812
-2.590548038482666 1.536928415298462 -0.27567997574806213
-0.21556615829467773 0.284606397151947 0.6352341175079346
-0.7338225841522217 0.284606397151947 4.586248397827148
0.5999757051467896 0.8972463607788086 -0.28984564542770386
-0.6237736344337463 0.284606397151947 0.885424792766571
-1.8020246028900146 0.9949219822883606 -0.6062785983085632
-1.883482813835144 1.2968311309814453 1.5595005750656128
-1.533933401107788 0.29486075043678284 2.9777300357818604
-0.6805291771888733 1.212565302848816 -1.205298900604248
-0.8171866536140442 0.6369312405586243 -0.7871179580688477
-2.028829336166382 1.1974538564682007 -0.3610706031322479
-0.46932700276374817 0.284606397151947 0.6135764718055725
0.4740821123123169 0.35289841890335083 2.694241523742676
-1.6272127628326416 1.46478271484375 2.5878255367279053
-1.0906965732574463 0.354166716337204 3.014375686645508
-0.7996333241462708 0.284606397151947 0.7968082427978516
0.48837801814079285 1.3867461681365967 -1.2052992582321167
-0.06525208055973053 0.34209269285202026 3.9421234130859375
-1.9526028633117676 0.620509922504425 0.5082307457923889
0.5384885668754578 1.1361973285675049 0.6836811900138855
0.6799309849739075 0.284606397151947 4.1509246826171875
-1.4470058679580688 0.29108789563179016 4.397708892822266
0.42391353845596313 1.5403343439102173 -1.3397998809814453
-0.25768569111824036 1.2593531608581543 -1.2052990198135376
-1.3444674015045166 1.671445369720459 -1.055824875831604
0.23949062824249268 0.3407561182975769 4.441945552825928
0.9210299849510193 1.429248571395874 0.03227248415350914
-1.0067983865737915 1.453194260597229 2.503200054168701
-2.250709056854248 1.5630853176116943 1.8889663219451904
-0.15700368583202362 0.284606397151947 3.6856744289398193
0.5837565660476685 1.668275237083435 -0.8732079267501831
-1.9280014038085938 1.0828934907913208 0.07036531716585159
-0.4008229970932007 0.3757161498069763 3.844923734664917
-0.8253125548362732 1.018741488456726 2.6572601795196533
0.9210299849510193 1.242476224899292 -0.2721559405326843
0.18372531235218048 1.1173635721206665 2.1412081718444824
-1.8654117584228516 0.30116817355155945 3.350787878036499
0.5356893539428711 1.3489009141921997 1.9221646785736084
1.0855820178985596 0.29011937975883484 3.5303053855895996
-1.9657303094863892 1.543989896774292 -0.6165688037872314
-1.2044949531555176 0.2931608557701111 4.307226181030273
0.7745764255523682 1.480326771736145 2.398996353149414
-0.8968058824539185 0.28765517473220825 4.4678497314453125
0.422516793012619 1.6388251781463623 -1.0727829933166504
-1.4965777397155762 0.7729721069335938 -0.570037305355072
-0.8275635838508606 0.4786365330219269 4.241800785064697
-2.3949317932128906 1.5620250701904297 0.9935795664787292
-0.23225155472755432 0.8238011598587036 -0.7818655967712402
-1.9611247777938843 1.5763682126998901 1.9904747009277344
-2.6378822326660156 1.542846918106079 0.09255937486886978
0.5729132294654846 0.3693602383136749 3.4433724880218506
-0.5812079906463623 0.3383655250072479 4.151003837585449
-0.5092481970787048 0.28857752680778503 4.5432257652282715
0.5398210883140564 0.6992501020431519 -0.1561804562807083
0.6018224358558655 0.857689380645752 0.698361337184906
-1.2567540407180786 0.2858944237232208 3.4049875736236572
0.5915100574493408 1.014910340309143 1.6287583112716675
-0.9182001948356628 0.284606397151947 3.2186293601989746
0.24652473628520966 0.284606397151947 0.760959804058075
-1.1869162321090698 1.4599180221557617 2.563333749771118
0.07362593710422516 0.284606397151947 0.20120511949062347
-0.7440332770347595 0.2872793674468994 3.8844220638275146
-0.4198002219200134 0.284606397151947 0.005202044732868671
-1.5234546661376953 1.3579821586608887 2.025282382965088
-1.8727518320083618 0.6314616799354553 0.28436413407325745
0.43164297938346863 0.32310232520103455 2.996365547180176
-1.2569079399108887 0.680609405040741 -0.6362708806991577
-0.6067063212394714 0.7028107643127441 -0.8193767070770264
-0.6189873218536377 0.40394407510757446 3.181227684020996
1.0827338695526123 1.5312271118164062 -0.4171872138977051
-0.16348347067832947 0.284606397151947 3.1882221698760986
-0.35155466198921204 0.284606397151947 0.2520185708999634
-1.4885669946670532 0.6686965823173523 1.7014729976654053
-1.5637825727462769 1.600906491279602 -1.1245909929275513
0.20180124044418335 0.7674770951271057 -0.761988639831543
0.5493241548538208 0.7613604068756104 -0.5600892305374146
-2.075141191482544 1.4670599699020386 1.2674037218093872
0.38962939381599426 0.2885560691356659 4.223202705383301
-1.5391653776168823 1.416357398033142 -0.8308129906654358
-1.1963809728622437 0.30512377619743347 2.6964526176452637
0.48925521969795227 0.39928922057151794 3.253244638442993
0.5964872241020203 0.9098254442214966 1.1681180000305176
0.2918340265750885 0.30448469519615173 3.7070326805114746
1.0785874128341675 1.530860424041748 1.9357084035873413
-2.0033557415008545 0.672113835811615 0.9438118934631348
-1.4555648565292358 0.3157549500465393 3.4334840774536133
-1.7806118726730347 0.6788332462310791 -0.16036826372146606
0.2707570493221283 0.284606397151947 3.398503541946411
-0.5639358162879944 0.2863352298736572 4.742278575897217
1.0803039073944092 1.5288480520248413 -0.6352369785308838
-2.128286838531494 1.504073977470398 0.27750858664512634
-0.12022482603788376 0.284606397151947 0.28644171357154846
-1.9473096132278442 1.3445191383361816 -0.2714203894138336
-1.7841383218765259 0.9986159205436707 1.5385472774505615
-2.1298375129699707 1.5809996128082275 1.6302239894866943
-0.8691905736923218 1.507445216178894 -1.049296498298645
-2.624371290206909 1.5315074920654297 0.6636607050895691
-2.3863744735717773 1.2219334840774536 0.6480870842933655
0.34157639741897583 1.0028029680252075 -0.6593366861343384
0.21384640038013458 0.5141141414642334 4.0767340660095215
-0.3963286876678467 0.284606397151947 0.43922823667526245
-1.8872096538543701 0.6589277982711792 1.1589115858078003
0.5590002536773682 0.8421842455863953 1.4556792974472046
0.32842761278152466 1.1986948251724243 1.9374533891677856
-1.4039961099624634 1.557897686958313 2.1742141246795654
-2.6247169971466064 1.5288480520248413 0.9747667908668518
0.6954106688499451 1.585307002067566 -0.16808176040649414
-2.6420438289642334 1.5325894355773926 0.1815655529499054
-1.7309222221374512 0.8015291690826416 1.315251350402832
-0.907909095287323 0.3816283643245697 3.8399643898010254
-0.8747342228889465 0.8446795344352722 2.82435941696167
-1.3458901643753052 0.30959099531173706 4.026817798614502
-0.05476391315460205 0.7694292068481445 1.9492172002792358
0.5990182161331177 0.8847478628158569 0.003728606039658189
-2.3863744735717773 1.1810790300369263 0.31411632895469666
0.9210300445556641 1.188802719116211 0.8101301789283752
-0.3190855085849762 0.29897570610046387 4.236123561859131
0.9402578473091125 0.2925035059452057 3.2302896976470947
-0.6699022054672241 0.284606397151947 0.6623247265815735
-1.4801697731018066 0.45577386021614075 3.7469656467437744
0.9210300445556641 1.4008283615112305 1.2236812114715576
-0.15126828849315643 1.5584903955459595 -1.36955726146698
-0.9809303283691406 1.1835719347000122 2.133183717727661
-1.8772071599960327 1.0130873918533325 0.3230520784854889
0.44363418221473694 1.4363830089569092 -0.1826503872871399
-0.3000795841217041 1.2775856256484985 -0.48345085978507996
0.7779718041419983 1.605088710784912 -0.412973016500473
-1.2740682363510132 1.3345507383346558 -0.7595998644828796
0.002486226847395301 1.662684679031372 -0.8513085246086121
-1.7276445627212524 0.8581894040107727 -0.3636077046394348
-1.4851268529891968 1.0271100997924805 -0.29606354236602783
-1.0338226556777954 0.37262752652168274 3.5224344730377197
-0.627354621887207 1.1724622249603271 -0.719327986240387
-1.8726484775543213 1.0249402523040771 -0.21017847955226898
0.6190183758735657 1.5825395584106445 -0.5456294417381287
-0.2702619135379791 1.7149479389190674 -0.6205675005912781
0.4912152886390686 1.4793566465377808 2.367582082748413
0.23367609083652496 1.4575961828231812 2.6159846782684326
0.37485840916633606 1.634962558746338 -0.842887818813324
-2.0968830585479736 1.275235891342163 0.6220840215682983
-0.8687516450881958 1.5608443021774292 -1.440332055091858
0.6336632966995239 0.3910984396934509 4.047735214233398
-1.4035577774047852 0.6668539047241211 -0.39891481399536133
-0.250430703163147 0.284606397151947 0.10532507300376892
-0.6705679893493652 0.3503102958202362 3.570924758911133
-0.14871494472026825 0.5928693413734436 -0.6636842489242554
-1.0796798467636108 0.3005552887916565 4.125786781311035
-1.5371297597885132 1.027637243270874 1.6574249267578125
-1.737308382987976 1.2532503604888916 -0.6163390874862671
-1.9081141948699951 0.6603578925132751 0.7452729344367981
0.5703416466712952 0.699298620223999 0.455532968044281
-0.30776649713516235 1.7202287912368774 -0.8093437552452087
-0.8482319116592407 1.2111395597457886 -0.8683220744132996
-0.6580770611763 0.284606397151947 1.1312872171401978
-0.030916530638933182 1.5064865350723267 -0.9366754293441772
0.1554354429244995 0.30741170048713684 4.01831579208374
-1.8022589683532715 0.8244525790214539 0.11188489943742752
0.29269474744796753 1.2518950700759888 -0.7056188583374023
-0.9452962875366211 0.6699405312538147 -0.6482057571411133
0.14160749316215515 0.5955555438995361 3.0125300884246826
-0.8185098171234131 0.7946662306785583 2.6984682083129883
0.5841239094734192 1.1781681776046753 -0.39177292585372925
0.6299751400947571 1.3070509433746338 1.2905453443527222
0.45049500465393066 0.6629579067230225 -0.37651801109313965
0.5365598797798157 1.1948788166046143 0.02610456570982933
0.606292724609375 0.46194741129875183 3.596775531768799
0.0018643385265022516 0.4730582535266876 4.288478851318359
0.5206282734870911 1.245276689529419 1.6631900072097778
0.37825095653533936 0.6505478024482727 1.6232380867004395
0.32815781235694885 1.4993573427200317 2.244511842727661
0.9968396425247192 1.5412843227386475 -0.2610870897769928
-0.04759136959910393 1.1247636079788208 -0.6567308902740479
-1.5379995107650757 0.6322019100189209 -0.20666518807411194
0.07036232203245163 0.6713639497756958 -0.5802015066146851
0.3557297885417938 1.0431030988693237 1.6794753074645996
0.5449121594429016 0.7437096238136292 0.17584364116191864
-0.4652528762817383 1.3090265989303589 -0.920690655708313
-1.9852935075759888 1.115403652191162 0.7872104048728943
-0.6413664817810059 0.284606397151947 0.46525856852531433
-0.3052016496658325 0.42006930708885193 4.488436222076416
-1.1004297733306885 0.6873192191123962 -0.43434447050094604
0.6577693223953247 0.3736838102340698 2.8697397708892822
0.3305536210536957 0.6023749113082886 -0.1942419409751892
-1.8379579782485962 0.8063323497772217 0.5039089918136597
0.44349992275238037 0.8709863424301147 0.4477623999118805
-0.06329381465911865 0.284606397151947 0.07834417372941971
-0.8535605669021606 0.284606397151947 0.4534004032611847
-0.46818122267723083 0.3267325162887573 3.968264579772949
0.5491722822189331 0.7000830173492432 1.0592554807662964
-0.5677527785301208 0.6285970211029053 -0.6248634457588196
0.29764050245285034 0.8743643760681152 -0.49771520495414734
-0.34371110796928406 0.7255653738975525 -0.606610894203186
-0.011973093263804913 0.284606397151947 0.8857776522636414
0.38266950845718384 0.9483581185340881 -0.20485399663448334
-1.8602615594863892 1.2886496782302856 0.2494894564151764
-0.3722715973854065 0.29990720748901367 2.983401298522949
-1.6682584285736084 1.0435025691986084 -0.09312853217124939
-1.209377646446228 0.6577188968658447 1.6587821245193481
-1.7909048795700073 1.304613709449768 1.2841628789901733
-0.570198118686676 0.8076683282852173 2.5426578521728516
-1.9753620624542236 1.6297509670257568 0.6997720003128052
-0.022404812276363373 0.6553492546081543 -0.3202723264694214
0.43889978528022766 0.6575272679328918 1.4010862112045288
-1.7830660343170166 0.7199949622154236 1.0080794095993042
-1.2982723712921143 1.12677800655365 -0.6812056303024292
-0.048800140619277954 0.2864402234554291 3.532521963119507
-1.0382087230682373 0.972792387008667 -0.7157219648361206
-2.173022985458374 1.607313632965088 1.1767113208770752
-0.8266744613647461 0.66001296043396 -0.4107808470726013
-1.6097382307052612 0.6724648475646973 0.0752672478556633
-2.002662420272827 1.6421864032745361 -0.2545362710952759
-1.1794573068618774 0.9867730140686035 1.8354398012161255
0.4071796238422394 0.6255278587341309 0.0326959565281868
-0.572563111782074 1.3217642307281494 -0.5024288892745972
-1.5344481468200684 0.7503694295883179 1.4679381847381592
-1.0755751132965088 1.2640726566314697 -0.5060728788375854
-0.4445653259754181 0.284606397151947 0.7914004325866699
-0.007278125733137131 1.0001715421676636 2.099763870239258
-0.08093580603599548 0.8840234279632568 -0.5840098261833191
-1.187883973121643 0.3860645294189453 3.9187803268432617
-1.5605838298797607 0.6297416090965271 1.1493738889694214
-0.3538455069065094 0.39813855290412903 3.638986587524414
-2.445707321166992 1.5719661712646484 0.4050659239292145
-0.30343902111053467 1.277791976928711 -0.7509644031524658
-1.8271048069000244 0.977614164352417 0.8873622417449951
-1.0359424352645874 1.736350655555725 -0.8232208490371704
-1.0331321954727173 0.3153008222579956 3.6778218746185303
-1.647972583770752 1.4395419359207153 1.7503635883331299
-1.6533657312393188 1.040708065032959 1.110836386680603
-1.1950005292892456 0.9637904763221741 -0.5029367804527283
-1.886676549911499 1.368333101272583 -0.02208596095442772
-0.6255489587783813 1.4336299896240234 -0.7851513028144836
-1.3867379426956177 1.240992546081543 -0.41420188546180725
0.20424728095531464 0.765199601650238 -0.230899840593338
0.5236685276031494 0.6803587079048157 0.791776716709137
-0.11342642456293106 0.2874050736427307 3.2950403690338135
-0.6465741991996765 0.615339457988739 -0.2570441663265228
-0.05275814235210419 0.6117395758628845 0.23143735527992249
-1.3536359071731567 0.8307225704193115 -0.2569867670536041
-0.5099408030509949 0.6597495675086975 2.7733800411224365
-0.6554086208343506 0.8691105842590332 -0.6443119049072266
-1.8784244060516357 1.3516364097595215 0.5436941981315613
0.398537278175354 0.6076648831367493 0.31312432885169983
-1.7686395645141602 1.6407356262207031 0.5011641383171082
-0.9479287266731262 0.6043535470962524 -0.11673864722251892
-0.2858610153198242 0.8615179061889648 2.358510732650757
-1.0249552726745605 0.9192968606948853 1.728642225265503
-1.6958400011062622 1.6678887605667114 1.2161732912063599
0.017033468931913376 0.5143105387687683 2.8605878353118896
-0.2734047770500183 0.63559490442276 -0.3579111695289612
0.3482646644115448 0.9870482087135315 0.03225601464509964
-1.4527257680892944 0.8251863121986389 -0.031612008810043335
-1.6996208429336548 0.6404321789741516 0.7423900961875916
0.19117864966392517 0.6610127091407776 1.2095540761947632
0.22254344820976257 0.5405228137969971 3.5516977310180664
0.4047355651855469 0.6366995573043823 1.1610175371170044
0.5325249433517456 1.090775966644287 1.0204728841781616
0.022341890260577202 0.6278201341629028 -0.027704522013664246
-0.6191408634185791 0.5239055752754211 3.1670408248901367
-0.5690797567367554 0.5207262635231018 4.102440357208252
-0.9179983139038086 0.5374475121498108 0.9211118817329407
0.016060393303632736 0.9172486066818237 -0.3216451406478882
-1.6498606204986572 0.675972044467926 0.36582013964653015
-0.759331226348877 0.9580544233322144 2.234699010848999
1.0956053733825684 1.5491321086883545 1.362900733947754
-1.1964824199676514 0.6272034049034119 -0.19565318524837494
-1.3229769468307495 0.6351814866065979 1.4385815858840942
-1.6106173992156982 1.2495254278182983 1.5142580270767212
-0.39947816729545593 1.0755136013031006 -0.6140692234039307
0.006146677769720554 1.2855651378631592 -0.6107609272003174
0.10195710510015488 0.49115538597106934 3.7028822898864746
-0.85295170545578 0.9396010041236877 -0.5619808435440063
0.5047490000724792 1.6139564514160156 1.5829169750213623
0.18246015906333923 0.5643338561058044 3.8753209114074707
0.6532264351844788 1.6289149522781372 -0.01962992735207081
-0.0008408380672335625 1.1615915298461914 -0.3231585919857025
-1.6533061265945435 0.8904896974563599 0.6510446071624756
0.43781447410583496 1.192963719367981 0.2819855213165283
-1.066101312637329 0.5114320516586304 3.187537431716919
0.1609259843826294 0.5439169406890869 3.275805950164795
-1.3458284139633179 0.9812442660331726 1.5880266427993774
-0.7790008783340454 1.2283483743667603 -0.4232955873012543
0.6725698113441467 1.4088127613067627 0.16461730003356934
0.12545546889305115 0.6047884821891785 1.6672282218933105
-0.2701019048690796 0.5022268891334534 3.520272970199585
0.8216288089752197 1.525665521621704 1.7031710147857666
-1.3434724807739258 0.6427162289619446 0.07527295500040054
-1.076431155204773 0.5460524559020996 3.8889169692993164
0.43316152691841125 1.1329195499420166 1.3629578351974487
-0.5206634402275085 0.7717663049697876 -0.4053366482257843
-1.0033166408538818 0.8722256422042847 -0.2744905948638916
-0.7242966294288635 0.6118492484092712 0.10385742038488388
-0.5341958999633789 0.49809005856513977 3.4499850273132324
-1.2505654096603394 0.3688298463821411 3.6436142921447754
-0.9129505157470703 0.7047707438468933 1.8546743392944336
1.0528541803359985 1.529017686843872 -0.1279171109199524
0.16033510863780975 0.6327585577964783 0.696748673915863
0.27468496561050415 0.7967478632926941 0.13449114561080933
-0.1480398327112198 1.634202241897583 -1.1621729135513306
0.20989012718200684 0.2882157862186432 3.043555498123169
1.0386589765548706 1.543586254119873 0.3955298066139221
-0.6382935643196106 0.6600099802017212 2.985128164291382
-0.26034241914749146 0.7528577446937561 -0.1871616691350937
0.40475860238075256 0.6285209655761719 0.6083723306655884
-0.32989439368247986 1.6697567701339722 -0.9746666550636292
-0.21796366572380066 0.8621731996536255 1.8869678974151611
1.0696626901626587 1.5288480520248413 0.8765311241149902
-0.8957198262214661 0.5949316620826721 1.571202039718628
-0.8991339206695557 0.507327675819397 3.4093916416168213
-0.5831328630447388 1.3859003782272339 -1.205298900604248
0.058310478925704956 1.5109968185424805 2.57194185256958
-0.49955329298973083 0.749353289604187 2.0326781272888184
0.5978733897209167 0.9747356176376343 0.30422237515449524
-0.9889639019966125 1.6394997835159302 -1.1543428897857666
-1.154347538948059 1.267646312713623 -1.2052987813949585
-0.5670127272605896 0.5961479544639587 1.4820036888122559
0.059683047235012054 1.113891363143921 1.8013228178024292
0.6307321786880493 1.5434166193008423 2.0375542640686035
-0.8845174908638 0.6752148270606995 3.1276824474334717
-0.6203456521034241 1.6625361442565918 -1.0315452814102173
-0.8117942214012146 1.419595718383789 2.383408546447754
-0.09880398958921432 0.7945447564125061 3.0951223373413086
-0.3812675476074219 0.5822840332984924 3.7637288570404053
-0.4280383586883545 0.6466950178146362 -0.08739790320396423
0.026966791599988937 0.8655141592025757 -0.0651627853512764
-0.7048421502113342 1.5463871955871582 -1.396278977394104
0.06453152000904083 0.8009428977966309 2.9062952995300293
0.29296883940696716 0.8771111965179443 1.5154047012329102
-0.8069724440574646 1.7249482870101929 -0.8713526725769043
-0.299202561378479 0.4183087944984436 2.868691921234131
-1.2835195064544678 1.5477482080459595 -1.3377186059951782
1.0778894424438477 1.5588256120681763 0.6512263417243958
0.10643701255321503 1.5458643436431885 2.0247836112976074
-0.43486693501472473 1.5878722667694092 -1.2735294103622437
-0.1968836784362793 0.8059344291687012 2.8852906227111816
-0.5469551086425781 1.761376142501831 -0.6922156810760498
-0.6110305190086365 1.7179964780807495 -0.4515288174152374
0.9210300445556641 1.3319412469863892 0.6401069760322571
0.2832995355129242 1.1157310009002686 -0.35703131556510925
0.36652010679244995 0.7290882468223572 0.928813636302948
0.2080298215150833 0.7170981168746948 0.3820091187953949
0.2526252567768097 1.3170874118804932 0.013905487954616547
-0.03209218755364418 0.658776044845581 1.355144739151001
-1.2057596445083618 1.656130075454712 -0.9264015555381775
-2.1228156089782715 1.6501045227050781 0.4338070750236511
-0.2636564075946808 0.9396858811378479 2.660250186920166
0.057634491473436356 0.7856642007827759 1.6374292373657227
-1.472414493560791 0.9436509609222412 1.2294161319732666
-0.05321894586086273 0.6253944039344788 3.29248046875
1.0868322849273682 1.5361435413360596 0.18461187183856964
-0.5127719640731812 0.6751828193664551 3.334660530090332
-1.1570813655853271 1.5632128715515137 1.9937825202941895
-0.18245284259319305 0.762416422367096 0.04447062313556671
-0.42557215690612793 0.8318610787391663 3.2265262603759766
-1.5715694427490234 1.0076253414154053 0.20622670650482178
0.6672632694244385 1.3492056131362915 0.4325299561023712
-1.6162011623382568 1.7370396852493286 -0.3853885531425476
1.1280741691589355 1.5289758443832397 1.0463041067123413
0.6805691719055176 1.3195334672927856 0.8850347995758057
-1.9876537322998047 1.607467532157898 1.347083568572998
-0.38485416769981384 0.5310183763504028 0.5813427567481995
-1.210503101348877 0.6453986763954163 1.1722198724746704
-1.6323572397232056 1.6161556243896484 1.4684821367263794
-0.8405898213386536 1.7215687036514282 -0.6443704962730408
-1.802922248840332 1.6326539516448975 0.9269040822982788
-0.4882585406303406 1.0339584350585938 -0.3286917805671692
-1.8183670043945312 1.703489899635315 -0.046997781842947006
-1.7826271057128906 1.7255353927612305 -0.3447101414203644
-2.183560609817505 1.6243494749069214 0.8776867985725403
-0.9262452125549316 1.1832361221313477 1.9060083627700806
-1.4204025268554688 1.5861839056015015 1.8106855154037476
-1.3609087467193604 1.7272735834121704 -0.7015519142150879
-0.6918260455131531 0.9234446883201599 2.945621967315674
-1.0671234130859375 1.4750813245773315 2.2932920455932617
0.022240471094846725 0.6368390321731567 0.9742716550827026
-1.1606923341751099 1.6230005025863647 1.5654104948043823
-1.7884708642959595 1.7016695737838745 0.272975891828537
-1.1918805837631226 0.8754659295082092 -0.02942507714033127
-1.1727715730667114 1.6685634851455688 -0.5959726572036743
-1.0200798511505127 0.6022844314575195 0.3793148398399353
0.6164991855621338 1.66172456741333 0.6613227725028992
0.1834774613380432 1.1707271337509155 0.2620287239551544
0.39675000309944153 1.4913984537124634 0.23427067697048187
-1.7940666675567627 1.0777084827423096 0.5517129898071289
-0.7342254519462585 0.9272781014442444 1.9966973066329956
-0.73418128490448 0.9060565233230591 -0.2762993574142456
-1.2138118743896484 1.147501826286316 -0.2284785807132721
-0.6216304898262024 0.785349428653717 -0.10008647292852402
-1.4035838842391968 0.689294159412384 0.9820621609687805
-1.2881518602371216 0.9087364673614502 1.421464443206787
-0.7937138080596924 1.15728759765625 -0.0905381292104721
-1.707430124282837 1.2819769382476807 0.7204977869987488
-1.4005887508392334 0.6247187256813049 0.38592419028282166
-1.8540267944335938 1.4171628952026367 0.9129166603088379
-1.425654649734497 0.605949878692627 0.6827677488327026
-0.5918488502502441 0.6601213812828064 1.7435630559921265
0.8090692162513733 1.569745659828186 1.1029918193817139
0.3686881959438324 0.9454671740531921 1.1739015579223633
-1.4315451383590698 1.5625758171081543 1.277457594871521
-1.5287871360778809 1.2128340005874634 0.9045149087905884
-1.607770562171936 1.277178406715393 -0.024667255580425262
-1.348203182220459 1.2271714210510254 0.034525517374277115
-1.1299381256103516 1.6302275657653809 1.1274720430374146
-0.3730032444000244 0.6864571571350098 0.15095731616020203
0.49039748311042786 1.3092892169952393 0.564563512802124
-1.493419885635376 0.8527289032936096 0.4017724394798279
-1.585278868675232 1.2672507762908936 0.3245440423488617
0.14550040662288666 1.4843108654022217 2.370213747024536
-0.17199330031871796 1.0413155555725098 2.4402694702148438
-0.5008586049079895 0.5489984750747681 1.0916423797607422
-1.1309897899627686 0.658921480178833 0.6684932112693787
-0.37009376287460327 0.9722164273262024 2.9610965251922607
-0.3152809739112854 1.1900051832199097 2.737683057785034
-1.4887429475784302 1.387284755706787 -0.18020962178707123
-0.6497143507003784 0.7090631127357483 0.6670228242874146
0.4715929627418518 1.6257988214492798 0.9026798605918884
-0.18841595947742462 0.6274147629737854 1.6610050201416016
-1.6937427520751953 1.255411982536316 -0.3741605877876282
-0.2255532145500183 0.958258867263794 -0.32173988223075867
-1.1907914876937866 0.7003907561302185 0.22286520898342133
0.459703654050827 1.4131660461425781 0.8502272367477417
0.472307413816452 1.644627332687378 0.2570866048336029
-0.9340476989746094 0.8003110885620117 -0.056523311883211136
0.7222866415977478 1.5890257358551025 0.4757544696331024
-0.1405271291732788 1.363489031791687 2.3948862552642822
0.1652175486087799 0.9344363808631897 1.3010225296020508
0.8009494543075562 1.5817745923995972 0.8209879994392395
0.2353775054216385 0.8963808417320251 0.6162436604499817
-0.021807953715324402 0.7120583653450012 0.48529863357543945
0.3252674639225006 1.0657992362976074 0.5031837821006775
-1.4727776050567627 1.1845916509628296 0.5557934641838074
0.3844711482524872 0.9853523373603821 0.8459723591804504
-0.08139307796955109 1.5549449920654297 2.164823055267334
-1.522759199142456 0.861199676990509 0.9028027653694153
-1.3215415477752686 1.617272973060608 1.494991660118103
-1.6134041547775269 1.631111979484558 0.7980074882507324
0.46418672800064087 1.6237812042236328 1.1571577787399292
0.6462191343307495 1.588443398475647 1.4241918325424194
0.09522499889135361 1.5406005382537842 1.6769657135009766
-0.41872701048851013 0.9893556833267212 2.138749837875366
-0.9018367528915405 0.6419277787208557 1.2192399501800537
-0.12052679061889648 0.6534976959228516 0.7626740336418152
0.30876773595809937 1.3012555837631226 1.4515377283096313
0.1254989206790924 1.4348859786987305 0.8308218717575073
-1.490132212638855 1.7218997478485107 0.70541912317276
0.29552218317985535 1.4851757287979126 1.7758888006210327
-1.659246802330017 1.6539711952209473 0.1441763937473297
-0.1721327006816864 0.7112409472465515 1.2211050987243652
-0.39123860001564026 1.7923452854156494 -0.4307028353214264
0.4602535665035248 1.4048597812652588 1.1596076488494873
0.30686256289482117 1.2215673923492432 0.978481650352478
0.10123460739850998 1.102864146232605 1.5415302515029907
-0.9494940042495728 0.795743465423584 0.18840089440345764
-0.6048055291175842 1.3123021125793457 -0.17828750610351562
0.24473249912261963 1.558369755744934 1.375688076019287
-0.7895870804786682 1.2225401401519775 0.27309897541999817
-1.4901707172393799 1.6394233703613281 1.082908272743225
-0.6321051120758057 1.4119915962219238 2.3335065841674805
-1.352616310119629 1.3636224269866943 0.7794939279556274
-0.9623157978057861 1.2335647344589233 -0.240797758102417
0.4708004891872406 1.5666913986206055 1.8779336214065552
-1.0456022024154663 1.6486232280731201 1.0530240535736084
-1.4307551383972168 1.2419793605804443 1.3854631185531616
-1.2765326499938965 1.0428839921951294 0.16032880544662476
0.3275684714317322 1.6703191995620728 0.05516032874584198
0.30007463693618774 1.5668236017227173 0.4733794033527374
-0.09131095558404922 0.9334714412689209 1.6302739381790161
-0.026233742013573647 1.1025272607803345 0.05700620636343956
-0.8512902855873108 1.5342892408370972 1.0760595798492432
0.030637457966804504 1.279104232788086 0.06521689891815186
-1.254199743270874 1.6686056852340698 0.7260674834251404
-1.3104918003082275 0.8405006527900696 0.6341782808303833
-0.18214428424835205 1.5388103723526 -0.2524755895137787
0.3063686192035675 1.4135504961013794 0.6281552314758301
-1.304450273513794 0.9881525039672852 0.42289620637893677
-1.0525405406951904 0.7639029026031494 1.5201326608657837
-0.3787917494773865 0.7631977200508118 1.662562608718872
-0.38177725672721863 1.299026370048523 -0.18664908409118652
-0.4511975049972534 1.5852209329605103 0.42662283778190613
0.05811086297035217 0.8538306951522827 0.2388571947813034
-0.23933377861976624 0.7381703853607178 0.32918259501457214
-0.4098484516143799 0.7257287502288818 0.863232433795929
-1.2639318704605103 0.8955228924751282 1.1388235092163086
0.05527891591191292 1.5500856637954712 0.3835735619068146
-0.27050209045410156 1.615240216255188 0.19588591158390045
-0.10148736089468002 1.0095813274383545 0.3567573130130768
-1.1410423517227173 0.7555444836616516 0.9688085317611694
0.12659424543380737 1.6273874044418335 0.15812383592128754
-0.17418228089809418 1.3041679859161377 -0.16074515879154205
-0.44957780838012695 1.659106731414795 -0.2065558284521103
-0.9533587694168091 0.7762227654457092 0.75758296251297
-0.5588566064834595 0.740612804889679 1.2583587169647217
-0.39901214838027954 1.1571568250656128 2.431065797805786
-0.37973302602767944 1.7303766012191772 0.022815346717834473
-0.576939582824707 1.1029711961746216 -0.006640150211751461
-0.19801278412342072 1.53286874294281 2.0163652896881104
-0.7375410795211792 0.6128628253936768 0.43390369415283203
-1.2117007970809937 1.2210932970046997 0.35183101892471313
-0.2766485810279846 1.7745094299316406 -0.10974118113517761
-0.0169701986014843 1.7315336465835571 -0.012120162136852741
0.05401210859417915 0.8937176465988159 1.1164987087249756
0.1370069980621338 0.8837610483169556 0.8845939040184021
-0.9790606498718262 1.271279215812683 0.08080358058214188
-0.11065670847892761 1.4209997653961182 0.15927806496620178
-0.28171348571777344 0.7907623648643494 0.6043851375579834
-0.7595023512840271 0.8282700181007385 1.698651909828186
0.14167353510856628 1.249026894569397 0.498100608587265
-0.29250675439834595 1.4233534336090088 2.5230209827423096
-0.5366735458374023 1.429574966430664 1.037427306175232
-0.6373989582061768 0.8579399585723877 0.1543053686618805
-0.9426966905593872 1.0384598970413208 0.1799139678478241
-0.529291033744812 0.7456299066543579 0.37905773520469666
0.12528999149799347 1.4770209789276123 1.052051067352295
-0.2882603704929352 1.02340567111969 -0.026643266901373863
-0.47395288944244385 1.3689390420913696 0.3174571096897125
-0.02276572771370411 1.4607125520706177 1.74806547164917
-0.16330794990062714 1.3789657354354858 0.7678077220916748
-0.12429206073284149 1.2960103750228882 0.48984548449516296
0.11965485662221909 1.4529756307601929 1.2943673133850098
-0.5948641300201416 1.304231882095337 2.5801444053649902
-0.794721782207489 0.8330516219139099 0.4172791540622711
-1.1844136714935303 1.4147388935089111 1.2372643947601318
-0.4887799024581909 0.8973339796066284 1.8564835786819458
-0.22234396636486053 0.8491491675376892 1.4459307193756104
-0.4448893070220947 1.414386510848999 0.7774506211280823
-1.1996883153915405 1.3764991760253906 1.7044507265090942
-0.9606369137763977 1.5342453718185425 1.7677536010742188
-1.4921125173568726 1.2506258487701416 1.1011083126068115
-1.110935926437378 0.8646934628486633 0.48424649238586426
0.11455333977937698 1.1308056116104126 0.9714252948760986
-0.20221133530139923 0.7892317175865173 0.9720926284790039
-0.1876928061246872 1.2049897909164429 2.0106825828552246
-1.1658973693847656 1.193440318107605 1.5638742446899414
-1.3702236413955688 0.9893521070480347 0.8230631351470947
-0.7752820253372192 1.4946415424346924 2.0309743881225586
-0.44181177020072937 1.4924546480178833 2.363114595413208
-0.9895210862159729 1.146133303642273 0.5079798102378845
-0.4230637550354004 0.9696585536003113 0.28865301609039307
-0.2680782079696655 1.1723469495773315 0.4615685045719147
-0.2882572412490845 1.2514516115188599 0.13628599047660828
0.02884271740913391 1.1383782625198364 0.6482065320014954
-0.5479104518890381 1.2223488092422485 0.20831146836280823
-0.4517821669578552 0.9208383560180664 0.5499812960624695
-0.39333251118659973 0.832977294921875 1.154407262802124
-0.6733148694038391 0.7322003841400146 0.996384859085083
-0.6441082954406738 1.325753092765808 1.9272549152374268
-0.9989005327224731 0.8299657702445984 1.3260855674743652
-0.5524842739105225 0.8594295978546143 1.4444754123687744
0.5249534845352173 1.255147099494934 -0.17818213999271393
-1.1604169607162476 1.2205710411071777 0.7543007731437683
-0.8189004063606262 0.8040239214897156 1.1689280271530151
-0.05391920730471611 0.9016520380973816 0.6402854919433594
-0.4722508192062378 1.1162290573120117 1.8001220226287842
-0.5778219699859619 1.151716947555542 0.5075535178184509
-0.663378119468689 1.1560111045837402 2.2424559593200684
-0.7943225502967834 1.3086955547332764 1.1212427616119385
-0.9445751309394836 1.120043396949768 0.8393125534057617
-0.13374729454517365 1.0264153480529785 1.1615238189697266
-0.2795674800872803 1.1099698543548584 1.6604686975479126
-0.5086439251899719 0.8849125504493713 0.8237547874450684
-1.1324114799499512 0.9714811444282532 0.850226879119873
-1.1415802240371704 1.1363574266433716 1.128229022026062
-0.8040375113487244 0.8542590141296387 0.8483637571334839
-0.8304052352905273 0.943856418132782 0.5780875086784363
-0.8394133448600769 1.3480217456817627 1.6999143362045288
-1.030703067779541 1.013586163520813 1.3595538139343262
-0.0752110481262207 1.144605278968811 1.406691312789917
0.12049600481987 1.6919381618499756 -0.250966340303421
-0.18965692818164825 0.9913840293884277 0.8050485253334045
-0.41252708435058594 1.337658166885376 1.9059388637542725
-0.6738757491111755 1.1339777708053589 0.7383565306663513
-0.08583860099315643 1.3530937433242798 1.5058841705322266
-0.714987576007843 1.495376706123352 1.0393532514572144
-0.8540384769439697 1.3774086236953735 0.46368473768234253
-0.7495272755622864 0.9968316555023193 1.6405353546142578
-0.7917842268943787 1.1155760288238525 1.2185771465301514
-0.18796949088573456 1.2074456214904785 0.7787066698074341
-0.029365191236138344 1.2664436101913452 1.1265116930007935
-0.7861411571502686 1.4588088989257812 0.5066809058189392
-0.3585216999053955 1.2839035987854004 1.5556058883666992
-0.7799439430236816 1.2460088729858398 1.442319631576538
-0.9533032774925232 1.5505818128585815 -0.4541758596897125
-0.6093640923500061 1.1399599313735962 1.0519793033599854
-0.49051058292388916 1.2347335815429688 0.8522854447364807
-1.011508584022522 1.3742856979370117 1.3775107860565186
-1.2080118656158447 1.558888554573059 -0.20250394940376282
-1.0944310426712036 1.410269856452942 -0.10724890232086182
-1.4605845212936401 1.6451963186264038 -0.25170624256134033
-0.2955373227596283 1.1529945135116577 1.0188156366348267
-0.6096025705337524 1.2381819486618042 1.5731807947158813
-0.006480373442173004 1.5823912620544434 -0.4141889214515686
-1.10288667678833 1.3859057426452637 0.2349311262369156
-1.5033067464828491 1.6012954711914062 0.3684306740760803
-1.3775932788848877 1.4216686487197876 0.32966873049736023
0.4466993510723114 1.6280008554458618 -0.5515532493591309
0.29175180196762085 1.416069746017456 -0.3149029314517975
0.15783652663230896 1.6354079246520996 -0.6689097285270691
-0.14822816848754883 1.4864047765731812 1.0377204418182373
-0.3676488995552063 1.1070507764816284 1.2575571537017822
-0.6082947850227356 1.063934326171875 1.3322933912277222
-0.6006108522415161 1.679007649421692 0.6736628413200378
0.06471506506204605 1.7646299600601196 1.1318267583847046
-0.8258122205734253 1.5698482990264893 -0.19520287215709686
0.07566087692975998 1.5958231687545776 0.9138133525848389
-0.4436388909816742 1.5545945167541504 0.7554857134819031
-1.0742875337600708 1.549027681350708 0.6932019591331482
-0.26598164439201355 1.5085245370864868 0.8611711859703064
-0.6098925471305847 1.5583449602127075 0.339525431394577
-0.016576863825321198 1.6211574077606201 0.6295484304428101
-0.47696617245674133 1.6036814451217651 0.9523557424545288
-0.12771041691303253 1.9495277404785156 1.153090476989746
-0.5872005224227905 1.7803782224655151 0.3990251123905182
-0.6722063422203064 1.5314801931381226 -0.06292285025119781
-0.2966387867927551 1.5347442626953125 1.1037713289260864
0.2117215245962143 1.666779637336731 0.708526611328125
-0.04561994969844818 1.7538199424743652 0.31765615940093994
-0.4673691987991333 1.6573857069015503 0.5371689200401306
-0.030458517372608185 1.6094856262207031 1.1327619552612305
0.22861813008785248 1.7363810539245605 0.9348893761634827
-0.4235304296016693 1.709683895111084 1.0840703248977661
-0.5348716974258423 1.9601536989212036 0.9327200055122375
-0.17611677944660187 1.6509528160095215 0.47674083709716797
0.27578896284103394 1.783315658569336 0.6623615026473999
0.15179698169231415 1.7275480031967163 0.45497971773147583
0.19667376577854156 1.9299368858337402 0.9473347663879395
-0.3066692650318146 2.341020345687866 0.2712218463420868
-0.2683020830154419 2.5352730751037598 0.7951826453208923
-0.37799325585365295 1.7519009113311768 0.3444988429546356
-0.6120969653129578 1.7707785367965698 0.8696082830429077
-0.15315262973308563 2.15264892578125 0.2707553207874298
-0.21513496339321136 1.8756741285324097 0.24072301387786865
-0.6448284983634949 1.9022384881973267 0.6620017886161804
0.05007641389966011 2.3708081245422363 0.5689133405685425
-0.22513312101364136 3.75089430809021 0.32999566197395325
0.06317973136901855 2.0506396293640137 0.3662622570991516
-0.21884140372276306 1.7326322793960571 1.178429365158081
-0.33451420068740845 2.0140459537506104 0.32659560441970825
-0.1796758770942688 2.92899751663208 0.39556044340133667
-0.05433672294020653 2.140179395675659 0.9816455245018005
0.22469346225261688 1.9630166292190552 0.6347209811210632
0.10640396177768707 1.8830207586288452 0.3608902096748352
-0.325011283159256 2.056431770324707 1.0235756635665894
-0.43917185068130493 2.4517173767089844 0.48824843764305115
-0.3535652756690979 2.2981173992156982 0.8468032479286194
-0.4661329686641693 2.1658778190612793 0.40175673365592957
-0.04811694473028183 2.384549140930176 0.7822511196136475
-0.16230641305446625 2.5981998443603516 0.251669704914093
-0.22437332570552826 3.0806877613067627 0.4491286277770996
-0.10579400509595871 4.107560634613037 0.4417215883731842
0.03958810493350029 2.1131296157836914 0.7329381108283997
-0.52195805311203 2.1762022972106934 0.739295244216919
-0.01467027049511671 2.3862733840942383 0.34872666001319885
-0.38896018266677856 3.7357285022735596 0.3207676410675049
-0.6084933876991272 1.985252857208252 0.46779873967170715
-0.26629123091697693 3.8848700523376465 0.5033532381057739
-0.04382584989070892 3.9036600589752197 0.7093106508255005
-0.08888182044029236 2.8192219734191895 0.620119035243988
-0.44486376643180847 4.06680154800415 0.5788968801498413
-0.47301673889160156 3.798903703689575 0.13301168382167816
0.004688842222094536 3.9714629650115967 0.7192500233650208
-0.1399810016155243 3.9035511016845703 0.15618012845516205
0.00031881313771009445 2.678678512573242 0.4431193470954895
-0.6580119132995605 3.92218279838562 0.16641108691692352
-0.02596592716872692 3.9639134407043457 0.6993535161018372
-0.2883470058441162 3.7126119136810303 0.26029640436172485
-0.3605705201625824 2.8630714416503906 0.5391273498535156
-0.30545830726623535 4.1956586837768555 -0.10428987443447113
-0.1571730226278305 4.125944137573242 0.021212387830018997
-0.36687472462654114 2.672060966491699 0.6705084443092346
-0.07170575112104416 4.200350284576416 0.24699264764785767
-0.36563560366630554 2.5684356689453125 0.30050042271614075
-0.32960137724876404 3.9066522121429443 0.0007887496030889452
-0.5678609609603882 3.881654739379883 0.42744868993759155
-0.52079838514328 4.188422203063965 -0.10620440542697906
-0.42479345202445984 4.309970378875732 0.5425844192504883
-0.5182899236679077 5.629409313201904 1.0062618255615234
-0.5663659572601318 3.9847137928009033 -0.012161246500909328
-0.2966669797897339 4.4517502784729 -0.043343666940927505
-0.7010747194290161 4.032948017120361 0.3400754928588867
-0.5320146679878235 5.629177093505859 0.9046167731285095
-0.6906040906906128 4.240485191345215 0.029971521347761154
-0.36682164669036865 5.847870826721191 0.6547995805740356
-0.5171825289726257 4.515347003936768 0.36593201756477356
-0.638329803943634 4.233977317810059 0.46845465898513794
-0.163756862282753 4.372164726257324 0.3634853661060333
0.2139142006635666 5.850596904754639 0.9306082129478455
0.15453451871871948 5.577584743499756 0.8423933982849121
-0.5707581043243408 4.490139961242676 0.036880720406770706
-0.30700060725212097 4.5530619621276855 0.21515381336212158
-0.10472536832094193 5.434763431549072 0.8460061550140381
-0.330200731754303 5.522640705108643 1.153976559638977
-0.578747034072876 5.927580833435059 0.8674132823944092
-0.24322696030139923 5.647098064422607 0.6503284573554993
-0.13186626136302948 5.426763534545898 1.0238064527511597
0.1639447808265686 6.172772407531738 -0.13217675685882568
-0.3435221314430237 5.936408519744873 1.136871099472046
0.22555476427078247 5.642207145690918 0.9770326614379883
0.11119549721479416 5.6491217613220215 1.174153208732605
-0.7477297782897949 4.270033836364746 0.25523945689201355
-0.07434087991714478 5.490590572357178 1.1502693891525269
0.21919852495193481 6.3472819328308105 -0.013382257893681526
-0.1420757919549942 5.664496898651123 1.2653369903564453
-0.03915742412209511 5.941019535064697 1.1316659450531006
-0.5997031331062317 5.798306941986084 0.866866409778595
-0.5476347208023071 7.249967575073242 0.22075305879116058
-0.06162818521261215 6.390730857849121 -0.08280619233846664
-0.6271826028823853 6.923025131225586 0.1363285630941391
0.148628830909729 6.288937568664551 -0.010666931048035622
-0.16145682334899902 5.982797622680664 0.7696917653083801
-0.6882591843605042 6.9393205642700195 0.18928185105323792
-0.4033662676811218 5.573820114135742 0.9753535985946655
-0.1341039538383484 5.520172595977783 0.7211692333221436
-0.0026948945596814156 5.426759719848633 0.9654138684272766
-0.627465009689331 6.978580951690674 -0.1937239170074463
-0.014527561143040657 6.411738395690918 0.0986122190952301
-0.45138755440711975 7.1503682136535645 -0.11327260732650757
-0.44078296422958374 7.096782684326172 0.06843526661396027
0.10460606217384338 6.359556674957275 -0.17760348320007324
-0.7387920618057251 6.887152671813965 -0.015619978308677673
0.11605943739414215 5.797109603881836 0.735270619392395
-0.7932621240615845 6.940708160400391 -0.12013645470142365
-0.5566752552986145 7.275352478027344 -0.2458789199590683
-1.0196267366409302 7.055229187011719 -0.02291547693312168
0.3223283290863037 7.597406387329102 0.7889912724494934
-1.041285514831543 7.240570068359375 -0.10464519262313843
-0.8391645550727844 7.094394207000732 -0.24648985266685486
-0.5794229507446289 7.439848899841309 -0.23525050282478333
0.23703069984912872 7.3254780769348145 0.9160629510879517
-0.8603227734565735 6.9192962646484375 0.11872559785842896
-0.5118085741996765 7.950192928314209 0.007761185057461262
0.2680605947971344 7.524449825286865 1.0376745462417603
0.06694920361042023 6.285858154296875 -0.025806667283177376
0.26015904545783997 7.311226844787598 0.812937319278717
-0.9948720932006836 7.142758846282959 0.2980991303920746
0.1832701861858368 7.329010486602783 0.959754467010498
-0.8337762355804443 8.006404876708984 1.2896175384521484
-0.8596431612968445 7.980466365814209 1.5170714855194092
-0.672630250453949 7.670259475708008 0.28386595845222473
-1.0851953029632568 8.138996124267578 1.3452284336090088
-0.4763285219669342 7.505680561065674 0.2036568820476532
-0.4472898244857788 7.663896083831787 0.1575377881526947
-0.4360586106777191 7.506994247436523 -0.07003509253263474
-1.007734775543213 7.379003524780273 0.0809047743678093
-0.8170812129974365 7.401890754699707 -0.23061931133270264
-0.9392879605293274 7.956717491149902 1.4172663688659668
-0.9325165748596191 8.030854225158691 1.2484744787216187
0.16775241494178772 7.389012813568115 0.7032789587974548
-0.8297792077064514 7.404350280761719 0.28599435091018677
-0.9353357553482056 7.575266361236572 0.03023739904165268
-0.538363516330719 7.734967231750488 -0.19390293955802917
0.22011879086494446 7.263164043426514 0.8947429656982422
-0.8016125559806824 7.912794589996338 0.2332117110490799
-0.8544623255729675 8.094400405883789 1.6228647232055664
-0.9930830001831055 8.132017135620117 1.5934886932373047
-0.6341150403022766 7.931253910064697 0.33982789516448975
-0.3213038444519043 8.530668258666992 0.17261463403701782
-0.735187828540802 7.827805519104004 -0.13904744386672974
-0.43659061193466187 8.232569694519043 -0.06725871562957764
-0.7265006303787231 8.021842002868652 1.3494465351104736
-0.41431891918182373 8.583356857299805 0.3002452850341797
-0.4466385841369629 8.49553394317627 -0.23695388436317444
-0.5295559763908386 8.67713737487793 0.24855083227157593
-0.7977327704429626 8.026152610778809 0.005180732347071171
-0.4624917507171631 8.218186378479004 0.305193156003952
-0.3422768712043762 8.559049606323242 -0.15955275297164917
-0.5514090657234192 8.33967399597168 -0.1671118438243866
0.4974113702774048 9.368551254272461 0.9257726669311523
-0.6004903316497803 8.662805557250977 -0.1813722401857376
-0.29188716411590576 8.75778865814209 0.03782571107149124
-0.8570577502250671 8.337213516235352 1.2649742364883423
0.09310848265886307 9.219221115112305 0.8151224255561829
-0.6022405624389648 8.365235328674316 0.1966722011566162
-0.3458854556083679 8.700392723083496 -0.31817761063575745
-1.0432779788970947 9.800853729248047 0.32768967747688293
-0.6778033375740051 8.200188636779785 1.5231369733810425
0.2273336946964264 9.1920166015625 0.7438408136367798
0.2389281690120697 9.131963729858398 0.8855885863304138
-0.20415446162223816 8.819028854370117 -0.0354987233877182
-0.6479893326759338 8.349203109741211 0.08009671419858932
0.34211239218711853 9.174117088317871 0.9472290277481079
-0.34490054845809937 9.024469375610352 -0.1267348974943161
0.10266655683517456 9.250091552734375 1.058099627494812
0.4729718267917633 9.51559829711914 0.9420934915542603
0.4375460147857666 9.32738208770752 0.7807262539863586
-0.9750939607620239 9.539477348327637 0.3744984269142151
0.04376857355237007 9.789740562438965 0.9581786394119263
-0.9876016974449158 9.590943336486816 0.37864866852760315
0.31337669491767883 9.447406768798828 1.0948818922042847
-0.3867744207382202 8.84351921081543 -0.29546505212783813
-1.0643246173858643 9.53439998626709 0.36136558651924133
0.007234608754515648 9.352689743041992 0.9367377161979675
-0.017314255237579346 9.651224136352539 0.8850078582763672
0.15287843346595764 9.555314064025879 0.0191658902913332
0.010492882691323757 9.474067687988281 0.78284752368927
0.11036784946918488 9.5989351272583 0.05212463065981865
-0.7974324822425842 10.078425407409668 0.31468701362609863
-1.015407681465149 9.876752853393555 0.605440080165863
-1.1851181983947754 9.984289169311523 0.6462121605873108
-0.5177136659622192 10.065476417541504 -0.10127169638872147
0.12483768910169601 9.589978218078613 0.20853325724601746
-0.6244365572929382 9.985210418701172 0.07949021458625793
-0.9504588842391968 9.71361255645752 0.6156283020973206
-0.7797680497169495 10.029557228088379 -0.025522345677018166
-0.17711447179317474 9.797575950622559 0.9871521592140198
0.08858101069927216 10.126274108886719 -0.011884383857250214
-0.6163395643234253 10.071249961853027 0.024257175624370575
-0.6673462390899658 10.126741409301758 -0.18824829161167145
-0.6160525679588318 10.015157699584961 0.7256724834442139
-0.27249157428741455 9.786164283752441 0.870783805847168
-1.1380456686019897 10.252232551574707 0.832101047039032
-0.654384195804596 10.383400917053223 -0.23955294489860535
-0.7075805068016052 10.105865478515625 -0.237543523311615
-1.0680899620056152 10.0865478515625 0.7134926319122314
-1.1223745346069336 10.019607543945312 0.7906773090362549
0.15600253641605377 10.465570449829102 0.2532489001750946
-0.8725438117980957 10.187522888183594 0.2746865451335907
-1.2677444219589233 10.447295188903809 1.041404128074646
-0.994884192943573 10.575968742370605 0.0015040510334074497
-0.8576721549034119 10.416662216186523 -0.10289371013641357
0.07492035627365112 10.66031265258789 0.27028122544288635
-0.33453866839408875 10.083773612976074 0.8556461930274963
-0.883831799030304 10.610661506652832 0.07248524576425552
-0.4186107814311981 10.303306579589844 -0.02456848695874214
-0.10760620981454849 10.550955772399902 0.6411424279212952
0.11601802706718445 10.53125286102295 0.1937294453382492
-0.9810464382171631 10.757323265075684 0.037611957639455795
-0.6966215372085571 10.482063293457031 -0.13195553421974182
-1.2130656242370605 10.421353340148926 1.1476051807403564
0.2209792584180832 10.616230964660645 0.15966230630874634
-0.05432487651705742 10.781767845153809 0.7716391086578369
0.5642212629318237 10.984115600585938 1.3890308141708374
-1.0248888731002808 10.664450645446777 -0.07116400450468063
0.18908359110355377 10.899099349975586 0.43883606791496277
0.0692688524723053 10.808978080749512 0.384413480758667
-0.8300440311431885 10.791766166687012 0.4703809320926666
-0.7985073924064636 10.804054260253906 0.2669142484664917
-0.5172560214996338 10.868030548095703 0.28376150131225586
0.14241063594818115 10.942427635192871 0.5025423765182495
0.061815641820430756 10.844642639160156 0.12986107170581818
-1.011378288269043 10.962323188781738 0.8955144286155701
-0.03038923069834709 11.078812599182129 1.2150464057922363
-1.1110726594924927 10.931511878967285 1.1650046110153198
-1.0410996675491333 11.151704788208008 0.5647622346878052
-0.1582290232181549 11.08764362335205 0.19380101561546326
0.18522396683692932 11.01587200164795 0.2644196152687073
-0.7896790504455566 11.055069923400879 0.10482355207204819
-0.8348037600517273 11.184722900390625 0.3378206193447113
-0.3762354254722595 11.184035301208496 -0.37314385175704956
-0.6443647742271423 11.134308815002441 -0.11469957232475281
-0.009667095728218555 11.23129940032959 1.265408992767334
0.2538183033466339 11.132833480834961 0.19145691394805908
-0.9845877289772034 11.217476844787598 0.21097448468208313
-0.7835000157356262 11.357109069824219 0.2600817382335663
-0.7328247427940369 11.342609405517578 0.3192543089389801
-0.015953706577420235 11.321813583374023 0.8698295950889587
-1.1366703510284424 11.399308204650879 0.2143799066543579
-0.2949344217777252 11.433741569519043 0.5001567006111145
-0.2642810344696045 11.442766189575195 0.7293074727058411
-1.0264124870300293 11.456928253173828 1.3460267782211304
-0.031189098954200745 11.473438262939453 1.413838505744934
-0.11787312477827072 11.46052074432373 0.3347119987010956
-0.5455096364021301 11.47900390625 0.14623157680034637
-0.11116795986890793 11.503137588500977 1.059999942779541
-1.101660966873169 11.53809928894043 1.2737882137298584
-0.9341533184051514 11.50839900970459 1.3949352502822876
0.07053029537200928 11.532118797302246 0.992575466632843
-0.3081792891025543 11.530471801757812 0.010785500518977642
0.0463872030377388 11.549833297729492 -0.49462875723838806
-0.3661847710609436 11.571660995483398 0.9365283846855164
-0.48182058334350586 11.574140548706055 1.0564154386520386
