855
-2.3863754272460938 0.2845063805580139 1.598973274230957
-2.386474609375 0.2846066355705261 -0.7576858997344971
-2.380052089691162 0.6110191941261292 0.6432596445083618
0.9210299253463745 0.5364698171615601 -0.8836485147476196
-2.134821891784668 0.284606397151947 0.05341099575161934
-1.340348482131958 0.2846062183380127 -1.205398678779602
-0.20558850467205048 0.284606397151947 0.897602915763855
-0.9152820706367493 0.284606397151947 -0.9202176332473755
-0.9499483108520508 0.2846066951751709 -1.2053987979888916
0.921032190322876 0.2845063805580139 -1.2053306102752686
-2.386474609375 0.2846064567565918 -0.26728355884552
-2.386474609375 0.2846064567565918 0.26409053802490234
-2.386474609375 0.28460657596588135 -0.5019698143005371
-1.802797794342041 0.28460609912872314 2.141308307647705
-2.386474609375 0.28460633754730225 -0.017070770263671875
-2.3863754272460938 0.2845063805580139 0.6825828552246094
0.6488786935806274 0.2845063805580139 -1.2052973508834839
-0.5541989803314209 0.2846064567565918 -1.2053989171981812
-2.196336269378662 0.284606397151947 1.344374179840088
0.14040344953536987 0.28460636734962463 2.141308307647705
0.9211299419403076 0.2846064567565918 -0.8959870338439941
0.9211299419403076 0.2846066951751709 -0.7297017574310303
-2.386474609375 0.28460657596588135 0.13307273387908936
-1.4961117506027222 0.284606397151947 1.8719666004180908
-0.42530250549316406 0.28460633754730225 -1.2053989171981812
-2.36991024017334 0.28460609912872314 2.141308307647705
-2.386474609375 0.28460633754730225 -0.13574254512786865
0.9211299419403076 0.2846066951751709 -0.994457483291626
-2.123443126678467 0.284606397151947 1.670251727104187
-1.0926806926727295 0.2846064567565918 -1.205398678779602
0.9211300611495972 0.2846064567565918 1.3620535135269165
0.9210300445556641 0.5286209583282471 1.4723050594329834
-1.8736824989318848 0.284606397151947 1.698259711265564
-2.3863744735717773 0.6251090168952942 1.7017886638641357
-2.179555892944336 0.2845063805580139 2.141206741333008
0.9210299253463745 0.5296659469604492 -0.6806312203407288
-2.386474609375 0.2846066355705261 -0.6276944875717163
0.9211125373840332 0.28460627794265747 -1.2053993940353394
-2.386474609375 0.2846065163612366 -0.8708227276802063
-1.9447097778320312 0.2845063805580139 2.141206741333008
0.9210324287414551 0.2845063805580139 0.880742073059082
-1.510331630706787 0.284606397151947 -0.9838547110557556
0.21528850495815277 0.284606397151947 1.455349326133728
-0.6127463579177856 0.284606397151947 -0.9209896326065063
0.3948383331298828 0.28460657596588135 -1.2053991556167603
-2.386474370956421 0.2845933437347412 2.1412086486816406
-2.1380250453948975 0.284606397151947 0.8864537477493286
-0.4996999502182007 0.284606397151947 -0.7306649684906006
-2.378977060317993 0.6227946281433105 -1.2030088901519775
-2.3863751888275146 0.32530856132507324 -1.2053983211517334
-1.5993645191192627 0.284606397151947 -0.470112681388855
-1.4683111906051636 0.284606397151947 -0.7921606302261353
-2.3863754272460938 0.2845063805580139 1.684783935546875
-1.9737566709518433 0.284606397151947 -0.6092449426651001
0.9210300445556641 0.2845063805580139 2.0453977584838867
-1.8923412561416626 0.284606397151947 1.3029594421386719
0.3237687945365906 0.284606397151947 -0.8916915655136108
-1.5335845947265625 0.2845063805580139 -1.205301284790039
-2.386474609375 0.28460657596588135 0.517662763595581
-1.6578017473220825 0.284606397151947 -0.6869592666625977
-0.09983798116445541 0.284606397151947 -0.918200671672821
-1.224567174911499 0.284606397151947 -0.9583926200866699
-1.878091812133789 0.2845063805580139 -1.2052984237670898
-2.386474609375 0.2846065163612366 -1.2047488689422607
0.9210281372070312 0.2845063805580139 1.772970199584961
-2.386474370956421 0.2846064567565918 1.7922031879425049
-2.011096954345703 0.284606397151947 1.8710639476776123
0.9210281372070312 0.2845063805580139 1.109492301940918
-0.13356399536132812 0.2845063805580139 2.141207695007324
-2.386474609375 0.28460633754730225 -0.380801796913147
-0.1533031463623047 0.2845063805580139 -1.205299735069275
0.5321347117424011 0.28460636734962463 2.141308307647705
0.9211301207542419 0.28455260396003723 2.1412084102630615
-2.386474370956421 0.2846064567565918 1.489875078201294
0.9210300445556641 0.2845063805580139 1.6799983978271484
0.5469881296157837 0.284606397151947 1.7007708549499512
-1.223860740661621 0.2845063805580139 -1.205301284790039
-1.913928747177124 0.284606397151947 -0.11696137487888336
0.9210300445556641 0.2845063805580139 1.460794448852539
0.9211300611495972 0.284606397151947 1.5733366012573242
-1.7933534383773804 0.284606397151947 1.1331779956817627
-2.091296911239624 0.284606397151947 0.6445408463478088
-1.3293819427490234 0.2845063805580139 2.141206741333008
0.92103111743927 0.2845063805580139 -0.5853176712989807
0.9150494933128357 0.28460636734962463 2.141308307647705
-2.386474370956421 0.2846064567565918 0.9258978366851807
-1.7733936309814453 0.2845063805580139 -1.205301284790039
-1.2361133098602295 0.284606397151947 -0.7836271524429321
0.9211300611495972 0.2846065163612366 1.8756788969039917
0.19475947320461273 0.7551786303520203 2.124007225036621
-0.3660001754760742 0.2845063805580139 2.141206741333008
-0.0052721500396728516 0.2845063805580139 -1.2052977085113525
-1.6835956573486328 0.2845063805580139 -1.205301284790039
-1.9286857843399048 0.284606397151947 -0.8910075426101685
-2.386474370956421 0.2846064567565918 0.7885162830352783
-1.6964904069900513 0.596449077129364 -1.2052985429763794
0.5360274314880371 0.284606397151947 0.4782320261001587
-1.4411723613739014 0.2846059799194336 2.141308307647705
-1.941224455833435 0.5513846278190613 -1.2052985429763794
-0.6488523483276367 0.2845063805580139 2.141207695007324
-2.3863744735717773 0.6648184061050415 2.0128064155578613
-2.386474370956421 0.2846064567565918 1.3126959800720215
-0.7669534683227539 0.2845063805580139 2.141207695007324
0.9210323095321655 0.2845063805580139 0.6471588015556335
-2.3863754272460938 0.2845063805580139 1.911372184753418
-2.080423593521118 0.284606397151947 1.1420044898986816
0.9210318922996521 0.2845063805580139 0.04206135496497154
-2.356893301010132 0.2846062183380127 -1.2053983211517334
-2.3863744735717773 0.5799886584281921 1.2956786155700684
-0.7016584873199463 0.2845063805580139 -1.2052981853485107
-0.8816699981689453 0.2845063805580139 2.141207695007324
0.6665439605712891 0.2845063805580139 2.141207695007324
-2.386474370956421 0.2846066951751709 1.1819627285003662
-0.9331356287002563 0.284606397151947 1.7162147760391235
-2.3863744735717773 0.6748025417327881 -0.9668412208557129
0.9211300015449524 0.28460633754730225 0.12001609802246094
-2.1385087966918945 0.284606397151947 0.4212409555912018
-1.6947507858276367 0.2845063805580139 2.141207695007324
-2.386474609375 0.284606397151947 -1.0032105445861816
-2.140146493911743 0.2846062183380127 -1.205398440361023
-2.3863744735717773 0.2845063805580139 1.0550832748413086
0.9210299849510193 0.45307061076164246 -0.44198158383369446
-0.5019344687461853 0.284606397151947 1.8004390001296997
-1.2384382486343384 0.284606397151947 1.8839421272277832
-1.7500078678131104 0.284606397151947 -0.8860681653022766
-2.1004350185394287 0.284606397151947 -0.8149942755699158
-2.1170029640197754 0.284606397151947 -0.18975134193897247
-1.7741827964782715 0.284606397151947 1.885789155960083
-0.8342007398605347 0.3466060161590576 -1.205298900604248
-2.0128657817840576 0.2846064567565918 -1.205398440361023
0.2655206322669983 0.642058789730072 -1.1963684558868408
0.41967862844467163 0.28460636734962463 2.141308307647705
0.9208947420120239 0.7497462034225464 -1.203946828842163
-1.5702733993530273 0.2845063805580139 2.141206741333008
-2.157647132873535 0.7173961400985718 -1.2052984237670898
-2.040699005126953 0.2845063805580139 2.141207695007324
-0.2915043234825134 0.3672139644622803 -1.2052990198135376
0.9211300611495972 0.28460633754730225 1.224902868270874
0.538873016834259 0.284606397151947 0.06254156678915024
0.9009066820144653 0.5405329465866089 -1.2045502662658691
-1.8788264989852905 0.284606397151947 0.6149628162384033
0.9210296869277954 0.2845063805580139 -0.24950151145458221
0.2594108581542969 0.28460657596588135 -1.2053991556167603
-0.8313596248626709 0.2846066951751709 -1.2053987979888916
-0.014564737677574158 0.2846064567565918 2.141308307647705
-0.28581714630126953 0.2846064567565918 -1.2053989171981812
0.8294751644134521 0.2845063805580139 -1.2052972316741943
0.5146111845970154 0.284606397151947 -0.84136563539505
-0.7426577210426331 0.284606397151947 1.80454421043396
0.9210309386253357 0.2845063805580139 0.2570413649082184
-1.0736770629882812 0.2845063805580139 2.141207695007324
0.2748088836669922 0.2845063805580139 2.1412057876586914
0.33719560503959656 0.284606397151947 1.0502185821533203
0.1323697566986084 0.28460633754730225 -1.2053991556167603
-2.142521619796753 0.7082405090332031 2.1412081718444824
-1.4680489301681519 0.5989378690719604 -1.205298662185669
0.9211300015449524 0.2846064567565918 0.5555830001831055
-0.248232901096344 0.284606397151947 1.5125513076782227
-1.9237838983535767 0.5241491794586182 2.1412081718444824
-0.5741286873817444 0.4926806390285492 -1.205298900604248
0.5229610204696655 0.2846064567565918 -1.2053992748260498
0.36902427673339844 0.284606397151947 1.7891849279403687
-0.5723968744277954 0.3087867498397827 2.1412081718444824
-0.5015678405761719 0.2845063805580139 2.141206741333008
0.49045759439468384 0.4613298773765564 -1.2052992582321167
-0.03101535327732563 0.284606397151947 0.7172907590866089
0.5976598858833313 0.284606397151947 -0.2050441950559616
0.23897388577461243 0.3578375577926636 -1.2052991390228271
0.09773245453834534 0.284606397151947 0.24090230464935303
-1.2045135498046875 0.2845063805580139 2.141207695007324
-0.1999066025018692 0.284606397151947 1.7984811067581177
0.9210299849510193 0.2908172905445099 -0.07976796478033066
0.9210293889045715 0.2845063805580139 0.7887097001075745
0.1059759333729744 0.284606397151947 -0.8468678593635559
0.9210314750671387 0.2845063805580139 -0.48207107186317444
-1.7671949863433838 0.284606397151947 0.25597083568573
-2.3863754272460938 0.2845063805580139 0.39917945861816406
0.9211300015449524 0.2846064567565918 -0.37049150466918945
0.22723132371902466 0.284606397151947 -0.3890843093395233
0.5175573229789734 0.284606397151947 1.1655339002609253
0.9210299849510193 0.3362206220626831 2.141308307647705
-0.3093384802341461 0.284606397151947 -0.502906084060669
-1.4217571020126343 0.284606397151947 -0.6146339774131775
-0.7356696128845215 0.284606397151947 -0.7826626896858215
-0.010307573713362217 0.284606397151947 1.4692399501800537
-0.041078366339206696 0.284606397151947 1.7067463397979736
0.6368195414543152 0.284606397151947 -0.6940101385116577
0.9210336804389954 0.2845063805580139 0.4135048985481262
-0.3555045425891876 0.284606397151947 -0.8718397617340088
-0.15233469009399414 0.284606397151947 -0.6864966154098511
0.5498862862586975 0.284606397151947 -0.5329650640487671
-1.2250475883483887 0.284606397151947 -0.593436598777771
-2.0210769176483154 0.284606397151947 0.23272472620010376
-1.8756517171859741 0.284606397151947 0.8224812746047974
-0.9418343305587769 0.579197108745575 2.1412081718444824
-2.0189757347106934 0.284606397151947 1.4998847246170044
0.5850363969802856 0.284606397151947 1.4456733465194702
-2.3863744735717773 0.5667148232460022 -0.49148961901664734
-2.1410744190216064 0.284606397151947 -0.5639981031417847
0.9210300445556641 0.4973006248474121 1.2334647178649902
-0.07944150269031525 0.284606397151947 -0.39064064621925354
-1.8060014247894287 0.284606397151947 1.496069312095642
-2.386474370956421 0.28510355949401855 2.141207695007324
-1.6416031122207642 0.284606397151947 0.945137619972229
0.4097774028778076 0.416389524936676 2.1412081718444824
0.8042986392974854 0.750924825668335 2.1412081718444824
-2.365349531173706 0.7756878137588501 1.9126461744308472
-2.3863744735717773 0.4990106523036957 0.8537269830703735
-0.6359140872955322 0.284606397151947 -0.13923902809619904
-0.2559499740600586 0.2845063805580139 2.1412086486816406
-1.8309800624847412 0.284606397151947 -0.6687539219856262
-2.3863744735717773 0.4743618071079254 -1.1990199089050293
-1.6524460315704346 0.284606397151947 1.6907728910446167
-2.3863744735717773 0.6215765476226807 -0.27712929248809814
-2.3863744735717773 0.61250239610672 -0.7090733647346497
-0.06483793258666992 0.4899923801422119 -1.2052991390228271
-1.3584328889846802 0.284606397151947 1.2655822038650513
-1.270739197731018 0.284606397151947 1.0478318929672241
-2.107941150665283 0.8182523250579834 -0.6951348781585693
-1.2296321392059326 0.4640423059463501 -1.2052987813949585
-2.3863744735717773 0.5156561136245728 0.20959241688251495
-0.5122504234313965 0.7383325695991516 -1.1884490251541138
-1.9942317008972168 0.284606397151947 -0.3558776378631592
-1.7561724185943604 0.284606397151947 -0.22868934273719788
-2.3863744735717773 0.572799026966095 1.1028085947036743
-1.8842999935150146 0.284606397151947 0.06352725625038147
-1.8072441816329956 0.284606397151947 -0.4430995285511017
-0.6769527792930603 0.284606397151947 1.6200902462005615
0.3701852560043335 0.284606397151947 -0.6736988425254822
-1.4067506790161133 0.284606397151947 -0.4043784737586975
0.9113420248031616 0.6495362520217896 -1.175852656364441
-1.6178642511367798 0.284606397151947 1.2098054885864258
-1.9062130451202393 0.284606397151947 0.43275418877601624
0.5068472623825073 0.7177599668502808 -1.1922398805618286
0.007156188599765301 0.284606397151947 0.014054440893232822
0.2049058973789215 0.2846064269542694 2.141308307647705
0.9210300445556641 0.2845063805580139 0.990290641784668
0.34878265857696533 0.284606397151947 0.6927309632301331
-2.043987274169922 0.8086345195770264 -0.9219035506248474
-0.9311273097991943 0.7012844681739807 -1.2018674612045288
-0.9843282699584961 0.2845063805580139 2.141207695007324
-0.8610501289367676 0.284606397151947 -0.6366740465164185
-1.1618767976760864 0.284606397151947 1.6729145050048828
-2.3863744735717773 0.5712020993232727 -0.0333171971142292
0.9211299419403076 0.4083693027496338 -1.205298900604248
-1.632339596748352 0.7574637532234192 2.1412081718444824
-0.8708664774894714 0.284606397151947 1.0876868963241577
-2.3345766067504883 0.6341970562934875 2.1412081718444824
-1.5652010440826416 0.284606397151947 -0.20503190159797668
0.9211301207542419 0.4907943308353424 2.141207695007324
-1.3881925344467163 0.284606397151947 1.658564805984497
0.15156681835651398 0.284606397151947 0.5502070188522339
-0.6187167763710022 0.284606397151947 0.7405298352241516
-2.327951192855835 0.749592661857605 -0.8193706274032593
-0.8223721981048584 0.284606397151947 1.4903420209884644
-2.3502542972564697 0.7648465633392334 -1.1314016580581665
-2.3863742351531982 0.4809088408946991 2.1335630416870117
-2.1089069843292236 0.8949652910232544 1.752672553062439
-2.184753656387329 0.8600900769233704 2.0324573516845703
-0.42752954363822937 0.6009095907211304 2.139965534210205
0.04561511054635048 0.7472139000892639 -1.181843876838684
0.9210300445556641 0.5913230180740356 1.011702537536621
-2.3863744735717773 0.5463021397590637 0.4277949035167694
0.9210301041603088 0.6350377202033997 2.1392717361450195
0.6712279319763184 0.7833549380302429 -1.1792858839035034
-0.1702042818069458 0.3916175365447998 2.1412081718444824
0.9210300445556641 0.5803638100624084 1.6905306577682495
0.9211300015449524 0.28460657596588135 0.347017765045166
0.9198029041290283 0.3152231276035309 -0.15464474260807037
-2.3440239429473877 0.7502541542053223 0.08803319185972214
-0.5617608428001404 0.284606397151947 0.3142513334751129
-1.6629616022109985 0.7326497435569763 -1.1965627670288086
-2.357581377029419 0.7598023414611816 -0.5211477279663086
-0.9994157552719116 0.284606397151947 1.3619976043701172
-1.181232213973999 0.284606397151947 -0.35179394483566284
-2.3863744735717773 0.5940600037574768 1.5079208612442017
-0.03382761403918266 0.284606397151947 -0.17119340598583221
0.4055526852607727 0.284606397151947 -0.13421808183193207
0.14848366379737854 0.284606397151947 1.724912166595459
-0.4730056822299957 0.284606397151947 -0.47295114398002625
-1.6653701066970825 0.284606397151947 0.0541560985147953
0.9067655801773071 0.7573423981666565 1.8773071765899658
-0.7598426938056946 0.7259219884872437 -1.201692819595337
0.9210300445556641 0.46820032596588135 0.7887366414070129
-1.4678831100463867 0.284606397151947 1.0814050436019897
-1.8304346799850464 0.6984109282493591 2.1412081718444824
-2.3569793701171875 0.7236281633377075 0.8645082116127014
-1.3556832075119019 0.5641863942146301 2.1412081718444824
-2.3476483821868896 0.7646974921226501 -0.1621490865945816
-1.2039285898208618 0.284606397151947 1.431779146194458
-1.921764850616455 0.7363153100013733 -1.1980490684509277
-0.6839568614959717 0.6554716229438782 2.137148857116699
-0.4685671627521515 0.284606397151947 1.3838903903961182
-0.1469816118478775 0.284606397151947 0.1672552525997162
0.5893459320068359 0.756257176399231 2.126704692840576
0.7132494449615479 0.8540441393852234 -0.9775454998016357
0.907684862613678 0.7678652405738831 -0.8580660223960876
0.9189196228981018 0.7405115365982056 -0.34118911623954773
0.8967503309249878 0.7722707390785217 1.6950109004974365
-2.3597662448883057 0.7528125643730164 0.45444589853286743
0.9075702428817749 0.7190127372741699 -0.525855302810669
0.9067120552062988 0.7492207288742065 1.4943504333496094
0.9210299849510193 0.5572852492332458 0.12529940903186798
-1.0399080514907837 0.29214614629745483 -0.2756327688694
0.2801890969276428 0.284606397151947 0.06038123741745949
-2.3449411392211914 0.8299038410186768 1.6905416250228882
0.5613613724708557 0.284606397151947 0.9839972853660583
0.03918786719441414 0.284606397151947 1.146596908569336
0.43349120020866394 0.6438192129135132 2.123898506164551
0.8961141109466553 0.7890231013298035 -0.6557971835136414
-1.9469376802444458 0.8290884494781494 2.1292977333068848
-1.1654036045074463 0.683225154876709 2.137251853942871
0.8937429189682007 0.7925009727478027 2.081434726715088
-0.26861244440078735 0.7597061991691589 2.3396260738372803
-1.6693276166915894 0.284606397151947 0.4732072353363037
0.40466606616973877 0.3000846803188324 1.6212949752807617
0.9103118777275085 0.7453436255455017 1.0138720273971558
0.8992494940757751 0.7564181685447693 0.3288137912750244
0.6694649457931519 0.7776892185211182 1.430970311164856
-1.6698122024536133 0.8822367787361145 1.9846893548965454
-2.3567116260528564 0.7929929494857788 1.4544821977615356
-1.0916141271591187 0.284606397151947 1.0952025651931763
-0.7036511301994324 0.284606397151947 1.3018192052841187
-2.323058843612671 0.7981857061386108 1.1983548402786255
-2.2175326347351074 0.9204415082931519 1.4153879880905151
-2.1581215858459473 0.8347640037536621 -0.4665168523788452
-0.9685463905334473 0.345543771982193 1.7315751314163208
0.06315522640943527 0.5634859800338745 2.1412081718444824
-0.6635238528251648 0.284606397151947 -0.5652961134910583
-1.611645221710205 0.284606397151947 1.4281096458435059
-2.328535556793213 0.8165629506111145 0.9404987096786499
-1.5441150665283203 0.284606397151947 0.2597822844982147
-1.3555289506912231 0.7713239789009094 2.115208864212036
-0.3521707355976105 0.2917877733707428 1.672566294670105
-0.8086129426956177 0.7602951526641846 2.2721211910247803
-1.2371296882629395 0.284606397151947 0.48352664709091187
-1.0184251070022583 0.2871148884296417 -0.7632890343666077
-0.6677858233451843 0.8400332927703857 1.5266172885894775
-0.33176758885383606 0.284606397151947 1.2181512117385864
-0.32131651043891907 0.7709767818450928 -1.1429816484451294
-1.0538506507873535 0.7506122589111328 -1.161678671836853
-2.0367538928985596 0.8737803101539612 1.2555850744247437
-1.8338031768798828 0.7593669891357422 -0.8821804523468018
-1.915510654449463 0.882246732711792 1.459978699684143
0.5507612228393555 0.3036918342113495 0.648452639579773
-0.007801893167197704 0.7724381685256958 2.1148886680603027
0.11087382584810257 0.284606397151947 -0.6225009560585022
-0.078152596950531 0.8129364252090454 2.3135197162628174
0.2831650674343109 0.8013842105865479 -1.188124418258667
-1.9109629392623901 0.8432076573371887 0.5709722638130188
0.9104026556015015 0.7109841704368591 -0.15152259171009064
0.4611564576625824 0.6685340404510498 1.5616278648376465
-1.8513513803482056 0.5500461459159851 0.2708781063556671
-1.2216720581054688 0.7304075360298157 -1.1861199140548706
0.5674315094947815 0.284606397151947 0.2875002324581146
-0.14317654073238373 0.7467950582504272 -1.1993108987808228
-0.5666078925132751 0.7622063159942627 2.366549015045166
0.9210299849510193 0.56942218542099 0.5035027861595154
-1.9310630559921265 0.5687636137008667 1.5973914861679077
-0.9869276881217957 0.284606397151947 0.38905611634254456
-1.5533753633499146 0.5525620579719543 -0.0198444202542305
-1.3690799474716187 0.8212028741836548 1.8785591125488281
0.22420617938041687 0.284606397151947 1.2211827039718628
0.45368316769599915 0.8331964015960693 -0.8578959703445435
-1.0740920305252075 0.8274138569831848 -0.15943211317062378
-1.4987238645553589 0.2964384853839874 0.5642951726913452
-1.6975138187408447 0.284606397151947 0.7203652858734131
-1.4327583312988281 0.284606397151947 -0.013128643855452538
-1.046425700187683 0.8012769818305969 2.0905094146728516
-1.4822359085083008 0.29701942205429077 0.7841218709945679
-2.350994348526001 0.8986104726791382 0.5343527793884277
-1.5177688598632812 0.8107016086578369 1.7040305137634277
-2.0411038398742676 0.8445470929145813 0.06564824283123016
0.44555190205574036 0.284606397151947 -0.36650899052619934
-1.350772500038147 0.284606397151947 0.16927148401737213
-1.8822299242019653 0.8230254650115967 -0.3622790575027466
0.2837846577167511 0.9072408676147461 -1.0308150053024292
-1.5797642469406128 0.5694875121116638 2.12721586227417
0.8856052160263062 0.7991995811462402 0.06064067780971527
0.7934315204620361 0.8851236701011658 -0.10031059384346008
-1.5088976621627808 0.30946528911590576 1.538366436958313
-1.9214574098587036 0.3576250970363617 0.9945387840270996
0.43671634793281555 0.2917719781398773 1.3796786069869995
-2.138770580291748 0.8825118541717529 0.6841463446617126
-0.7745043039321899 0.8407241702079773 1.9964667558670044
-0.5253346562385559 0.7973887324333191 1.8797948360443115
-0.3982115089893341 0.284606397151947 0.9107375144958496
0.3375151455402374 0.2877413034439087 0.44964399933815
-1.8639978170394897 0.5564347505569458 -0.21462909877300262
-1.3936246633529663 0.7670474052429199 -1.1426103115081787
-2.161553144454956 0.843584418296814 -0.2323826402425766
-1.1147198677062988 0.8733434677124023 1.884108066558838
-2.372532844543457 0.8159879446029663 0.20963183045387268
-1.0569407939910889 0.284606397151947 0.22748856246471405
-0.9516855478286743 0.7810433506965637 -0.8233076930046082
-0.9610558748245239 0.284606397151947 0.6929763555526733
-0.05981454998254776 0.5903410315513611 1.758880615234375
-2.130173921585083 0.8858190178871155 0.9914433360099792
-1.2940595149993896 0.284606397151947 0.7088184952735901
-1.86653733253479 0.6404828429222107 0.7323226928710938
0.23823408782482147 0.48323002457618713 1.5773662328720093
-0.08665963262319565 0.6717118620872498 -0.08808715641498566
-1.1525074243545532 0.2854856252670288 0.8604839444160461
-0.9614673256874084 0.4887659251689911 1.2313956022262573
-0.5230859518051147 0.3204529881477356 1.559343695640564
-1.8805263042449951 0.7223635911941528 -0.6300304532051086
-1.654710292816162 0.7622523903846741 -0.8321513533592224
-0.5017492175102234 0.7823020815849304 1.5612554550170898
-0.2987463176250458 0.759909987449646 2.1831936836242676
-0.9844319820404053 0.8309371471405029 1.729744553565979
-1.846758246421814 0.6825953125953674 1.1194366216659546
-1.2945300340652466 0.4737379252910614 1.5363234281539917
-1.3880923986434937 0.284606397151947 0.3731018304824829
0.37383878231048584 0.7637647390365601 2.105330467224121
-0.2933484613895416 0.7605863213539124 1.8701550960540771
0.5628905296325684 0.835828959941864 1.8899747133255005
0.2390008568763733 0.2884351909160614 0.8923357129096985
-1.0880520343780518 0.284606397151947 -0.04395734518766403
0.2220803052186966 0.7358884215354919 1.8114761114120483
-0.4284173548221588 0.284606397151947 -0.19021981954574585
0.5020657181739807 0.284606397151947 0.8319858908653259
0.9193166494369507 0.7366809844970703 1.258417010307312
-0.6862552165985107 0.792130172252655 1.742035150527954
-1.7816812992095947 0.7335594892501831 1.3396130800247192
0.2776397466659546 0.766394853591919 1.5086686611175537
-0.13586081564426422 0.3068423569202423 1.3444215059280396
-0.3135231137275696 0.7728493809700012 1.5943851470947266
-0.1585843414068222 0.8334586024284363 -0.9510812163352966
0.6389752626419067 0.7669439911842346 1.1337454319000244
0.9097340106964111 0.7469791769981384 0.6349735856056213
0.5244707465171814 0.791200578212738 1.6870381832122803
0.774949312210083 0.8444592356681824 0.259543776512146
-1.8177871704101562 0.8334887623786926 0.25263136625289917
-0.13920068740844727 0.32654082775115967 1.1577496528625488
0.8919718265533447 0.7864935398101807 0.8182807564735413
0.09748629480600357 0.8470151424407959 -0.8796748518943787
-1.194977045059204 0.7692069411277771 -0.6530445218086243
0.5820531249046326 0.8430280685424805 -0.7034425139427185
-0.1304335594177246 0.7663436532020569 1.6874496936798096
0.48743686079978943 0.8000366687774658 -0.028935614973306656
-1.8693571090698242 0.8681496977806091 1.697684645652771
0.7699154615402222 0.8794780969619751 0.4957880675792694
-1.9297910928726196 0.8704608678817749 -0.11859641224145889
-1.4073617458343506 0.8421434760093689 -0.3815057873725891
0.6220305562019348 0.8081502914428711 0.7172613143920898
0.3177698850631714 0.7867265939712524 1.205575704574585
0.442338228225708 0.6242546439170837 1.229201316833496
-1.1836241483688354 0.7847347259521484 -0.8891778588294983
-0.6095654964447021 0.8499166965484619 -1.0941661596298218
-2.039273262023926 0.8595467209815979 0.3030369281768799
0.3688620924949646 0.5272710919380188 -0.7305192351341248
-0.06956321001052856 0.8135371804237366 -0.6948606371879578
-1.4187663793563843 0.7645556330680847 -0.8185600638389587
-1.6924996376037598 0.8236933946609497 0.4576476514339447
-1.7193338871002197 0.7573027610778809 1.7202632427215576
-1.091606855392456 0.35540372133255005 0.5597013831138611
-1.7039470672607422 0.7890908122062683 -0.47504937648773193
-1.266065239906311 0.4635508954524994 -0.14623647928237915
0.03606151044368744 0.29440563917160034 0.9340342283248901
-0.5806875824928284 0.2879098057746887 1.1808127164840698
0.5220046639442444 0.7513254284858704 0.9319899082183838
0.026853306218981743 0.7771481275558472 1.5603725910186768
-1.210343360900879 0.31155771017074585 0.11743418127298355
0.7008885741233826 0.8726580142974854 -0.30177220702171326
-1.714645266532898 0.8358443379402161 -0.05998443812131882
-0.28377848863601685 0.3175615072250366 0.45436418056488037
-1.0881969928741455 0.9015258550643921 -0.33610689640045166
-0.8798303008079529 0.3740414083003998 0.12475423514842987
-1.9537127017974854 0.8267871737480164 0.9241284132003784
0.5149399638175964 0.8902406096458435 -0.5551443696022034
-1.0491716861724854 0.3042926788330078 -0.5526164770126343
-0.72603839635849 0.8341576457023621 -0.8907273411750793
-1.3099349737167358 0.9466713070869446 0.15049828588962555
-1.5769367218017578 0.8005200624465942 -0.2613999843597412
0.21209929883480072 0.2858625650405884 -0.1741737723350525
-1.4432313442230225 0.8643755316734314 -0.01889665052294731
-0.3715966045856476 0.6617530584335327 -0.8050306439399719
-0.35800668597221375 0.8330134153366089 -0.8003777861595154
-0.49470090866088867 0.4572073519229889 0.9875301122665405
-1.3287957906723022 0.7465566396713257 -0.5498218536376953
0.1214226707816124 0.8707897067070007 1.0422625541687012
-0.9977271556854248 0.8115370869636536 -0.6219783425331116
-0.5070421099662781 0.2905673384666443 0.5860956311225891
0.36090001463890076 0.7321531176567078 0.8053038716316223
-1.5875449180603027 0.8320128917694092 0.1783076673746109
0.3793787360191345 0.3172162175178528 0.2718062102794647
0.20557720959186554 0.8254680633544922 -0.619195282459259
-0.24365012347698212 0.3345906138420105 -0.205368772149086
0.41107019782066345 0.8022117614746094 -0.32793259620666504
-1.3484821319580078 0.3204059600830078 -0.22751356661319733
0.5036013722419739 0.860660970211029 0.5648732781410217
-0.10820585489273071 0.7933424115180969 1.1791815757751465
0.4470086991786957 0.8291133046150208 0.33867189288139343
-0.8740863800048828 0.2946782410144806 -0.32433316111564636
0.47466638684272766 0.4932505786418915 -0.048305168747901917
-0.15875951945781708 0.338401198387146 -0.6905516982078552
-1.4372217655181885 0.8250296115875244 0.848250687122345
-1.229594111442566 0.8861312866210938 -0.21017493307590485
0.0707482248544693 0.8030189275741577 1.331517219543457
-0.5886505842208862 0.3077520430088043 0.9903323650360107
-0.19127508997917175 0.8474069237709045 1.3688689470291138
-0.6329151391983032 0.8056491613388062 -0.5986760258674622
0.4104079008102417 0.6373327374458313 -0.4716204106807709
0.24058747291564941 0.9263002872467041 0.8421199321746826
0.4993510842323303 0.8692826628684998 0.17477843165397644
0.3383757174015045 0.7355431914329529 1.0027962923049927
0.13235583901405334 0.4176594614982605 -0.5770941376686096
-0.7136186361312866 0.3427121937274933 -0.3992919623851776
-0.6935322284698486 0.7521651983261108 -0.7003724575042725
-0.02959994226694107 0.9793767929077148 -0.2163967788219452
-1.2343831062316895 0.9352747201919556 0.005460342392325401
-0.7079218029975891 0.3195085823535919 0.194890558719635
-0.862038791179657 0.33976608514785767 -0.11820946633815765
-0.8705679774284363 0.7931521534919739 -0.440219908952713
0.04945322126150131 0.7889374494552612 1.2014248371124268
-0.4083060026168823 0.8942480087280273 1.3236100673675537
-0.4998071491718292 0.2906641960144043 0.011579329147934914
-0.7692028284072876 0.4317631423473358 0.6260285973548889
0.3935921788215637 0.7865412831306458 0.5749886631965637
-0.09306114166975021 0.36956921219825745 0.5813949108123779
-0.3747471272945404 0.3700457215309143 0.26956766843795776
-0.12668442726135254 0.3337157964706421 0.893096923828125
-0.5829587578773499 0.6573598980903625 -0.4320979714393616
-0.2350401133298874 0.6713576912879944 0.976495623588562
-0.4635941684246063 0.5233395099639893 -0.28483229875564575
-1.6344866752624512 0.7434628009796143 0.6612351536750793
-0.9302525520324707 0.7326861023902893 0.9853909015655518
-1.644317626953125 0.6587082743644714 1.0110244750976562
-1.445703148841858 0.6525670886039734 0.5459360480308533
-1.1362160444259644 0.7181671857833862 1.4400583505630493
-0.21380338072776794 0.49892330169677734 -0.44509637355804443
-1.2784643173217773 0.6472195982933044 0.9525096416473389
-0.860559344291687 0.3629233241081238 0.9048612117767334
-0.8291089534759521 0.856173574924469 -0.32069912552833557
-1.0547633171081543 0.5529191493988037 1.03965163230896
-0.15922501683235168 0.34756308794021606 -0.10924583673477173
-0.005376625340431929 0.764519214630127 -0.518604576587677
-0.8356494307518005 0.3995268940925598 -0.07566206157207489
-1.3813170194625854 0.745288074016571 1.4654299020767212
-0.5132774114608765 0.7200372219085693 1.2734745740890503
-1.4319384098052979 0.8092577457427979 0.36826658248901367
0.04944468289613724 0.3618300259113312 0.39753806591033936
0.2578325569629669 0.7256474494934082 -0.03283064812421799
-0.404552161693573 0.7764419317245483 -0.5029888153076172
-1.05374276638031 0.6273672580718994 0.841709554195404
-1.2141610383987427 0.6622594594955444 0.18973585963249207
-0.8221628069877625 0.7352311611175537 1.2613904476165771
-0.6845389604568481 0.6520891189575195 0.9312443137168884
0.27013659477233887 0.6891648173332214 0.5590773820877075
0.23673015832901 0.6751570105552673 -0.23484653234481812
-0.9391448497772217 0.40370631217956543 0.5071234107017517
-1.3225291967391968 0.6388460397720337 1.14286470413208
-0.06479324400424957 0.6685492396354675 -0.32035183906555176
-0.31927451491355896 0.37415260076522827 0.40734124183654785
0.3086445927619934 0.7868261337280273 0.2583451569080353
-0.9930667877197266 0.7879274487495422 1.290898323059082
-0.5796741843223572 0.6170005202293396 1.3583279848098755
-0.13966336846351624 0.525091826915741 0.6711961627006531
-1.300117015838623 0.633488118648529 0.6172729134559631
-0.6029022336006165 0.9135199785232544 0.41922909021377563
0.08160842210054398 0.38998448848724365 0.062276966869831085
-0.537947952747345 0.8033187389373779 0.6768823266029358
-1.5658725500106812 0.7155737280845642 1.3596349954605103
-0.46542659401893616 0.54042649269104 0.6311934590339661
-0.8315776586532593 0.6170604228973389 0.5967167019844055
0.007354073226451874 0.591296374797821 0.1967628449201584
0.010763294994831085 0.68623948097229 0.7310588955879211
-0.11068260669708252 0.780617356300354 0.8997904658317566
-0.529575765132904 0.7783991098403931 1.1001582145690918
-0.08498802781105042 0.48028233647346497 0.37617817521095276
-0.6334588527679443 0.48490846157073975 0.21957968175411224
-0.8213503360748291 0.6297770738601685 0.10818502306938171
-0.3816499412059784 0.821927547454834 0.9170692563056946
-0.4991282522678375 0.5571833252906799 0.37989768385887146
-1.1157565116882324 0.7728174328804016 0.5030012726783752
0.021789785474538803 0.7343475818634033 0.1619594395160675
-0.21830520033836365 0.834533154964447 0.020951397716999054
-0.521571934223175 1.0425388813018799 0.2321777641773224
-0.5821540355682373 0.7773650884628296 -0.1262814700603485
-0.014746267348527908 0.7969385385513306 0.40312933921813965
-0.44557851552963257 0.5658453702926636 -0.013220217078924179
-0.6682016849517822 0.8180177211761475 0.9637543559074402
-1.1186957359313965 0.6519657373428345 0.4657115042209625
-1.0018752813339233 0.7697796821594238 0.7712774276733398
-0.3942527174949646 0.7923007607460022 -0.06268441677093506
-0.12314080446958542 0.9691056609153748 0.14674147963523865
0.05794660001993179 0.7059684991836548 0.5092951059341431
-1.0481765270233154 0.4751923680305481 1.5537186861038208
-0.2509060204029083 0.6993943452835083 -0.12233993411064148
-0.03058079443871975 2.4810469150543213 0.7628899216651917
-0.006169572472572327 0.8819725513458252 0.2652130126953125
-0.9824557900428772 0.7645370960235596 0.08888579905033112
-0.3965916931629181 2.2865402698516846 0.5313061475753784
-0.4597383439540863 0.9465582370758057 0.6568179130554199
-0.8444598913192749 0.7970536351203918 0.5655329823493958
-0.9114432334899902 0.8174766898155212 0.24365440011024475
-0.6945837736129761 0.7102659940719604 -0.12007863819599152
-0.5153490304946899 0.8846958875656128 0.0898028165102005
-0.7146821022033691 0.8176650404930115 0.2744813859462738
-0.12661206722259521 2.3995485305786133 0.6098483204841614
-0.4408756196498871 2.6142144203186035 0.2443428337574005
-0.0701863095164299 2.541991710662842 0.3906208276748657
-0.2316373884677887 0.829259991645813 0.658262312412262
-0.16701258718967438 1.0182433128356934 0.6023615002632141
-0.21554791927337646 2.4181671142578125 0.4162779152393341
-0.30337199568748474 1.0718666315078735 0.12873898446559906
-0.05457864701747894 0.9288150072097778 0.4939941167831421
-0.5969551205635071 2.4285988807678223 0.42574307322502136
-0.30388200283050537 2.285745143890381 0.7403387427330017
-0.3780171573162079 2.4191925525665283 1.052964210510254
-0.13867248594760895 1.145460605621338 0.3808065354824066
-0.4911455810070038 2.539174795150757 1.1822327375411987
-0.3946132957935333 2.4229910373687744 0.3516218662261963
-0.5967450141906738 2.3658289909362793 0.9813874363899231
-0.19155463576316833 2.3700551986694336 0.8819994330406189
-0.45869070291519165 2.2905712127685547 0.8594443202018738
-0.8186768889427185 2.5265157222747803 0.9063687920570374
-0.24663332104682922 2.728555202484131 0.21540798246860504
-0.04475933313369751 2.6553173065185547 1.001104474067688
-0.7099145650863647 2.53708815574646 1.0850871801376343
-0.19830618798732758 2.532449722290039 1.074039101600647
-0.4141444265842438 2.7515172958374023 1.2365005016326904
-0.5707462430000305 2.3084287643432617 0.6487029790878296
-0.41177666187286377 1.1337593793869019 0.5041453242301941
-0.6846638321876526 2.633333683013916 0.3908930718898773
-0.7084928750991821 2.381282091140747 0.7954332232475281
-0.6543167233467102 3.034191131591797 1.015191912651062
-0.5081698894500732 2.8625500202178955 0.269639790058136
-0.06494634598493576 2.780186653137207 0.3104132115840912
0.08178593218326569 2.743234395980835 0.5333419442176819
-0.638486385345459 2.8194451332092285 1.1817551851272583
-0.43823856115341187 3.0210788249969482 0.581325352191925
0.06838341057300568 2.6274821758270264 0.7229916453361511
0.0647817850112915 2.8742074966430664 0.8204938769340515
0.031009243801236153 2.9987430572509766 0.4660263657569885
-0.7588343024253845 2.47540545463562 0.6060465574264526
-0.808628261089325 2.801072120666504 0.9933846592903137
-0.4290063977241516 4.720743656158447 0.3121670186519623
-0.19691912829875946 3.2934415340423584 0.6707258224487305
0.0630001425743103 4.763425827026367 0.6226692795753479
-0.15472514927387238 2.8522632122039795 1.1068428754806519
-0.04442442208528519 3.0584492683410645 0.9785170555114746
-0.15071648359298706 4.698265552520752 0.38144683837890625
-0.4324618875980377 3.154648780822754 0.8267584443092346
-0.2527202069759369 3.035388946533203 0.3207819163799286
0.0005849739536643028 4.754999160766602 0.47898074984550476
-0.3261150121688843 3.0028953552246094 1.1510546207427979
-0.45706942677497864 3.1621038913726807 1.060831069946289
-0.2506469786167145 3.206465244293213 0.4683903753757477
0.06677514314651489 3.0903265476226807 0.6915954947471619
-0.6569096446037292 2.8800208568573 0.5535756945610046
-0.13602107763290405 3.272827625274658 0.906058132648468
-0.36463066935539246 4.446052074432373 0.6880882978439331
-0.30035004019737244 4.597075462341309 0.36929571628570557
-0.8245783448219299 2.7427475452423096 0.7289513349533081
-0.6274523735046387 4.698979377746582 0.413726270198822
-0.5807514786720276 4.679382801055908 0.9402313828468323
-0.6040389537811279 4.538095474243164 0.7570155262947083
-0.5326575636863708 4.506016731262207 0.6031492352485657
-0.3527123034000397 4.56697416305542 0.9407141208648682
-0.7157067656517029 4.667380332946777 0.6494904160499573
-0.40745216608047485 4.750192642211914 1.053452730178833
0.23830412328243256 5.095570087432861 0.6233519315719604
-0.4467124044895172 4.9009881019592285 0.27401843667030334
-0.23347054421901703 4.466981887817383 0.7112314701080322
-0.5688510537147522 4.954944133758545 1.0017400979995728
-0.03956671804189682 4.575575828552246 0.6942718029022217
-0.38198432326316833 4.486277103424072 0.4825606942176819
-0.5341665744781494 5.262199401855469 0.5751224756240845
0.1618455946445465 5.0031328201293945 0.7541717290878296
-0.22351521253585815 4.957326412200928 1.0721728801727295
-0.11566868424415588 4.572681903839111 0.8734151124954224
-0.0001601995900273323 5.023324966430664 0.36702612042427063
0.0787329152226448 4.849569320678711 0.9461780190467834
-0.29683467745780945 5.087619781494141 0.2075994908809662
-0.03896864876151085 5.235293388366699 0.5044673085212708
-0.7789730429649353 4.893529415130615 0.5357982516288757
-0.15158414840698242 4.712796211242676 1.0193243026733398
-0.0009499662555754185 5.0427470207214355 1.038380742073059
-0.573582112789154 5.179437637329102 0.9099916219711304
-0.2857325077056885 6.732816696166992 -0.028313640505075455
-0.7368230819702148 4.915048599243164 0.8091185092926025
-0.6057342290878296 6.593220233917236 0.47494328022003174
-0.32883498072624207 5.243682384490967 0.9806373715400696
-0.5886043906211853 5.092229843139648 0.4710763394832611
-0.010863238014280796 5.4956769943237305 0.4019751250743866
-0.45931488275527954 5.428326606750488 0.6814076900482178
-0.6395987868309021 5.3239898681640625 0.5075971484184265
0.00022145453840494156 5.285539627075195 0.9564465284347534
0.02059948444366455 5.445065975189209 0.45679134130477905
-0.4999823272228241 6.517510890960693 0.11111637204885483
0.21453052759170532 5.27797269821167 0.7881628274917603
-0.39307084679603577 6.496656894683838 0.33906787633895874
-0.20165428519248962 6.602405548095703 0.13601526618003845
-0.15313641726970673 5.478419303894043 0.3801972270011902
-0.23474043607711792 5.494577407836914 0.8246785998344421
-0.3500424325466156 6.524754047393799 0.12329389899969101
-0.4230150282382965 6.646304130554199 0.6387817859649658
-0.43696337938308716 6.80000638961792 0.745807945728302
-0.569713294506073 6.569369316101074 0.11924730241298676
-0.24787931144237518 5.423483371734619 0.5473328828811646
-0.2334248125553131 6.896308898925781 0.6502122282981873
-0.6767389178276062 6.749051094055176 0.39080822467803955
0.05501747131347656 7.022369384765625 0.30338725447654724
-0.4059504270553589 6.893024444580078 -0.10149183124303818
0.018950825557112694 7.521315574645996 0.98371821641922
-0.23144499957561493 6.635622978210449 0.4882931113243103
-0.6050881147384644 6.799191951751709 0.010254619643092155
-0.08682386577129364 6.721983909606934 0.23954306542873383
0.29724496603012085 7.690732479095459 0.9772114753723145
-0.6002618074417114 7.160717010498047 0.18653130531311035
-0.520254909992218 6.982649803161621 0.7457224130630493
-0.47673851251602173 6.558590888977051 0.4907975494861603
-0.6544044017791748 6.960951328277588 0.20264367759227753
-0.25636574625968933 7.045222282409668 -0.03399713337421417
-0.05447109416127205 6.817535877227783 0.41796618700027466
0.18010005354881287 7.5664381980896 0.8689599633216858
-0.5199922323226929 7.26263952255249 0.4934028685092926
0.15820102393627167 7.788106918334961 0.7899788618087769
-0.11406388878822327 7.002011775970459 0.12226050347089767
0.2109801471233368 7.591145992279053 1.0653504133224487
0.11844255030155182 7.599225044250488 1.155734658241272
-0.07821586728096008 7.005954742431641 0.6577856540679932
-1.4676684141159058 7.59542989730835 1.1899080276489258
-0.5912477374076843 7.069385051727295 0.5827335715293884
-0.165758416056633 7.719792366027832 0.9484763145446777
-0.4187188744544983 7.437270641326904 0.09522902220487595
-0.29588019847869873 7.29946756362915 0.0024939393624663353
-0.3941764831542969 7.418979644775391 0.6394319534301758
-0.13840048015117645 7.208237171173096 0.7542972564697266
-1.4811327457427979 7.636925220489502 1.1547659635543823
0.03800446167588234 7.992265701293945 0.9165939688682556
-0.4485801160335541 8.074350357055664 0.3109740912914276
-0.533153772354126 7.446908473968506 0.20688118040561676
-0.08406409621238708 7.905834674835205 1.1520510911941528
-0.16732525825500488 7.443629264831543 0.2210860550403595
-0.4282757043838501 7.758940696716309 0.12207324802875519
-0.4362209141254425 8.097159385681152 0.16718801856040955
0.07966297119855881 7.998775005340576 1.2233797311782837
-0.47102364897727966 7.90902042388916 0.21007950603961945
-0.08128602057695389 7.35661506652832 0.45449262857437134
-0.39219051599502563 8.65218734741211 0.29061681032180786
0.13004988431930542 8.196995735168457 1.1410773992538452
-0.4350081980228424 8.272798538208008 0.05419937148690224
-0.6430566310882568 8.306640625 0.3721415400505066
-0.6151521801948547 8.377052307128906 0.48466965556144714
-0.06019983068108559 7.662321090698242 1.0797501802444458
0.002824191004037857 8.187984466552734 1.209708571434021
-0.6694114804267883 8.469902992248535 0.014828906394541264
-0.048884909600019455 8.338451385498047 1.0021610260009766
-0.6844239830970764 8.308794975280762 0.2255139797925949
-0.4953101873397827 8.370878219604492 0.1631995290517807
-0.465884268283844 8.69693374633789 0.44541385769844055
0.0036580413579940796 7.2510480880737305 0.6808480620384216
-0.5706208944320679 8.582545280456543 -0.018583770841360092
0.21056616306304932 9.550028800964355 0.2720876932144165
0.2606862783432007 9.520644187927246 0.5870143175125122
-0.4594777822494507 8.885872840881348 0.5306317210197449
-0.6899510622024536 8.794858932495117 0.07368545979261398
-0.16316694021224976 8.519277572631836 0.8145029544830322
-0.1912398487329483 8.256214141845703 0.9760575294494629
-0.6517922282218933 9.24109935760498 0.14763648808002472
-0.6015520095825195 8.573945045471191 0.5601965188980103
-0.6794745922088623 8.891119003295898 0.29861143231391907
-0.650575578212738 8.947752952575684 0.004100605845451355
-0.5765083432197571 9.12428092956543 0.33501580357551575
-0.19204503297805786 8.221338272094727 0.9806290864944458
0.3817300498485565 9.529000282287598 0.3157292902469635
0.20178943872451782 9.3838472366333 0.4576640725135803
-0.6450115442276001 8.586846351623535 0.6067650318145752
0.3179308772087097 9.580623626708984 0.23585674166679382
-0.03923195227980614 9.443045616149902 0.38798245787620544
-0.5034636855125427 9.51013469696045 0.33760061860084534
-0.5071024894714355 9.427964210510254 0.2600032091140747
-0.08403800427913666 9.606922149658203 0.3308853209018707
0.10231559723615646 9.389741897583008 0.5277820825576782
-0.6737737655639648 9.412540435791016 0.0009620909113436937
-0.9170949459075928 9.898176193237305 -0.10364591330289841
-0.3462401032447815 9.71675968170166 0.657403826713562
-0.9490311145782471 9.861161231994629 -0.033816009759902954
-0.8457739353179932 9.921102523803711 0.2362852841615677
0.2741656005382538 9.495187759399414 0.6788886785507202
-0.6597426533699036 9.670645713806152 0.1963510513305664
0.3027467131614685 9.782854080200195 0.3465251624584198
-0.7954285740852356 9.495353698730469 0.08914871513843536
-0.8526198267936707 9.852684020996094 0.1510556936264038
0.11582869291305542 9.844503402709961 0.5537405610084534
-0.06035856157541275 9.929513931274414 0.587677538394928
-0.19086025655269623 9.879725456237793 0.7013416290283203
-0.5144364237785339 9.983778953552246 0.0493602529168129
-0.3086239695549011 9.971674919128418 0.7998502850532532
-0.4274703562259674 9.737837791442871 0.14061859250068665
-0.24713832139968872 9.794901847839355 0.23188024759292603
-0.6139224767684937 9.9234619140625 -0.11997966468334198
-0.21096773445606232 10.029874801635742 0.6330676674842834
-0.4691193103790283 9.748368263244629 -0.08365374803543091
-0.18569223582744598 10.00613784790039 0.7089295387268066
-1.2839471101760864 10.576034545898438 1.1400715112686157
0.24329480528831482 10.303142547607422 1.0401743650436401
-0.9589224457740784 10.076834678649902 0.005178909748792648
0.2769477963447571 10.2893705368042 0.9321780204772949
-0.9452379941940308 10.285907745361328 -0.12654374539852142
-0.8682724237442017 10.269798278808594 -0.07242633402347565
0.061483073979616165 10.485365867614746 0.5119158625602722
0.0903351828455925 10.456506729125977 0.6261321902275085
-0.9913636445999146 10.375360488891602 0.1453147679567337
0.11561243236064911 10.547445297241211 0.5700763463973999
0.24271255731582642 10.483942031860352 1.140990138053894
-0.9698203206062317 10.575310707092285 0.008532525040209293
0.09333893656730652 10.706986427307129 0.41581007838249207
-0.27816012501716614 10.730210304260254 -0.09387606382369995
-0.664634644985199 10.420475959777832 0.077988401055336
0.3103727102279663 10.557395935058594 1.174074649810791
-1.0305066108703613 10.744392395019531 -0.0012620985507965088
0.1596887856721878 10.666196823120117 0.45534855127334595
0.18478405475616455 10.761082649230957 0.5589098334312439
-1.3724195957183838 10.89635944366455 1.1302440166473389
-1.2661720514297485 10.892278671264648 0.985877513885498
-0.7997649908065796 11.038351058959961 0.8000538349151611
-0.21425603330135345 10.871955871582031 -0.23960451781749725
-0.9847984910011292 10.938457489013672 0.07085443288087845
-0.9185057282447815 11.079715728759766 0.7746113538742065
-0.8471139073371887 10.906024932861328 0.07009688764810562
-0.6467437744140625 11.176344871520996 1.1082487106323242
-0.9051108956336975 11.039953231811523 0.7882312536239624
-0.1389864832162857 11.10161018371582 -0.24755358695983887
-0.16760772466659546 11.146119117736816 1.2632827758789062
-1.0480746030807495 11.031527519226074 0.4182237982749939
-1.215586543083191 11.107234954833984 0.9345778822898865
-0.6821362376213074 11.122314453125 -0.1010686531662941
-0.8104085326194763 11.235799789428711 0.5870640277862549
-0.8882323503494263 11.236318588256836 0.4844306409358978
-0.5059067010879517 11.204548835754395 0.598543643951416
-0.999328076839447 11.184582710266113 -0.0453551709651947
0.32583943009376526 11.286681175231934 0.5081335306167603
-0.18980206549167633 11.29770278930664 -0.37872982025146484
-1.1468498706817627 11.228623390197754 0.3155559301376343
0.39814281463623047 11.370172500610352 1.0869632959365845
0.14345158636569977 11.307882308959961 0.587028980255127
-0.33324959874153137 11.313005447387695 1.2715201377868652
-1.0013140439987183 11.300941467285156 0.16163256764411926
0.46905088424682617 11.393073081970215 0.3073185384273529
-0.6417873501777649 11.366318702697754 0.7353800535202026
-1.3514039516448975 11.470868110656738 1.3150639533996582
0.14973177015781403 11.425788879394531 1.3629997968673706
-0.7841132283210754 11.414341926574707 -0.12134663760662079
-0.21911677718162537 11.447244644165039 0.07319306582212448
0.0866275355219841 11.476861953735352 0.7705869674682617
0.5436055064201355 11.49653434753418 0.11263243854045868
-1.0720512866973877 11.52013111114502 0.960256814956665
-1.101396083831787 11.544743537902832 1.4328808784484863
-1.4049574136734009 11.544548034667969 -0.010389046743512154
-0.8731934428215027 11.542445182800293 0.7818315029144287
0.13134843111038208 11.559389114379883 0.9803212881088257
0.5716798305511475 11.578243255615234 0.8836303949356079
