384
-1.2439830303192139 1.1553986072540283 1.1491299867630005
-1.624618649482727 1.171666145324707 0.03590666875243187
-1.4584327936172485 1.094794750213623 0.7489061951637268
0.34455621242523193 1.1563204526901245 0.2570955157279968
-1.6715599298477173 1.1104001998901367 0.18200692534446716
-0.515201985836029 0.34488463401794434 -1.0001428127288818
0.0021921340376138687 0.4228352904319763 0.6058483123779297
-1.2993083000183105 1.3158245086669922 1.2516471147537231
-0.7232783436775208 0.34006455540657043 -0.7620095610618591
-0.654492199420929 0.4303130507469177 -0.8517012000083923
0.3764817714691162 1.1242318153381348 0.011798504739999771
-1.7083467245101929 1.1044105291366577 -0.3103381097316742
-1.6199012994766235 1.116033673286438 0.3809615969657898
-1.69614577293396 1.0449484586715698 -0.2054767608642578
-1.0990104675292969 0.927639901638031 1.1390668153762817
-1.5160064697265625 0.6628751754760742 0.1331203281879425
-1.7402679920196533 1.0174285173416138 0.3142336905002594
0.32929283380508423 0.8305144309997559 -0.20157459378242493
-0.19447526335716248 0.7897728085517883 -0.7773901224136353
-1.177107572555542 0.3928490877151489 0.6434599161148071
-0.06532872468233109 0.47049543261528015 0.850158154964447
0.18070662021636963 0.9442887306213379 -0.5960537195205688
0.4326213300228119 1.2214077711105347 0.008053522557020187
-1.6983238458633423 1.136846661567688 0.08061595261096954
-0.6321810483932495 0.3703814744949341 0.7877942323684692
0.25261735916137695 1.1523445844650269 -0.20254097878932953
-1.2634057998657227 1.2356741428375244 1.3453359603881836
-1.812825083732605 1.036684513092041 -0.35704612731933594
0.34119904041290283 1.1798349618911743 -0.318573921918869
-0.9072849750518799 1.3563913106918335 1.1400525569915771
-0.5618450045585632 0.2965366840362549 -0.9900645017623901
0.34274834394454956 0.860265851020813 0.7929868102073669
0.37972283363342285 1.0535446405410767 0.6903353929519653
-0.5123996138572693 1.5242277383804321 1.2000079154968262
-1.1076613664627075 1.2464356422424316 1.176522135734558
-0.9984003901481628 1.2770007848739624 1.3575234413146973
0.30864718556404114 1.3562030792236328 -0.011229060590267181
-1.6997219324111938 1.2243164777755737 -0.19743065536022186
0.23202885687351227 1.2411288022994995 -0.4537332057952881
-1.3830548524856567 0.588717520236969 0.0525076687335968
-0.9019991159439087 1.055747389793396 1.6688361167907715
0.326981782913208 0.6846347451210022 0.9269977807998657
-0.7658529281616211 0.7151809334754944 -0.6583963632583618
0.7545144557952881 0.6659312844276428 0.9160035252571106
-0.9936829805374146 0.42940112948417664 -0.6432474851608276
0.2709294855594635 1.391007661819458 -0.6049826145172119
-0.9746129512786865 1.473096251487732 1.3194175958633423
-1.6182502508163452 1.1375638246536255 0.4477730989456177
-0.2157052606344223 0.44398558139801025 0.26367345452308655
-0.9655566215515137 0.9787538647651672 -0.15202543139457703
-0.9918107390403748 0.46200817823410034 0.25925353169441223
-0.23702354729175568 1.0254290103912354 0.1885446310043335
-0.5038989782333374 0.48572415113449097 -0.08345511555671692
-1.2363289594650269 1.5044795274734497 1.2462570667266846
-0.34731823205947876 0.9080031514167786 -0.14922253787517548
0.1908905804157257 0.5971205830574036 1.6987571716308594
-0.7088316082954407 0.3025621175765991 0.6204251050949097
-0.27212873101234436 0.6471940875053406 0.22718068957328796
-0.9460600018501282 0.7642720341682434 -0.7168261408805847
-1.4557491540908813 0.5571845769882202 0.26207447052001953
-0.5951097011566162 0.9144752025604248 -0.14804130792617798
-0.158826544880867 0.7715217471122742 0.06013242527842522
-0.5299780964851379 0.665204644203186 -0.451930433511734
-0.9774419665336609 0.8269990086555481 -0.5586433410644531
-1.142438530921936 0.43199601769447327 0.9607909917831421
-1.24704909324646 0.7844202518463135 -0.06101761758327484
0.6045368313789368 0.8459107875823975 1.230812907218933
-1.2957738637924194 0.6870630979537964 0.8251771330833435
-0.9360431432723999 0.4349689781665802 0.931130051612854
-0.08825285732746124 0.8399270176887512 0.46604466438293457
-0.5374259352684021 0.34596124291419983 0.9036281108856201
-1.2825556993484497 0.46797966957092285 0.21381942927837372
-0.5833391547203064 0.7049176096916199 -0.2918049693107605
-0.21234798431396484 0.6127989888191223 0.6502552628517151
0.48369839787483215 0.6525335907936096 0.8735688328742981
-1.4146782159805298 0.589874804019928 0.8194528222084045
0.7087824940681458 0.8383789658546448 1.078005075454712
0.5286026000976562 0.822578489780426 1.3145766258239746
-0.8715872764587402 0.6612697243690491 -0.5259922742843628
-0.69623863697052 0.31260186433792114 0.27326786518096924
0.42961737513542175 0.9112020134925842 1.2431031465530396
-0.07613864541053772 0.8999316096305847 0.5596581697463989
-0.8344858288764954 0.5034704208374023 0.517086923122406
-1.1634176969528198 0.41681987047195435 0.46415477991104126
-0.8194745779037476 0.3046695590019226 1.0298930406570435
-0.18548175692558289 0.5960201621055603 0.24572035670280457
0.4035723805427551 0.8211517930030823 1.1660592555999756
-1.3975083827972412 0.29213353991508484 0.35949772596359253
-0.8444142937660217 0.48434972763061523 -0.08621709048748016
-0.6470434069633484 0.4057730436325073 0.1805310845375061
0.6051505208015442 0.815385103225708 1.1077988147735596
-0.12443593889474869 0.9215524792671204 0.18815477192401886
-0.4308444559574127 0.4583178758621216 0.8107908964157104
-0.5212708115577698 0.5459442734718323 0.18776342272758484
-0.936575710773468 0.41726353764533997 -0.043890248984098434
-0.6691522002220154 0.7104125022888184 0.1077476441860199
-1.5548830032348633 0.4696047902107239 0.6770079731941223
-0.5608447790145874 0.4911739230155945 0.22126448154449463
-0.4458705484867096 0.3194950819015503 0.5460060834884644
-0.4685966968536377 0.6060373783111572 0.8206396698951721
-0.8685644865036011 0.5912985801696777 0.9775543212890625
-0.7407941818237305 0.2952609062194824 -0.05500280484557152
-0.7209590077400208 0.6617149114608765 0.8756082653999329
-0.4933520555496216 0.678884744644165 0.4080576002597809
-1.1578482389450073 0.8985587358474731 0.6320035457611084
-0.5684152245521545 0.3612552285194397 1.000064492225647
0.17974308133125305 2.5303549766540527 0.39045196771621704
-1.259809136390686 0.5688458681106567 0.9992222189903259
-0.963662326335907 0.8262114524841309 0.779008686542511
0.672577977180481 0.47297534346580505 0.9509660601615906
-1.2267297506332397 0.5512811541557312 0.01429148018360138
-1.0429402589797974 1.064332365989685 0.6100921034812927
0.05367276072502136 2.392937421798706 -0.12687844038009644
-0.5650429725646973 0.797927737236023 0.8906188011169434
-0.4038352072238922 0.7712051272392273 0.7347654700279236
-1.4247300624847412 0.6950251460075378 0.5534250140190125
-0.44022607803344727 0.8291917443275452 0.3832477331161499
-1.0998636484146118 0.8406212329864502 0.3392297625541687
0.27488523721694946 2.412750482559204 0.09022753685712814
-0.7632427215576172 1.1741681098937988 0.3889140784740448
-0.8406696319580078 1.0105574131011963 0.8547917008399963
-1.1894135475158691 0.7555733919143677 0.10987575352191925
-0.9113593697547913 0.6872392892837524 0.015785083174705505
-1.2228010892868042 0.7885318994522095 0.580231249332428
0.15245109796524048 2.3953137397766113 0.14730362594127655
-0.35705140233039856 0.9276725053787231 0.5325623750686646
-0.5644350647926331 1.2280867099761963 0.6261468529701233
-0.5899247527122498 0.8981252312660217 0.21224823594093323
-0.7623265981674194 0.9639768004417419 0.2104824334383011
-0.9866693615913391 1.0243889093399048 0.3642772436141968
-0.5650638937950134 1.0379576683044434 0.8781309723854065
-0.23994025588035583 2.508978843688965 -0.06512822955846786
-0.9261677265167236 0.8194665312767029 0.1744145303964615
0.32467395067214966 2.46413516998291 -0.14424514770507812
-0.39685919880867004 1.0147652626037598 0.7229257225990295
0.4255641996860504 2.531623601913452 0.08258017897605896
-0.8325031399726868 1.2033753395080566 0.7354657649993896
-0.3139602243900299 2.6216297149658203 0.08219299465417862
-0.549252986907959 3.9883556365966797 0.8055441379547119
0.21818095445632935 2.5726912021636963 -0.3493523597717285
0.35130831599235535 2.679590940475464 0.3103026747703552
-0.05080119147896767 2.8799946308135986 0.30451667308807373
0.45249542593955994 2.607421875 -0.15789933502674103
-0.4837309420108795 1.0858559608459473 0.39169996976852417
0.4803392291069031 2.738976240158081 0.10661803930997849
0.16454973816871643 2.429743528366089 -0.23632287979125977
-0.033946145325899124 2.6315579414367676 -0.3304378390312195
-0.11949266493320465 3.9967076778411865 0.8984555602073669
-0.0912417396903038 2.421405792236328 -0.12129935622215271
0.2779010236263275 2.772524833679199 -0.334527850151062
0.3718903660774231 2.897336006164551 -0.09388669580221176
-0.2364778071641922 2.624340772628784 0.32110652327537537
0.09993406385183334 3.804547071456909 0.5462238788604736
-0.1944381147623062 2.4904770851135254 0.24504081904888153
-0.0004350794479250908 3.7516567707061768 0.7169020771980286
-0.022301368415355682 2.4708149433135986 0.33678552508354187
-0.1201920211315155 2.412282943725586 0.10080717504024506
-0.4140743315219879 4.248435974121094 0.6026516556739807
-0.4357571303844452 4.120681285858154 0.292580246925354
0.05930732935667038 2.6097283363342285 0.4424469470977783
-0.19604119658470154 3.655531406402588 0.7179476022720337
-0.4588879346847534 3.796318769454956 0.8428884744644165
-0.3974268138408661 3.793539047241211 0.2701225280761719
-0.15378046035766602 2.7825958728790283 -0.21319051086902618
0.13226459920406342 3.986085891723633 0.7104817628860474
-0.34909895062446594 3.6562139987945557 0.7014079689979553
-0.21914349496364594 3.78059983253479 0.8721087574958801
0.004456629045307636 2.95068097114563 -0.03856518864631653
-0.08296217769384384 3.6556296348571777 0.5217965245246887
0.21388381719589233 2.906759262084961 0.2986676096916199
-0.19832859933376312 3.764930009841919 0.26327162981033325
-0.39202234148979187 3.6588118076324463 0.47243890166282654
-0.38549214601516724 4.125365257263184 0.8637287616729736
-0.14322258532047272 4.2291765213012695 0.8185223340988159
0.031049378216266632 3.8295626640319824 0.3153199255466461
0.2254401296377182 4.046928882598877 0.4583359956741333
-0.032640933990478516 4.144159317016602 0.04453982785344124
0.10936945676803589 3.9697742462158203 0.20897749066352844
-0.5467485189437866 3.9622957706451416 0.4260120093822479
-1.162867546081543 5.4942216873168945 0.40661171078681946
0.23193775117397308 4.181718349456787 0.2289714515209198
-0.5031148195266724 3.7130074501037598 0.5566097497940063
0.24100461602210999 4.28990364074707 0.6014811992645264
0.1852729320526123 4.530575752258301 0.5267003774642944
-0.291576087474823 4.354260444641113 0.13599243760108948
-0.8494085073471069 5.432294845581055 0.13740016520023346
-0.28110167384147644 4.154783725738525 0.10269033908843994
-0.21423541009426117 4.420127868652344 0.5643330812454224
0.0748182088136673 4.271788597106934 0.7300899028778076
0.19513742625713348 4.420633316040039 0.1288606822490692
0.3047995865345001 4.28845739364624 0.3733788728713989
-0.18699117004871368 3.9390225410461426 0.10806111246347427
0.039183806627988815 4.3073410987854 0.035803668200969696
-0.17778560519218445 3.6164519786834717 0.4290655851364136
-0.7393528819084167 5.490564346313477 0.1054304987192154
-0.9954825043678284 5.3910603523254395 0.22784987092018127
-0.9697557091712952 5.469600200653076 0.42208531498908997
-0.5410585999488831 5.596827507019043 1.136291742324829
-1.1856420040130615 5.634143829345703 0.5066615343093872
-0.08717472106218338 4.588164329528809 0.49805012345314026
-1.2656983137130737 5.553371429443359 0.18178369104862213
-1.1251267194747925 5.445510387420654 0.17071880400180817
-0.4705328047275543 5.650956153869629 1.0315190553665161
-0.24005797505378723 4.4962053298950195 0.283647745847702
-0.7314595580101013 5.716813087463379 1.1693707704544067
-0.6181533932685852 5.793184280395508 1.3657233715057373
-0.8197606205940247 5.5602264404296875 0.4961162209510803
-0.37342074513435364 5.720944404602051 1.2579025030136108
-0.3290966749191284 5.763735771179199 1.036494493484497
-0.7415369153022766 5.966939449310303 1.1812775135040283
-1.1994251012802124 5.802504539489746 0.4785305857658386
0.0888863280415535 4.598376750946045 0.21740810573101044
-0.5547865629196167 5.652792453765869 1.2612693309783936
-0.9575822949409485 5.531925678253174 -0.03424196317791939
-1.17160964012146 5.6002678871154785 -0.0034944715443998575
-0.23972845077514648 7.226569175720215 0.7009379863739014
-0.15712057054042816 6.834153652191162 0.7010409235954285
-0.2613232731819153 6.719624996185303 0.47592487931251526
-0.11761274933815002 7.110602855682373 -0.01842450350522995
-0.517386794090271 6.005057334899902 0.9274292588233948
-0.5465499758720398 5.696282386779785 0.9231410622596741
-0.8368228673934937 5.920819282531738 0.198233500123024
-0.2648584246635437 6.713558673858643 0.31869828701019287
-0.43820178508758545 7.0836663246154785 0.4730288088321686
-0.6547650098800659 5.6274919509887695 0.05358942970633507
-1.2363353967666626 5.8216729164123535 0.07515153288841248
-0.3272104263305664 6.935702323913574 0.24120673537254333
-0.3860894739627838 6.941195964813232 0.5878631472587585
-1.099269986152649 5.947576999664307 0.3247065246105194
-0.8930203914642334 5.759364128112793 -0.07129821926355362
-0.3450908660888672 5.91672945022583 1.284253716468811
-0.013021659106016159 6.981912612915039 0.038679610937833786
-0.6350043416023254 5.677966594696045 0.38839197158813477
0.1840413212776184 6.93823766708374 0.13764378428459167
-0.6983096599578857 5.905560493469238 0.9377428293228149
-0.6876925230026245 5.508898735046387 0.3299226462841034
0.03838173300027847 6.940321922302246 0.23757337033748627
0.19301071763038635 6.852774143218994 0.2933771312236786
-0.256206750869751 7.008039474487305 0.13055403530597687
9.726919233798981e-05 7.247311115264893 0.6505312323570251
0.30803143978118896 7.085628986358643 0.27317285537719727
0.10881008207798004 6.811929225921631 0.45035919547080994
-0.14291244745254517 6.702930450439453 0.5096153020858765
-0.022509489208459854 6.739532470703125 0.5346801280975342
-0.8399416208267212 7.82568359375 1.1214505434036255
-0.2341114580631256 7.254032135009766 0.011329175904393196
-0.1873020976781845 6.983476638793945 0.7515660524368286
-0.3789145350456238 7.276950836181641 0.3918679654598236
0.1909058392047882 7.178822040557861 -0.0035424716770648956
-0.9602355360984802 7.83553409576416 1.088132619857788
-0.3997914791107178 8.090899467468262 0.3434819281101227
-0.8784462809562683 7.6642680168151855 0.9566702842712402
-0.34564295411109924 7.398611068725586 0.23183412849903107
0.13738389313220978 7.279049396514893 0.5554169416427612
-0.8339799642562866 7.6930084228515625 1.0298476219177246
-0.33282583951950073 8.08812427520752 0.26287174224853516
-0.16325820982456207 7.635042667388916 0.45693373680114746
-1.28920316696167 8.009852409362793 -0.4002845883369446
-0.28270745277404785 7.431366920471191 0.59077388048172
-1.318955898284912 7.976230144500732 -0.4622366428375244
-0.8078259825706482 7.610504150390625 0.9746503233909607
-0.5033302903175354 8.180333137512207 0.39141136407852173
-0.8381285071372986 7.624985694885254 0.9570800065994263
-0.2514689862728119 8.047800064086914 0.2935601472854614
-0.10909050703048706 8.749910354614258 0.32450607419013977
0.17496682703495026 7.4254865646362305 0.10445813089609146
-0.030486619099974632 8.695024490356445 0.7930575013160706
-0.5639708042144775 8.311389923095703 0.440120130777359
-0.2662007510662079 8.185543060302734 0.45455339550971985
-0.042582765221595764 8.536338806152344 0.6845653653144836
-0.27212971448898315 8.40699291229248 0.2386188507080078
0.021876685321331024 8.559629440307617 0.5340467691421509
-0.32697242498397827 8.385882377624512 0.6664678454399109
0.23057527840137482 7.283095359802246 0.3771938383579254
-0.04319709911942482 8.560154914855957 0.5598462820053101
0.12232790887355804 8.665072441101074 0.4609617292881012
-0.4742265045642853 8.871840476989746 0.556365430355072
-0.14718520641326904 7.464230060577393 0.16136646270751953
-0.27654850482940674 8.577134132385254 0.27045005559921265
-0.6224468350410461 8.4179048538208 0.40547797083854675
-0.30462008714675903 8.705058097839355 0.8663414120674133
-0.47916197776794434 8.988140106201172 0.47172820568084717
-0.5179511904716492 8.587767601013184 0.5902154445648193
-0.1518179029226303 8.99881649017334 0.3968461751937866
0.09149424731731415 8.925195693969727 0.39096105098724365
-0.1283545196056366 8.911489486694336 0.8705913424491882
0.14301681518554688 8.50919246673584 -0.3092399835586548
-1.0079083442687988 9.046128273010254 -0.131324902176857
-0.14478984475135803 9.258079528808594 0.5142269730567932
-0.1032370775938034 9.192887306213379 0.8808366656303406
-0.4887113571166992 9.240205764770508 0.47495999932289124
0.022067617624998093 9.102837562561035 0.6998729109764099
-0.6191889047622681 9.043424606323242 0.7271468043327332
-0.4046461880207062 8.560674667358398 0.757476270198822
-0.7156077027320862 9.222380638122559 0.8312302827835083
-0.4337013363838196 9.26874828338623 1.0026299953460693
-0.7013735175132751 9.25341510772705 0.632319450378418
-0.6153973340988159 9.160329818725586 0.9191972017288208
-0.6851568222045898 9.502227783203125 0.5433428883552551
-0.2817121744155884 9.582561492919922 1.114814281463623
-0.4279577434062958 9.029091835021973 0.9632185101509094
-0.18991923332214355 9.586651802062988 0.6430246829986572
-0.23043093085289001 9.409555435180664 1.008984088897705
-0.3151586353778839 9.311188697814941 0.44300466775894165
-0.5605015158653259 9.782620429992676 0.33278125524520874
-0.6311176419258118 9.900041580200195 0.13678987324237823
-0.477297306060791 9.867045402526855 0.24148671329021454
-0.6951850652694702 9.636743545532227 0.7262760400772095
-0.62685227394104 10.0633544921875 -0.14145931601524353
-0.06134519353508949 9.490338325500488 0.8717219233512878
-0.4637778103351593 10.10146713256836 -0.024371515959501266
-0.8872514963150024 10.049711227416992 -0.020664149895310402
-0.7839120626449585 9.852618217468262 0.21113084256649017
-0.6004080772399902 9.547452926635742 0.9430289268493652
-0.2418213039636612 9.769505500793457 0.6664925813674927
-0.1351625770330429 9.594244003295898 0.7461512684822083
-0.34261927008628845 9.757692337036133 0.9992033839225769
-0.23855337500572205 10.335952758789062 -0.07671990245580673
-0.44842836260795593 9.881059646606445 0.7200588583946228
-0.5087983012199402 9.856429100036621 0.9653779864311218
-0.3150104284286499 9.993794441223145 0.6740503907203674
-0.5498181581497192 10.102333068847656 0.8271969556808472
-0.8706648945808411 10.006033897399902 0.2813701331615448
-0.2941015660762787 10.21274185180664 0.12026479840278625
-0.5360389947891235 9.925064086914062 0.4885964095592499
-0.149730384349823 10.447468757629395 -0.07531251758337021
-0.33213433623313904 10.363119125366211 -0.09495405107736588
-0.5295258164405823 10.297659873962402 0.2470274567604065
-0.7104288935661316 10.239953994750977 0.8239420652389526
-0.643284261226654 10.13129711151123 0.5767385363578796
-0.8519436120986938 10.617253303527832 1.38092839717865
-0.8960579037666321 10.640778541564941 1.179362177848816
-0.7695085406303406 10.263358116149902 -0.008260682225227356
-0.6894635558128357 10.346193313598633 0.18810945749282837
-0.12648622691631317 10.62133502960205 -0.14588074386119843
-0.17452433705329895 10.540033340454102 0.5044922232627869
-0.398075670003891 10.401775360107422 0.8096093535423279
-0.003991174511611462 10.583575248718262 -0.13794858753681183
-0.5073428153991699 10.448450088500977 0.7263234257698059
-0.7348188161849976 10.38084888458252 -0.01950274407863617
0.12016527354717255 10.880270004272461 -0.09968312084674835
0.16458819806575775 10.99888801574707 1.093842625617981
-0.35688698291778564 10.614428520202637 0.8199564218521118
-0.5375450253486633 10.651844024658203 0.774429440498352
-1.0429936647415161 10.898344993591309 0.3901728391647339
-1.0118274688720703 10.890141487121582 0.46499109268188477
0.016087211668491364 10.967605590820312 0.8831162452697754
-1.0384148359298706 10.703502655029297 1.3212178945541382
0.09605727344751358 10.975704193115234 0.40972357988357544
-0.04563532769680023 10.802705764770508 -0.14535357058048248
0.1853976845741272 11.033919334411621 1.0223150253295898
-0.02652163803577423 10.94955062866211 0.14173218607902527
-0.8860965967178345 10.964794158935547 -0.3378428518772125
0.19212639331817627 10.916007995605469 -0.08533017337322235
-0.8886770606040955 10.991292953491211 1.274553894996643
-0.8420171141624451 10.921805381774902 0.7134160399436951
-1.1478551626205444 11.0690279006958 0.39017850160598755
-1.0973154306411743 11.15315055847168 0.3067394196987152
0.24500533938407898 11.19715404510498 0.9148334264755249
0.07351347804069519 11.166670799255371 0.5463629961013794
0.20523151755332947 11.199134826660156 1.1192827224731445
-0.9930453300476074 11.278054237365723 -0.04157775640487671
0.08834298700094223 11.136944770812988 -0.08895702660083771
0.1444997787475586 11.197876930236816 0.08876466006040573
-1.2005406618118286 11.377236366271973 -0.42199569940567017
-1.3580362796783447 11.341267585754395 0.5194221138954163
-1.25418221950531 11.395119667053223 -0.19509074091911316
-1.260119915008545 11.340192794799805 0.5676392316818237
0.020878203213214874 11.408596992492676 1.4367752075195312
-0.13591843843460083 11.360152244567871 0.6530337333679199
-0.5374637842178345 11.385303497314453 1.001367449760437
-0.7741315364837646 11.358586311340332 1.2330442667007446
-0.8709111213684082 11.453941345214844 -0.2539999186992645
-0.11634379625320435 11.485265731811523 -0.39108389616012573
-0.7595523595809937 11.494254112243652 0.09910546988248825
-0.3531781733036041 11.489706993103027 0.5077627301216125
-0.32121482491493225 11.508749008178711 0.061155423521995544
-0.47673988342285156 11.538395881652832 0.9986997246742249
-0.9378721117973328 11.533093452453613 0.9716510772705078
-0.6205894947052002 11.552590370178223 0.11102733761072159
-0.9434024095535278 11.560638427734375 0.6331188678741455
-0.624755859375 11.556682586669922 0.1793133020401001
0.2241118997335434 11.572063446044922 1.1569656133651733
-0.29363059997558594 11.578325271606445 -0.16789454221725464
