1368
-2.386474370956421 0.2846066951751709 1.5949985980987549
-2.386373519897461 0.2845063805580139 -0.7615089416503906
-2.3863744735717773 0.5484323501586914 0.6229339838027954
0.9210299253463745 0.47031348943710327 -0.9071804285049438
-2.139540433883667 0.284606397151947 0.01911284402012825
-1.340073585510254 0.2845063805580139 -1.205301284790039
-0.43828895688056946 0.284606397151947 1.2611852884292603
-1.0231082439422607 0.284606397151947 -0.9392864108085632
-0.9720585942268372 0.2845063805580139 -1.2052963972091675
0.9210305213928223 0.2845063805580139 -1.2053391933441162
-2.3863754272460938 0.2845063805580139 -0.26305484771728516
-2.38637638092041 0.2845063805580139 0.27585315704345703
-2.38637638092041 0.2845063805580139 -0.49074840545654297
-1.7932538986206055 0.2845063805580139 2.141206741333008
-2.38637638092041 0.2845063805580139 -0.016442298889160156
-2.386474609375 0.28460657596588135 0.6818888187408447
0.6601259708404541 0.2846064567565918 -1.2053992748260498
-0.5591186881065369 0.2845063805580139 -1.2052980661392212
-2.1138806343078613 0.284606397151947 1.3515727519989014
0.12034130096435547 0.2845063805580139 2.141207695007324
0.921029806137085 0.2845063805580139 -0.8919305205345154
0.9210318326950073 0.2845063805580139 -0.75054931640625
-2.3863754272460938 0.2845063805580139 0.11612510681152344
-1.5824580192565918 0.284606397151947 1.9020837545394897
-0.43897926807403564 0.2845063805580139 -1.2052998542785645
-2.3745651245117188 0.2845063805580139 2.141206741333008
-2.3863754272460938 0.2845063805580139 -0.1360177993774414
0.9210319519042969 0.2845063805580139 -1.0008734464645386
-2.200279712677002 0.284606397151947 1.7180724143981934
-1.096757173538208 0.2845063805580139 -1.205295443534851
0.9210309982299805 0.2845063805580139 1.3677825927734375
0.9210300445556641 0.5356712341308594 1.551755428314209
-1.9426885843276978 0.284606397151947 1.7323640584945679
-2.3863744735717773 0.5345728397369385 1.8081707954406738
-2.1834359169006348 0.2846100330352783 2.141308307647705
0.9211299419403076 0.2846064567565918 -0.6771621704101562
-2.386373519897461 0.2845063805580139 -0.6428251266479492
0.9211021661758423 0.2846064567565918 -1.2053993940353394
-2.38637638092041 0.2845063805580139 -0.8761587142944336
-1.9519424438476562 0.2846100330352783 2.141308307647705
0.9211300611495972 0.28460657596588135 0.8814325332641602
-1.4507107734680176 0.2846062183380127 -1.2053985595703125
0.30011647939682007 0.284606397151947 1.5778199434280396
-0.5746083855628967 0.284606397151947 -0.9800789952278137
0.38652312755584717 0.2845063805580139 -1.2052974700927734
-2.386474370956421 0.28458571434020996 2.141207218170166
-2.3804690837860107 0.290802925825119 1.0020909309387207
-0.42875829339027405 0.284606397151947 -0.823266327381134
-2.3863742351531982 0.5789511203765869 -1.2053983211517334
-2.386474609375 0.28460627794265747 -1.205350399017334
-1.7586243152618408 0.284606397151947 -0.5901551842689514
-1.539050817489624 0.284606397151947 -0.9498511552810669
-2.386474370956421 0.2846066951751709 1.6910984516143799
-2.045177936553955 0.284606397151947 -0.7186359763145447
0.9211301207542419 0.28460654616355896 2.0367586612701416
-1.9085837602615356 0.284606397151947 1.3606526851654053
0.3546288311481476 0.284606397151947 -0.9390081167221069
-1.54056715965271 0.2846062183380127 -1.2053985595703125
-2.3863754272460938 0.2845063805580139 0.5196390151977539
-1.7033520936965942 0.284606397151947 -0.7770411372184753
-0.0791327953338623 0.28460633754730225 -1.2053990364074707
-1.2882418632507324 0.284606397151947 -1.0235456228256226
-1.8742728233337402 0.2846064567565918 -1.205398440361023
-2.3864433765411377 0.2846064567565918 -1.2053983211517334
0.9211300611495972 0.28460657596588135 1.776041030883789
-2.3863744735717773 0.2845063805580139 1.801295280456543
-2.07004976272583 0.284606397151947 1.909104347229004
0.9211300611495972 0.2846064567565918 1.102555274963379
-0.11146467924118042 0.28460636734962463 2.141308307647705
-2.3863754272460938 0.2845063805580139 -0.3756723403930664
0.5628299713134766 0.2845063805580139 2.141207695007324
0.9210300445556641 0.28456762433052063 2.141308307647705
-2.3863754272460938 0.2845063805580139 1.4866981506347656
0.9211300611495972 0.28460657596588135 1.6777865886688232
0.7634565830230713 0.2846064567565918 2.141308307647705
-1.221811056137085 0.2846064567565918 -1.205398678779602
-1.9971606731414795 0.284606397151947 -0.15978863835334778
0.9211300611495972 0.2846066355705261 1.4673775434494019
0.9210309982299805 0.2845063805580139 1.5741405487060547
-1.8880071640014648 0.284606397151947 1.142687439918518
-2.13759446144104 0.284606397151947 0.7631506323814392
-1.3150982856750488 0.2846062183380127 2.141308307647705
0.9211299419403076 0.2846064567565918 -0.5830631256103516
0.9211301207542419 0.2846010625362396 2.1412081718444824
-2.3863754272460938 0.2845063805580139 0.9379968643188477
-1.7704520225524902 0.2846062183380127 -1.2053985595703125
-1.3328425884246826 0.284606397151947 -0.8041340708732605
0.9210309982299805 0.2845063805580139 1.8814268112182617
0.17089857161045074 0.7705258131027222 2.1412081718444824
-0.3744047284126282 0.28460636734962463 2.141308307647705
-0.011833429336547852 0.2846064567565918 -1.2053990364074707
-1.6731956005096436 0.2846062183380127 -1.2053985595703125
-2.0180535316467285 0.284606397151947 -0.9251405596733093
-1.8930680751800537 0.5499335527420044 -1.2052985429763794
0.5439846515655518 0.284606397151947 0.5110077857971191
-1.454519271850586 0.2845063805580139 2.141206741333008
-1.9562654495239258 0.2845063805580139 -1.2052984237670898
-0.6648753881454468 0.2846081256866455 2.141308307647705
-2.386373519897461 0.6756527423858643 2.141308307647705
-2.3863744735717773 0.2845063805580139 1.3060150146484375
-0.7734328508377075 0.2846081256866455 2.141308307647705
0.9211300015449524 0.28460657596588135 0.6538156270980835
-2.386474370956421 0.2846064567565918 1.9198760986328125
-2.0742440223693848 0.284606397151947 1.1544053554534912
0.9211300015449524 0.2846064567565918 0.040541648864746094
-2.362677574157715 0.2845063805580139 -1.2052984237670898
-2.3863744735717773 0.5101505517959595 1.2597306966781616
-0.6941945552825928 0.28460657596588135 -1.2053987979888916
-0.8820427656173706 0.2846062183380127 2.141308307647705
-2.3863773345947266 0.2845063805580139 1.1811342239379883
-0.9695016741752625 0.284606397151947 1.7105580568313599
-2.386474609375 0.7943496108055115 -1.2052981853485107
0.9210288524627686 0.2845063805580139 0.13010355830192566
-2.1637842655181885 0.284606397151947 0.46720758080482483
-1.6885207891464233 0.2846062183380127 2.141308307647705
-2.386373519897461 0.2845063805580139 -1.0076847076416016
-2.152212142944336 0.2845063805580139 -1.2052984237670898
-2.386474370956421 0.2846064567565918 1.0615897178649902
0.9210299253463745 0.5214064121246338 -0.5694991946220398
-0.6231487989425659 0.284606397151947 1.8909716606140137
-1.3160605430603027 0.284606397151947 1.8578863143920898
-1.7930593490600586 0.284606397151947 -0.956031322479248
-2.316833257675171 0.284606397151947 -0.8916105031967163
-2.257704734802246 0.284606397151947 -0.23441901803016663
-1.81117582321167 0.284606397151947 1.8708440065383911
-0.8953601121902466 0.2845063805580139 -1.2052983045578003
-2.029965400695801 0.2845063805580139 -1.2052984237670898
0.0647851750254631 0.6114707589149475 -1.2052991390228271
0.40762996673583984 0.2845063805580139 2.141206741333008
0.9211299419403076 0.7642049789428711 -1.2052996158599854
-1.572923183441162 0.2846081256866455 2.141308307647705
-2.386474609375 0.9041110277175903 -1.2053122520446777
-2.054375171661377 0.2846078872680664 2.141308307647705
-0.35183829069137573 0.2845063805580139 -1.2052969932556152
0.9210309982299805 0.2845063805580139 1.2116384506225586
0.5797649025917053 0.284606397151947 -0.1317628026008606
0.9211299419403076 0.5304088592529297 -1.2052991390228271
-1.9832501411437988 0.284606397151947 0.6263838410377502
0.9211300015449524 0.2846066951751709 -0.2568986415863037
0.2722349166870117 0.2845063805580139 -1.205297589302063
-0.8118199110031128 0.2845063805580139 -1.2052981853485107
-0.004920005798339844 0.2845063805580139 2.141207695007324
-0.2681070566177368 0.2845063805580139 -1.205297827720642
0.8262157440185547 0.2846066355705261 -1.2053992748260498
0.5678302049636841 0.284606397151947 -0.9365337491035461
-0.8544533848762512 0.284606397151947 1.9321167469024658
0.9211300015449524 0.28460633754730225 0.24959182739257812
-1.0833790302276611 0.2846081256866455 2.141308307647705
0.28829604387283325 0.28460633754730225 2.141308307647705
0.4309806525707245 0.284606397151947 1.238128423690796
0.10932910442352295 0.2845063805580139 -1.2052996158599854
-2.386474370956421 0.8948310613632202 2.1412079334259033
-1.6551162004470825 0.49504512548446655 -1.2052985429763794
0.9210288524627686 0.2845063805580139 0.552720308303833
-0.2814282476902008 0.284606397151947 1.727939486503601
-1.8706483840942383 0.2845063805580139 2.141207695007324
-0.6465500593185425 0.42735496163368225 -1.205298900604248
0.5430494546890259 0.2845063805580139 -1.2052993774414062
0.4041905105113983 0.284606397151947 1.930589199066162
-0.5810041427612305 0.2845063805580139 2.141207695007324
-0.4885161519050598 0.28460636734962463 2.141308307647705
0.4693586826324463 0.2846064567565918 -1.2053991556167603
-0.14919468760490417 0.284606397151947 0.9761031270027161
0.6725963950157166 0.284606397151947 -0.32513508200645447
0.1877424716949463 0.28460657596588135 -1.2053991556167603
0.062304962426424026 0.284606397151947 0.025428788736462593
-1.2003355026245117 0.2846078872680664 2.141308307647705
-0.11838014423847198 0.284606397151947 1.8808791637420654
0.9211300015449524 0.2846066951751709 -0.058465003967285156
0.9211300611495972 0.2846064567565918 0.7824115753173828
0.13405200839042664 0.284606397151947 -0.9152425527572632
0.9211300015449524 0.2846064567565918 -0.4793355464935303
-1.880506992340088 0.284606397151947 0.2575809955596924
-2.386474609375 0.2846064567565918 0.4000699520111084
0.9210294485092163 0.2845063805580139 -0.3691055476665497
0.27991876006126404 0.284606397151947 -0.5957025289535522
0.6310551762580872 0.284606397151947 1.4733917713165283
-0.2604084312915802 0.284606397151947 -0.7080851793289185
-1.5169007778167725 0.284606397151947 -0.7459641098976135
-0.7923168540000916 0.284606397151947 -0.9000217318534851
0.1726597547531128 0.284606397151947 1.6980482339859009
-0.03515569865703583 0.284606397151947 1.6973615884780884
0.7082306742668152 0.284606397151947 -0.7830972671508789
0.9211300015449524 0.2846064567565918 0.42828869819641113
-0.2654154896736145 0.284606397151947 -0.9201939105987549
-0.08965294808149338 0.284606397151947 -0.6697860956192017
0.6461759805679321 0.284606397151947 -0.5578147768974304
-1.381324052810669 0.284606397151947 -0.608474612236023
-2.0849337577819824 0.284606397151947 0.2455412745475769
-1.9234251976013184 0.284606397151947 0.8047852516174316
-0.9468061327934265 0.5746731758117676 2.1412081718444824
-2.0845701694488525 0.284606397151947 1.542908787727356
0.6916929483413696 0.284606397151947 1.6925863027572632
-2.386373519897461 0.2845063805580139 -0.5697364807128906
-2.1161415576934814 0.284606397151947 -0.5660257339477539
0.9210300445556641 0.2845063805580139 1.2847871780395508
0.05615925043821335 0.284606397151947 -0.5418395400047302
-1.903244972229004 0.284606397151947 1.570902943611145
-2.3864457607269287 0.2846078872680664 2.141308307647705
-1.805513858795166 0.284606397151947 0.9492716193199158
0.4877378046512604 0.2846064269542694 2.141308307647705
0.9210301041603088 0.8307620286941528 2.141308307647705
-2.3863744735717773 0.7601978778839111 1.8955906629562378
-2.386474370956421 0.2846066951751709 0.8512482643127441
-0.8396171927452087 0.284606397151947 -0.4801892638206482
-0.27122053503990173 0.2846064269542694 2.141308307647705
-1.8777565956115723 0.284606397151947 -0.762313723564148
-2.3863747119903564 0.44098615646362305 -1.2053983211517334
-1.733311653137207 0.284606397151947 1.6974130868911743
-2.3863744735717773 0.5561209321022034 -0.39946550130844116
-2.3863744735717773 0.5868324041366577 -0.9228904843330383
-1.5540587902069092 0.284606397151947 1.3287065029144287
-1.4864774942398071 0.284606397151947 1.1378958225250244
-2.3863744735717773 1.1411197185516357 -1.200192928314209
-2.386474609375 0.28460633754730225 0.19324994087219238
-0.6219115257263184 0.6973124742507935 -1.205298900604248
-2.0372045040130615 0.284606397151947 -0.37502917647361755
-1.8678960800170898 0.284606397151947 -0.2806045711040497
-2.3863744735717773 0.6177330017089844 1.0829933881759644
-1.9498591423034668 0.284606397151947 0.0553668849170208
-1.9062120914459229 0.284606397151947 -0.5377724170684814
-0.7791013121604919 0.284606397151947 1.7217669486999512
0.4959694743156433 0.284606397151947 -0.7098374962806702
-1.5838079452514648 0.284606397151947 -0.5488443374633789
0.9210299253463745 0.6474418044090271 -1.2053993940353394
-1.7419706583023071 0.284606397151947 1.2695573568344116
-1.9575164318084717 0.284606397151947 0.43134844303131104
0.5946250557899475 0.5282513499259949 -1.2052992582321167
0.112372025847435 0.284606397151947 -0.25622841715812683
0.20424938201904297 0.2845063805580139 2.141207695007324
0.9211300611495972 0.28460657596588135 0.990371823310852
0.28509920835494995 0.284606397151947 0.5116843581199646
-2.386474609375 1.0195648670196533 -1.2053120136260986
-1.1846137046813965 0.4235715866088867 -1.2052987813949585
-0.9855581521987915 0.2846062183380127 2.141308307647705
-0.9411928057670593 0.284606397151947 -0.755318284034729
-1.336949110031128 0.284606397151947 1.6543422937393188
-2.3863744735717773 0.4628206491470337 -0.09473999589681625
0.9210295677185059 0.38984256982803345 -1.2053993940353394
-1.8734140396118164 0.711795449256897 2.1412081718444824
-1.1601860523223877 0.284606397151947 1.2974998950958252
-2.3863775730133057 0.5607874393463135 2.141308307647705
-1.7378286123275757 0.284606397151947 -0.36251839995384216
0.9210299849510193 0.48325151205062866 2.141308307647705
-1.5028215646743774 0.284606397151947 1.7253763675689697
0.06490832567214966 0.284606397151947 0.47341981530189514
-1.1856123208999634 0.284606397151947 0.9052348136901855
-2.3863744735717773 0.831640899181366 -0.9236947298049927
-1.0353362560272217 0.284606397151947 1.5093611478805542
-2.3863747119903564 0.6915738582611084 -1.2053983211517334
-2.386474370956421 0.44620537757873535 2.141207695007324
-2.3863754272460938 1.1221463680267334 2.141308307647705
-2.386375665664673 0.7862852811813354 2.141308307647705
-0.4960038661956787 0.6193805932998657 2.1412081718444824
-0.1665337085723877 0.5718681812286377 -1.2052990198135376
0.9210300445556641 0.5483816266059875 0.9768585562705994
-2.3863754272460938 0.2845063805580139 0.6196317672729492
0.9210301041603088 0.6106014847755432 2.141308307647705
0.701392650604248 0.7476333379745483 -1.2052993774414062
-0.18908685445785522 0.28460636734962463 2.141308307647705
0.9210300445556641 0.5011115670204163 1.8125590085983276
0.921031653881073 0.2845063805580139 0.3444875180721283
0.9211300015449524 0.2846066951751709 -0.1634218692779541
-2.3863744735717773 0.6709551215171814 0.0053130462765693665
-0.9475380778312683 0.284606397151947 0.07134881615638733
-1.977159023284912 0.755593478679657 -1.2052985429763794
-2.3863744735717773 0.5314509272575378 -0.6646162271499634
-1.2201485633850098 0.284606397151947 1.483383297920227
-1.3685681819915771 0.284606397151947 -0.4210745096206665
-2.3863744735717773 0.2845063805580139 1.3942909240722656
-0.04543304443359375 0.284606397151947 -0.37529781460762024
0.4671359062194824 0.284606397151947 -0.3341710567474365
0.11113156378269196 0.284606397151947 1.897068977355957
-0.49363529682159424 0.284606397151947 -0.6427502036094666
-1.816465973854065 0.284606397151947 -0.08551580458879471
0.9210302829742432 0.9317599534988403 2.141308307647705
-0.8937256336212158 0.5752277970314026 -1.2052987813949585
0.9210300445556641 0.5327585935592651 0.7090542316436768
-1.6921335458755493 0.284606397151947 1.0835922956466675
-2.0177347660064697 0.5543898344039917 2.1412081718444824
-2.3863744735717773 0.5311306715011597 0.8547462224960327
-1.3839300870895386 0.2846062183380127 2.141308307647705
-2.3863744735717773 0.6646069288253784 -0.24060603976249695
-1.414570689201355 0.284606397151947 1.488146185874939
-2.135169744491577 0.5933210253715515 -1.2052984237670898
-0.7091776132583618 0.6460461020469666 2.1412081718444824
-0.6733605861663818 0.284606397151947 1.5883907079696655
-0.33649805188179016 0.284606397151947 -0.1496542990207672
0.6655299663543701 0.49697330594062805 2.1412081718444824
0.9211299419403076 0.8800235986709595 -1.2052949666976929
0.9211299419403076 0.9860818386077881 -1.2052949666976929
0.9210299849510193 0.573813259601593 -0.3411214053630829
0.9210301041603088 0.6841329336166382 1.9258296489715576
-2.3863744735717773 0.5818671584129333 0.4076250195503235
0.9210299253463745 0.6520545482635498 -0.7469121813774109
0.9210300445556641 0.7151583433151245 1.6698029041290283
0.9210299849510193 0.5581599473953247 0.21324248611927032
-1.2468138933181763 0.284606397151947 -0.27668869495391846
0.41150206327438354 0.284606397151947 -0.08141446858644485
-2.3863744735717773 0.7487612962722778 1.7081520557403564
0.6059383749961853 0.284606397151947 1.2285531759262085
0.06154463440179825 0.284606397151947 1.5344034433364868
0.4281017482280731 0.5849933624267578 2.1412081718444824
0.9210299253463745 0.7677948474884033 -0.9745253324508667
-2.114990711212158 0.7397907972335815 2.1412081718444824
-1.2178360223770142 0.5592859387397766 2.1412081718444824
0.9211301207542419 0.7281429767608643 2.1412084102630615
-0.16687774658203125 0.2845063805580139 2.6925230026245117
-1.7792212963104248 0.284606397151947 0.4199497401714325
0.6420003175735474 0.284606397151947 1.9217684268951416
0.9210300445556641 0.5795433521270752 1.2323908805847168
0.9210299849510193 0.7345956563949585 0.29214999079704285
0.9210300445556641 0.8900541663169861 1.8346984386444092
-2.005319118499756 0.8997845649719238 2.1412081718444824
-2.3863744735717773 0.5379117727279663 1.5621196031570435
-1.3541024923324585 0.284606397151947 1.2768785953521729
-0.8603366017341614 0.284606397151947 1.5304834842681885
-2.3863744735717773 0.6962428092956543 1.3374662399291992
-2.3863744735717773 0.7304216027259827 1.5300779342651367
-2.3863744735717773 0.7117629051208496 -0.7459941506385803
-1.0969258546829224 0.284606397151947 1.8914176225662231
0.21524783968925476 0.5591153502464294 2.1412081718444824
-0.6432651281356812 0.284606397151947 -0.7635972499847412
-1.7526228427886963 0.284606397151947 1.4872934818267822
-2.3863744735717773 0.7670950293540955 0.9845812320709229
-1.7658954858779907 0.284606397151947 0.1284576803445816
-1.4627914428710938 0.5730524659156799 2.1412081718444824
-0.37155506014823914 0.284606397151947 1.8933260440826416
-0.8539877533912659 0.7497397065162659 2.577542304992676
-1.4640140533447266 0.284606397151947 0.2794330418109894
-1.1503047943115234 0.284606397151947 -0.7743526101112366
-1.3436301946640015 1.0198750495910645 2.1412081718444824
-0.43084293603897095 0.5805531144142151 -1.2052990198135376
-1.3130451440811157 0.6352705359458923 -1.205298662185669
-2.3863744735717773 0.936161458492279 1.419563889503479
-2.1117377281188965 0.879520058631897 -1.2052984237670898
-2.3863744735717773 1.0054376125335693 1.8216102123260498
0.7194899916648865 0.284606397151947 0.6329606771469116
-0.06223779544234276 0.6064631938934326 2.1412081718444824
0.10580011457204819 0.284606397151947 -0.7198703289031982
-0.010824971832334995 0.749839723110199 2.569945812225342
0.2768895924091339 0.5532886981964111 -1.2052991390228271
-2.3863744735717773 0.7494336366653442 0.5710095167160034
0.9210299849510193 0.5314485430717468 -0.09862419962882996
0.3457706868648529 1.202033281326294 2.1412081718444824
-2.0603573322296143 0.9878345727920532 0.08352061361074448
-1.4924006462097168 0.6301142573356628 -1.205298662185669
0.636104941368103 0.284606397151947 0.054000165313482285
-0.14370191097259521 0.2846064567565918 -1.2053990364074707
-0.658146321773529 0.284606397151947 2.692634344100952
0.9210299849510193 0.5759070515632629 0.46872377395629883
-2.009795904159546 0.9365208148956299 1.7929644584655762
-1.1985509395599365 0.284606397151947 0.31230202317237854
-2.101515054702759 0.9329544305801392 -0.27614152431488037
-1.6472419500350952 0.7155666351318359 2.1412081718444824
0.44859370589256287 0.284606397151947 1.4473586082458496
0.4885616898536682 0.8319513201713562 -1.2052992582321167
-2.1021814346313477 1.3439544439315796 -1.1837867498397827
-1.6345404386520386 0.284606397151947 0.5899090766906738
-1.7993923425674438 0.284606397151947 0.6365301609039307
-1.6442722082138062 0.284606397151947 -0.09975747764110565
-1.0557656288146973 0.7425121068954468 2.1412081718444824
-1.6910134553909302 0.284606397151947 0.8103336691856384
-1.7846660614013672 0.8852300643920898 2.1412081718444824
-2.3863744735717773 0.8273763656616211 -0.13048005104064941
0.45498034358024597 0.284606397151947 -0.5404529571533203
-1.6012585163116455 0.284606397151947 0.12281722575426102
-2.3863744735717773 1.1013225317001343 -0.9146701693534851
0.41653820872306824 0.6792071461677551 -1.2052992582321167
-1.749520182609558 0.5453966856002808 2.1412081718444824
0.9210299849510193 0.6972108483314514 0.06005081161856651
0.9210299849510193 0.7231443524360657 -0.18272185325622559
-1.5873695611953735 0.284606397151947 1.554085373878479
-2.0129990577697754 0.284606397151947 0.9788315892219543
0.4948910176753998 0.284606397151947 1.636115312576294
-2.3863744735717773 0.7327601909637451 0.7795834541320801
-0.8550463914871216 0.7497397065162659 2.4962005615234375
-0.5072227120399475 0.2923566699028015 2.6929216384887695
-0.8457585573196411 0.284606397151947 1.1772083044052124
0.45748069882392883 0.284606397151947 0.3621155619621277
-2.0580244064331055 0.7157334685325623 -0.6531403064727783
-1.7923895120620728 0.713347315788269 -1.2052985429763794
-2.3863744735717773 0.7193531394004822 -0.5163742899894714
-1.3418883085250854 0.7277453541755676 2.1412081718444824
-2.3863744735717773 0.5430837869644165 0.18976560235023499
-1.3271721601486206 0.284606397151947 0.15966837108135223
-1.4297776222229004 0.8418067097663879 -1.205298662185669
-1.3584909439086914 0.284606397151947 0.42172473669052124
-0.29183802008628845 0.6382755041122437 2.1412081718444824
-2.3863744735717773 0.8296177983283997 1.2199021577835083
-1.4756433963775635 0.284606397151947 0.7735886573791504
-2.088489294052124 0.9598156809806824 1.1230746507644653
0.362306147813797 0.284606397151947 1.7505680322647095
0.5789795517921448 0.983664333820343 -1.2052992582321167
-1.5209054946899414 0.284606397151947 0.9665325880050659
-1.436181664466858 0.8745253086090088 1.8533966541290283
-0.530252993106842 0.284606397151947 1.7135825157165527
-2.068964958190918 0.8737525343894958 -0.8449505567550659
-2.375974655151367 1.2459818124771118 -1.2052984237670898
-1.0565917491912842 0.28712964057922363 3.5732686519622803
-0.3184586763381958 0.284606397151947 4.048803329467773
-1.17174232006073 0.8852050304412842 2.1412081718444824
-2.0682599544525146 0.9657430648803711 1.554303765296936
-1.886414647102356 0.7215773463249207 1.8321412801742554
-1.6282497644424438 0.284606397151947 0.3668067753314972
0.6448472142219543 0.7611147165298462 2.1412081718444824
-0.3559509515762329 0.284606397151947 2.692904472351074
0.9210300445556641 1.1405051946640015 2.141308307647705
0.30183279514312744 0.284606397151947 1.0491212606430054
-1.4348552227020264 0.284606397151947 -0.18144381046295166
0.4464545249938965 0.771052360534668 2.1412081718444824
-0.5450165867805481 0.284606397151947 -0.34279313683509827
0.6641819477081299 0.284606397151947 0.9905925393104553
0.9210300445556641 0.683772623538971 1.4236456155776978
-0.8658391833305359 1.1413103342056274 2.1412081718444824
-2.3863744735717773 0.9433495402336121 1.6195069551467896
0.5435210466384888 0.9688464999198914 2.1412081718444824
-0.1773356795310974 0.284606397151947 1.586114525794983
-0.8127477765083313 0.29126599431037903 3.9789066314697266
-0.2725819945335388 0.7318063378334045 -1.2052990198135376
0.9210300445556641 1.0165021419525146 1.6837043762207031
0.9210300445556641 0.7255257368087769 0.7454973459243774
0.9211300611495972 1.0423709154129028 2.141209602355957
0.9210299849510193 0.9168399572372437 0.23593728244304657
-2.3863744735717773 0.8635870814323425 0.1064106896519661
-0.29791486263275146 0.284606397151947 1.4229764938354492
0.9210300445556641 0.730847954750061 0.9431143403053284
-0.035874105989933014 0.7584258913993835 -1.2052991390228271
-1.8518611192703247 0.9373676180839539 -0.8929250836372375
0.9210385084152222 1.0829262733459473 -1.2053993940353394
-0.19905681908130646 0.2956993877887726 3.0631725788116455
0.9210299849510193 0.7777416110038757 -0.38978999853134155
-2.386474370956421 0.9983072876930237 2.1412081718444824
0.9210299849510193 0.7474492788314819 0.5171162486076355
-2.3863744735717773 0.8749857544898987 -0.6894412636756897
-2.140643835067749 1.1957697868347168 -1.2052984237670898
0.9210300445556641 0.9679264426231384 1.1801925897598267
0.9210301041603088 1.239005208015442 2.1255979537963867
0.5029720664024353 0.8461114168167114 1.8347365856170654
-1.641166090965271 0.8046711087226868 -1.2052985429763794
-0.7936026453971863 0.7490448355674744 -1.205298900604248
-2.3863744735717773 0.7467341423034668 0.2466353327035904
0.41921815276145935 0.8380017876625061 -0.9216379523277283
-0.16312161087989807 0.8961568474769592 -1.2052990198135376
-1.8759381771087646 0.9298899173736572 -1.2052985429763794
-2.3863744735717773 0.8498528599739075 0.4115249812602997
-2.1795735359191895 1.1725133657455444 2.1412081718444824
-1.448386788368225 0.284606397151947 0.5807643532752991
-1.9111833572387695 0.6850470900535583 -0.8358131051063538
-1.8240066766738892 0.6289889216423035 -0.5625430941581726
0.2442442774772644 0.284606397151947 1.2101939916610718
-0.9581285715103149 0.284606397151947 1.3231868743896484
0.9210300445556641 0.7460566759109497 1.1598907709121704
0.28969430923461914 0.2913653254508972 3.3482940196990967
-1.4474034309387207 0.284606397151947 0.003398119704797864
0.9210299253463745 0.7460020780563354 -0.584658682346344
-2.3863744735717773 0.8559215664863586 -0.33727866411209106
-0.8855530619621277 0.284606397151947 0.6660932898521423
-1.8915601968765259 1.1426587104797363 -1.2052985429763794
-1.2538925409317017 0.284606397151947 -0.0761420726776123
-2.3863744735717773 0.9761578440666199 1.1079978942871094
0.9210385084152222 1.1934090852737427 -1.2053993940353394
-1.201624870300293 0.284606397151947 -0.5918915271759033
-1.0712140798568726 0.6674561500549316 -1.2052987813949585
-2.3863744735717773 1.106637954711914 -0.3367384076118469
-2.3863744735717773 1.1341731548309326 -0.7165972590446472
0.25477609038352966 0.284606397151947 -0.42287346720695496
-2.3863744735717773 0.9582306146621704 -0.5280410051345825
-0.7615004181861877 1.228493332862854 -0.8904560208320618
-0.4707190692424774 0.7954843044281006 -1.205298900604248
-0.7808204293251038 0.3778786063194275 3.821960210800171
-1.9798426628112793 1.275090217590332 -0.7935779690742493
0.9210300445556641 1.2535392045974731 1.8924362659454346
-1.6450966596603394 0.9900717735290527 -1.2052985429763794
-1.0647302865982056 0.284606397151947 0.46355292201042175
0.9210300445556641 1.1399792432785034 1.446028709411621
-2.3863744735717773 1.0191359519958496 -0.05549149960279465
0.22975561022758484 0.284606397151947 -0.05710740014910698
-0.37807217240333557 0.284606397151947 -0.5374923348426819
0.9210299253463745 0.8368414044380188 -0.7982016801834106
-1.551094651222229 0.284606397151947 -0.31799590587615967
0.9210300445556641 0.915453314781189 0.9857656359672546
-1.008496880531311 0.284606397151947 -0.587087094783783
0.9210299253463745 1.2395883798599243 -0.9204301834106445
-0.07489869743585587 0.284606397151947 -0.8652502298355103
-2.3863744735717773 1.1974635124206543 1.3605047464370728
-2.371730089187622 1.3095707893371582 -0.9187714457511902
0.26779142022132874 0.4510987401008606 2.9027183055877686
-1.1045173406600952 0.284606397151947 1.1286320686340332
0.2343146800994873 0.284606397151947 3.4907803535461426
-0.9493122100830078 0.8338503837585449 -1.2052987813949585
0.6063099503517151 0.992383599281311 -0.8032688498497009
0.9210300445556641 0.8575943112373352 1.5611193180084229
0.9210299849510193 0.8827237486839294 -0.07873441278934479
0.5111021995544434 1.246583104133606 2.131826639175415
0.3226243555545807 0.284606397151947 -0.7645447850227356
-0.7884140610694885 0.284606397151947 -0.6534010767936707
-1.2154313325881958 0.7997108697891235 -1.2052987813949585
0.44048357009887695 1.2294445037841797 -1.2052992582321167
-2.058781862258911 0.9754564166069031 -0.609932541847229
-0.8895964622497559 0.284606397151947 -0.10976928472518921
-1.1048557758331299 0.284606397151947 -0.41374748945236206
-1.6107227802276611 0.9739199876785278 -0.8731600046157837
0.013467260636389256 0.8637656569480896 2.798853635787964
-0.04854300990700722 0.2951545715332031 3.921063184738159
-0.739598274230957 0.284606397151947 -0.27830207347869873
-2.3863744735717773 1.2386460304260254 1.1886825561523438
0.9210300445556641 0.9989365935325623 0.8032230734825134
-0.079955093562603 0.284606397151947 0.5689223408699036
-0.35721448063850403 0.284606397151947 -0.34016525745391846
0.3040279150009155 0.9400241374969482 2.138373613357544
-1.6079083681106567 1.4265445470809937 -1.1091358661651611
0.28430986404418945 0.3547396957874298 3.2016372680664062
-1.0799633264541626 0.8609727025032043 -0.9106913208961487
-2.3863744735717773 0.9424484372138977 0.884183406829834
-2.2345404624938965 1.3028287887573242 2.124840021133423
-2.056694507598877 0.7957301735877991 1.3133575916290283
-2.062671422958374 0.9502773880958557 0.6659215688705444
-1.4948797225952148 0.846663773059845 2.1412081718444824
0.03770139813423157 1.1873921155929565 -1.1691771745681763
-2.3834259510040283 1.2641360759735107 1.780871868133545
-1.2919350862503052 0.284606397151947 1.0841697454452515
-1.4199656248092651 1.1082322597503662 -1.205298662185669
-1.8238710165023804 0.6500948667526245 1.6302728652954102
-0.3056251108646393 0.9597712755203247 -0.9312953352928162
0.24271826446056366 0.7786295413970947 -1.2052991390228271
-1.7344589233398438 0.7495058178901672 -0.7491804957389832
-1.9624923467636108 1.1837832927703857 2.1412081718444824
-0.8199714422225952 0.2885398864746094 2.6925244331359863
-2.3863744735717773 1.0969462394714355 0.4615654945373535
0.6380188465118408 0.284606397151947 0.28507718443870544
0.9210299253463745 1.003132700920105 -0.7746284604072571
-0.6919686794281006 0.9271659851074219 -1.205298900604248
-1.958388090133667 0.6620081663131714 1.0484193563461304
-2.0370354652404785 0.7410238981246948 -0.12828686833381653
-1.6119179725646973 1.0513042211532593 2.1412081718444824
-1.7627184391021729 0.9193246364593506 1.8437477350234985
0.9210299849510193 1.1892482042312622 0.4678775370121002
0.9210299253463745 1.2867763042449951 -1.1551175117492676
-2.0050079822540283 0.7295563220977783 0.1814316213130951
-2.3863742351531982 1.2538080215454102 2.0364999771118164
0.0839848443865776 0.9252811074256897 -1.2052991390228271
-1.2057167291641235 1.364990472793579 -1.1532284021377563
0.9210299849510193 1.1638306379318237 -0.27789318561553955
-1.7861840724945068 1.1829332113265991 2.1412081718444824
-1.1564971208572388 0.2875737249851227 3.4754810333251953
0.2618786096572876 0.284606397151947 1.4139434099197388
-2.3863744735717773 1.250409722328186 -0.15589816868305206
0.33156126737594604 0.6274259686470032 -0.7941169142723083
-1.5935766696929932 0.7120108604431152 1.6916399002075195
-2.05542254447937 0.7228258848190308 1.6462937593460083
-1.3357889652252197 0.284606397151947 0.8669379949569702
-2.0394577980041504 0.7481747269630432 0.8299320340156555
0.31757673621177673 0.284606397151947 -0.24166809022426605
0.31216681003570557 1.3413571119308472 1.998375654220581
0.1716357171535492 1.1489933729171753 2.1412081718444824
-0.9618508219718933 0.2895016670227051 2.7526133060455322
0.879819393157959 1.3328461647033691 -0.8054569363594055
-1.8311777114868164 0.9776482582092285 -0.6099537014961243
-2.277836322784424 1.412511944770813 -0.9371694326400757
-1.0610711574554443 0.35585081577301025 3.698509693145752
-1.9757306575775146 0.7596186995506287 -0.4201968312263489
-2.3863744735717773 0.9330679178237915 0.6659172177314758
0.7146106362342834 1.297345519065857 -1.2052993774414062
-0.1861783117055893 1.1336779594421387 -1.2052990198135376
-1.527448296546936 1.2927498817443848 -1.2011399269104004
-1.2158280611038208 0.9795324802398682 -1.2052987813949585
0.9210299849510193 0.9541049003601074 -0.5434626340866089
-1.4762139320373535 0.7223324179649353 -0.8559800386428833
-1.9701848030090332 1.3740984201431274 2.0564968585968018
-2.112215518951416 0.8951201438903809 0.35861334204673767
-2.3863744735717773 1.2019517421722412 1.586257815361023
-0.9755694270133972 1.009983777999878 -1.2052987813949585
0.3192189931869507 0.9745401740074158 -1.2052992582321167
0.5649545192718506 1.3134784698486328 1.673540472984314
-1.1499016284942627 0.284606397151947 1.6792689561843872
-0.4234142303466797 0.9736850261688232 -1.2052990198135376
0.39869749546051025 0.284606397151947 0.8344916701316833
0.9202031493186951 1.2249226570129395 -0.6625083088874817
-2.3786306381225586 1.2756881713867188 -0.5943989157676697
-0.8198736906051636 0.284606397151947 0.34436753392219543
-1.5180045366287231 1.259202241897583 2.12964129447937
-2.3863744735717773 1.1967978477478027 0.6719899773597717
-2.3863744735717773 1.0657744407653809 0.2303459793329239
-1.9021902084350586 1.382727861404419 -1.1787490844726562
-1.7389028072357178 1.259186029434204 -1.2052985429763794
-2.324129343032837 1.4267199039459229 -0.5977678894996643
0.4610488712787628 0.284606397151947 0.1314176768064499
-1.2519971132278442 1.2367944717407227 -1.205298662185669
0.5665479898452759 0.7272270321846008 -0.714749813079834
-0.16151075065135956 0.3441510498523712 4.005903244018555
0.4780209958553314 0.284606397151947 1.0361056327819824
-0.1764083057641983 0.284606397151947 -0.23826709389686584
-0.8332662582397461 1.2151367664337158 -1.205298900604248
0.5578924417495728 0.284606397151947 0.7975873947143555
-1.1476082801818848 0.284606397151947 0.09218346327543259
-0.27302131056785583 0.284606397151947 1.1846729516983032
-0.4001821279525757 0.284606397151947 1.579432725906372
-0.015286913141608238 1.338566780090332 -1.1993820667266846
-1.1063463687896729 0.31700825691223145 3.1673014163970947
-1.6947687864303589 1.2904878854751587 -0.7369852662086487
-1.3469886779785156 0.6450834274291992 1.6856285333633423
-0.11204387247562408 0.284606397151947 1.2132811546325684
-0.7760952115058899 0.284606397151947 0.9952335953712463
-2.3541407585144043 1.342987298965454 1.5075669288635254
-0.6364063024520874 1.1789618730545044 -1.1918097734451294
0.6946887969970703 1.2695444822311401 2.1264779567718506
-1.718199372291565 1.3615549802780151 2.1105453968048096
0.23833417892456055 0.455800324678421 3.070481061935425
-0.669133186340332 0.3347720503807068 4.02127742767334
-1.9669331312179565 0.6566007733345032 0.5182773470878601
-2.0569489002227783 1.4615774154663086 -0.7713773250579834
-2.177156925201416 1.485283374786377 -0.3108982443809509
-1.8721544742584229 0.8002058267593384 1.4912136793136597
-1.9541997909545898 1.4900463819503784 -0.5190710425376892
0.23817874491214752 1.2351703643798828 -1.2042522430419922
0.9210299849510193 1.1891814470291138 0.1951856166124344
-1.0971330404281616 1.1509578227996826 2.1412081718444824
-1.834938406944275 0.6925051212310791 -0.26265525817871094
0.9210300445556641 1.2941040992736816 1.00016188621521
0.9210300445556641 1.2770378589630127 1.2990591526031494
0.5735549926757812 1.3504844903945923 -1.1816129684448242
-2.3705716133117676 1.3352954387664795 0.7539193034172058
-1.9972608089447021 1.4124289751052856 1.7511769533157349
-1.3328983783721924 0.9555788636207581 -0.8607761859893799
0.6017799377441406 0.8864817023277283 -0.5720161199569702
0.9015046954154968 1.2735521793365479 1.5486273765563965
0.1464768499135971 0.31675413250923157 3.7442452907562256
0.19660845398902893 0.7951027154922485 1.964918851852417
0.3476373255252838 1.157081961631775 -0.8310312628746033
-0.8337938189506531 0.7656243443489075 2.849309206008911
-0.43532952666282654 1.2811415195465088 -1.2052990198135376
0.9210300445556641 1.2660750150680542 0.6616963148117065
-0.5223780870437622 0.342202752828598 4.070740222930908
-1.0744168758392334 0.38762366771698 3.2132534980773926
0.0848844051361084 0.8598072528839111 -0.9105516672134399
0.9210299849510193 1.2297642230987549 -0.06313059478998184
-2.3863744735717773 1.256456971168518 0.11954496800899506
0.224325492978096 0.3078427314758301 3.618703842163086
-1.8342211246490479 0.9465969800949097 1.094663143157959
-0.7022976875305176 0.7339938879013062 -0.8520966172218323
-2.3863744735717773 1.2035161256790161 0.9454659819602966
-2.3617191314697266 1.3322659730911255 -0.36590713262557983
-1.2610524892807007 1.265973687171936 2.1254591941833496
-1.8455796241760254 1.1319671869277954 1.6501835584640503
-1.9312551021575928 1.1090580224990845 0.8988303542137146
-0.5203664898872375 0.284606397151947 1.4643160104751587
-2.2187018394470215 1.436347484588623 1.310985803604126
-0.9440630674362183 0.3371056914329529 3.8302249908447266
0.9141871333122253 1.3075298070907593 0.8334154486656189
-1.0882548093795776 0.284606397151947 -0.13872012495994568
-0.5938336849212646 0.284606397151947 0.31492483615875244
-1.0809956789016724 0.39040595293045044 2.9369075298309326
0.08499482274055481 0.284606397151947 0.9390694499015808
-0.7232680320739746 0.284606397151947 -0.053865011781454086
-1.3544723987579346 1.3957328796386719 2.044585943222046
0.9159660339355469 1.2714314460754395 1.7210533618927002
-0.4542270302772522 0.3288418650627136 3.9654924869537354
0.027688926085829735 0.284606397151947 1.1028296947479248
0.7367989420890808 1.4086098670959473 -0.6016896367073059
-0.010891301557421684 0.7692809700965881 2.575629234313965
-0.6399088501930237 0.284606397151947 -0.5200420618057251
0.9154327511787415 1.2718433141708374 -0.5001516938209534
-2.3419268131256104 1.3490879535675049 1.0489557981491089
-0.26012346148490906 0.30513301491737366 3.7631912231445312
-0.8489677906036377 0.629326343536377 2.945981740951538
-0.17462655901908875 1.4352692365646362 -0.8353484272956848
-1.7142988443374634 1.4214210510253906 1.8048949241638184
-2.3743209838867188 1.3092695474624634 0.4211342930793762
-0.841566264629364 0.3901759088039398 3.1115365028381348
0.17940984666347504 0.284606397151947 0.669854462146759
-0.7047525644302368 0.3316800594329834 3.64831280708313
-1.8437680006027222 0.6241552233695984 1.2476588487625122
-0.30668768286705017 0.4934971034526825 3.7200992107391357
0.9210300445556641 0.8706573247909546 1.373511791229248
-1.0379084348678589 0.6879985332489014 -0.766959011554718
-0.028676796704530716 0.86504727602005 2.6036324501037598
-0.7590712308883667 0.284606397151947 0.17294618487358093
0.5534378886222839 1.393863558769226 -0.9036021828651428
-1.553065538406372 0.6626396179199219 -0.6091998219490051
0.08958940953016281 0.33150142431259155 2.6941447257995605
-0.5582212805747986 0.284606397151947 -0.13371482491493225
-1.0006904602050781 0.284606397151947 0.8189501166343689
-1.4577720165252686 1.2932276725769043 1.7861518859863281
-1.7942638397216797 1.4780958890914917 -0.8488391637802124
-0.7214239835739136 0.284606397151947 1.4020702838897705
-0.4545522630214691 0.3200839161872864 3.5612945556640625
-2.335984706878662 1.3609884977340698 -0.039049338549375534
0.8843861818313599 1.376643419265747 0.47677305340766907
-1.0098384618759155 1.3144142627716064 -1.1855612993240356
0.09610136598348618 0.40074676275253296 3.03102707862854
-0.3155158758163452 0.284606397151947 0.8496100902557373
-1.3751353025436401 1.464806318283081 -0.9602130651473999
0.9035612940788269 0.9453952312469482 -0.28399941325187683
0.6830289959907532 1.4095429182052612 1.3573038578033447
-2.0155582427978516 1.291728138923645 -0.3161332309246063
-0.9879791140556335 1.3000279664993286 2.0922935009002686
-1.9040333032608032 1.1324056386947632 -0.04473757743835449
-1.8567203283309937 1.4895974397659302 -0.14897063374519348
0.2738918662071228 1.3823989629745483 -1.196814775466919
0.41174307465553284 0.284606397151947 0.6405413150787354
-0.9751088619232178 0.284606397151947 1.002219319343567
-2.0654165744781494 1.4521715641021729 1.0173194408416748
0.31266289949417114 0.284606397151947 0.30713558197021484
0.9031349420547485 1.3287845849990845 -0.2945922613143921
0.3854933977127075 0.6484133005142212 1.7013496160507202
0.09002949297428131 0.46030935645103455 3.353273391723633
-0.09506319463253021 0.284606397151947 1.4346612691879272
-2.238792657852173 1.391317367553711 1.7999005317687988
-1.815840482711792 1.4406415224075317 1.5700452327728271
-1.817544937133789 1.0591015815734863 1.3711096048355103
-1.2819925546646118 0.630824089050293 -0.6915524005889893
-0.2486145794391632 1.3234583139419556 -1.1918164491653442
-1.9400367736816406 1.2983733415603638 1.1777853965759277
-0.8133227825164795 0.40253740549087524 3.46368670463562
-2.029811382293701 1.391607403755188 1.5034664869308472
0.9210299849510193 0.9549977779388428 0.43006575107574463
0.9210300445556641 1.2882033586502075 1.1467951536178589
-2.036980628967285 1.3659288883209229 0.43646305799484253
-0.634863018989563 0.5903643369674683 3.094918727874756
-0.33932679891586304 0.7131896018981934 -0.820270836353302
-0.5541767477989197 0.284606397151947 1.0723429918289185
0.5161458253860474 1.0907305479049683 1.429182529449463
0.6680344343185425 1.3651015758514404 1.8479275703430176
0.6125265955924988 0.7902155518531799 1.6183210611343384
-0.1847185492515564 0.284606397151947 0.4121355414390564
0.2808533012866974 0.284606397151947 0.12300371378660202
0.5529851317405701 1.4350850582122803 1.1772441864013672
0.5084405541419983 1.4254703521728516 -0.6245498061180115
-0.6457020044326782 0.40858104825019836 3.362441062927246
-0.41760769486427307 0.3720236122608185 3.2086551189422607
-1.191316843032837 0.38904228806495667 3.368379592895508
-0.2802044153213501 0.8622634410858154 2.7392187118530273
-0.9493063688278198 0.284606397151947 -0.3041519522666931
0.006571634206920862 1.2007263898849487 2.1220545768737793
-1.2550852298736572 0.284606397151947 0.6164655089378357
0.7889371514320374 1.4716269969940186 0.2764187157154083
0.5153732299804688 1.4136136770248413 1.6097691059112549
-0.11024437099695206 0.29814612865448 3.508118152618408
-0.19149865210056305 0.284606397151947 -0.5089443325996399
-0.5758345723152161 1.3704261779785156 -1.1703306436538696
0.9188951253890991 0.8999651670455933 0.6492289900779724
0.24747705459594727 1.0760786533355713 1.813859224319458
-1.8502466678619385 0.6472374796867371 0.004066155757755041
-0.04150080308318138 0.284606397151947 -0.13045728206634521
-0.03520609065890312 0.33008384704589844 2.8563122749328613
0.07248134166002274 0.284606397151947 1.314448356628418
-0.1267385184764862 1.1388070583343506 2.4706692695617676
-0.35169413685798645 0.31003400683403015 3.38608980178833
-0.9924930334091187 0.284606397151947 0.2488294392824173
-0.03658543899655342 0.284606397151947 0.786335289478302
-0.841164231300354 0.8753821849822998 2.0361952781677246
0.2820413112640381 1.4530727863311768 -0.41697293519973755
-0.8384175896644592 1.4362659454345703 -1.1292078495025635
-1.593157410621643 1.0002914667129517 1.6154865026474
0.28094518184661865 0.8071619272232056 -0.7039306163787842
0.43354541063308716 0.983196496963501 1.616472601890564
-0.15288707613945007 0.4815628230571747 3.4355549812316895
-1.6110347509384155 0.6934671401977539 1.4655237197875977
-0.5694649815559387 0.284606397151947 0.10682985186576843
-0.5451549887657166 0.9047318696975708 -0.8504109382629395
-1.642438292503357 0.6322727799415588 -0.23000192642211914
-1.048332691192627 1.4725347757339478 -0.8730658292770386
-0.32806673645973206 0.5593011975288391 2.9188907146453857
-1.7798902988433838 1.309110164642334 -0.4766502380371094
-0.6376771330833435 0.284606397151947 1.2309561967849731
-0.050505056977272034 0.6413792371749878 -0.7551223635673523
-1.138600468635559 0.8007688522338867 1.8830065727233887
0.5426264405250549 1.0005937814712524 -0.34090471267700195
-1.8803582191467285 1.0390065908432007 0.40259620547294617
-1.8517975807189941 0.7982087731361389 0.7232894897460938
0.04441484436392784 1.4631192684173584 -0.7987040877342224
0.35331979393959045 1.4262348413467407 -0.7443667650222778
-0.11271746456623077 1.3567503690719604 1.458519458770752
-0.8587468266487122 1.4322742223739624 -0.30405309796333313
-1.379652738571167 1.3090360164642334 -0.7276422381401062
-0.3859151601791382 1.4117956161499023 1.8207417726516724
-1.577951431274414 1.4905260801315308 -0.7073626518249512
-0.4378865361213684 1.4559859037399292 -0.6641389727592468
-1.5383093357086182 1.009034276008606 -0.6101539134979248
0.24397410452365875 1.3796381950378418 1.3026604652404785
-0.8503630757331848 1.4119598865509033 1.4176931381225586
-0.1305883675813675 0.9382542967796326 -0.7739294767379761
-2.0911214351654053 1.4659267663955688 -0.04555271565914154
-0.2909085154533386 1.455493450164795 -0.976482629776001
-1.6625968217849731 1.505517840385437 -0.3602353632450104
-1.2202085256576538 1.4785845279693604 -0.658044159412384
0.845504641532898 0.9753976464271545 0.06571555882692337
-0.08647788316011429 1.4469588994979858 -0.5162789821624756
-1.1021302938461304 1.2883672714233398 -0.8432409167289734
0.7437793016433716 1.4717057943344116 0.6985229849815369
0.7360111474990845 1.4551786184310913 -0.12567931413650513
-1.419439435005188 1.4999381303787231 -0.45854395627975464
0.472116082906723 1.3348004817962646 0.9081844687461853
-1.4747662544250488 1.4608380794525146 -0.02797716297209263
-1.8183979988098145 1.0003622770309448 -0.3197873830795288
0.9098032116889954 1.3578885793685913 0.04578831419348717
-1.785435676574707 0.7667021155357361 0.9586287140846252
0.39507660269737244 0.672008216381073 -0.5419480800628662
0.7127832770347595 1.45050048828125 0.9635629653930664
-0.4194546043872833 0.48762914538383484 3.0831642150878906
-0.59100741147995 1.079849362373352 2.4819109439849854
-0.9218781590461731 0.9577578902244568 -0.7493945360183716
-1.571032166481018 1.4570249319076538 0.6741710901260376
-1.0652695894241333 1.4642547369003296 1.4516621828079224
-1.2290791273117065 1.4480260610580444 1.245389461517334
-1.428587555885315 1.4563367366790771 1.7047663927078247
0.6110296845436096 1.4348270893096924 -0.36585840582847595
-0.6127566695213318 1.3969367742538452 1.97294020652771
-1.4588907957077026 1.4228825569152832 0.4116913974285126
-0.35122692584991455 0.284606397151947 1.0158307552337646
-1.1004424095153809 0.284606397151947 0.6593784689903259
-0.06668159365653992 0.8388866782188416 1.9402120113372803
-1.5664620399475098 1.472298502922058 1.2436479330062866
-1.1513584852218628 1.3580622673034668 1.007910132408142
-1.2958272695541382 1.386003017425537 0.9551218748092651
-1.238326907157898 1.4534121751785278 -0.15460476279258728
-2.1821653842926025 1.4438124895095825 0.7825285196304321
0.48179978132247925 0.6781452894210815 1.4622259140014648
-1.553406834602356 1.4720841646194458 1.487437129020691
-1.9143708944320679 1.4707375764846802 1.2895569801330566
-0.9424460530281067 0.7193084955215454 1.8082895278930664
-0.17387491464614868 0.284606397151947 0.02155553176999092
-1.3471366167068481 1.4488024711608887 0.7069461941719055
-1.8487728834152222 0.7852289080619812 0.3189827501773834
-0.6688968539237976 1.4392451047897339 -0.32272180914878845
-1.8874714374542236 1.344804048538208 0.2504626512527466
-1.3252321481704712 0.8615230321884155 -0.6283667087554932
-1.347167730331421 1.418644905090332 0.171565979719162
-0.964695394039154 1.407618761062622 1.9143708944320679
-0.22450953722000122 0.7539136409759521 2.4637601375579834
-1.8504178524017334 1.3070662021636963 0.7729644775390625
-1.3761173486709595 0.9571685194969177 1.5488394498825073
-1.068976879119873 1.4709722995758057 -0.19741755723953247
-1.6522966623306274 1.3522471189498901 -0.17433324456214905
-0.2397727519273758 0.284606397151947 0.6824745535850525
-0.5467569231987 0.7815877199172974 2.868387460708618
0.5670582056045532 0.8294808268547058 -0.15881136059761047
-0.5718845725059509 0.284606397151947 0.7976802587509155
-1.5582005977630615 0.8814516663551331 -0.38685059547424316
-1.7075705528259277 0.8136855363845825 1.2339341640472412
-0.6408883333206177 0.7918514609336853 2.6560750007629395
-0.6941888332366943 1.4447613954544067 -0.8392654657363892
-0.8199582695960999 0.6911678910255432 -0.6574212908744812
-1.765365481376648 0.9127623438835144 -0.09596063941717148
-0.4778357148170471 0.284606397151947 0.6644470691680908
0.051739651709795 1.3497319221496582 1.9559690952301025
-1.52414071559906 1.241221308708191 1.4356786012649536
-1.1444823741912842 0.8217997550964355 1.6391187906265259
-0.7741112112998962 0.284606397151947 0.8217894434928894
0.15535324811935425 1.4119305610656738 -0.8847785592079163
-0.0988491103053093 1.2027831077575684 1.1938601732254028
-1.7758593559265137 0.6819370985031128 0.5278921127319336
0.31168732047080994 1.1571274995803833 0.526920735836029
-0.14217868447303772 0.642983615398407 3.0114078521728516
-0.6711247563362122 0.39318934082984924 3.2202308177948
0.0796075239777565 1.3596980571746826 -0.5487402081489563
-0.4682030975818634 1.3427504301071167 -0.7838566303253174
-0.903999388217926 1.518546223640442 -0.6263784170150757
-0.21765415370464325 1.3386303186416626 2.0634169578552246
0.6348061561584473 1.4709200859069824 0.16455979645252228
-1.1748648881912231 1.1361521482467651 1.7471848726272583
-1.688689112663269 1.3578722476959229 1.0911000967025757
-0.40264105796813965 0.8130484223365784 2.0400888919830322
0.35597577691078186 1.0161173343658447 -0.600644588470459
-1.7400578260421753 0.7925425171852112 0.11627434194087982
-0.33012840151786804 1.2820625305175781 1.3339487314224243
-1.2041866779327393 1.4377461671829224 1.75204598903656
0.46964627504348755 1.4328886270523071 -0.15899787843227386
0.29652711749076843 1.415584921836853 1.6448701620101929
-0.7188552021980286 1.2211652994155884 2.313978672027588
0.617830216884613 0.9541473388671875 1.181382417678833
-0.25612637400627136 1.1835695505142212 2.2348268032073975
-1.4111883640289307 1.1915535926818848 -0.41438305377960205
-0.5349109172821045 1.0262047052383423 2.691925287246704
0.40066075325012207 1.320549488067627 1.204253911972046
-0.7239529490470886 1.0416125059127808 2.0372142791748047
0.05888407677412033 0.9828701019287109 -0.6524181962013245
-1.37556791305542 0.6730645895004272 -0.4113370180130005
-0.6386820077896118 1.4078553915023804 1.560371994972229
-1.7594082355499268 1.0265897512435913 0.5903902649879456
-0.27846986055374146 0.7527812719345093 -0.6264046430587769
-1.5200165510177612 1.066908359527588 1.1428556442260742
-1.7098078727722168 1.31634521484375 0.09460249543190002
0.12214118242263794 1.3929415941238403 1.5340458154678345
-0.4333679974079132 1.3538899421691895 1.5059807300567627
-0.42645955085754395 1.2464436292648315 2.2758758068084717
0.5297989249229431 0.7341052889823914 0.0768197551369667
0.6333221197128296 0.8730376958847046 0.48887792229652405
-0.9176024794578552 1.3785673379898071 1.683631420135498
0.5315531492233276 0.7064682841300964 1.165332317352295
-0.6488112807273865 0.8022913336753845 1.9958198070526123
0.24054798483848572 0.284606397151947 0.8517128229141235
-1.1733027696609497 1.3060345649719238 1.3807581663131714
0.14499418437480927 0.284606397151947 0.2992728650569916
-0.42862096428871155 0.7530122399330139 2.587383508682251
-0.3980972170829773 0.284606397151947 0.02097129076719284
-1.4314321279525757 0.7937378883361816 1.2997554540634155
-1.5578868389129639 0.6880806684494019 0.305801123380661
0.16646599769592285 0.7867470979690552 1.7202852964401245
-1.0783843994140625 0.6863440275192261 -0.5029064416885376
-0.555656909942627 0.6546450853347778 -0.6369199752807617
-0.9306939244270325 0.6972218155860901 1.5350340604782104
0.474806547164917 1.3502849340438843 0.11105553060770035
-0.17447787523269653 0.6877013444900513 1.7247252464294434
-0.39315322041511536 0.284606397151947 0.3223987817764282
-1.2793731689453125 0.7035021781921387 1.5145763158798218
-1.1322822570800781 1.2597389221191406 -0.5225973129272461
0.08351001888513565 0.7348244786262512 -0.5633580088615417
0.4746783673763275 0.6701450347900391 -0.2658349573612213
-1.5619750022888184 0.964897632598877 0.8525404930114746
-0.2186492681503296 0.9099844694137573 1.969011664390564
-1.1414238214492798 0.9681107401847839 -0.6125807166099548
-0.6671916246414185 1.3299752473831177 1.8587162494659424
0.2670948803424835 0.7310455441474915 1.5174249410629272
0.46275272965431213 0.7505180835723877 0.7049923539161682
-0.043050143867731094 1.4397661685943604 1.7600008249282837
0.5906075835227966 1.0576972961425781 0.8973535895347595
-1.629019856452942 0.6931821703910828 0.7722837924957275
-0.804600179195404 0.8411005735397339 1.7124770879745483
-1.415875792503357 0.6589585542678833 0.03082582727074623
-0.24649682641029358 1.2421482801437378 1.7984707355499268
-0.45399925112724304 0.9966893196105957 2.1437594890594482
0.3498838245868683 1.1797879934310913 -0.3935866057872772
-1.6360913515090942 0.9872736930847168 0.2809024453163147
-0.14171293377876282 0.284606397151947 0.24961543083190918
-1.495570182800293 1.04438316822052 -0.16922150552272797
-1.469817042350769 0.7689335346221924 1.1064369678497314
-1.673011302947998 1.4772857427597046 0.9609780311584473
-0.6571500897407532 0.9763251543045044 -0.6758506298065186
-1.751525640487671 1.4491184949874878 0.4047498106956482
-2.200741767883301 1.4664790630340576 0.5025864243507385
0.30904072523117065 0.7608530521392822 -0.33539071679115295
-0.06712812930345535 0.6945089101791382 1.3770760297775269
-0.3680219054222107 0.284606397151947 0.49878597259521484
-1.433831810951233 0.6758852601051331 0.9626831412315369
0.5557215809822083 0.7630088925361633 0.8771111965179443
0.3562319278717041 0.8106697797775269 1.33688485622406
-1.2935949563980103 1.061730146408081 1.199545979499817
-1.909988522529602 1.4692519903182983 0.7006297707557678
-0.5855574607849121 0.715553343296051 1.730802059173584
0.33034563064575195 1.2824079990386963 0.18814288079738617
-1.9624272584915161 1.4847545623779297 0.16897039115428925
-1.144708275794983 0.662101686000824 0.9446117877960205
-0.6999504566192627 1.1895028352737427 1.4387949705123901
-0.5938569903373718 1.242585301399231 1.2332580089569092
-0.5113158822059631 1.0184175968170166 1.7186799049377441
0.016769591718912125 0.6811546087265015 1.1146423816680908
0.5507437586784363 0.9993212223052979 0.2316955029964447
-2.3681938648223877 1.4113339185714722 0.23434515297412872
0.6025141477584839 1.462009072303772 0.40315112471580505
-0.342287540435791 0.7674658298492432 1.719809889793396
-0.019479649141430855 0.7742478847503662 1.6628704071044922
-0.6790328025817871 0.284606397151947 0.5810577869415283
-0.9746351838111877 1.0310219526290894 1.5866814851760864
0.5481002330780029 1.4431771039962769 0.6405921578407288
-0.24072548747062683 1.1502524614334106 -0.6527369022369385
-1.1925491094589233 0.7967842221260071 1.3326326608657837
-1.312367558479309 0.7911262512207031 0.35362523794174194
0.032145071774721146 1.3176144361495972 -0.08830340206623077
-0.18335461616516113 1.3513973951339722 -0.19131755828857422
0.30732181668281555 1.4445534944534302 -0.12596502900123596
-0.9049886465072632 0.8928724527359009 -0.5132960081100464
-0.32292065024375916 1.3905346393585205 -0.28208184242248535
-1.3378182649612427 0.7734947204589844 -0.21230150759220123
-1.130179762840271 0.8043498992919922 -0.12677104771137238
-0.9839852452278137 1.0198365449905396 1.288420557975769
-0.420687735080719 0.8627181053161621 -0.4099668860435486
-1.4956661462783813 0.8550519943237305 -0.015405599027872086
0.06607097387313843 1.1661808490753174 0.09977927058935165
-0.4657755196094513 1.428321361541748 -0.29693037271499634
0.24307140707969666 1.209492564201355 0.9688555002212524
0.14666889607906342 1.1594200134277344 1.5364558696746826
0.05503625422716141 1.2623791694641113 -0.20431239902973175
-1.5345478057861328 0.8012459874153137 0.5207549929618835
-0.73563152551651 1.27168869972229 -0.5791344046592712
-0.04972677305340767 0.8814426064491272 1.4795297384262085
-1.030655860900879 0.6614378690719604 -0.20858529210090637
-0.3099907338619232 0.3449026644229889 0.16832661628723145
-0.6180450320243835 0.6854285001754761 1.4509005546569824
-0.14173275232315063 0.6706106066703796 -0.493772953748703
-0.7060605883598328 0.8755720853805542 1.516465425491333
-1.0857815742492676 0.7269781231880188 1.187345027923584
-1.181331753730774 0.9575396776199341 -0.3181528151035309
-1.3358107805252075 0.6561679840087891 0.6589041948318481
0.38419511914253235 0.7146844267845154 0.4654542803764343
-0.25904661417007446 1.164818525314331 -0.15063677728176117
-0.7188258767127991 0.8192687034606934 -0.34041619300842285
-0.5613536834716797 0.45316627621650696 0.9924622178077698
-0.15537305176258087 1.0120962858200073 -0.4714067280292511
-0.1482313722372055 1.071777582168579 1.594544768333435
-1.1564518213272095 0.7147409319877625 0.17229098081588745
0.09611180424690247 0.9607287645339966 -0.34296658635139465
-0.6592211127281189 0.6488476991653442 -0.3469800651073456
0.18220283091068268 0.8526012897491455 1.2481534481048584
-0.8861325979232788 0.6670688390731812 1.2350834608078003
0.18827253580093384 0.941253125667572 -0.12405003607273102
0.5118528604507446 1.1049370765686035 0.5645710229873657
0.349753737449646 0.7021318674087524 -0.05127836763858795
0.3020689785480499 1.0017187595367432 0.26868191361427307
0.03068620339035988 1.1223243474960327 1.2046117782592773
-0.37132951617240906 1.0298370122909546 1.308929443359375
0.3373764157295227 0.991740345954895 0.795623779296875
0.3420526683330536 0.6536548733711243 1.0869280099868774
0.35590511560440063 0.9855942130088806 1.12379789352417
0.39972585439682007 1.0252145528793335 -0.07703538239002228
-0.12359733134508133 0.8035874962806702 -0.28860601782798767
-0.9226897358894348 0.6710261702537537 0.0454305075109005
0.08530915528535843 0.6502606272697449 -0.1993270367383957
0.2898925840854645 0.8301045894622803 0.9396336674690247
0.47608521580696106 0.7205697298049927 0.2855060398578644
-0.5434296727180481 0.935631513595581 -0.5349190831184387
-1.0588802099227905 0.7637338638305664 0.6146988272666931
-0.5951610803604126 0.40935471653938293 0.5053233504295349
-0.3689335584640503 0.8476219177246094 1.5206565856933594
-0.5893760919570923 0.6040206551551819 0.09244532138109207
-0.08212190121412277 0.8852126002311707 1.175423264503479
0.10963243246078491 0.7273956537246704 0.1901833564043045
-1.1227829456329346 0.6146754622459412 0.45738813281059265
0.2770216763019562 0.8972354531288147 0.5157930850982666
0.010066705755889416 0.3991166055202484 0.19749027490615845
-0.8593243360519409 0.37793871760368347 0.5021523833274841
-0.41377925872802734 0.6862589716911316 1.3292481899261475
0.2860027253627777 0.6372181177139282 0.6693710088729858
-0.4602186977863312 0.6634392142295837 -0.20880088210105896
-0.01352472323924303 0.8272256851196289 -0.01192026399075985
-0.1800396591424942 0.6888131499290466 -0.08189722150564194
-0.0812278687953949 0.5630279183387756 0.8049611449241638
0.3008131682872772 0.8314030766487122 0.16372793912887573
-1.3536854982376099 0.8703119158744812 0.16203099489212036
-0.4468916654586792 0.8365020155906677 1.1234302520751953
-0.9580627083778381 0.8004856109619141 0.31272605061531067
-0.745323657989502 0.6799953579902649 1.0697208642959595
-1.2993756532669067 0.8492968678474426 0.8636121153831482
-0.4871390759944916 0.7268087863922119 0.9037102460861206
-1.3352997303009033 0.8627492785453796 0.5895228385925293
-0.1916182041168213 0.7006956934928894 0.2942722737789154
0.10243836045265198 0.781116247177124 0.8173255920410156
-0.7622100114822388 0.7084136009216309 0.6820054054260254
-0.8752309679985046 0.8067088723182678 -0.193808913230896
-0.23944179713726044 0.7267414331436157 1.1573446989059448
-0.586701512336731 0.8925895094871521 -0.04146965220570564
-1.4942699670791626 1.190077543258667 0.6952950954437256
-0.4018208682537079 0.7184835076332092 0.1761941909790039
-0.6573972105979919 0.7093837857246399 0.3905446231365204
-1.2643150091171265 1.2830920219421387 -0.06536603718996048
-0.7956176400184631 0.9956773519515991 0.9463290572166443
0.018335824832320213 0.6630446314811707 0.44165506958961487
-0.5789880752563477 1.240288257598877 -0.21211889386177063
-0.9116573929786682 0.7843904495239258 0.8850677609443665
-0.9472224116325378 1.3288731575012207 -0.14404523372650146
-0.2065083533525467 0.69840407371521 0.6291542649269104
-0.3791431784629822 0.5946111083030701 0.6780129671096802
-0.04576820880174637 0.9459004402160645 0.8159805536270142
-0.18915896117687225 0.8370875716209412 0.10045497119426727
-0.7237071990966797 0.9019547700881958 1.241584300994873
-0.5951712131500244 0.7955679893493652 0.6099679470062256
-0.9623768329620361 1.2208324670791626 0.9888314604759216
-1.4095832109451294 1.2918764352798462 0.2919667363166809
-0.3706984519958496 0.8588025569915771 -0.1762954145669937
-0.840863823890686 0.9397499561309814 0.6647806763648987
-0.8208886384963989 1.1420820951461792 -0.20790717005729675
-0.623477041721344 0.9874175190925598 0.9918798208236694
-1.0720158815383911 0.9684125185012817 0.9800090789794922
-1.2411891222000122 1.2500289678573608 0.49015623331069946
-0.7556701898574829 0.7670451402664185 0.07626664638519287
-1.1401346921920776 0.9822970032691956 0.05737832188606262
-0.5016886591911316 1.092612385749817 0.01943816989660263
-0.7814645767211914 1.1132338047027588 0.055379461497068405
-0.014707356691360474 0.9702841639518738 0.33975374698638916
-0.04090756177902222 0.8259005546569824 0.5212810635566711
-0.1455720216035843 0.7743509411811829 0.9034087061882019
-0.36015456914901733 0.788308322429657 0.4846656620502472
-0.25853973627090454 1.5701234340667725 0.5493765473365784
-0.625397801399231 0.8703972101211548 0.33655276894569397
-1.179740071296692 1.2685844898223877 0.7327442169189453
-0.3554365336894989 0.9396167397499084 0.18403969705104828
-0.94016033411026 0.9826680421829224 0.4524523615837097
-0.008886555209755898 1.1491633653640747 0.45698368549346924
-0.8692678809165955 1.112032413482666 0.3042744994163513
-0.9814214110374451 1.249741554260254 0.11572510004043579
-0.38934916257858276 0.8817602396011353 0.8563938736915588
-1.1085913181304932 1.3129639625549316 0.3098345100879669
-1.0469777584075928 1.1162030696868896 0.6059920787811279
-0.29684531688690186 1.1126365661621094 0.8520877361297607
-0.3370617926120758 1.0758681297302246 0.33731237053871155
-0.3600912392139435 1.0368330478668213 0.6116847991943359
0.09652583301067352 1.2788660526275635 0.33291512727737427
-0.5738729238510132 1.4256844520568848 0.27612680196762085
-0.6323471665382385 1.6299494504928589 0.6377282738685608
-0.1680436134338379 1.0910029411315918 0.7728939056396484
0.06443680077791214 1.2785873413085938 0.936462938785553
-0.009775329381227493 1.151719331741333 0.7109382152557373
0.16788354516029358 1.2563122510910034 0.655968427658081
-0.1996581107378006 1.041326642036438 0.48873165249824524
-0.43753695487976074 1.1444793939590454 0.905977189540863
-0.23961105942726135 1.2875889539718628 1.0708246231079102
-0.5197185277938843 1.0548181533813477 0.5639180541038513
-0.17791470885276794 1.179349422454834 0.2516656219959259
-0.6724496483802795 1.230570912361145 0.47992855310440063
-0.5861625075340271 1.1973848342895508 0.8982718586921692
0.28886497020721436 1.3789843320846558 0.6415557265281677
-0.5068254470825195 1.116929054260254 0.3739997148513794
-0.6135216355323792 1.1290174722671509 0.6713322997093201
-0.707649290561676 1.2663606405258179 0.7904184460639954
-0.27177631855010986 1.3007280826568604 0.15266592800617218
-0.023528307676315308 1.363694429397583 0.172149196267128
-0.01224101148545742 1.3591527938842773 1.0620197057724
-0.5039898753166199 1.2628557682037354 0.23871752619743347
0.2819189429283142 1.484732747077942 0.5200201869010925
-0.2938053607940674 1.4733760356903076 1.089180827140808
0.007635367102921009 1.539041519165039 0.22261841595172882
-0.023968961089849472 1.7216365337371826 0.29563966393470764
-0.7022411823272705 1.4106287956237793 0.5047988891601562
0.19046799838542938 1.437359094619751 0.3109169900417328
-0.561981201171875 1.525760293006897 0.9666116237640381
0.17508989572525024 1.438814401626587 0.9180862307548523
-0.7171841263771057 1.4381182193756104 0.8192270994186401
-0.30876946449279785 1.4840914011001587 0.1783621907234192
0.5570573210716248 3.2288448810577393 0.19004729390144348
-0.15036462247371674 1.784720540046692 0.8629360198974609
-0.04753916710615158 1.5285037755966187 0.9832436442375183
0.2130054533481598 1.5676841735839844 0.6720338463783264
-0.553449273109436 1.885725498199463 0.5770183801651001
-0.46916112303733826 1.3370885848999023 1.0729351043701172
0.046278588473796844 1.665518045425415 0.7268856167793274
-0.3787654638290405 1.8460335731506348 0.34764641523361206
-0.5353733897209167 1.6488922834396362 0.33038386702537537
-0.47518259286880493 2.1669533252716064 0.5012950897216797
-0.9854210019111633 3.7667934894561768 1.0634088516235352
-0.3973519504070282 1.6730283498764038 0.9567931890487671
-0.48610004782676697 1.871321439743042 0.8192610144615173
0.6147287487983704 3.279160737991333 0.11493829637765884
-0.2597910463809967 2.537116527557373 0.6244651675224304
-0.0427430160343647 1.8708360195159912 0.41641780734062195
-0.5161585807800293 4.1068115234375 -0.5017702579498291
-0.2767386734485626 2.0611865520477295 0.8870325088500977
0.5731379389762878 3.2951364517211914 0.21091234683990479
-0.3941233456134796 2.2466928958892822 0.9000847935676575
-0.2650643289089203 2.132193088531494 0.4343177378177643
-0.10107274353504181 2.1424753665924072 0.5826454162597656
-0.49589210748672485 4.162385940551758 -0.3135219216346741
-0.18847328424453735 2.764958381652832 0.901192307472229
0.5258797407150269 3.1839444637298584 0.10335348546504974
-0.5313242077827454 2.2426958084106445 0.7069687843322754
-1.054465413093567 3.8109018802642822 1.0346671342849731
-0.6980721950531006 4.042741775512695 -0.5518633127212524
-0.05801919475197792 1.9435030221939087 0.739240825176239
-0.49923592805862427 2.606677532196045 0.9245043396949768
0.4695511758327484 3.264688730239868 0.04151000827550888
-0.8458828330039978 4.04661750793457 -0.3900875151157379
-0.8942431807518005 4.122690677642822 -0.5512661337852478
-0.535240888595581 2.482390880584717 0.736010730266571
-0.13502438366413116 2.4001293182373047 0.7684381604194641
-0.019989561289548874 4.671870708465576 0.7335383892059326
-1.0004206895828247 3.785942554473877 1.0720561742782593
-0.6387128829956055 4.015064239501953 -0.39816227555274963
-0.9769366979598999 3.834160089492798 1.0115351676940918
-0.12705564498901367 4.504406452178955 0.78868567943573
-0.33938318490982056 2.4992141723632812 0.99688720703125
-0.38813650608062744 4.478511810302734 0.5200418829917908
-0.23400524258613586 4.470457077026367 0.47483184933662415
-0.7206370234489441 4.240210056304932 -0.6737006306648254
-0.16729572415351868 2.5290377140045166 0.916042149066925
-0.14801056683063507 4.44342041015625 0.6248847246170044
-0.7735152244567871 4.07735013961792 -0.2555350959300995
-0.33448532223701477 2.7270617485046387 1.038356900215149
-0.9597387909889221 4.30411958694458 -0.47953906655311584
0.3365895748138428 5.782479763031006 0.3017401099205017
0.20731467008590698 5.473957538604736 0.3466658890247345
-0.5112387537956238 4.314188003540039 -0.5619944334030151
-0.5221942067146301 4.584860801696777 0.6019188165664673
-0.6254415512084961 4.166798114776611 -0.19695816934108734
-0.6286139488220215 6.180503845214844 0.21437253057956696
0.4087681770324707 5.6079511642456055 0.3912270963191986
-0.12098495662212372 4.5714874267578125 0.4371720850467682
-0.42194363474845886 4.773260116577148 0.47202929854393005
-0.08431574702262878 4.757366180419922 0.4707811772823334
0.1131620705127716 5.5358967781066895 0.2826814353466034
-0.39843589067459106 4.428905963897705 0.7105069756507874
-0.8786490559577942 4.260763168334961 -0.22835323214530945
-1.2274779081344604 5.875816822052002 0.3217327892780304
-0.6881729960441589 5.72157096862793 0.6062321662902832
-0.2830360233783722 4.459103107452393 0.8045254945755005
-0.9019036293029785 5.618451118469238 0.3743785321712494
-0.245425283908844 4.821197986602783 0.8236033320426941
0.2157973349094391 5.572731971740723 0.14287693798542023
-0.4670467674732208 4.595120429992676 0.8158181309700012
-1.0062497854232788 5.770436763763428 0.708314836025238
-0.6357187032699585 5.736873149871826 0.37570542097091675
-0.6244292855262756 5.818069934844971 0.6536957025527954
-0.9699554443359375 5.684506416320801 0.25519078969955444
0.457706093788147 5.535043716430664 0.22031591832637787
-1.0127978324890137 5.816170692443848 0.16250838339328766
0.2958398461341858 5.43487024307251 0.3269211947917938
0.30245542526245117 5.424995422363281 0.24194112420082092
-1.196096420288086 5.816888809204102 0.5525386929512024
-0.48825564980506897 6.069304466247559 0.5037045478820801
-0.7774834036827087 5.608861446380615 0.4783923029899597
-1.1004067659378052 5.678414821624756 0.46917980909347534
-0.6806188821792603 5.912966728210449 0.17202605307102203
-1.2083594799041748 6.366307258605957 0.5031356811523438
-0.5102637410163879 5.955361843109131 0.32637354731559753
-1.1878355741500854 6.069427013397217 0.21734650433063507
-1.20662522315979 6.288486003875732 0.2710157036781311
-1.3396973609924316 6.112895488739014 0.4308658540248871
-0.9166749119758606 6.116206645965576 0.7846049070358276
-1.2293436527252197 6.0783257484436035 0.6660215258598328
-0.8945955038070679 6.046736717224121 0.1365729123353958
-0.9099888801574707 5.651649475097656 0.6320797204971313
-1.0092694759368896 5.937026500701904 0.7962356209754944
0.11645492911338806 7.161545753479004 0.6822578310966492
-0.9395638108253479 6.380153656005859 0.6276853680610657
-1.0921666622161865 6.514045238494873 0.3484245538711548
-0.09429071098566055 7.192532062530518 0.43430665135383606
-0.7977657914161682 6.3404717445373535 0.2325572967529297
0.056677572429180145 7.126611232757568 0.5494303703308105
0.3105619251728058 7.267506122589111 0.6430872678756714
0.2849784791469574 7.164681911468506 0.4815004765987396
0.3760323226451874 7.336973667144775 0.36769282817840576
-0.9397993087768555 6.672860145568848 0.3735482096672058
-0.6188973784446716 6.070198059082031 0.6750777363777161
-0.7409462332725525 6.475168228149414 0.3265152871608734
0.04697795584797859 7.245614051818848 0.2797544598579407
0.21753515303134918 7.210846900939941 0.3153088688850403
-0.7378147840499878 6.339578628540039 0.6204888224601746
-0.6062437295913696 7.012732028961182 0.4182160496711731
-0.07387125492095947 7.247868061065674 0.7021992206573486
0.12055345624685287 7.55702543258667 0.24783968925476074
-0.2550176978111267 7.289685249328613 0.41969263553619385
-0.5921381115913391 7.042389869689941 0.299715518951416
-0.8831557035446167 6.900606155395508 0.3881731927394867
-0.7305853962898254 6.936944484710693 0.4825303852558136
0.1460697501897812 7.304843902587891 0.797343909740448
0.3450503647327423 7.621960639953613 0.5046094655990601
0.19914864003658295 7.52166223526001 0.7956028580665588
-0.6837877631187439 7.311468124389648 0.4478074014186859
-0.14406239986419678 7.458577632904053 0.765999436378479
-0.849472165107727 7.0397725105285645 0.194807231426239
-0.1715414822101593 7.450229644775391 0.2563667297363281
-0.9740153551101685 7.1299147605896 0.2932736873626709
0.07376348227262497 8.003673553466797 0.27355125546455383
0.14327628910541534 8.059723854064941 0.2597665786743164
-0.20468825101852417 7.625661849975586 0.4718928933143616
-0.946315348148346 7.2497944831848145 0.19644910097122192
-0.1509285867214203 8.328895568847656 1.2503533363342285
0.17680557072162628 8.348664283752441 1.143480896949768
-0.14506074786186218 8.434614181518555 0.9724284410476685
-0.0750117227435112 7.666116237640381 0.7425532341003418
0.07755669206380844 8.32076644897461 1.2830480337142944
-0.10914452373981476 8.337606430053711 1.046987771987915
-0.747194230556488 7.383855819702148 0.16436517238616943
0.30108338594436646 7.58652400970459 0.2876395583152771
-0.9014694094657898 9.081787109375 0.8328657150268555
0.17433615028858185 8.122377395629883 0.10833001136779785
-0.5953971147537231 7.122357368469238 0.14416801929473877
-0.12804484367370605 8.342448234558105 1.1841397285461426
-1.3612827062606812 8.547657012939453 -0.31359803676605225
0.09340550005435944 8.022686004638672 0.042164579033851624
-0.7580680847167969 9.275188446044922 0.6985042691230774
0.12846961617469788 8.450887680053711 1.3443198204040527
0.15155652165412903 8.074997901916504 -0.07686011493206024
-0.15328378975391388 7.732768535614014 0.4735659956932068
0.23953285813331604 8.260425567626953 -0.15683776140213013
0.20519804954528809 8.098884582519531 0.8196592330932617
-0.757215678691864 9.176450729370117 0.9032385349273682
0.2996037006378174 8.145094871520996 -0.05616230517625809
0.19785457849502563 8.379708290100098 1.041195034980774
0.09277930855751038 8.497698783874512 0.8538896441459656
0.07995390892028809 8.216558456420898 -0.1388152837753296
-1.045092225074768 9.135334968566895 0.5918968915939331
-0.03807966411113739 8.668878555297852 1.2748478651046753
-0.8131295442581177 9.37933349609375 1.0239394903182983
-1.0527844429016113 9.118668556213379 0.7357271313667297
-1.2870992422103882 9.553861618041992 0.8453754186630249
-1.2011630535125732 9.25533676147461 0.6828919649124146
0.16976282000541687 8.67924690246582 1.0332003831863403
0.29351934790611267 9.380824089050293 0.8162116408348083
0.31909632682800293 9.335752487182617 0.7676314115524292
-1.0024303197860718 9.297234535217285 1.029266357421875
-1.1125541925430298 9.172431945800781 0.8853762745857239
-0.782407820224762 9.452967643737793 0.6512981057167053
0.09481888264417648 9.392367362976074 0.7783218026161194
-0.06765381246805191 8.670018196105957 0.9096128940582275
-1.100877046585083 9.39793586730957 0.5630549788475037
0.16829954087734222 9.131989479064941 0.6323902606964111
-1.0814666748046875 9.568346977233887 0.5602079033851624
-0.19420626759529114 9.810151100158691 -0.07473057508468628
-0.34949827194213867 9.921793937683105 -0.31513118743896484
0.09586655348539352 9.388050079345703 0.683824896812439
-0.019330907613039017 9.726129531860352 -0.17350295186042786
-0.6645627617835999 9.54570484161377 0.8519283533096313
-0.1691015362739563 9.696993827819824 -0.2409132719039917
-0.05506770312786102 9.733529090881348 -0.3460243344306946
-0.5939075350761414 9.718157768249512 0.8529966473579407
-1.231271743774414 10.58423900604248 -0.1562180370092392
-1.22996985912323 9.682770729064941 0.804762601852417
-1.0255157947540283 9.699270248413086 1.0201119184494019
-0.36251959204673767 10.224164962768555 1.032738447189331
-0.26889070868492126 9.873085021972656 -0.03543505072593689
0.14628078043460846 9.423335075378418 0.7411361932754517
-0.6367608308792114 9.981851577758789 1.0020381212234497
-0.953383207321167 9.724703788757324 0.8477962017059326
-0.5577210187911987 9.947663307189941 1.0260651111602783
-0.06954525411128998 10.234170913696289 -0.15410570800304413
0.04960889369249344 9.900568962097168 -0.2798462510108948
-0.5470677614212036 10.05015754699707 1.1070873737335205
-0.11939671635627747 10.130492210388184 -0.1428731381893158
-0.9689463973045349 9.867486953735352 0.6551607847213745
-0.24071359634399414 10.457387924194336 0.7737150192260742
-1.008032202720642 9.864463806152344 0.6792770624160767
-1.2173511981964111 10.459940910339355 -0.22255577147006989
-0.06093322113156319 10.058965682983398 -0.2546176016330719
-0.15784068405628204 10.545747756958008 0.40131765604019165
-1.2234152555465698 10.469249725341797 -0.06950969249010086
-0.6060264706611633 10.327313423156738 1.1291961669921875
-0.3954775929450989 10.370173454284668 0.9282214045524597
-0.09826165437698364 10.528741836547852 0.6676827669143677
-1.09078049659729 10.687564849853516 0.2620443105697632
-0.0014626793563365936 10.60699462890625 0.5236268639564514
0.002483062446117401 10.627604484558105 0.6526405811309814
-0.07435914129018784 10.656636238098145 0.5838015079498291
-0.588847279548645 10.35523796081543 1.2273612022399902
-0.12552890181541443 10.62442684173584 0.2952073812484741
-0.3641389012336731 10.769190788269043 -0.0012965649366378784
0.23715245723724365 10.893229484558105 -0.1211850494146347
-0.345573365688324 10.429068565368652 1.1265994310379028
-0.1629808247089386 10.764957427978516 0.14889201521873474
-0.2848949134349823 10.787616729736328 0.05306680500507355
-1.1668988466262817 10.744867324829102 0.020895682275295258
-0.7279313206672668 10.955106735229492 1.2681540250778198
-0.8076029419898987 10.874933242797852 1.2182018756866455
-1.0067628622055054 10.959970474243164 0.8500704169273376
-1.0935235023498535 11.001070022583008 0.1518513560295105
-0.3929869830608368 10.884270668029785 -0.03417641296982765
-0.9188417792320251 11.118598937988281 1.2587146759033203
-0.3835265040397644 10.879111289978027 0.4639056921005249
-1.1096452474594116 10.918859481811523 0.10396935790777206
0.2990933358669281 11.122611045837402 -0.008255919441580772
0.0318741649389267 11.011876106262207 -0.021831244230270386
-0.8771674633026123 11.05791187286377 1.2606221437454224
-0.33634692430496216 11.070733070373535 0.35533860325813293
-0.6979198455810547 11.106432914733887 -0.34438377618789673
0.2585907578468323 11.088072776794434 -0.07350405305624008
-0.6146854162216187 11.208364486694336 1.269531488418579
-0.9422316551208496 11.250995635986328 1.0835447311401367
-0.12322225421667099 11.325540542602539 1.3948030471801758
-0.6367690563201904 11.268763542175293 1.2283267974853516
-0.9769115447998047 11.293490409851074 0.046034008264541626
-1.2944029569625854 11.245964050292969 -0.273020476102829
-0.4390608072280884 11.293558120727539 0.5945852994918823
-1.2689881324768066 11.38864517211914 1.183919906616211
0.14907950162887573 11.4382963180542 1.3857176303863525
0.4930521249771118 11.404995918273926 -0.026625342667102814
-1.1753489971160889 11.396843910217285 -0.002930212765932083
-0.01686909794807434 11.47452163696289 1.032158613204956
-0.09206902980804443 11.451114654541016 1.1395150423049927
-0.5255492329597473 11.430541038513184 0.5731977224349976
-0.388966828584671 11.425928115844727 1.182259202003479
-0.6845778226852417 11.486916542053223 1.3326815366744995
0.2534429132938385 11.531729698181152 0.5387585759162903
-0.7329002618789673 11.52651596069336 -0.1455998569726944
-0.21666131913661957 11.524870872497559 -0.052534740418195724
0.39676278829574585 11.547882080078125 0.8993908166885376
0.12244389951229095 11.56423282623291 0.3306722640991211
-0.7993491291999817 11.563352584838867 1.321790337562561
-0.705970287322998 11.574197769165039 0.6674128174781799
-0.4568883776664734 11.58056640625 0.40616682171821594
