1666
-2.3863773345947266 0.2845063805580139 1.5933332443237305
-2.386474609375 0.2846065163612366 -0.7599281072616577
-2.3863744735717773 0.4328763484954834 0.7376201748847961
0.9211299419403076 0.2846064567565918 -0.8517608642578125
-2.085353374481201 0.284606397151947 -0.029037727043032646
-1.3415758609771729 0.2846064567565918 -1.205398678779602
-0.44624218344688416 0.284606397151947 1.2267531156539917
-0.9428653120994568 0.284606397151947 -0.9382721781730652
-0.9758815765380859 0.2846064567565918 -1.2053987979888916
0.9210314750671387 0.2845063805580139 -1.2053430080413818
-2.386474609375 0.28460657596588135 -0.2640730142593384
-2.386474609375 0.2846064567565918 0.2812690734863281
-2.386474609375 0.2846064567565918 -0.48513686656951904
-1.7886393070220947 0.2846062183380127 2.141308307647705
-2.386474609375 0.28460657596588135 -0.009377360343933105
-2.3863754272460938 0.2845063805580139 0.6905851364135742
0.6664769649505615 0.2845063805580139 -1.205300211906433
-0.5518238544464111 0.2846064567565918 -1.2053989171981812
-2.046661376953125 0.284606397151947 1.2838290929794312
0.11442956328392029 0.2846064269542694 2.141308307647705
0.9211299419403076 0.2846064567565918 -0.901702880859375
0.9211299419403076 0.2846064567565918 -0.7524135112762451
-2.386474609375 0.2846064567565918 0.11199760437011719
-1.5746452808380127 0.284606397151947 1.8545022010803223
-0.4400308132171631 0.28460657596588135 -1.2053989171981812
-2.382030963897705 0.28461015224456787 2.141308307647705
-2.386474609375 0.28460657596588135 -0.14520478248596191
0.9211299419403076 0.2846064567565918 -1.010932207107544
-2.061469793319702 0.284606397151947 1.6838903427124023
-1.0900077819824219 0.2846064567565918 -1.205398678779602
0.9211300611495972 0.2846064567565918 1.3716460466384888
0.9210300445556641 0.46082913875579834 1.5602184534072876
-1.8623665571212769 0.284606397151947 1.6959129571914673
-2.3863754272460938 0.2845063805580139 1.873438835144043
-2.1873598098754883 0.2845063805580139 2.141206741333008
0.9210313558578491 0.2845063805580139 -0.6730213761329651
-2.386474609375 0.284606397151947 -0.6489717960357666
0.9211005568504333 0.2846066355705261 -1.2053993940353394
-2.386474609375 0.2846065163612366 -0.8678670525550842
-1.9575519561767578 0.2845063805580139 2.141207695007324
0.9210288524627686 0.2845063805580139 0.882054328918457
-1.4464378356933594 0.2845063805580139 -1.205301284790039
0.32064735889434814 0.284606397151947 1.5622409582138062
-0.5607014298439026 0.284606397151947 -0.9085425734519958
0.3838174343109131 0.2846064567565918 -1.2053991556167603
-2.386474370956421 0.28455376625061035 2.1412081718444824
-2.3863744735717773 0.2845063805580139 1.0076332092285156
-0.3885840177536011 0.284606397151947 -0.8096911907196045
-2.386474609375 0.5723385214805603 -1.2052981853485107
-2.386474609375 0.28460633754730225 -1.2053500413894653
-1.7329455614089966 0.284606397151947 -0.6329857110977173
-1.469490885734558 0.284606397151947 -0.908523440361023
-2.3863754272460938 0.2845063805580139 1.6978979110717773
-2.0940253734588623 0.284606397151947 -0.732926070690155
0.9210309982299805 0.2845063805580139 2.045900344848633
-1.8718453645706177 0.284606397151947 1.3279805183410645
0.37495049834251404 0.284606397151947 -0.9332915544509888
-1.5372724533081055 0.2845063805580139 -1.205301284790039
-2.386474609375 0.2846064567565918 0.5174086093902588
-1.6736576557159424 0.284606397151947 -0.8074086308479309
-0.0802609920501709 0.2845063805580139 -1.205297827720642
-1.2458264827728271 0.284606397151947 -0.924089789390564
-1.8727407455444336 0.2845063805580139 -1.2052984237670898
-2.3864247798919678 0.2846064567565918 -1.2053983211517334
0.9210309982299805 0.2845063805580139 1.7741222381591797
-2.011904001235962 0.284606397151947 1.861667513847351
0.9210309982299805 0.2845063805580139 1.099705696105957
-0.10553169250488281 0.2845063805580139 2.141207695007324
-2.386474609375 0.2846064567565918 -0.3740156888961792
0.5707182884216309 0.2846064567565918 2.141308307647705
0.9210300445556641 0.284562349319458 2.141308307647705
-2.386474370956421 0.2846064567565918 1.489126443862915
0.9210309982299805 0.2845063805580139 1.675583839416504
0.7727909088134766 0.2845063805580139 2.141207695007324
-1.231175422668457 0.2845063805580139 -1.205301284790039
-1.9509886503219604 0.284606397151947 -0.16782133281230927
0.9210281372070312 0.2845063805580139 1.4700469970703125
0.9211300611495972 0.2846064567565918 1.5740617513656616
-1.874164342880249 0.284606397151947 1.1316611766815186
-2.0912728309631348 0.284606397151947 0.7769954204559326
-1.311284065246582 0.2845063805580139 2.141206741333008
0.9210312366485596 0.2845063805580139 -0.579015851020813
0.9210281372070312 0.2845063805580139 2.141249656677246
-2.386474370956421 0.2846066951751709 0.9304854869842529
-1.7725830078125 0.2845063805580139 -1.2053003311157227
-1.312501311302185 0.284606397151947 -0.7504460215568542
0.9211300611495972 0.2846065163612366 1.8921585083007812
-0.17972895503044128 0.7503854632377625 2.3541080951690674
-0.37717723846435547 0.2845063805580139 2.141207695007324
-0.005628347396850586 0.2845063805580139 -1.2052977085113525
-1.6763019561767578 0.2845063805580139 -1.2053003311157227
-2.0237979888916016 0.284606397151947 -0.9079114198684692
-1.9281556606292725 0.490849107503891 -1.2052985429763794
0.4975598454475403 0.284606397151947 0.4764638841152191
-1.4643778800964355 0.2846081256866455 2.141308307647705
-1.958857536315918 0.2846066951751709 -1.205398440361023
-0.6683244705200195 0.2845063805580139 2.1412086486816406
-2.386474370956421 0.6700074672698975 2.141207456588745
-2.386474370956421 0.2846064567565918 1.3023748397827148
-0.7739543914794922 0.2845063805580139 2.141207695007324
0.9210295677185059 0.2845063805580139 0.655836284160614
-2.3863744735717773 0.2845063805580139 1.9299564361572266
-2.070431709289551 0.284606397151947 1.0958690643310547
0.9210282564163208 0.2845063805580139 0.038433581590652466
-2.367431879043579 0.2846064567565918 -1.2053983211517334
-2.3863744735717773 0.3757339119911194 1.274169683456421
-0.7000511884689331 0.2845063805580139 -1.2052981853485107
-0.8808298110961914 0.2845063805580139 2.141207695007324
-2.386474370956421 0.2846062183380127 1.1837332248687744
-0.9516957998275757 0.284606397151947 1.7373861074447632
-2.38637375831604 0.7896771430969238 -1.2053983211517334
0.9211300015449524 0.2846064567565918 0.13206005096435547
-2.0741655826568604 0.284606397151947 0.3775414228439331
-1.6865644454956055 0.2845063805580139 2.141204833984375
-2.386474609375 0.2846066355705261 -1.021383285522461
-2.158608913421631 0.2846066951751709 -1.205398440361023
-2.3863744735717773 0.2845063805580139 1.0728015899658203
0.9210299253463745 0.5159629583358765 -0.5646694302558899
-0.6173752546310425 0.284606397151947 1.880541205406189
-1.3272039890289307 0.284606397151947 1.8296977281570435
-1.7995725870132446 0.284606397151947 -0.9316720962524414
-2.3863744735717773 0.2845063805580139 -0.9479875564575195
-2.099735975265503 0.284606397151947 -0.2827349603176117
-1.7762224674224854 0.284606397151947 1.843146800994873
-0.8944404125213623 0.2846066951751709 -1.2053987979888916
-2.0402660369873047 0.2846064567565918 -1.205398440361023
0.05807463452219963 0.5557178258895874 -1.2052991390228271
0.4038807153701782 0.2846064567565918 2.141308307647705
0.9210299253463745 0.756480872631073 -1.2053993940353394
-1.5754108428955078 0.2845063805580139 2.141206741333008
-2.3863723278045654 0.8982757329940796 -1.2053983211517334
-2.0608739852905273 0.2845063805580139 2.141206741333008
-0.34969496726989746 0.28460657596588135 -1.2053989171981812
0.9211300611495972 0.2846064567565918 1.2041648626327515
0.5920125842094421 0.284606397151947 -0.12648412585258484
0.9210299253463745 0.524645984172821 -1.2053993940353394
-2.0172195434570312 0.284606397151947 0.5857181549072266
0.9210296869277954 0.2845063805580139 -0.25672367215156555
0.2767869234085083 0.28460633754730225 -1.2053991556167603
-0.8088078498840332 0.2846062183380127 -1.2053987979888916
-0.0018089115619659424 0.2846064269542694 2.141308307647705
0.8285229206085205 0.2845063805580139 -1.2052972316741943
0.5793358087539673 0.284606397151947 -0.8965698480606079
-0.8594725131988525 0.284606397151947 1.9070054292678833
0.9210318922996521 0.2845063805580139 0.24744930863380432
-1.0796680450439453 0.2845063805580139 2.141207695007324
0.2926177978515625 0.2845063805580139 2.141207695007324
0.44718611240386963 0.284606397151947 1.2544236183166504
0.10615348815917969 0.2846064567565918 -1.2053990364074707
-2.386375665664673 0.8867089152336121 2.141308307647705
-1.6075334548950195 0.2845063805580139 -1.205301284790039
0.9211300015449524 0.2846064567565918 0.5529625415802002
-0.2641417384147644 0.284606397151947 1.7276087999343872
-1.8713699579238892 0.2846062183380127 2.141308307647705
-0.6249823570251465 0.2845063805580139 -1.2052971124649048
0.5511643886566162 0.2846064567565918 -1.2053992748260498
0.327202171087265 0.284606397151947 1.887487769126892
-0.5797193646430969 0.28460636734962463 2.141308307647705
-0.48595333099365234 0.2845063805580139 2.141207695007324
0.4696190357208252 0.2845063805580139 -1.2052974700927734
-0.16376012563705444 0.284606397151947 0.9821377992630005
0.6133534908294678 0.284606397151947 -0.30230996012687683
0.1900249719619751 0.2845063805580139 -1.2053004503250122
0.05155530199408531 0.284606397151947 -0.06219685450196266
-0.1309022307395935 0.284606397151947 1.8606667518615723
0.9210290908813477 0.2845063805580139 -0.06018010154366493
0.9210284948348999 0.2845063805580139 0.7812424302101135
0.14816884696483612 0.284606397151947 -0.9034827351570129
0.9210296869277954 0.2845063805580139 -0.4778119623661041
-1.8072746992111206 0.284606397151947 0.22697213292121887
-2.3863754272460938 0.2845063805580139 0.39887332916259766
0.9211300015449524 0.2846064567565918 -0.36910438537597656
0.20984141528606415 0.284606397151947 -0.6086310148239136
0.6346822381019592 0.284606397151947 1.451864242553711
-0.22907082736492157 0.284606397151947 -0.7243737578392029
-1.5001882314682007 0.284606397151947 -0.7183623909950256
0.20858114957809448 0.284606397151947 1.7031803131103516
-0.00828525796532631 0.284606397151947 1.6787114143371582
0.6210966110229492 0.284606397151947 -0.7145031094551086
0.9210322499275208 0.2845063805580139 0.43197181820869446
-0.2609018385410309 0.284606397151947 -0.9416142702102661
0.6310418844223022 0.284606397151947 -0.5380101799964905
-1.3587895631790161 0.284606397151947 -0.5707012414932251
-2.054025411605835 0.284606397151947 0.17791905999183655
-1.8912334442138672 0.284606397151947 0.7544357776641846
-0.5639628767967224 0.6573606729507446 2.1412081718444824
-2.0710465908050537 0.284606397151947 1.4986543655395508
0.5486913323402405 0.284606397151947 1.814602255821228
-2.386474609375 0.28460657596588135 -0.5690159797668457
-2.0924971103668213 0.284606397151947 -0.5392733216285706
0.9211300611495972 0.28460633754730225 1.284591794013977
0.007100169081240892 0.284606397151947 -0.5846288800239563
-1.8996508121490479 0.284606397151947 1.5235939025878906
-2.3863821029663086 0.2845063805580139 2.141207695007324
-1.8104521036148071 0.284606397151947 0.9401742815971375
0.48903656005859375 0.2845063805580139 2.141207695007324
0.9211301207542419 0.8212475776672363 2.1412084102630615
-2.3863744735717773 0.7053093314170837 1.8811875581741333
-2.3863744735717773 0.2845063805580139 0.8411922454833984
-0.8351452350616455 0.284606397151947 -0.5161442160606384
-0.2753162384033203 0.2845063805580139 2.141207695007324
-1.8831201791763306 0.284606397151947 -0.7652254700660706
-2.386474609375 0.4339575171470642 -1.2052984237670898
-1.6868165731430054 0.284606397151947 1.6509264707565308
-2.3863744735717773 0.44524696469306946 -0.3264309763908386
-2.3863744735717773 0.5608956217765808 -0.8591694235801697
-1.5171611309051514 0.284606397151947 1.2919572591781616
-1.4674265384674072 0.284606397151947 1.1025729179382324
-2.386474370956421 1.1336933374404907 -1.2053117752075195
-2.38637638092041 0.2845063805580139 0.19506263732910156
-0.6252001523971558 0.5615033507347107 -1.205298900604248
-1.9415134191513062 0.284606397151947 -0.3807470202445984
-1.7701287269592285 0.284606397151947 -0.26202765107154846
-2.3863744735717773 0.6174771785736084 1.1657265424728394
-1.906239628791809 0.284606397151947 0.07089477777481079
-1.9245474338531494 0.284606397151947 -0.5983720421791077
-0.7335867285728455 0.284606397151947 1.723722219467163
0.42530152201652527 0.284606397151947 -0.7473799586296082
-1.5453898906707764 0.284606397151947 -0.5372685790061951
0.9211299419403076 0.6415843963623047 -1.2052991390228271
-1.7109090089797974 0.284606397151947 1.2418100833892822
-1.9124583005905151 0.284606397151947 0.3752979338169098
0.5968737006187439 0.43160179257392883 -1.2052992582321167
0.14655032753944397 0.284606397151947 -0.3009319305419922
0.204352468252182 0.2846064269542694 2.141308307647705
0.9210309982299805 0.2845063805580139 0.9896831512451172
0.2877937853336334 0.284606397151947 0.4362284243106842
-2.3863747119903564 1.0115753412246704 -1.2053983211517334
-1.1633706092834473 0.2846064567565918 -1.205398678779602
-0.9830789566040039 0.2845063805580139 2.141206741333008
-0.9247563481330872 0.284606397151947 -0.762365460395813
-1.302037000656128 0.284606397151947 1.6423746347427368
-2.38637638092041 0.2845063805580139 -0.07838630676269531
0.9211299419403076 0.37881994247436523 -1.205298900604248
-1.8731305599212646 0.6660166382789612 2.1412081718444824
-1.1819932460784912 0.284606397151947 1.3980852365493774
-2.386474370956421 0.5558133125305176 2.1412086486816406
-1.7578482627868652 0.284606397151947 -0.4530685245990753
0.9211301207542419 0.4723699986934662 2.1412081718444824
-1.4700806140899658 0.284606397151947 1.6889101266860962
0.0468878448009491 0.284606397151947 0.3940143883228302
-1.1661309003829956 0.284606397151947 0.8838830590248108
-2.3863744735717773 0.7597620487213135 -0.9585538506507874
-0.9991531372070312 0.284606397151947 1.5122989416122437
-2.386474609375 0.685506284236908 -1.2052981853485107
-2.3863720893859863 0.4362826347351074 2.141308307647705
-2.386474370956421 1.1107971668243408 2.1412081718444824
-2.386474370956421 0.7800559997558594 2.1412081718444824
-0.3994220197200775 0.7493410110473633 2.1412081718444824
-0.18961933255195618 0.4357368052005768 -1.2052990198135376
0.9210300445556641 0.4829305112361908 1.0440715551376343
-2.386474609375 0.2846064567565918 0.6171150207519531
0.9211301207542419 0.6013014316558838 2.1412084102630615
0.6826239824295044 0.7000098824501038 -1.2052993774414062
-0.18873977661132812 0.2845063805580139 2.141207695007324
0.9211300611495972 0.28460657596588135 1.8498656749725342
0.9211300015449524 0.2846064567565918 0.3437180519104004
-2.3863744735717773 0.6826270222663879 0.012450792826712132
-0.9267354011535645 0.284606397151947 0.027354300022125244
-1.9977397918701172 0.7214682698249817 -1.2052984237670898
-2.3863744735717773 0.4877382516860962 -0.6119054555892944
-1.1462299823760986 0.284606397151947 1.6087980270385742
-1.3617973327636719 0.284606397151947 -0.394220769405365
-2.386474370956421 0.2846064567565918 1.3957178592681885
-0.02176172286272049 0.284606397151947 -0.41750794649124146
0.4619549512863159 0.284606397151947 -0.38014188408851624
0.08067600429058075 0.284606397151947 1.8662742376327515
-0.5242524743080139 0.284606397151947 -0.6913719773292542
-1.795727014541626 0.284606397151947 -0.08231720328330994
0.9211301207542419 0.9222869277000427 2.141209602355957
-0.8742268681526184 0.5337703824043274 -1.2052987813949585
0.9210300445556641 0.2988101840019226 0.7343028783798218
-1.6870921850204468 0.284606397151947 1.0545716285705566
-2.0136985778808594 0.44745564460754395 2.1412081718444824
-2.3863744735717773 0.581635057926178 0.9685807824134827
-1.3868398666381836 0.2845063805580139 2.141207695007324
-2.3863744735717773 0.5704795718193054 -0.12388913333415985
-1.3592227697372437 0.284606397151947 1.456220030784607
-2.15826153755188 0.5670438408851624 -1.2052984237670898
-0.66254061460495 0.3505508303642273 3.1572325229644775
-0.6364956498146057 0.284606397151947 1.5497053861618042
-0.3596805930137634 0.284606397151947 -0.1810692995786667
0.5427951812744141 0.5592592358589172 2.1412081718444824
0.9210386276245117 0.8685913681983948 -1.2053993940353394
0.9210386276245117 0.9742840528488159 -1.2053993940353394
0.9210299849510193 0.2944129407405853 -0.30661308765411377
0.9210301041603088 0.6531316637992859 1.9670443534851074
-2.3863754272460938 0.2845063805580139 0.44887447357177734
0.9210299253463745 0.5656340718269348 -0.7945637702941895
0.9210300445556641 0.6379621624946594 1.7376378774642944
0.9210299849510193 0.44925162196159363 0.14774636924266815
-1.221738576889038 0.284606397151947 -0.25833386182785034
0.43291500210762024 0.284606397151947 -0.05657465010881424
-2.3863744735717773 0.4953539967536926 1.7847158908843994
0.6215620636940002 0.284606397151947 1.2086392641067505
0.08662302792072296 0.284606397151947 1.5080703496932983
0.2696799635887146 0.5501351952552795 2.1412081718444824
0.9210299253463745 0.6939883232116699 -0.9618474245071411
-2.1123883724212646 0.6788501143455505 2.1412081718444824
-1.2351685762405396 0.2846064567565918 2.141308307647705
0.9210299849510193 0.717888593673706 2.141308307647705
-0.1116507425904274 0.284606397151947 2.692478895187378
-1.7315691709518433 0.284606397151947 0.4100143015384674
0.6917695999145508 0.2845063805580139 2.141207695007324
0.9210300445556641 0.5718364715576172 1.297335147857666
0.9210299849510193 0.6209425926208496 0.3402625024318695
0.9210300445556641 0.8808478713035583 1.847087025642395
-2.0353832244873047 0.8365920782089233 2.1412081718444824
-2.3863744735717773 0.2845063805580139 1.667262077331543
-1.330219030380249 0.284606397151947 1.2370792627334595
-0.8338692784309387 0.284606397151947 1.5740779638290405
-2.3863744735717773 0.6293033361434937 1.440299153327942
-2.3863744735717773 0.6052659749984741 1.6000522375106812
-2.3863744735717773 0.6660507917404175 -0.6857833862304688
-1.1455602645874023 0.2845063805580139 2.141207695007324
-0.03973905369639397 0.5677651166915894 2.1412081718444824
-0.7176981568336487 0.284606397151947 -0.842566967010498
-1.7189304828643799 0.284606397151947 1.4635144472122192
-2.3863744735717773 0.7631794810295105 1.0438190698623657
-1.6909935474395752 0.284606397151947 0.08191000670194626
-1.3437979221343994 0.5875824689865112 2.1412081718444824
-0.38138285279273987 0.284606397151947 1.8921443223953247
-0.8536168336868286 0.749839723110199 2.6137285232543945
-1.380254864692688 0.284606397151947 0.31415197253227234
-1.1130104064941406 0.284606397151947 -0.7901267409324646
-1.132812738418579 0.7785307765007019 2.1412081718444824
-0.3735276758670807 0.30283859372138977 -1.2052990198135376
-1.315136432647705 0.5336439609527588 -1.205298662185669
-2.3863744735717773 0.8437184691429138 1.4934494495391846
-2.1426002979278564 0.8548008799552917 -1.2052984237670898
-2.3863744735717773 0.9208317995071411 1.886928915977478
0.6186357140541077 0.284606397151947 0.6082510948181152
-0.3058173954486847 0.5629125237464905 2.1412081718444824
-0.01231315080076456 0.284606397151947 -0.7397410869598389
-0.010893404483795166 0.7497397065162659 2.57521915435791
0.3076643645763397 0.5304022431373596 -1.2052992582321167
-2.3863744735717773 0.5961344242095947 0.5623417496681213
0.9210309982299805 0.2845063805580139 -0.16482767462730408
0.06908882409334183 0.9549195170402527 2.1412081718444824
-2.049896478652954 1.233834981918335 -0.009912156499922276
-1.5219134092330933 0.5776296854019165 -1.205298662185669
0.6375760436058044 0.284606397151947 0.0730646476149559
-0.15369665622711182 0.2845063805580139 -1.205297827720642
-0.6610076427459717 0.284606397151947 2.6926162242889404
0.9210299849510193 0.33217886090278625 0.48945528268814087
-2.0184972286224365 0.9428526759147644 1.8150593042373657
-1.15751051902771 0.284606397151947 0.2960250973701477
-2.0523221492767334 0.9112415313720703 -0.31442004442214966
-1.5318728685379028 0.6292145252227783 2.1412081718444824
0.4599968194961548 0.284606397151947 1.4549914598464966
0.49432164430618286 0.8292095065116882 -1.2052992582321167
-2.385204792022705 1.479392647743225 -1.2032889127731323
-1.6398818492889404 0.284606397151947 0.5803638100624084
-1.8286936283111572 0.284606397151947 0.5822256207466125
-1.6008367538452148 0.284606397151947 -0.1153416782617569
-0.7465876340866089 0.572839081287384 2.1412081718444824
-1.6970405578613281 0.284606397151947 0.7865844368934631
-1.711639642715454 0.7531883716583252 2.1412081718444824
-2.3863744735717773 0.8146984577178955 -0.15969884395599365
0.4404870569705963 0.284606397151947 -0.5833553671836853
-1.4856759309768677 0.284606397151947 0.1252744197845459
-2.3863744735717773 0.9478408694267273 -0.904661238193512
0.4639377295970917 0.6500869393348694 -1.2052992582321167
-1.7184033393859863 0.521720826625824 2.1412081718444824
0.9210299849510193 0.6696667075157166 0.11646226793527603
0.9210299849510193 0.5701117515563965 -0.09166329354047775
-1.5233794450759888 0.284606397151947 1.5104979276657104
-1.9914753437042236 0.284606397151947 0.9402355551719666
0.5773373246192932 0.284606397151947 1.6258172988891602
-2.3863744735717773 0.6803064346313477 0.8015630841255188
-0.8549656271934509 0.749839723110199 2.510087490081787
-0.471901535987854 0.28460633754730225 2.6924242973327637
-0.8577244281768799 0.284606397151947 1.1836367845535278
0.4354822635650635 0.284606397151947 0.3007396161556244
-2.0040156841278076 0.6580492258071899 -0.6587528586387634
-1.7502073049545288 0.587110698223114 -1.2052985429763794
-2.3863744735717773 0.6907154321670532 -0.4984477758407593
-1.0885486602783203 0.6028382182121277 2.1412081718444824
-2.3863744735717773 0.5323684215545654 0.13823595643043518
-1.2784674167633057 0.284606397151947 0.14044955372810364
-1.4440537691116333 0.7536873817443848 -1.205298662185669
-1.2672570943832397 0.284606397151947 0.4634382426738739
-0.4705175459384918 0.3406447172164917 3.118354082107544
-2.3863744735717773 0.7598516941070557 1.3003101348876953
-1.4849520921707153 0.284606397151947 0.7152826189994812
-2.0470986366271973 1.0706875324249268 1.2259678840637207
0.40433576703071594 0.284606397151947 1.7100439071655273
0.6642245054244995 0.9255017042160034 -1.2052993774414062
-1.522698163986206 0.284606397151947 0.9253796935081482
-1.4317057132720947 1.0808037519454956 1.9194809198379517
-0.5139754414558411 0.284606397151947 1.709284782409668
-2.041107654571533 0.8821918964385986 -0.8069573044776917
-2.3863744735717773 1.2548127174377441 -1.2053983211517334
-1.6803863048553467 0.284606397151947 4.235393047332764
-0.1391855627298355 0.284606397151947 4.879099369049072
-0.9121878147125244 0.6797829270362854 2.1412081718444824
-2.0307414531707764 1.3930366039276123 1.8044891357421875
-1.8356508016586304 0.7302616238594055 1.7879321575164795
-1.576888084411621 0.284606397151947 0.29954999685287476
0.5093594193458557 0.7326072454452515 2.1412081718444824
-0.28941822052001953 0.2845063805580139 2.6925230026245117
0.9211301207542419 1.135359764099121 2.141209363937378
0.33926257491111755 0.284606397151947 1.0565036535263062
-1.4043357372283936 0.284606397151947 -0.19853197038173676
0.3172112703323364 0.7033678889274597 2.1412081718444824
-0.5435694456100464 0.284606397151947 -0.39055898785591125
0.6406448483467102 0.284606397151947 0.9332931041717529
0.9210300445556641 0.6500145196914673 1.5350396633148193
-1.622037410736084 0.3004443049430847 3.1059796810150146
-2.3863744735717773 0.7685757279396057 1.6778184175491333
0.6439507007598877 0.832947313785553 2.1412081718444824
-0.14265964925289154 0.284606397151947 1.5868421792984009
-1.0782687664031982 0.284606397151947 4.798573017120361
-0.33036336302757263 0.6386971473693848 -1.2052990198135376
0.9210300445556641 1.1003985404968262 1.8342502117156982
0.9210300445556641 0.618625283241272 0.7531529664993286
0.9210300445556641 1.0303783416748047 2.141308307647705
0.9210299849510193 0.8142701983451843 0.2536657154560089
-2.3863744735717773 0.807785153388977 0.143870547413826
-0.2754283547401428 0.284606397151947 1.4116002321243286
0.9210300445556641 0.6538799405097961 0.9445844292640686
-0.06698692589998245 0.6741521954536438 -1.2052991390228271
-1.8874009847640991 1.094375729560852 -0.8619309663772583
0.9211299419403076 1.0766085386276245 -1.2052992582321167
0.03048614226281643 0.284606397151947 4.144974231719971
0.9210299849510193 0.6333744525909424 -0.3805995583534241
-2.386375665664673 0.9907355904579163 2.141308307647705
0.9210299849510193 0.6375685930252075 0.5692288279533386
-2.3863744735717773 0.8187601566314697 -0.7445431351661682
-2.094313144683838 1.0643095970153809 -1.2052984237670898
0.9210300445556641 0.8760700225830078 1.2805103063583374
0.9211301207542419 1.2680789232254028 2.141209602355957
0.2876194715499878 0.8800815939903259 2.1412081718444824
-1.6566197872161865 0.7670104503631592 -1.2052985429763794
-0.7945965528488159 0.7024632096290588 -1.205298900604248
-2.3863744735717773 0.603210985660553 0.3095879554748535
0.469434916973114 0.8995477557182312 -0.8728483319282532
-0.18283803761005402 0.7865298390388489 -1.2052990198135376
-1.8496462106704712 0.7693728804588318 -1.2052985429763794
-2.3863744735717773 0.724149227142334 0.4485960006713867
-2.0558154582977295 1.008107304573059 2.1412081718444824
-1.4588483572006226 0.284606397151947 0.5012367963790894
-1.870689034461975 0.6669799089431763 -0.8373555541038513
-1.7980647087097168 0.6064397096633911 -0.5814522504806519
0.2466355711221695 0.284606397151947 1.2090924978256226
-1.003131628036499 0.284606397151947 1.2890743017196655
0.9210300445556641 0.6919137239456177 1.165068507194519
0.9346224665641785 0.284606397151947 3.930978775024414
-1.3919641971588135 0.284606397151947 -0.026873594149947166
0.9210299253463745 0.6988300085067749 -0.6034424304962158
-2.3863744735717773 0.6871982216835022 -0.309381902217865
-0.9035241007804871 0.284606397151947 0.6228370666503906
-1.9223740100860596 0.9494099617004395 -1.2052985429763794
-1.1887409687042236 0.284606397151947 -0.061964742839336395
-2.3863744735717773 0.9069129824638367 1.189144492149353
0.9211299419403076 1.1880221366882324 -1.2052992582321167
-1.1801023483276367 0.284606397151947 -0.5902937650680542
-1.0980767011642456 0.5763907432556152 -1.2052987813949585
-2.3863744735717773 0.9245004653930664 -0.3071553707122803
-2.3863744735717773 0.9736383557319641 -0.6798121929168701
0.27783727645874023 0.284606397151947 -0.4681774079799652
-2.3863744735717773 0.8800734281539917 -0.5054274201393127
-1.0277405977249146 1.5501782894134521 -1.3939461708068848
-0.5287687182426453 0.6974959373474121 -1.205298900604248
-1.216942548751831 0.3018629252910614 4.723134517669678
-2.554788589477539 1.5340827703475952 -0.8852799534797668
0.9210300445556641 1.3665895462036133 2.141308307647705
-1.722969889640808 0.948163628578186 -1.2052985429763794
-1.0682744979858398 0.284606397151947 0.4661860167980194
0.9210300445556641 0.9401842355728149 1.5338276624679565
-2.3863744735717773 0.9300163388252258 -0.01573345996439457
0.24307307600975037 0.284606397151947 -0.11311549693346024
-0.385161817073822 0.284606397151947 -0.578739583492279
0.9210299253463745 0.7713142037391663 -0.7640424966812134
-1.5671393871307373 0.284606397151947 -0.3196389675140381
0.9210300445556641 0.8364402055740356 1.0433379411697388
-1.0060580968856812 0.284606397151947 -0.5998180508613586
0.9210299253463745 1.1306229829788208 -0.9025011658668518
-0.06203477829694748 0.284606397151947 -0.9003435969352722
-2.3863744735717773 1.0914511680603027 1.5782182216644287
-2.3863744735717773 1.1530516147613525 -0.8879649639129639
0.6671237349510193 0.2870688736438751 2.9285781383514404
-1.1500788927078247 0.284606397151947 1.1605764627456665
0.7885894179344177 0.284606397151947 4.269665718078613
-1.0079834461212158 0.7386740446090698 -1.2052987813949585
0.48966339230537415 1.2511560916900635 -0.8370940685272217
0.9210300445556641 0.8070316910743713 1.6814671754837036
0.9210299849510193 0.7948887944221497 -0.06601951271295547
0.24783620238304138 0.284606397151947 -0.7658849954605103
-0.757395327091217 0.284606397151947 -0.6775819659233093
-1.254400372505188 0.7250411510467529 -1.205298662185669
0.4808204770088196 1.0347480773925781 -1.2052992582321167
-2.0893020629882812 1.3803579807281494 -0.7575323581695557
-0.8628798127174377 0.284606397151947 -0.13342013955116272
-1.085711121559143 0.284606397151947 -0.4070136845111847
-1.8227097988128662 1.3078272342681885 -0.8745960593223572
0.7990835309028625 0.28770899772644043 3.7948837280273438
0.3804973065853119 0.284606397151947 4.6332173347473145
-0.712116003036499 0.284606397151947 -0.2887924015522003
-2.3863744735717773 1.007491946220398 1.3714107275009155
0.9210300445556641 0.8251299858093262 0.8206288814544678
-0.059892285615205765 0.284606397151947 0.5531712770462036
-0.3529885411262512 0.284606397151947 -0.3824700713157654
0.03299296274781227 0.7523670196533203 2.1412081718444824
-1.9263554811477661 1.4309828281402588 -1.2052985429763794
0.9879109263420105 0.3130946159362793 3.7618212699890137
-1.2745517492294312 0.8879887461662292 -0.8268583416938782
-2.3863744735717773 0.8930760622024536 0.924601674079895
-2.386373996734619 1.323255181312561 2.141308307647705
-2.0303938388824463 0.9753372073173523 1.512781023979187
-2.1154086589813232 1.3391566276550293 0.9081984162330627
-0.006085420027375221 0.9732825756072998 -1.2052991390228271
-2.3863744735717773 1.1634883880615234 1.8418463468551636
-1.294236421585083 0.284606397151947 1.0269901752471924
-1.4844573736190796 0.9165183305740356 -1.205298662185669
-1.8789854049682617 0.5996426343917847 1.605957269668579
-0.30781227350234985 1.023181438446045 -0.8489051461219788
0.23785869777202606 0.7067030072212219 -1.2052991390228271
-1.7751449346542358 0.8599368929862976 -0.8070514798164368
-1.8564785718917847 0.8934280276298523 2.1412081718444824
-0.8096691966056824 0.284606397151947 2.6926796436309814
-2.3863744735717773 0.9167741537094116 0.5379528403282166
0.6185638308525085 0.284606397151947 0.3109235167503357
0.9210299253463745 0.9030404090881348 -0.9240650534629822
-0.7349230051040649 0.8613366484642029 -1.205298900604248
-2.001046895980835 0.6946183443069458 1.239088773727417
-2.018913745880127 0.8688552379608154 -0.061574921011924744
-1.361008882522583 0.7679017782211304 2.1412081718444824
-1.8212379217147827 1.2420390844345093 1.8948609828948975
0.9210299849510193 0.9822959303855896 0.41994160413742065
0.9211299419403076 1.2992769479751587 -1.2052992582321167
-2.022798776626587 0.8028877973556519 0.22287151217460632
-2.386373996734619 1.2158867120742798 2.141308307647705
0.0766049176454544 0.8239179253578186 -1.2052991390228271
-1.3620963096618652 1.1853104829788208 -1.205298662185669
0.9210299849510193 0.8890576958656311 -0.2869662642478943
-1.5134608745574951 0.8772373795509338 2.1412081718444824
-1.7603663206100464 0.2859356999397278 4.09229850769043
0.26375773549079895 0.284606397151947 1.3976292610168457
-2.3863744735717773 1.0875946283340454 -0.1714920699596405
0.35944443941116333 0.6788460612297058 -0.8510590195655823
-1.6156657934188843 0.8206862211227417 1.7680597305297852
-2.0289719104766846 0.7481819987297058 1.6155126094818115
-1.3463695049285889 0.284606397151947 0.8370487093925476
-2.0084245204925537 0.9252318739891052 1.0082896947860718
0.3526149094104767 0.284606397151947 -0.24837881326675415
0.11202149093151093 0.6753206253051758 3.0326240062713623
0.3970338702201843 0.3947945237159729 3.6752707958221436
-0.9495530128479004 0.284606397151947 2.6963181495666504
0.9210299253463745 1.4716988801956177 -0.9664783477783203
-2.0090596675872803 1.1870760917663574 -0.6464085578918457
-2.3863744735717773 1.3502863645553589 -1.2053983211517334
-1.4867950677871704 0.3011550009250641 4.508473873138428
-2.0036420822143555 0.8778921365737915 -0.5836767554283142
-2.3863744735717773 0.801115870475769 0.6870250701904297
0.9210300445556641 1.4231743812561035 -1.2053993940353394
-0.2107897400856018 0.9668135046958923 -1.2052990198135376
-1.5810517072677612 1.1057260036468506 -1.205298662185669
-1.1645804643630981 0.8852103352546692 -1.2052987813949585
0.9210299849510193 0.8423373103141785 -0.48256903886795044
-1.5097182989120483 0.8768407106399536 -0.828862190246582
-1.988640546798706 1.1815766096115112 2.1412081718444824
-2.059091567993164 1.2064446210861206 0.34589239954948425
-2.3863744735717773 0.9440150260925293 1.6833468675613403
-0.9598803520202637 0.9193065762519836 -1.2052987813949585
0.31259486079216003 0.867772102355957 -1.2052992582321167
0.4506151080131531 1.2087944746017456 2.1412081718444824
-1.1158193349838257 0.284606397151947 1.811832070350647
-0.3746595084667206 0.8407642245292664 -1.2052990198135376
0.38817769289016724 0.284606397151947 0.8703061938285828
0.9210299253463745 0.9352217316627502 -0.7039110064506531
-2.3863744735717773 1.1169013977050781 -0.556688666343689
-0.7631496787071228 0.284606397151947 0.303353875875473
-1.2864395380020142 0.9427183270454407 2.1412081718444824
-2.3863744735717773 0.9839436411857605 0.7579178810119629
-2.3863744735717773 0.856497049331665 0.3258727788925171
-2.0275466442108154 1.2435426712036133 -1.2052984237670898
-1.8170864582061768 1.1461687088012695 -1.2052985429763794
-2.3863744735717773 1.2335597276687622 -0.6961665153503418
0.4592159688472748 0.284606397151947 0.12653228640556335
-1.3041328191757202 0.9923958778381348 -1.205298662185669
0.5492029786109924 0.6957815885543823 -0.7389498949050903
0.032599881291389465 0.2950883209705353 4.808718204498291
0.515672504901886 0.284606397151947 1.0524574518203735
-0.19226530194282532 0.284606397151947 -0.30009034276008606
-0.8136378526687622 1.0415832996368408 -1.205298900604248
0.5190669298171997 0.284606397151947 0.7668920159339905
-1.0856448411941528 0.284606397151947 0.10386533290147781
-0.27098754048347473 0.284606397151947 1.208118200302124
-0.3618365526199341 0.284606397151947 1.5911685228347778
0.12434539198875427 1.2237993478775024 -1.2052991390228271
-1.8171284198760986 0.284606397151947 3.6071901321411133
-2.1630265712738037 1.601567029953003 -1.0150799751281738
-1.242476463317871 0.717086911201477 1.8229255676269531
-0.103829026222229 0.284606397151947 1.1634933948516846
-0.8283224701881409 0.284606397151947 1.0028411149978638
-2.3863744735717773 1.336209774017334 1.7457081079483032
-0.5531908869743347 0.8957183957099915 -1.205298900604248
0.43397030234336853 0.9486725926399231 2.1412081718444824
-1.6970016956329346 0.9700347781181335 2.1412081718444824
1.018552541732788 0.31326350569725037 3.6044344902038574
-0.8317725658416748 0.2870824337005615 4.898180961608887
-2.0296239852905273 0.8180339932441711 0.7156717777252197
-2.3863744735717773 1.514843225479126 -1.007454752922058
-2.3863744735717773 1.3292272090911865 -0.2825738787651062
-1.8632473945617676 1.095717191696167 1.7179900407791138
-2.3734030723571777 1.4727957248687744 -0.59568190574646
0.2430584579706192 1.0275360345840454 -1.2052991390228271
0.9210299849510193 1.069948434829712 0.2267404943704605
-1.0723005533218384 0.4810856878757477 3.0911736488342285
-1.9792108535766602 0.661094605922699 -0.22026009857654572
0.9210300445556641 1.032106876373291 1.1953456401824951
0.9210300445556641 1.1010849475860596 1.6286849975585938
0.6073514223098755 1.2160338163375854 -1.2052992582321167
-2.3863744735717773 1.169485092163086 0.8390316367149353
-2.187579870223999 1.475089430809021 2.3622379302978516
-1.5012567043304443 1.1728215217590332 -0.8545786142349243
0.590350866317749 0.972521185874939 -0.6841137409210205
0.9210301041603088 1.3895936012268066 1.9126077890396118
0.5069460272789001 0.2877650856971741 4.5404582023620605
0.6426777839660645 0.30796071887016296 3.201007843017578
0.7641990780830383 1.588710069656372 -0.9872690439224243
-1.6173335313796997 0.2955408990383148 3.7754392623901367
0.9210300445556641 1.0281909704208374 0.7105265259742737
-0.6861627697944641 0.2954157888889313 4.926133632659912
-1.8237338066101074 0.3058662712574005 3.767404079437256
0.05011017993092537 0.9332689046859741 -0.8377723097801208
0.9210299849510193 0.9949686527252197 -0.08469955623149872
-2.3863744735717773 1.0112433433532715 0.24808605015277863
0.6234795451164246 0.2964094877243042 4.434023857116699
-2.067439317703247 1.406031847000122 1.5193214416503906
-0.9318158030509949 0.8790621757507324 -0.8438562154769897
-2.3863744735717773 1.0594969987869263 1.0481055974960327
-2.3863744735717773 1.1521387100219727 -0.37529420852661133
-1.046494722366333 0.9450910687446594 2.1412081718444824
-1.9131503105163574 1.4663501977920532 2.5140678882598877
-2.440065860748291 1.5986026525497437 1.4958137273788452
-0.4799843430519104 0.284606397151947 1.459147334098816
-2.3863744735717773 1.2594572305679321 1.5119115114212036
-1.3711504936218262 0.29336732625961304 4.617451190948486
0.9210300445556641 0.9944154024124146 0.9415722489356995
-1.0406266450881958 0.284606397151947 -0.18819230794906616
-0.5534101128578186 0.284606397151947 0.29601794481277466
-1.711756944656372 0.2903606593608856 3.2218575477600098
0.19868066906929016 0.284606397151947 0.9400089383125305
-0.679229199886322 0.284606397151947 -0.0698893740773201
-1.2466511726379395 1.1299432516098022 2.1412081718444824
0.7276029586791992 1.458274006843567 2.3909969329833984
-0.45492714643478394 0.2988530695438385 4.941920280456543
0.05670827999711037 0.284606397151947 1.071656584739685
0.9210299253463745 1.1861144304275513 -0.7254014611244202
0.3628753125667572 0.29765304923057556 2.692584276199341
-0.6371617913246155 0.284606397151947 -0.5484717488288879
0.9210299849510193 1.0373023748397827 -0.5387484431266785
-2.3863744735717773 1.1944435834884644 1.259727120399475
0.20284204185009003 0.284606397151947 4.752256393432617
-1.8074930906295776 0.311681866645813 3.462148904800415
-0.008550534956157207 1.4406534433364868 -1.2052991390228271
-1.7366673946380615 1.1645761728286743 2.1412081718444824
-2.3863744735717773 1.1000077724456787 0.49347224831581116
-1.582617998123169 0.284606397151947 4.039852142333984
0.17560967803001404 0.284606397151947 0.5730876922607422
-0.9293506145477295 0.284606397151947 4.8206963539123535
-1.8558323383331299 0.754574179649353 1.438252329826355
-0.2999459207057953 0.30979010462760925 4.907770156860352
0.9210300445556641 0.7822854518890381 1.4326590299606323
-1.1264022588729858 0.6889570951461792 -0.7888746857643127
0.9222769737243652 0.3052099645137787 3.199230194091797
-0.7588412761688232 0.284606397151947 0.12461724132299423
0.8932532072067261 1.4961858987808228 -1.2052993774414062
-1.6361110210418701 0.6707314848899841 -0.717224657535553
0.03607654571533203 0.2845063805580139 2.6925230026245117
-0.5415238738059998 0.284606397151947 -0.18889033794403076
-0.9951021671295166 0.284606397151947 0.8195486068725586
-1.4787918329238892 1.1579984426498413 2.1412081718444824
-2.2704365253448486 1.549256682395935 -1.3493303060531616
-0.8053025007247925 0.284606397151947 1.3876183032989502
-0.546874463558197 0.2858583927154541 4.855512619018555
-2.3863744735717773 1.1250853538513184 0.08096744120121002
0.9210299849510193 1.1529299020767212 0.5337338447570801
-1.0943286418914795 1.1080303192138672 -1.2052987813949585
0.9882680773735046 0.2898496985435486 3.381943941116333
-0.2515844702720642 0.284606397151947 0.7945596575737
-1.5917460918426514 1.2982475757598877 -1.205298662185669
0.9210299849510193 0.6986084580421448 -0.22831708192825317
0.9210300445556641 1.319053292274475 1.6948513984680176
-2.5433473587036133 1.5329723358154297 -0.423898845911026
-1.3086769580841064 0.3565647602081299 2.962122917175293
-2.145651340484619 1.5531469583511353 -0.027791015803813934
-2.567129611968994 1.550702691078186 -0.1204921081662178
0.35018643736839294 1.211913824081421 -1.2052992582321167
0.38495317101478577 0.284606397151947 0.625093936920166
-1.0265614986419678 0.284606397151947 1.0337190628051758
-2.3863744735717773 1.43534255027771 1.3992751836776733
0.24638094007968903 0.284606397151947 0.25590670108795166
0.9210299849510193 1.0943949222564697 -0.31375399231910706
0.33133968710899353 0.6984431147575378 1.8208057880401611
0.8638487458229065 0.30192020535469055 4.070886135101318
-0.08354295045137405 0.284606397151947 1.4151121377944946
-2.3837392330169678 1.4543501138687134 2.1743717193603516
-2.0432348251342773 1.476380705833435 2.4516713619232178
-2.065117835998535 1.577305793762207 2.1486575603485107
-1.3938767910003662 0.629737913608551 -0.7773765325546265
-0.07941887527704239 1.1668806076049805 -1.2052991390228271
-2.430227279663086 1.5411601066589355 1.6878293752670288
-1.5904276371002197 0.284606397151947 4.386018753051758
-2.4011130332946777 1.5732593536376953 2.094473123550415
0.9210299849510193 0.7892007231712341 0.45077475905418396
0.9210300445556641 1.1963739395141602 1.4679412841796875
-2.5861072540283203 1.5330865383148193 0.4936988651752472
-1.2103583812713623 0.28517016768455505 4.53317928314209
-0.38766244053840637 0.7221843004226685 -0.8114831447601318
-0.5073565244674683 0.284606397151947 1.0206189155578613
0.5281533598899841 1.4730299711227417 2.4446091651916504
0.5943560004234314 1.073024868965149 2.1412081718444824
0.5221806764602661 0.8729326128959656 1.807839274406433
-0.21226511895656586 0.284606397151947 0.4374474585056305
0.25209277868270874 0.284606397151947 0.07009898126125336
1.0177847146987915 1.5440342426300049 1.6707754135131836
0.9210299253463745 1.4210494756698608 -0.7824460864067078
-0.9506286382675171 0.284606397151947 4.5693888664245605
-0.14279381930828094 0.3051261305809021 4.723892688751221
-1.8036037683486938 0.303762286901474 3.93133807182312
0.01821468584239483 0.2929858863353729 4.451002597808838
-0.8958494663238525 0.284606397151947 -0.3322007954120636
0.5672144293785095 0.3084404468536377 3.6962954998016357
-1.2899510860443115 0.284606397151947 0.6475479602813721
0.9187694787979126 1.3680812120437622 0.39423078298568726
0.9158899784088135 1.5040301084518433 2.170658588409424
0.1935884952545166 0.284606397151947 4.629113674163818
-0.19149573147296906 0.284606397151947 -0.5544901490211487
-0.5585287809371948 1.081194281578064 -1.205298900604248
0.9210299849510193 0.8540529012680054 0.6214798092842102
0.6977490186691284 0.46221697330474854 3.553741693496704
-1.9268043041229248 0.64955735206604 0.03761677443981171
-0.040690042078495026 0.284606397151947 -0.21084930002689362
0.2026233673095703 0.28459715843200684 2.6924242973327637
0.04512578621506691 0.284606397151947 1.2766510248184204
0.7308800220489502 0.28775885701179504 4.291214942932129
-0.2715383768081665 0.284606397151947 4.543900489807129
-0.9615809321403503 0.284606397151947 0.2510157823562622
0.0006519031012430787 0.284606397151947 0.7111697196960449
-1.5385010242462158 0.3090989589691162 3.52244234085083
0.7016919255256653 1.6015875339508057 -0.7369817495346069
-0.9118927121162415 1.2146878242492676 -1.2052987813949585
-1.8186794519424438 1.4942162036895752 2.0125057697296143
0.2933237552642822 1.1400963068008423 -0.841414749622345
0.3681926131248474 1.453194260597229 2.5525834560394287
0.39605942368507385 0.284606397151947 4.353662490844727
-1.6797661781311035 0.6631248593330383 1.5899208784103394
-0.572525143623352 0.284606397151947 0.09925424307584763
-0.6421424150466919 0.9432578086853027 -0.860191285610199
-1.8508931398391724 0.7149978280067444 -0.3967846930027008
-1.2556591033935547 1.5379204750061035 -1.4008584022521973
-0.5546583533287048 0.2897261083126068 4.241387844085693
-2.5763134956359863 1.552464246749878 -0.749141275882721
-0.6277802586555481 0.284606397151947 1.3093469142913818
-0.040855783969163895 0.6986253261566162 -0.8236734867095947
-1.4766629934310913 0.3490375578403473 3.138826608657837
0.5807753205299377 1.2833483219146729 -0.6181531548500061
-2.159846305847168 1.5735225677490234 0.6167234778404236
-1.9322808980941772 1.2871909141540527 1.0500898361206055
0.2117955982685089 1.4789880514144897 -1.2052991390228271
0.6472117304801941 1.5321720838546753 -1.355871319770813
-0.24268238246440887 0.37395915389060974 3.924978256225586
-1.4385595321655273 1.5574833154678345 -0.46654045581817627
-1.748314380645752 1.5457478761672974 -1.4061704874038696
-1.0167633295059204 0.43850553035736084 4.25947904586792
-2.0429482460021973 1.5328270196914673 -1.379226565361023
-0.40888988971710205 1.5306564569473267 -1.3588265180587769
-1.8374851942062378 1.6367605924606323 -0.9805132150650024
0.04918603599071503 1.4678291082382202 2.5863473415374756
-0.639985203742981 0.5472131371498108 3.479773998260498
-0.04107135161757469 1.212666392326355 -0.8365563750267029
-2.3863744735717773 1.2828572988510132 -0.02658269740641117
-0.36825066804885864 1.1069155931472778 -1.2052990198135376
-2.194852828979492 1.623415231704712 -0.6022595763206482
-1.7139476537704468 1.538223385810852 -1.304854393005371
0.9210299849510193 0.9115912914276123 0.09210708737373352
0.14332382380962372 1.6131657361984253 -1.05530846118927
-1.4822230339050293 1.5295625925064087 -1.3937594890594482
0.9210300445556641 1.205489158630371 1.0313124656677246
0.9210299849510193 1.1909555196762085 -0.08395609259605408
-1.968602180480957 1.635491132736206 -0.8593830466270447
0.9210300445556641 1.482851505279541 1.470452070236206
-2.198338747024536 1.6671991348266602 -0.031673774123191833
-2.144815683364868 1.6100351810455322 -0.37379980087280273
0.9210299849510193 1.2265942096710205 0.16235382854938507
-1.8259146213531494 1.0182690620422363 1.213880181312561
0.3546675741672516 0.6085256338119507 -0.6193403005599976
0.9210300445556641 1.2059708833694458 1.2625706195831299
-0.17911182343959808 0.28696438670158386 4.302093029022217
-1.383643627166748 0.32051774859428406 4.084758758544922
-1.1358826160430908 1.1867119073867798 -0.8747062087059021
-2.4469480514526367 1.614086389541626 1.2353284358978271
-1.1325650215148926 0.3878155052661896 3.0967888832092285
-1.2304922342300415 1.5263583660125732 2.3642725944519043
-1.4191689491271973 1.4676302671432495 2.53045654296875
0.9210299849510193 1.2675895690917969 -0.5365814566612244
-0.808473527431488 0.30679023265838623 4.120167255401611
-2.5648372173309326 1.534214973449707 0.7836741209030151
-0.3419737219810486 0.284606397151947 0.988778293132782
-1.1074706315994263 0.284606397151947 0.6615272760391235
0.7661294341087341 0.3328234851360321 3.0364885330200195
-1.7741791009902954 1.5825856924057007 2.2415425777435303
-1.204026222229004 1.3455922603607178 1.8693383932113647
-1.6247438192367554 1.6597555875778198 2.056856870651245
-1.8254896402359009 1.6546127796173096 -0.5266433954238892
-2.3863744735717773 1.2871932983398438 1.0645084381103516
0.5323638916015625 0.6641656756401062 1.649025797843933
-1.7531179189682007 1.466719150543213 2.4813270568847656
-2.5705578327178955 1.5406979322433472 1.8864656686782837
-1.3633617162704468 0.3120185434818268 3.7273647785186768
-0.20073053240776062 0.284606397151947 -0.07417266070842743
-1.7719871997833252 1.6633877754211426 1.601000189781189
-2.0268704891204834 0.8592231869697571 0.461529016494751
-0.9269121885299683 1.2809865474700928 -0.5647702813148499
-2.3849802017211914 1.4473060369491577 0.3468569219112396
-1.4961087703704834 1.0411648750305176 -0.6011659502983093
-2.006018877029419 1.6730777025222778 0.170950785279274
-1.1396114826202393 0.29797816276550293 2.704479455947876
0.3340051770210266 0.29351040720939636 3.921206474304199
-2.5723488330841064 1.5329132080078125 1.1597625017166138
-1.4629851579666138 1.4548174142837524 2.435020685195923
-1.5878360271453857 1.6338777542114258 -0.7344579100608826
-2.4218921661376953 1.5680475234985352 -0.2659115791320801
-0.2372991293668747 0.284606397151947 0.6261354088783264
-0.7119578719139099 0.2860388159751892 4.484610080718994
0.6037428379058838 0.9264053106307983 -0.28834861516952515
-0.6352527737617493 0.284606397151947 0.8815248012542725
-1.7895820140838623 1.0175135135650635 -0.5884563326835632
-1.8565776348114014 1.2955764532089233 1.5501904487609863
-1.4816007614135742 0.2922046482563019 3.0109078884124756
-0.6722530722618103 1.2366795539855957 -1.205298900604248
-0.8256857395172119 0.6483774781227112 -0.7615955471992493
-1.988589882850647 1.1948131322860718 -0.34334245324134827
-0.4916008710861206 0.284606397151947 0.5879144072532654
0.5185733437538147 0.3619404733181 2.72305965423584
-1.6036311388015747 1.4600887298583984 2.511746406555176
-0.922698974609375 0.6694880127906799 2.937675714492798
-0.7994058728218079 0.284606397151947 0.7930966019630432
0.459933876991272 1.4004738330841064 -1.2052992582321167
-0.11844877898693085 0.36551135778427124 3.7739593982696533
-1.9103198051452637 0.6294270753860474 0.528038501739502
0.48342978954315186 1.084829568862915 0.7108116149902344
0.6046980619430542 0.28786134719848633 4.060365200042725
-1.3856674432754517 0.2965201139450073 4.314900875091553
0.4182441234588623 1.5328779220581055 -1.3285130262374878
-0.25626862049102783 1.279891848564148 -1.2052990198135376
-1.3185803890228271 1.5606471300125122 -0.9601229429244995
0.1913389414548874 0.37799012660980225 4.33670711517334
0.9210299849510193 1.470018744468689 0.009562559425830841
-1.0118968486785889 1.4537349939346313 2.48905348777771
-2.1947333812713623 1.645743727684021 1.8131095170974731
-0.1924256831407547 0.284606397151947 3.5739762783050537
0.49170687794685364 1.5239087343215942 -0.8140830397605896
-1.867739200592041 1.07242751121521 0.08423729240894318
-0.3917716145515442 0.38264527916908264 3.6371734142303467
-0.8221186399459839 1.0939453840255737 2.245577096939087
0.9210299849510193 1.3146774768829346 -0.2892201840877533
0.1933804601430893 1.132525086402893 2.1412081718444824
-1.7308452129364014 0.2992642819881439 3.3415181636810303
0.5473979115486145 1.3446135520935059 1.842559576034546
0.9273582100868225 0.31598690152168274 3.504850149154663
-1.8857166767120361 1.4989818334579468 -0.5679993629455566
-1.1451491117477417 0.29829779267311096 4.231770992279053
0.7156785130500793 1.5623494386672974 2.225127696990967
-0.8858063220977783 0.28622129559516907 4.370306968688965
0.36321595311164856 1.650796890258789 -0.9879186153411865
-1.491131067276001 0.7751592397689819 -0.546534538269043
-0.7902830839157104 0.5000935792922974 4.087287902832031
-2.287271499633789 1.6515878438949585 0.97569340467453
-0.22299827635288239 0.8450203537940979 -0.7538495659828186
-1.9109574556350708 1.683837890625 1.9121769666671753
-2.578091621398926 1.5465952157974243 0.13315324485301971
0.426090270280838 0.36934202909469604 3.386035203933716
-0.5711002945899963 0.3238257169723511 4.031542778015137
-0.49672839045524597 0.32320263981819153 4.434998035430908
0.5309289693832397 0.7116665244102478 -0.14568206667900085
0.5988186001777649 0.8636897206306458 0.7111325263977051
-1.1503819227218628 0.30046263337135315 3.316549777984619
0.6001936793327332 0.9852703809738159 1.6015124320983887
-0.851394772529602 0.29871752858161926 3.157951593399048
0.2321009635925293 0.284606397151947 0.7504562139511108
-1.1991796493530273 1.4642047882080078 2.4996848106384277
0.06207497417926788 0.284606397151947 0.1966748684644699
-0.7178605198860168 0.2870522141456604 3.7729005813598633
-0.42632314562797546 0.284606397151947 0.01148302759975195
-1.5302985906600952 1.2998746633529663 1.9089263677597046
-1.8331525325775146 0.6420237421989441 0.29001757502555847
0.3353252708911896 0.3488321602344513 3.024747610092163
-1.2487260103225708 0.7010782957077026 -0.6058937311172485
-0.6121312379837036 0.7221708297729492 -0.7873712182044983
-0.6113720536231995 0.5569872260093689 3.072697877883911
1.0371227264404297 1.5368105173110962 -0.4001834988594055
-0.17888765037059784 0.30455607175827026 3.1324291229248047
-0.363503634929657 0.284606397151947 0.25786417722702026
-1.4208377599716187 0.6625456809997559 1.6782151460647583
-1.5447789430618286 1.605846881866455 -1.0457077026367188
0.1994495987892151 0.7768226861953735 -0.7422063946723938
0.5362748503684998 0.7793829441070557 -0.5469486117362976
-2.0369906425476074 1.4600509405136108 1.2485405206680298
0.3306364119052887 0.29792407155036926 4.1470770835876465
-1.5376652479171753 1.4138597249984741 -0.7741931676864624
-1.2110776901245117 0.31966841220855713 2.7102890014648438
0.297748863697052 0.478464275598526 3.128689765930176
0.5901818871498108 0.9170551300048828 1.1466107368469238
0.18960058689117432 0.31768912076950073 3.6186892986297607
0.9482151865959167 1.5953834056854248 1.8932392597198486
-1.9611926078796387 0.6753862500190735 0.9466322064399719
-1.3585319519042969 0.30189576745033264 3.404689073562622
-1.7551233768463135 0.6805604100227356 -0.15892386436462402
0.14916259050369263 0.284606397151947 3.315666913986206
-0.5484767556190491 0.31728023290634155 4.642397403717041
1.046036720275879 1.5310059785842896 -0.625159740447998
-2.048569917678833 1.4825241565704346 0.2794957756996155
-0.13055269420146942 0.284606397151947 0.28418898582458496
-1.8806930780410767 1.3542001247406006 -0.2441665232181549
-1.753453254699707 1.006161093711853 1.527625560760498
-2.0482430458068848 1.687266230583191 1.602301001548767
-0.871880054473877 1.4675118923187256 -0.9672130346298218
-2.60434627532959 1.5584681034088135 0.6888558268547058
-2.3863744735717773 1.2255417108535767 0.6283287405967712
0.3376067876815796 1.027646780014038 -0.6322832107543945
0.1173747181892395 0.5117278695106506 3.8736774921417236
-0.4055238366127014 0.284606397151947 0.4382031261920929
-1.8327155113220215 0.6972758173942566 1.1400089263916016
0.5529016852378845 0.8212076425552368 1.4376704692840576
0.35317423939704895 1.1401243209838867 1.8867064714431763
-1.4080893993377686 1.6327290534973145 2.0319576263427734
-2.6003777980804443 1.5325158834457397 0.9388647079467773
0.6107902526855469 1.4757814407348633 -0.13674035668373108
-2.619729995727539 1.53105628490448 0.15775039792060852
-1.6711844205856323 0.7987444996833801 1.3020119667053223
-0.8521655201911926 0.3861282169818878 3.7069242000579834
-0.8394973278045654 1.2573118209838867 2.5376243591308594
-1.2674522399902344 0.3130485415458679 3.949314832687378
-0.029117122292518616 0.7298817038536072 1.8804656267166138
0.5972982048988342 0.8812233209609985 0.009326683357357979
-2.3863744735717773 1.2155704498291016 0.2983785569667816
0.9210300445556641 1.2280051708221436 0.8135654926300049
-0.3180442452430725 0.32919588685035706 4.088250160217285
0.8372403979301453 0.3264261484146118 3.2361907958984375
-0.6818665862083435 0.284606397151947 0.6497901082038879
-1.3350120782852173 0.462222158908844 3.6868226528167725
0.9210300445556641 1.4561048746109009 1.2439038753509521
-0.16650590300559998 1.536535620689392 -1.312096357345581
-1.0230519771575928 1.232029914855957 2.1139566898345947
-1.8294408321380615 1.0259206295013428 0.3262648582458496
0.20700207352638245 1.642392873764038 -0.304543673992157
-0.28055712580680847 1.3143738508224487 -0.40380024909973145
0.6748861074447632 1.5970927476882935 -0.4079194962978363
-1.2725127935409546 1.30744469165802 -0.6965548396110535
0.033271245658397675 1.6394654512405396 -0.6593661308288574
-1.7028567790985107 0.8889374732971191 -0.35274872183799744
-1.457348108291626 1.0546520948410034 -0.2679513692855835
-0.887049674987793 0.5998501777648926 3.275808334350586
-0.620439887046814 1.1440187692642212 -0.6730616688728333
-1.8333638906478882 1.0063798427581787 -0.1991221308708191
0.4383421540260315 1.6469885110855103 -0.5096708536148071
-0.23082637786865234 1.6530309915542603 -0.4813365936279297
0.47379201650619507 1.5729378461837769 2.2233524322509766
0.22991396486759186 1.4591870307922363 2.552932024002075
0.32009729743003845 1.626803994178772 -0.7277422547340393
-2.0304269790649414 1.2799854278564453 0.6400051116943359
-0.8635669350624084 1.5439051389694214 -1.3713990449905396
0.5450842976570129 0.41683560609817505 3.957092523574829
-1.3868193626403809 0.690503716468811 -0.36942872405052185
-0.26203641295433044 0.284606397151947 0.11440341174602509
-0.5641081929206848 0.31398794054985046 3.4955132007598877
-0.14552786946296692 0.6045437455177307 -0.6402389407157898
-1.040387511253357 0.3508768677711487 3.98210072517395
-1.4903647899627686 0.9589411020278931 1.6243458986282349
-1.7072172164916992 1.2587753534317017 -0.575401782989502
-1.849557638168335 0.665924608707428 0.7493093013763428
0.5297163724899292 0.7133715748786926 0.46833717823028564
-0.29218971729278564 1.587928295135498 -0.6704137921333313
-0.8490284085273743 1.1992771625518799 -0.8142155408859253
-0.6714670062065125 0.284606397151947 1.124322772026062
-0.015085812658071518 1.4877221584320068 -0.8183601498603821
0.10699090361595154 0.3218351900577545 3.905097723007202
-1.7588682174682617 0.7943764328956604 0.11592397093772888
0.24407905340194702 1.3050106763839722 -0.6707714796066284
-0.9425721764564514 0.6926963925361633 -0.6154404282569885
-0.048088304698467255 0.7846114635467529 2.7527143955230713
-0.7973847389221191 0.8931527733802795 2.2373387813568115
0.5376538634300232 1.233919382095337 -0.3945072293281555
0.6190593242645264 1.293471336364746 1.2671287059783936
0.43681564927101135 0.672112226486206 -0.37623435258865356
0.47486984729766846 1.2147799730300903 0.0059958817437291145
0.4494563043117523 0.5018193125724792 3.498086929321289
-0.02883276343345642 0.4714053273200989 4.122367858886719
0.5311762690544128 1.2186589241027832 1.61566162109375
0.3332938253879547 0.6693993806838989 1.6144121885299683
0.30856746435165405 1.460420846939087 2.08477520942688
0.8663169741630554 1.562345266342163 -0.26824474334716797
-0.03205190971493721 1.1565773487091064 -0.6213353276252747
-1.4987847805023193 0.6514902710914612 -0.18404708802700043
0.08612072467803955 0.7002553343772888 -0.5589969754219055
0.34969037771224976 0.9792475700378418 1.6136749982833862
0.5235403776168823 0.751652181148529 0.19190877676010132
-0.467713862657547 1.3295387029647827 -0.8946021199226379
-1.9255064725875854 1.11128568649292 0.7726341485977173
-0.6540451049804688 0.284606397151947 0.46311628818511963
-0.306185245513916 0.4343106150627136 4.359054088592529
-1.0964818000793457 0.6893176436424255 -0.40087607502937317
0.48474371433258057 0.39920565485954285 2.9389841556549072
0.31081587076187134 0.6259661912918091 -0.19235959649085999
-1.800652027130127 0.8084477782249451 0.5022638440132141
0.4088487923145294 0.8884612321853638 0.47932562232017517
-0.07508538663387299 0.284606397151947 0.07691632956266403
-0.8649614453315735 0.284606397151947 0.4536803364753723
-0.4408779740333557 0.290426641702652 3.788113832473755
0.5247195363044739 0.6934620141983032 1.069523572921753
-0.5551627278327942 0.6418482661247253 -0.6010934114456177
0.28013285994529724 0.9124074578285217 -0.45725300908088684
-0.33486658334732056 0.7325612306594849 -0.5737072825431824
-0.02558605559170246 0.284606397151947 0.8790109157562256
0.374317467212677 0.9700611233711243 -0.2071383148431778
-1.7899770736694336 1.3100333213806152 0.2416708618402481
-0.34055283665657043 0.35296830534935 2.8797643184661865
-1.6244492530822754 1.048630714416504 -0.05958998203277588
-1.148881435394287 0.6470032334327698 1.658286452293396
-1.7963727712631226 1.2663718461990356 1.2413698434829712
-0.6292794942855835 0.824349045753479 2.1100363731384277
-1.9332045316696167 1.7289578914642334 0.6735308766365051
-0.03787006437778473 0.6703378558158875 -0.3122551143169403
0.408321738243103 0.6824566125869751 1.3992996215820312
-1.6798454523086548 0.724505603313446 0.9985562562942505
-1.2830947637557983 1.0907647609710693 -0.6328868269920349
-0.08148439228534698 0.3729415237903595 3.435225486755371
-1.019106388092041 0.9870601892471313 -0.6742618083953857
-2.097848892211914 1.6888906955718994 1.155321717262268
-0.8238078355789185 0.6669207811355591 -0.38046810030937195
-1.5474389791488647 0.6813274621963501 0.08973323553800583
-1.9154980182647705 1.6417453289031982 -0.24434827268123627
-1.2096554040908813 0.9345992803573608 1.8064179420471191
0.3746863305568695 0.643729031085968 0.05172170698642731
-0.5863929390907288 1.3645604848861694 -0.41185078024864197
-1.4612548351287842 0.717721700668335 1.438156247138977
-1.0592788457870483 1.3512718677520752 -0.36974862217903137
-0.4746575355529785 0.284606397151947 0.7890391945838928
0.07137107104063034 0.9261772632598877 1.9522819519042969
-0.08755404502153397 0.884739100933075 -0.5568975210189819
-1.0737671852111816 0.35190021991729736 3.8238301277160645
-1.4503860473632812 0.6403210759162903 1.1070793867111206
-0.352224737405777 0.4937441349029541 3.462519884109497
-2.34378981590271 1.6523767709732056 0.4221879839897156
-0.33344653248786926 1.2435035705566406 -0.7077404260635376
-1.7491371631622314 0.9953773617744446 0.8648101091384888
-1.0378122329711914 1.6045303344726562 -0.6751389503479004
-0.9060843586921692 0.5224341154098511 3.4862160682678223
-1.627769947052002 1.400675892829895 1.7067736387252808
-1.6103229522705078 0.9973783493041992 1.076594591140747
-1.1906934976577759 1.0024120807647705 -0.4327053129673004
-1.770391821861267 1.389885425567627 -0.003389637917280197
-0.6420776844024658 1.4549593925476074 -0.6957581043243408
-1.340218424797058 1.3136937618255615 -0.2927052080631256
0.1904614269733429 0.7656816244125366 -0.20741984248161316
0.4889325499534607 0.6930298805236816 0.8178264498710632
-0.15244467556476593 0.6608803272247314 3.040031671524048
-0.6529622077941895 0.6447699666023254 -0.19835466146469116
-0.1105363741517067 0.6325281858444214 0.3023856282234192
-1.330336570739746 0.8312278389930725 -0.21443690359592438
-0.5553821325302124 0.9923659563064575 2.3781578540802
-0.6687328219413757 0.8751035928726196 -0.6044859886169434
-1.8316532373428345 1.3232804536819458 0.5179209113121033
0.34846264123916626 0.6497803330421448 0.33917516469955444
-1.7218126058578491 1.7020671367645264 0.4422719478607178
-0.9592521786689758 0.6465677618980408 -0.03801974281668663
-0.33287233114242554 0.7911520004272461 1.9788562059402466
-1.0317745208740234 0.8093001246452332 1.6456298828125
-1.6755050420761108 1.6132920980453491 1.2170058488845825
-0.15368126332759857 0.8708620071411133 2.5479369163513184
-0.2944718301296234 0.6527268290519714 -0.31475895643234253
0.3251079022884369 0.9969695806503296 0.032969068735837936
-1.4018678665161133 0.8310121297836304 0.003378399182111025
-1.6163339614868164 0.6643292903900146 0.7610390186309814
0.12364964932203293 0.6586781740188599 1.1766314506530762
0.052437674254179 0.6814537644386292 3.277829170227051
0.3582403063774109 0.6330633163452148 1.1547633409500122
0.4972134232521057 1.0472116470336914 1.0224263668060303
-0.009839183650910854 0.6489189267158508 -1.196097582578659e-05
-0.5308040380477905 0.7997843027114868 2.8412258625030518
-0.5609007477760315 0.5414034128189087 3.912684679031372
-0.861540675163269 0.5717710852622986 0.9112733602523804
-0.0005750239943154156 0.9526779055595398 -0.2964527904987335
-1.587002158164978 0.6789897680282593 0.3894047439098358
-0.8648316860198975 0.9317618012428284 1.9645589590072632
0.9430211782455444 1.6128215789794922 1.3545258045196533
-1.1611689329147339 0.6457826495170593 -0.17245596647262573
-1.2503561973571777 0.6546719670295715 1.3974944353103638
-1.5858333110809326 1.1918953657150269 1.455268144607544
-0.39140966534614563 1.0752581357955933 -0.5512562990188599
0.03674233704805374 1.4574730396270752 -0.474246621131897
0.005583163350820541 0.5762215256690979 3.376645803451538
-0.8625988364219666 0.9390228986740112 -0.4771133363246918
0.46953704953193665 1.5012966394424438 1.5124578475952148
0.05261227488517761 0.5212880969047546 3.563347816467285
0.5829183459281921 1.6371583938598633 -0.03917985409498215
0.028090229257941246 1.2418943643569946 -0.33363255858421326
-1.5588054656982422 0.8779956698417664 0.6869327425956726
0.36013415455818176 1.194631814956665 0.27361419796943665
-0.903178870677948 0.8538221716880798 2.9823715686798096
0.028286879882216454 0.8156630992889404 3.0010056495666504
-1.3126273155212402 0.9637196063995361 1.5610233545303345
-0.7963765263557434 1.2567064762115479 -0.32411110401153564
0.603134036064148 1.3849846124649048 0.14700627326965332
0.09542935341596603 0.6325556039810181 1.625032901763916
-0.3197006583213806 0.8015616536140442 3.223078966140747
0.770366370677948 1.6743884086608887 1.6589109897613525
-1.3149181604385376 0.6890750527381897 0.14003333449363708
-0.9514844417572021 0.5293074250221252 3.6538591384887695
0.42664095759391785 1.1024184226989746 1.3475091457366943
-0.5413721799850464 0.7816307544708252 -0.35927894711494446
-1.006546974182129 0.9189215302467346 -0.24106869101524353
-0.7138981819152832 0.6449303030967712 0.20201580226421356
-0.529879629611969 0.8844626545906067 3.1344258785247803
-1.1193233728408813 0.3888789415359497 3.5203282833099365
-0.8786922097206116 0.6436305046081543 1.7312188148498535
1.0914143323898315 1.5477644205093384 -0.1321777105331421
0.08688835054636002 0.645230233669281 0.7603760361671448
0.24704168736934662 0.77028888463974 0.14549268782138824
-0.14176498353481293 1.6065402030944824 -1.0693371295928955
0.10959341377019882 0.37622758746147156 3.0357441902160645
1.0251963138580322 1.551056981086731 0.38668355345726013
-0.5366954207420349 0.7579426765441895 2.6664371490478516
-0.28915879130363464 0.7412992119789124 -0.14320358633995056
0.35403209924697876 0.6581035852432251 0.6266711354255676
-0.31775280833244324 1.6311488151550293 -0.8631314635276794
-0.1797548085451126 0.7822791337966919 1.790865182876587
1.0435293912887573 1.5288480520248413 0.8886511325836182
-0.884933590888977 0.6018913984298706 1.460604190826416
-0.8166925311088562 0.8132346272468567 3.0946953296661377
-0.5667483806610107 1.4350916147232056 -1.203870177268982
0.08591451495885849 1.4640995264053345 2.409874677658081
-0.5471075177192688 0.692895770072937 1.8291383981704712
0.5947809815406799 0.9664638042449951 0.3538571000099182
-0.9719415307044983 1.6040831804275513 -1.0354516506195068
-1.159976601600647 1.3098969459533691 -1.2052987813949585
-0.542926549911499 0.586138129234314 1.3827757835388184
0.08370286971330643 1.042127251625061 1.7412337064743042
0.5860998630523682 1.6375837326049805 1.924163818359375
-0.7225840091705322 1.0738859176635742 2.721630811691284
-0.6257627606391907 1.614367127418518 -0.9238237738609314
-0.8669661283493042 1.4655362367630005 2.1645944118499756
-0.13504241406917572 1.2429925203323364 2.7171988487243652
-0.3785861134529114 0.659837543964386 3.3701565265655518
-0.43941164016723633 0.6549777984619141 -0.0060761356726288795
0.012039756402373314 0.8599799871444702 -0.04750981554389
-0.7384769320487976 1.5537387132644653 -1.3764913082122803
-0.03109659254550934 1.0949007272720337 2.5366387367248535
0.2105771154165268 0.858746349811554 1.4615528583526611
-0.8205875754356384 1.629629373550415 -0.7129772901535034
-0.3179161548614502 0.6144465208053589 2.801685094833374
-1.2841087579727173 1.5691570043563843 -1.213507056236267
1.0879859924316406 1.5488135814666748 0.6515279412269592
0.14719189703464508 1.4181468486785889 1.8974980115890503
-0.44537147879600525 1.5824507474899292 -1.1653969287872314
-0.2910270690917969 1.0236576795578003 2.506904363632202
-0.5725357532501221 1.652181625366211 -0.5239700078964233
-0.6947343945503235 1.6682254076004028 -0.23502451181411743
0.9210300445556641 1.3748829364776611 0.6387020349502563
0.26467812061309814 1.2322829961776733 -0.3267812728881836
0.3169180750846863 0.7144573330879211 0.8986998200416565
0.14659914374351501 0.6995471119880676 0.42158856987953186
0.17362934350967407 1.3565367460250854 0.0001584598794579506
-0.13904541730880737 0.6147595047950745 1.2661632299423218
-1.1913098096847534 1.6280063390731812 -0.8213229179382324
-2.043217658996582 1.6929363012313843 0.4432207942008972
-0.35583728551864624 1.0113729238510132 2.137723684310913
0.004612788092344999 0.7444631457328796 1.5576387643814087
-1.429197072982788 0.8713696599006653 1.1976045370101929
-0.09309768676757812 1.0294580459594727 2.9154841899871826
1.0530956983566284 1.5361841917037964 0.18752241134643555
-0.5102410316467285 1.0958342552185059 2.872807264328003
-1.2172232866287231 1.587027668952942 1.8995028734207153
-0.22293703258037567 0.7463787198066711 0.10172396898269653
-0.4388788640499115 1.0597504377365112 2.682793378829956
-1.5371609926223755 1.0327705144882202 0.21527962386608124
0.597956657409668 1.3394211530685425 0.43064868450164795
-1.4027190208435059 1.6236207485198975 -0.23932009935379028
0.942021369934082 1.5371286869049072 1.0358281135559082
0.6345957517623901 1.3033788204193115 0.9138945937156677
-1.9324040412902832 1.703687310218811 1.3101824522018433
-0.3968057334423065 0.5284003615379333 0.6601778864860535
-1.1297587156295776 0.6230617761611938 1.125516653060913
-1.6205350160598755 1.6882109642028809 1.4283391237258911
-0.8617106676101685 1.6226658821105957 -0.46574729681015015
-1.7679052352905273 1.6659756898880005 0.8792621493339539
-0.48952198028564453 1.046877145767212 -0.27907443046569824
-1.7069542407989502 1.6506469249725342 -0.00704610301181674
-1.6279706954956055 1.6347109079360962 -0.29139065742492676
-2.1214725971221924 1.6771491765975952 0.8425798416137695
-0.9755058288574219 1.1605294942855835 1.8026107549667358
-1.4316591024398804 1.6474359035491943 1.7359002828598022
-1.3322865962982178 1.6615155935287476 -0.5690874457359314
-0.655541718006134 1.265242099761963 2.5970048904418945
-1.110919713973999 1.5512497425079346 2.1402249336242676
-0.07405012100934982 0.6500846147537231 0.9474303126335144
-1.327165961265564 1.4383422136306763 1.5587033033370972
-1.6588963270187378 1.6451693773269653 0.23965135216712952
-1.162551760673523 0.918167769908905 0.006314269732683897
-1.113512635231018 1.6071428060531616 -0.38171717524528503
-0.9504489898681641 0.6405043005943298 0.4442451596260071
0.5609058141708374 1.6051948070526123 0.6744784116744995
0.15337799489498138 1.1198575496673584 0.2729717493057251
0.3400207459926605 1.4407930374145508 0.23988957703113556
-1.6920993328094482 1.0551080703735352 0.5240061283111572
-0.7691558003425598 0.8369534015655518 1.7918649911880493
-0.7503459453582764 0.9035047888755798 -0.20078067481517792
-1.1612513065338135 1.2196617126464844 -0.16309747099876404
-0.6570688486099243 0.7872226238250732 -0.05010869354009628
-1.3063993453979492 0.7193496823310852 0.9841854572296143
-1.191204309463501 0.8378402590751648 1.3702861070632935
-0.8636909127235413 1.1866962909698486 -0.043190352618694305
-1.6572307348251343 1.280724287033081 0.694516658782959
-1.318885087966919 0.6678041815757751 0.39926818013191223
-1.8326187133789062 1.3732550144195557 0.871671199798584
-1.332606315612793 0.637600302696228 0.6808359026908875
-0.6266283988952637 0.6451547741889954 1.6203707456588745
0.7770024538040161 1.6452248096466064 1.0873185396194458
0.32840898633003235 0.887486457824707 1.167876124382019
-1.4717586040496826 1.4062196016311646 1.2260932922363281
-1.4448063373565674 1.1863733530044556 0.8780227899551392
-1.4901704788208008 1.3674029111862183 -0.005551974754780531
-1.2941251993179321 1.281082272529602 0.05541011691093445
-1.3461096286773682 1.5724049806594849 0.9960159659385681
-0.4141271710395813 0.6933847069740295 0.23678505420684814
0.42349326610565186 1.306848168373108 0.5652023553848267
-1.4189949035644531 0.8488806486129761 0.4307836592197418
-1.532514214515686 1.3253523111343384 0.2825295329093933
0.16799205541610718 1.5580968856811523 2.163363456726074
-0.1682991087436676 1.0672509670257568 1.955190658569336
-0.5207208395004272 0.5702878832817078 1.0759973526000977
-1.063951849937439 0.6721417903900146 0.6733689904212952
-0.358137845993042 1.3245246410369873 2.625429630279541
-0.2978362441062927 1.3886642456054688 2.362689733505249
-1.2645647525787354 1.5747435092926025 -0.08275832235813141
0.652188777923584 1.6175572872161865 0.22058779001235962
-0.6575595736503601 0.6581966876983643 0.7298933267593384
0.37846243381500244 1.636077880859375 0.8790053129196167
-0.19659893214702606 0.6833550333976746 1.4901686906814575
-1.6056642532348633 1.2813795804977417 -0.31623226404190063
-0.2146381288766861 0.9738959670066833 -0.2750103175640106
-1.1335704326629639 0.728640079498291 0.299868643283844
0.37705472111701965 1.3909974098205566 0.862263023853302
0.3819180428981781 1.6646934747695923 0.26309677958488464
-0.9482564926147461 0.8060932755470276 0.028586920350790024
0.6281639933586121 1.6350159645080566 0.4961657226085663
-0.10881903767585754 1.4039676189422607 2.0704715251922607
0.0982619971036911 0.8638687133789062 1.2122715711593628
0.7146809101104736 1.631795883178711 0.8291336894035339
0.13449102640151978 0.840811550617218 0.6659473180770874
-0.07386603206396103 0.7330949902534485 0.5571226477622986
0.2353188693523407 1.0267455577850342 0.5146735310554504
-1.4075230360031128 1.2153575420379639 0.5155794620513916
0.3232971727848053 1.0181573629379272 0.8829711675643921
-0.01820726878941059 1.5826336145401 2.032015085220337
-1.3986361026763916 0.860236644744873 0.8154511451721191
-1.4295179843902588 1.6191778182983398 1.487405776977539
-1.5412671566009521 1.5734829902648926 0.7193450331687927
0.39043596386909485 1.6163698434829712 1.1225076913833618
0.5689078569412231 1.6568952798843384 1.4235988855361938
0.16634424030780792 1.634172797203064 1.6093223094940186
-0.4646040201187134 0.8775445818901062 1.8013584613800049
-0.8382286429405212 0.6516076922416687 1.1880897283554077
-0.24541176855564117 0.6395313739776611 0.7536506652832031
0.2779325842857361 1.2937750816345215 1.3910956382751465
0.1260589063167572 1.6047594547271729 0.7409461736679077
-1.380203366279602 1.5759574174880981 0.5855743885040283
0.2774428129196167 1.419416904449463 1.6733969449996948
-1.447358250617981 1.615012526512146 0.14123819768428802
-0.2128046154975891 0.7029120326042175 1.124547004699707
-0.4061105251312256 1.705947995185852 -0.31976690888404846
0.4049186706542969 1.381637454032898 1.1443207263946533
0.20284025371074677 1.2111130952835083 0.9895488619804382
0.05546756833791733 1.0623892545700073 1.466831088066101
-0.9318820238113403 0.8223207592964172 0.2591544985771179
-0.5986852049827576 1.2688645124435425 -0.17000260949134827
0.2767462730407715 1.6535983085632324 1.3255151510238647
-0.8321191668510437 1.3574934005737305 0.22440917789936066
-1.5267561674118042 1.618302583694458 1.0631428956985474
-0.658466100692749 1.3581500053405762 2.060511589050293
-1.29721200466156 1.413059115409851 0.601341724395752
-0.9613786935806274 1.328547477722168 -0.10955047607421875
0.4234347641468048 1.6335338354110718 1.763920545578003
-1.2500545978546143 1.4288991689682007 0.8601521849632263
-1.3728688955307007 1.2330950498580933 1.3538215160369873
-1.2385832071304321 1.0890153646469116 0.16680224239826202
0.18135477602481842 1.653061866760254 -0.012296518310904503
0.150006502866745 1.6688368320465088 0.49975404143333435
-0.12356620281934738 0.8583435416221619 1.4954034090042114
-0.0794137492775917 1.0948747396469116 0.08891322463750839
-1.0124226808547974 1.5422254800796509 0.4836244285106659
-0.0102583859115839 1.2869091033935547 0.07517796754837036
-1.2223930358886719 1.5469037294387817 0.5003317594528198
-1.252611756324768 0.8550979495048523 0.6892477869987488
-0.04492779076099396 1.6434499025344849 -0.2920846939086914
0.20999954640865326 1.4245703220367432 0.6175806522369385
-1.2356913089752197 1.0494074821472168 0.3980596959590912
-0.9439785480499268 0.7562260031700134 1.4104787111282349
-0.4423752427101135 0.6991470456123352 1.4364333152770996
-0.3622986674308777 1.2239878177642822 -0.13233867287635803
-0.43289485573768616 1.656463623046875 0.2557569146156311
-0.006763930898159742 0.8397675156593323 0.28568035364151
-0.32683104276657104 0.7398368716239929 0.4171707332134247
-0.47450730204582214 0.6694117784500122 0.936532735824585
-1.2081693410873413 0.8646557927131653 1.129507064819336
0.004168643616139889 1.6425902843475342 0.40281620621681213
-0.2852354645729065 1.773678183555603 0.23437301814556122
-0.16824886202812195 0.9708633422851562 0.36938363313674927
-1.0135376453399658 0.7180156707763672 0.9352928400039673
0.02940017357468605 1.7713263034820557 0.2137429118156433
-0.1691935807466507 1.3294448852539062 -0.15481825172901154
-0.507156252861023 1.6163820028305054 -0.1703474372625351
-0.8391271829605103 0.7342290282249451 0.8732540011405945
-0.5243657827377319 0.720317542552948 1.1877762079238892
-0.39519381523132324 1.2604529857635498 2.0069336891174316
-0.5922583341598511 1.6896305084228516 0.07152276486158371
-0.6137232780456543 1.087296962738037 0.0593811571598053
-0.10769330710172653 1.385534405708313 1.865944743156433
-0.7237342596054077 0.6603962779045105 0.4855443835258484
-1.1549776792526245 1.3211336135864258 0.3302934467792511
-0.28562498092651367 1.7806247472763062 -0.0859500989317894
-0.0750928521156311 1.7281312942504883 -0.04814768582582474
-0.0348714143037796 0.905908465385437 1.07253098487854
0.041015222668647766 0.8354791402816772 0.8835793733596802
-0.9654845595359802 1.4990785121917725 0.09843960404396057
-0.15458066761493683 1.44479238986969 0.18797627091407776
-0.33386191725730896 0.7638675570487976 0.6635847687721252
-0.7556168437004089 0.821067214012146 1.5379595756530762
0.06300756335258484 1.2459648847579956 0.5414883494377136
-0.24897538125514984 1.4715888500213623 2.1637320518493652
-0.7602112889289856 1.512359857559204 0.4545479416847229
-0.6780490875244141 0.8255971074104309 0.22357818484306335
-0.9047411680221558 1.1528985500335693 0.22043615579605103
-0.5478717684745789 0.7773973345756531 0.46497052907943726
0.14270062744617462 1.4734065532684326 0.949888288974762
-0.31741902232170105 1.0633984804153442 0.029554765671491623
-0.5775324106216431 1.4485639333724976 0.23367197811603546
0.061447396874427795 1.393728494644165 1.6159658432006836
-0.11696415394544601 1.5309308767318726 0.591817319393158
-0.18406812846660614 1.3789637088775635 0.4144008755683899
0.13230152428150177 1.3816801309585571 1.2396059036254883
-0.5980256199836731 1.4692354202270508 2.1981942653656006
-0.8102350234985352 0.9105706214904785 0.5129793882369995
-1.2339341640472412 1.2865561246871948 1.1379145383834839
-0.508703351020813 0.9399486780166626 1.6483336687088013
-0.3152953088283539 0.8649343848228455 1.3865867853164673
-0.3956325948238373 1.5775138139724731 0.4091162383556366
-1.2046934366226196 1.2949873208999634 1.5911824703216553
-1.053356647491455 1.5132219791412354 1.7354146242141724
-1.370132565498352 1.2421337366104126 1.0717976093292236
-1.0324283838272095 0.8799337148666382 0.5160440802574158
0.009794957935810089 1.1432411670684814 0.9963145852088928
-0.2666299343109131 0.8856387138366699 0.9945510625839233
-0.19194218516349792 1.1929744482040405 1.7703691720962524
-1.132014513015747 1.2153964042663574 1.481684923171997
-1.1691174507141113 1.0248174667358398 0.8322705626487732
-0.8713135123252869 1.5005109310150146 1.9378650188446045
-0.44060418009757996 1.4132262468338013 2.0760676860809326
-0.976904571056366 1.231497049331665 0.4609246551990509
-0.4820622205734253 1.0120099782943726 0.376869797706604
-0.34424591064453125 1.2324802875518799 0.46153876185417175
-0.3630310893058777 1.2108781337738037 0.1848948746919632
-0.0540466345846653 1.1425155401229858 0.6288445591926575
-0.6146393418312073 1.2707085609436035 0.24828499555587769
-0.47838032245635986 0.9809790253639221 0.6376432776451111
-0.4376519024372101 1.0069304704666138 1.0978292226791382
-0.7198041081428528 0.7967430949211121 0.9500312209129333
-0.643530547618866 1.3167986869812012 1.7100359201431274
-0.9270132184028625 0.9147718548774719 1.333978533744812
-0.5402255654335022 1.0155556201934814 1.2776886224746704
0.3833180069923401 1.3310729265213013 -0.23877543210983276
-1.103317141532898 1.274970531463623 0.6579124927520752
-0.8000040054321289 0.9981826543807983 1.0968571901321411
-0.20572175085544586 0.924924373626709 0.7024251818656921
-0.4693053662776947 1.177394986152649 1.587988257408142
-0.6556718945503235 1.226569652557373 0.4401910901069641
-0.7297254800796509 1.2049731016159058 1.8728009462356567
-0.8329117298126221 1.3427746295928955 0.9111108779907227
-0.879615068435669 1.2359875440597534 0.8377286195755005
-0.21890884637832642 1.1562093496322632 1.053162693977356
-0.2722787857055664 1.2078336477279663 1.4996219873428345
-0.537492573261261 1.0825223922729492 0.8054595589637756
-1.0575350522994995 1.0852571725845337 0.8535733222961426
-0.9899113774299622 1.2098034620285034 1.0381063222885132
-0.7639222741127014 1.0755553245544434 0.8409522771835327
-0.8046650886535645 1.0453952550888062 0.6092494130134583
-0.8589751124382019 1.3281382322311401 1.5599966049194336
-0.9684582948684692 1.1685558557510376 1.279363989830017
-0.131769597530365 1.2761262655258179 1.3977253437042236
0.09264461696147919 2.188565969467163 -0.33127617835998535
-0.30362996459007263 1.1990594863891602 0.8120061755180359
-0.444023460149765 1.3756541013717651 1.6766914129257202
-0.6697275638580322 1.2545409202575684 0.7199997901916504
-0.13073788583278656 1.40178382396698 1.4090172052383423
-0.9078319668769836 1.6851333379745483 0.4039270281791687
-0.9119455814361572 1.6331368684768677 0.25426074862480164
-0.7502864599227905 1.109464406967163 1.4667298793792725
-0.7908266186714172 1.419267177581787 1.1368701457977295
-0.30665600299835205 1.3284074068069458 0.7732870578765869
-0.08961059153079987 1.3502942323684692 1.088126540184021
-0.8185853958129883 1.8660836219787598 0.3024956285953522
-0.23045533895492554 1.4517920017242432 1.407735824584961
-0.8490978479385376 1.3859238624572754 1.315138816833496
-0.928248941898346 1.7322142124176025 -0.20451174676418304
-0.5201873183250427 1.4059600830078125 0.9643158912658691
-0.45172396302223206 1.3910685777664185 0.7430315613746643
-0.9918428659439087 1.331045389175415 1.2949042320251465
-1.1581087112426758 1.8717057704925537 -0.11843657493591309
-1.0733263492584229 1.6544135808944702 -0.02733643725514412
-1.2160656452178955 1.7341856956481934 -0.10564792156219482
-0.3277718126773834 1.46026611328125 0.9797171950340271
-0.5725961923599243 1.4056671857833862 1.5238343477249146
0.10454335063695908 2.0388550758361816 -0.34949231147766113
-1.1015504598617554 1.9723691940307617 0.17207464575767517
-1.2830946445465088 1.7726266384124756 0.21745803952217102
-1.2124427556991577 1.6734483242034912 0.1921492964029312
0.1676052212715149 2.117166757583618 -0.4250899851322174
0.1944633424282074 2.0185256004333496 -0.33697545528411865
0.1244654506444931 2.0819435119628906 -0.424145370721817
-0.09065491706132889 2.835663080215454 0.9139550924301147
-0.34536439180374146 1.4974703788757324 1.1455987691879272
-0.5195168256759644 1.5110092163085938 1.1971508264541626
-0.554462194442749 3.0835022926330566 0.6731622815132141
0.04871540144085884 3.1984171867370605 1.1044684648513794
-0.8308364152908325 1.8642066717147827 -0.1328238993883133
0.03458500653505325 2.8801722526550293 0.8449441194534302
-0.3343798518180847 2.8852171897888184 0.7076367735862732
-1.085323691368103 1.7576560974121094 0.40647318959236145
-0.21459302306175232 2.8195223808288574 0.7753162980079651
-0.6952663660049438 1.7595399618148804 0.18666480481624603
-0.03660216182470322 2.870820999145508 0.6211512088775635
-0.4359366297721863 2.9845824241638184 0.8987403512001038
-0.17271065711975098 3.454954147338867 1.0821688175201416
-0.5013725757598877 3.2665560245513916 0.4685693383216858
-0.7940806746482849 1.7019177675247192 -0.019820822402834892
-0.24656358361244202 2.934250831604004 0.9958692193031311
0.15191826224327087 2.950061321258545 0.7023729085922241
-0.07972340285778046 3.09660267829895 0.3550918698310852
-0.4006212055683136 2.9636194705963135 0.5317754149436951
-0.0077187661081552505 2.985626459121704 1.051356315612793
0.20921190083026886 3.104832649230957 0.9116845726966858
-0.4487829804420471 3.1750357151031494 1.0665104389190674
-0.5498354434967041 3.475074529647827 0.927186906337738
-0.1766156405210495 2.9108898639678955 0.49158379435539246
0.24248097836971283 3.181145429611206 0.6570990085601807
0.09826542437076569 3.0637197494506836 0.4656432867050171
0.13229092955589294 3.411884307861328 0.9210780262947083
-0.3411080539226532 3.9061386585235596 0.24587932229042053
-0.26727768778800964 4.078553676605225 0.7507544755935669
-0.3554261028766632 3.0974280834198 0.38555049896240234
-0.5726876258850098 3.2578060626983643 0.873539388179779
-0.19044557213783264 3.7026052474975586 0.2819003462791443
-0.24940145015716553 3.3488550186157227 0.3183850347995758
-0.6367464065551758 3.42716908454895 0.6882583498954773
-0.02687913551926613 3.921393871307373 0.5475461483001709
-0.2675956189632416 5.119457244873047 0.29225173592567444
-0.010301456786692142 3.565701484680176 0.3791273236274719
-0.20816458761692047 3.207420587539673 1.1496131420135498
-0.38317981362342834 3.5294151306152344 0.344590425491333
-0.19807688891887665 4.530166149139404 0.32356807589530945
-0.1011887788772583 3.642084836959839 0.9565367698669434
0.13815993070602417 3.432265281677246 0.6400812268257141
0.02626584842801094 3.3606314659118652 0.40267935395240784
-0.36618566513061523 3.5821621417999268 1.0357623100280762
-0.5783630013465881 4.020303726196289 0.47876566648483276
-0.36818206310272217 3.858258008956909 0.8527021408081055
-0.5190726518630981 3.6913392543792725 0.38854798674583435
-0.10580749809741974 3.9199936389923096 0.7309090495109558
-0.20538510382175446 4.151613712310791 0.24217160046100616
-0.2759992480278015 4.645719528198242 0.3491998016834259
-0.16842922568321228 5.491408348083496 0.3764601945877075
-0.010158199816942215 3.6492419242858887 0.75542813539505
-0.5905764102935791 3.7191789150238037 0.787890613079071
-0.06591266393661499 3.9312846660614014 0.3482624888420105
-0.43113547563552856 5.103418350219727 0.30736106634140015
-0.570313572883606 3.4953904151916504 0.5293037295341492
-0.2659153342247009 5.287491321563721 0.4407650828361511
0.0814228355884552 5.382101058959961 0.906211256980896
-0.16097669303417206 4.385874271392822 0.5286179184913635
-0.421256422996521 5.530588150024414 0.5140461325645447
-0.4942162334918976 5.234511375427246 0.11785908788442612
0.03404342383146286 5.3379034996032715 0.8682004809379578
-0.21225251257419586 5.291471004486084 0.14450177550315857
-0.06539979577064514 4.285066604614258 0.3977506756782532
-0.6715810894966125 5.3900651931762695 0.1464429497718811
0.06803106516599655 5.3281331062316895 0.9067221283912659
-0.3133174180984497 4.953488349914551 0.3130943775177002
-0.3463488519191742 4.445275783538818 0.5186190605163574
-0.33793777227401733 5.645242214202881 -0.11388877034187317
-0.19506782293319702 5.563199996948242 -0.005750033538788557
-0.38039299845695496 4.23651123046875 0.6607028841972351
-0.12049409747123718 5.6114959716796875 0.21440750360488892
-0.4298509359359741 4.111467361450195 0.27065151929855347
-0.3809974789619446 5.328910827636719 -0.012515458278357983
-0.5717732310295105 5.332828998565674 0.34111860394477844
-0.5049340128898621 5.656609535217285 -0.1523258537054062
-0.42428937554359436 5.7511982917785645 0.5109936594963074
-0.648315966129303 6.921696662902832 1.010707139968872
-0.5983589291572571 5.457582473754883 -0.050479449331760406
-0.31719771027565 5.9025349617004395 -0.014914898201823235
-0.7288884520530701 5.510848522186279 0.3090653419494629
-0.6751973628997803 6.8903913497924805 0.9534896016120911
-0.7035642266273499 5.723291397094727 -0.027539238333702087
-0.3608311414718628 7.145573139190674 0.7483257055282593
-0.456458181142807 6.001220226287842 0.30252575874328613
-0.6452020406723022 5.707291603088379 0.44202864170074463
-0.17659346759319305 5.8405232429504395 0.3078600764274597
0.25790125131607056 7.242318153381348 0.9840013384819031
0.23531731963157654 6.970369815826416 0.8142979741096497
-0.5366538166999817 6.001356601715088 0.020901871845126152
-0.31325966119766235 6.0511956214904785 0.2047351449728012
-0.012916196137666702 6.774533271789551 0.7808162569999695
-0.2890409529209137 6.930215835571289 0.9731695055961609
-0.7265221476554871 7.100169658660889 0.9485806822776794
-0.25200971961021423 7.004833221435547 0.6741606593132019
-0.03447020798921585 6.747804641723633 0.9259551167488098
-0.1404084712266922 7.170916557312012 -0.31956398487091064
-0.3554110527038574 7.163512706756592 1.0314877033233643
0.25567343831062317 7.018675804138184 1.045069932937622
0.10232128202915192 7.006514072418213 1.1614633798599243
-0.7546886205673218 5.747200012207031 0.2357192188501358
-0.02290966920554638 6.792749881744385 1.026689887046814
0.16166798770427704 7.6593403816223145 -0.030038034543395042
-0.08476876467466354 6.996747016906738 1.1456561088562012
-0.02555502951145172 7.230160713195801 1.1472721099853516
-0.7683973908424377 6.9815897941589355 0.935400128364563
-0.5005562901496887 8.421358108520508 0.2383037507534027
-0.027092430740594864 7.780490875244141 -0.1575760841369629
-0.7040888071060181 8.094354629516602 0.32486802339553833
0.0634501650929451 7.571259021759033 -0.06882436573505402
-0.21536175906658173 7.271348476409912 0.7768686413764954
-0.7214314937591553 8.107555389404297 0.3604443073272705
-0.5847330093383789 6.809360504150391 0.8629437685012817
-0.09565578401088715 6.8749918937683105 0.6801602244377136
0.06955447793006897 6.767092227935791 0.8311806321144104
-0.7526946663856506 8.18775749206543 -0.07338380813598633
0.04855608940124512 7.664728164672852 -0.006681811064481735
-0.5684175491333008 8.316446304321289 -0.06589431315660477
-0.561988115310669 8.270450592041016 0.027484888210892677
0.1311207413673401 7.689115524291992 -0.15051338076591492
-0.8885350227355957 8.007160186767578 0.16526688635349274
0.17579899728298187 7.1767449378967285 0.7742192149162292
-0.8612183332443237 8.017990112304688 0.09660845994949341
-0.6026114225387573 8.479350090026855 -0.1866273581981659
-1.0393052101135254 8.242891311645508 0.011948831379413605
0.31895291805267334 8.76919937133789 0.8830822110176086
-1.011832594871521 8.454601287841797 -0.056739162653684616
-0.8632832169532776 8.266580581665039 -0.16419002413749695
-0.5715797543525696 8.65925121307373 -0.25472185015678406
0.2913356125354767 8.535752296447754 0.9436233639717102
-0.9868493676185608 8.097148895263672 0.33149397373199463
-0.32346946001052856 9.10058879852295 0.11647520214319229
0.26161304116249084 8.629467964172363 1.013610601425171
0.052103664726018906 7.58729362487793 0.02070140838623047
0.3347215950489044 8.543514251708984 0.9352478384971619
-0.9162356853485107 8.233893394470215 0.21723441779613495
0.1711900681257248 8.586560249328613 1.019512414932251
-0.8968420028686523 9.121274948120117 1.2589036226272583
-0.895233690738678 9.148665428161621 1.4656546115875244
-0.48786309361457825 8.94249153137207 0.3358180820941925
-1.0634899139404297 9.4077730178833 1.1769134998321533
-0.44407039880752563 8.804601669311523 0.20976632833480835
-0.47720110416412354 8.86392593383789 0.17103540897369385
-0.4774918854236603 8.775931358337402 0.04602733999490738
-1.0162051916122437 8.614456176757812 0.05238844081759453
-0.8117384910583496 8.627671241760254 -0.2278650999069214
-0.9088516235351562 9.11918830871582 1.4026724100112915
-0.9649253487586975 9.16521167755127 1.2344400882720947
0.1979014277458191 8.632293701171875 0.8309426307678223
-0.7482379078865051 8.690471649169922 0.20617392659187317
-0.9034565687179565 8.815136909484863 0.048202015459537506
-0.5159873366355896 8.995707511901855 -0.1397051215171814
0.052441298961639404 8.569537162780762 0.7040016651153564
-0.7078374028205872 9.159262657165527 0.21299931406974792
-0.8347790837287903 9.317558288574219 1.6286249160766602
-0.984898030757904 9.33586311340332 1.5674489736557007
-0.4717518389225006 9.126599311828613 0.2591477930545807
-0.263545960187912 9.692017555236816 0.11229044198989868
-0.6779142022132874 9.078493118286133 -0.11779927462339401
-0.4371437132358551 9.410831451416016 -0.1491330862045288
-0.7112067341804504 9.202776908874512 1.3244540691375732
-0.380878746509552 9.742740631103516 0.1855502426624298
-0.3141201436519623 9.657524108886719 -0.31077688932418823
-0.5763054490089417 9.713760375976562 0.11249518394470215
-0.7203487157821655 9.256580352783203 0.044714637100696564
-0.5396621823310852 9.443838119506836 0.21720166504383087
-0.18081121146678925 9.662983894348145 -0.2152647078037262
-0.5301732420921326 9.511046409606934 -0.25173187255859375
0.3289467394351959 10.036778450012207 1.054117202758789
-0.5787166357040405 9.828768730163574 -0.2311466485261917
-0.19659453630447388 9.845123291015625 -0.036391958594322205
-0.8204430341720581 9.477913856506348 1.3339322805404663
0.09116644412279129 10.152486801147461 0.8913349509239197
-0.6768935322761536 9.60787296295166 0.08146283775568008
-0.2644566595554352 9.893550872802734 -0.342916339635849
-1.270983338356018 10.406902313232422 0.5496470332145691
-0.7419096231460571 9.423450469970703 1.4671614170074463
0.25661471486091614 10.201639175415039 0.7351263165473938
0.26717525720596313 10.079887390136719 0.8433927297592163
-0.11636776477098465 9.955686569213867 -0.09045452624559402
-0.769169270992279 9.638182640075684 0.0423433892428875
0.37955743074417114 10.102988243103027 1.0119634866714478
0.027818262577056885 10.200613975524902 -0.043202973902225494
0.1338663101196289 10.265254020690918 1.1275454759597778
0.41072505712509155 10.394767761230469 0.9506396651268005
0.4038703143596649 10.294600486755371 0.8296741843223572
-0.9739753603935242 10.392746925354004 0.3382604122161865
-0.26487937569618225 10.638945579528809 1.183498501777649
-1.0614256858825684 10.353499412536621 0.3236336410045624
0.3402671217918396 10.451334953308105 1.1455882787704468
-0.31409305334091187 10.008162498474121 -0.24615298211574554
-0.954773485660553 10.461328506469727 0.16665855050086975
0.029566023498773575 10.370649337768555 1.0239720344543457
-0.22951465845108032 10.615410804748535 1.001387596130371
0.2625289559364319 10.42080307006836 0.016383707523345947
0.006054959259927273 10.489323616027832 1.0381298065185547
0.20175255835056305 10.645495414733887 0.08463957160711288
-0.6297174096107483 10.856695175170898 0.40996208786964417
-1.2040258646011353 10.681687355041504 0.7431068420410156
-1.2769807577133179 10.849725723266602 0.8114733099937439
-0.4989169239997864 10.743584632873535 -0.24525228142738342
0.2505786716938019 10.627304077148438 0.047515783458948135
-0.31456422805786133 10.804412841796875 -0.2219456136226654
-1.162013292312622 10.722222328186035 0.494439959526062
-0.5563635230064392 10.837224960327148 0.01236746460199356
-0.34228643774986267 10.781004905700684 0.9548290967941284
0.4710681438446045 10.928793907165527 0.30012303590774536
-0.5141386985778809 10.932476043701172 -0.07928036153316498
-0.6619106531143188 10.94888687133789 -0.27205660939216614
-0.4434806704521179 10.951801300048828 0.6050602793693542
-0.3279370665550232 10.87122917175293 0.9293017983436584
-1.309689998626709 11.0071439743042 1.1545921564102173
-0.7995784282684326 11.12559986114502 -0.22439730167388916
-0.6742748022079468 10.99361801147461 -0.37745237350463867
-1.0121833086013794 11.063695907592773 0.760740339756012
-1.2838389873504639 11.039680480957031 0.8462038636207581
0.23017103970050812 11.17601203918457 -0.021060466766357422
-0.8116089105606079 11.10016918182373 0.402505099773407
-1.2758116722106934 11.224810600280762 1.3182437419891357
-1.1199367046356201 11.282410621643066 0.06888397783041
-0.9105203151702881 11.263917922973633 -0.25035321712493896
0.05033285915851593 11.300416946411133 0.3098524808883667
-0.551607608795166 11.176223754882812 1.1646097898483276
-1.143302083015442 11.318876266479492 0.02488960325717926
-0.283847838640213 11.261664390563965 0.032787494361400604
-0.2193388193845749 11.328371047973633 0.7490778565406799
0.32634422183036804 11.290135383605957 0.22195912897586823
-1.1634215116500854 11.425555229187012 0.07241155207157135
-0.6513646245002747 11.334311485290527 -0.12407514452934265
-1.2825636863708496 11.359375 1.3088221549987793
0.3044826090335846 11.403627395629883 -0.08863817900419235
-0.025323428213596344 11.429132461547852 1.0725094079971313
0.5428058505058289 11.502679824829102 1.4562063217163086
-1.1586238145828247 11.455876350402832 -0.14422579109668732
0.15542720258235931 11.517712593078613 0.511680006980896
0.20916123688220978 11.487192153930664 0.4894448220729828
-0.8655540943145752 11.497483253479004 0.6294001340866089
-0.8230032324790955 11.519421577453613 0.37097036838531494
-0.5158034563064575 11.537576675415039 0.42295336723327637
0.19516853988170624 11.557269096374512 0.7604929804801941
-0.007058339659124613 11.560648918151855 0.07781897485256195
-1.0869194269180298 11.575983047485352 0.9439963102340698
