1163
-2.3863754272460938 0.2845063805580139 1.5951242446899414
-2.386474609375 0.2846065163612366 -0.759841799736023
-2.3863744735717773 0.5885257124900818 0.6374568343162537
0.9210299253463745 0.5239965915679932 -0.8891050815582275
-2.124241590499878 0.284606397151947 0.045294389128685
-1.3411705493927002 0.2846062183380127 -1.205398678779602
-0.3907407224178314 0.284606397151947 1.237656831741333
-1.01125967502594 0.284606397151947 -0.9415223002433777
-0.9655792713165283 0.2846066951751709 -1.2053987979888916
0.9210305213928223 0.2845063805580139 -1.2053391933441162
-2.386474609375 0.2846064567565918 -0.2644314765930176
-2.386474609375 0.2846064567565918 0.27017903327941895
-2.386474609375 0.28460633754730225 -0.4963330030441284
-1.798279881477356 0.28460609912872314 2.141308307647705
-2.386474609375 0.2846064567565918 -0.016788244247436523
-2.3863754272460938 0.2845063805580139 0.6732635498046875
0.6549627780914307 0.2845063805580139 -1.2052973508834839
-0.5575599670410156 0.28460657596588135 -1.2053989171981812
-2.1179451942443848 0.284606397151947 1.340003490447998
0.12544430792331696 0.28460633754730225 2.141308307647705
0.9211299419403076 0.2846064567565918 -0.8913946151733398
0.9211299419403076 0.2846064567565918 -0.7429900169372559
-2.386474609375 0.28460633754730225 0.12319302558898926
-1.5644092559814453 0.284606397151947 1.8702096939086914
-0.43401575088500977 0.28460633754730225 -1.2053989171981812
-2.3704466819763184 0.28460633754730225 2.141308307647705
-2.386474609375 0.28460633754730225 -0.13632285594940186
0.9211299419403076 0.2846064567565918 -0.9968008995056152
-2.1663339138031006 0.284606397151947 1.704006552696228
-1.0951931476593018 0.2846064567565918 -1.205398678779602
0.9211300611495972 0.2846064567565918 1.3635594844818115
0.9210300445556641 0.5660619139671326 1.5229992866516113
-1.9277911186218262 0.284606397151947 1.711578607559204
-2.3863744735717773 0.5486394762992859 1.7316029071807861
-2.180436134338379 0.2845063805580139 2.141206741333008
0.9210313558578491 0.2845063805580139 -0.6780710816383362
-2.386474609375 0.2846065163612366 -0.635956883430481
0.9211055040359497 0.284606397151947 -1.2053993940353394
-2.386474609375 0.28460657596588135 -0.873622477054596
-1.9468803405761719 0.2845063805580139 2.141207695007324
0.9210290908813477 0.2845063805580139 0.8816757202148438
-1.4520635604858398 0.2845063805580139 -1.205301284790039
0.29450786113739014 0.284606397151947 1.5448060035705566
-0.5840206742286682 0.284606397151947 -0.9673491716384888
0.3896983861923218 0.2846064567565918 -1.2053991556167603
-2.386474370956421 0.2845876216888428 2.141207695007324
-2.165363311767578 0.284606397151947 0.9399248361587524
-0.43507120013237 0.284606397151947 -0.8110138177871704
-2.386474609375 0.5860633254051208 -1.2052984237670898
-2.3863751888275146 0.29225683212280273 -1.2053983211517334
-1.7151267528533936 0.284606397151947 -0.537783145904541
-1.4937143325805664 0.284606397151947 -0.9188524484634399
-2.3863754272460938 0.2845063805580139 1.6887540817260742
-1.988982081413269 0.284606397151947 -0.683093786239624
0.9210300445556641 0.2845063805580139 2.037350654602051
-1.9109693765640259 0.284606397151947 1.3512792587280273
0.33224716782569885 0.284606397151947 -0.9345682859420776
-1.5378589630126953 0.2845063805580139 -1.205301284790039
-2.386474609375 0.2846064567565918 0.5228102207183838
-1.661301851272583 0.284606397151947 -0.7296945452690125
-0.06588668376207352 0.284606397151947 -0.9934039115905762
-1.2570594549179077 0.284606397151947 -0.9846639037132263
-1.8779659271240234 0.2845063805580139 -1.2052993774414062
-2.3863847255706787 0.2846064567565918 -1.2053983211517334
0.9210300445556641 0.2845063805580139 1.7740087509155273
-2.386474370956421 0.2846062183380127 1.7974333763122559
-2.039884090423584 0.284606397151947 1.8909074068069458
0.9210300445556641 0.2845063805580139 1.1058549880981445
-0.11841869354248047 0.2845063805580139 2.141206741333008
-2.386474609375 0.28460633754730225 -0.3777468204498291
0.5508769154548645 0.28460636734962463 2.141308307647705
0.9210281372070312 0.2845063805580139 2.141206741333008
-2.386474370956421 0.2846066951751709 1.4842183589935303
0.9210309982299805 0.2845063805580139 1.6777400970458984
0.666824460029602 0.284606397151947 1.8723962306976318
-1.2225074768066406 0.2845063805580139 -1.205301284790039
-1.9749130010604858 0.284606397151947 -0.13665099442005157
0.9210300445556641 0.2845063805580139 1.4641904830932617
0.9211300611495972 0.284606397151947 1.5733721256256104
-1.872898817062378 0.284606397151947 1.1668226718902588
-2.1314797401428223 0.284606397151947 0.7329395413398743
-1.3234796524047852 0.2845063805580139 2.141206741333008
0.9210304021835327 0.2845063805580139 -0.5855684876441956
0.9210717082023621 0.28460636734962463 2.141308307647705
-2.386474370956421 0.2846066951751709 0.9366872310638428
-1.7728204727172852 0.2845063805580139 -1.205301284790039
-1.3015015125274658 0.284606397151947 -0.794906735420227
0.9211300611495972 0.2846064567565918 1.8781578540802002
0.2627381682395935 0.8099875450134277 2.1412081718444824
-0.37187767028808594 0.2845063805580139 2.141207695007324
-0.013044238090515137 0.2845063805580139 -1.2052977085113525
-1.676778793334961 0.2845063805580139 -1.2053003311157227
-1.9567599296569824 0.284606397151947 -0.9013723731040955
-1.884859323501587 0.5587152242660522 -1.2052985429763794
0.5979182124137878 0.284606397151947 0.43739327788352966
-1.4468599557876587 0.2846078872680664 2.141308307647705
-1.9549899101257324 0.2846064567565918 -1.205398440361023
-0.6602993011474609 0.2845063805580139 2.141207695007324
-2.386474370956421 0.6808981895446777 2.1412081718444824
-2.386474370956421 0.2846064567565918 1.3113374710083008
-0.7713985443115234 0.2845063805580139 2.141207695007324
0.9210301637649536 0.2845063805580139 0.6520711779594421
-2.3863744735717773 0.2845063805580139 1.9155998229980469
-2.108513116836548 0.284606397151947 1.144279956817627
0.9210304021835327 0.2845063805580139 0.040742427110672
-2.3599541187286377 0.2846066951751709 -1.2053983211517334
-2.3863744735717773 0.5244958996772766 1.236613154411316
-0.6961641907691956 0.2845063805580139 -1.2052981853485107
-0.8812789916992188 0.2845063805580139 2.141206741333008
0.6749734878540039 0.2845063805580139 2.1412086486816406
-2.386474370956421 0.2846062183380127 1.1820738315582275
-0.9573566317558289 0.284606397151947 1.72602117061615
-2.3863742351531982 0.7994532585144043 -1.2053983211517334
0.9211300015449524 0.28460657596588135 0.12703657150268555
-2.1695520877838135 0.284606397151947 0.5237299799919128
-1.690913200378418 0.2845063805580139 2.141207695007324
-2.386474609375 0.2846066951751709 -1.0041584968566895
-2.1464169025421143 0.2846064567565918 -1.205398440361023
-2.3863754272460938 0.2845063805580139 1.0597400665283203
0.9210299849510193 0.5451554656028748 -0.5534123182296753
-0.5828304886817932 0.284606397151947 1.9093457460403442
-1.2900220155715942 0.284606397151947 1.8734182119369507
-1.730377435684204 0.284606397151947 -0.9320734739303589
-2.160691738128662 0.284606397151947 -0.8449082970619202
-2.174741506576538 0.284606397151947 -0.20088814198970795
-1.794312596321106 0.284606397151947 1.854822039604187
-0.8959517478942871 0.2846062183380127 -1.2053987979888916
-2.020845651626587 0.2846064567565918 -1.205398440361023
0.06747414171695709 0.5930251479148865 -1.2052991390228271
0.4101346731185913 0.2846064567565918 2.141308307647705
0.9210302233695984 0.7708041071891785 -1.2053993940353394
-1.571150779724121 0.2845063805580139 2.141206741333008
-2.3863723278045654 0.9090854525566101 -1.2053983211517334
-2.0487661361694336 0.2845063805580139 2.141206741333008
-0.3503119945526123 0.28460633754730225 -1.2053989171981812
0.9211300611495972 0.28460657596588135 1.2187296152114868
0.622768223285675 0.284606397151947 -0.15461155772209167
0.9210302233695984 0.5344774127006531 -1.2053993940353394
-1.9412082433700562 0.284606397151947 0.6094754934310913
0.9210299253463745 0.2845063805580139 -0.25472572445869446
0.2684926986694336 0.2846064567565918 -1.2053991556167603
-0.8173568248748779 0.2846064567565918 -1.2053987979888916
-0.008473202586174011 0.2846064567565918 2.141308307647705
-0.2711954116821289 0.2846064567565918 -1.2053989171981812
0.8252172470092773 0.2845063805580139 -1.2053000926971436
0.5608511567115784 0.284606397151947 -0.9351821541786194
-0.8161710500717163 0.284606397151947 1.920281171798706
0.9210303425788879 0.2845063805580139 0.25127163529396057
-1.0804224014282227 0.2845063805580139 2.141207695007324
0.28366947174072266 0.2845063805580139 2.1412086486816406
0.4581303000450134 0.284606397151947 1.1993703842163086
0.11452603340148926 0.2846064567565918 -1.2053991556167603
-2.386375665664673 0.9002656936645508 2.141308307647705
-1.630738615989685 0.5408221483230591 -1.2052985429763794
0.9211300015449524 0.28460657596588135 0.5540666580200195
-0.25317224860191345 0.284606397151947 1.701196312904358
-1.8701558113098145 0.28460991382598877 2.141308307647705
-0.6090171933174133 0.4913340210914612 -1.205298900604248
0.5350039005279541 0.28460657596588135 -1.2053992748260498
0.4118863046169281 0.284606397151947 1.899251937866211
-0.5819993615150452 0.28460636734962463 2.141308307647705
-0.49237060546875 0.2845063805580139 2.141207695007324
0.4687114953994751 0.2845063805580139 -1.2053003311157227
-0.16713468730449677 0.284606397151947 0.8836237192153931
0.6656042337417603 0.284606397151947 -0.3489488363265991
0.1869373321533203 0.2845063805580139 -1.2052994966506958
0.05572640523314476 0.284606397151947 0.18650415539741516
-1.2032232284545898 0.2845063805580139 2.141207695007324
-0.12060914188623428 0.284606397151947 1.9130679368972778
0.9210304021835327 0.2845063805580139 -0.057567987591028214
0.9210284352302551 0.2845063805580139 0.7842827439308167
0.11260749399662018 0.284606397151947 -0.8878458738327026
0.9210300445556641 0.2845063805580139 -0.4810248911380768
-1.890379548072815 0.284606397151947 0.25850602984428406
-2.3863754272460938 0.2845063805580139 0.4004831314086914
0.9211300015449524 0.2846064567565918 -0.3695981502532959
0.2811409831047058 0.284606397151947 -0.579284131526947
0.6237096786499023 0.284606397151947 1.4057750701904297
0.9210301041603088 0.32323408126831055 2.141308307647705
-0.29416918754577637 0.284606397151947 -0.6785398125648499
-1.4769009351730347 0.284606397151947 -0.71355140209198
-0.7935826182365417 0.284606397151947 -0.9125515818595886
0.14091505110263824 0.284606397151947 1.6757850646972656
-0.045404113829135895 0.284606397151947 1.7469652891159058
0.6863855123519897 0.284606397151947 -0.7913739085197449
0.9210331439971924 0.2845063805580139 0.42403537034988403
-0.30536818504333496 0.284606397151947 -0.9474353790283203
-0.08077617734670639 0.284606397151947 -0.6515406966209412
0.6466060280799866 0.284606397151947 -0.5742075443267822
-1.3304169178009033 0.284606397151947 -0.5956212878227234
-2.101578712463379 0.284606397151947 0.276622474193573
-1.9270479679107666 0.284606397151947 0.8050402402877808
-1.1109174489974976 0.5315387845039368 2.1412081718444824
-2.055328607559204 0.284606397151947 1.5391508340835571
0.6985544562339783 0.284606397151947 1.6108511686325073
-2.386474609375 0.28460657596588135 -0.5698931217193604
-2.112946033477783 0.284606397151947 -0.556666374206543
0.9211300611495972 0.2846062183380127 1.2845877408981323
0.03438242897391319 0.284606397151947 -0.5300136804580688
-1.8647762537002563 0.284606397151947 1.5517818927764893
-2.386451005935669 0.2846062183380127 2.141308307647705
-1.777040719985962 0.284606397151947 0.9757553935050964
0.48417186737060547 0.2845063805580139 2.141207695007324
0.9211301207542419 0.8391137719154358 2.141209840774536
-2.3863744735717773 0.7137827277183533 1.864804744720459
-2.3863744735717773 0.2845063805580139 0.8571491241455078
-0.7342749834060669 0.284606397151947 -0.40594014525413513
-0.2668752670288086 0.2845063805580139 2.141207695007324
-1.831618070602417 0.284606397151947 -0.7443947792053223
-2.386474609375 0.44705408811569214 -1.2052984237670898
-1.7001577615737915 0.284606397151947 1.6798312664031982
-2.3863744735717773 0.564277172088623 -0.3884683847427368
-2.3863744735717773 0.5206822752952576 -0.850817859172821
-1.501654028892517 0.284606397151947 1.3294548988342285
-1.447360634803772 0.284606397151947 1.1279093027114868
-2.3863744735717773 1.114042043685913 -1.0585532188415527
-1.3354418277740479 0.4992617964744568 -1.205298662185669
-2.38637638092041 0.2845063805580139 0.1927318572998047
-0.5679097771644592 0.7259916067123413 -1.205298900604248
-2.027040481567383 0.284606397151947 -0.36071789264678955
-1.8574104309082031 0.284606397151947 -0.27167975902557373
-2.3863744735717773 0.5941234827041626 1.0588915348052979
-1.9303418397903442 0.284606397151947 0.06480809301137924
-1.8775583505630493 0.284606397151947 -0.5072723031044006
-0.7788845896720886 0.284606397151947 1.7135810852050781
0.4875146746635437 0.284606397151947 -0.7142185568809509
-1.5234960317611694 0.284606397151947 -0.5011770129203796
0.9211299419403076 0.6519031524658203 -1.2052998542785645
-1.7156537771224976 0.284606397151947 1.2674592733383179
-1.9730796813964844 0.284606397151947 0.4346821904182434
0.5728107690811157 0.5611015558242798 -1.2052992582321167
0.10336019098758698 0.284606397151947 -0.17362362146377563
0.20368346571922302 0.2846065163612366 2.141308307647705
0.9210300445556641 0.2845063805580139 0.9909877777099609
0.2928042709827423 0.284606397151947 0.5643566250801086
-2.3431785106658936 1.0326825380325317 -1.2052984237670898
-1.0772801637649536 0.5511082410812378 -1.2052987813949585
-0.9843645095825195 0.2845063805580139 2.141207695007324
-0.9053502678871155 0.284606397151947 -0.7386875748634338
-1.2809704542160034 0.284606397151947 1.70448637008667
-2.3863744735717773 0.4884665310382843 -0.1374719887971878
0.9211299419403076 0.3976724147796631 -1.2052991390228271
-1.8765606880187988 0.7400909066200256 2.1412081718444824
-1.075016736984253 0.284606397151947 1.3011837005615234
-2.386474370956421 0.5646514892578125 2.141207695007324
-1.700327754020691 0.284606397151947 -0.3023855686187744
0.9211301207542419 0.4885338246822357 2.1412081718444824
-1.4734095335006714 0.284606397151947 1.7168400287628174
0.10052429884672165 0.284606397151947 0.42650482058525085
-1.0806728601455688 0.284606397151947 0.8813951015472412
-2.3863744735717773 0.7404646277427673 -0.9038769602775574
-0.99052494764328 0.284606397151947 1.5185049772262573
-2.386474609375 0.6986636519432068 -1.2052984237670898
-2.386373996734619 0.45395445823669434 2.141308307647705
-2.3863744735717773 1.0530765056610107 2.017529249191284
-2.386474370956421 0.7920358180999756 2.1412088871002197
-0.5072788000106812 0.589746356010437 2.1412081718444824
-0.1500353068113327 0.5292559862136841 -1.2052990198135376
0.9210300445556641 0.583873450756073 0.9522615671157837
-2.3863744735717773 0.39988431334495544 0.505818247795105
0.9211301207542419 0.6171246767044067 2.1412081718444824
0.6365882754325867 0.7737141847610474 -1.2052992582321167
-0.1894969940185547 0.2845063805580139 2.141206741333008
0.9210300445556641 0.5554007887840271 1.7622824907302856
0.9211300015449524 0.2846064567565918 0.3449115753173828
0.9210293292999268 0.2845063805580139 -0.16340383887290955
-2.3863744735717773 0.6584304571151733 0.0025865111965686083
-0.8850200772285461 0.284606397151947 0.15088476240634918
-1.9345028400421143 0.7636094689369202 -1.2052985429763794
-2.3863744735717773 0.5918828248977661 -0.6392068862915039
-1.1857658624649048 0.284606397151947 1.4604610204696655
-1.3322407007217407 0.284606397151947 -0.3972562551498413
-2.386474370956421 0.2846064567565918 1.394191026687622
-0.011310453526675701 0.284606397151947 -0.312423437833786
0.4615156948566437 0.284606397151947 -0.3502368628978729
0.13823948800563812 0.284606397151947 1.898287296295166
-0.5066410303115845 0.284606397151947 -0.6462910175323486
-1.7817355394363403 0.284606397151947 -0.062440067529678345
0.9211301207542419 0.9376538395881653 2.141209602355957
-0.8238975405693054 0.5987294316291809 -1.205298900604248
0.9210300445556641 0.5456104874610901 0.6855941414833069
-1.6277364492416382 0.284606397151947 1.0965309143066406
-2.0224928855895996 0.5806771516799927 2.1412081718444824
-2.3863744735717773 0.5334956049919128 0.8457880616188049
-1.384140968322754 0.2845063805580139 2.141206741333008
-2.3863744735717773 0.7199339866638184 -0.2627195417881012
-1.3473619222640991 0.284606397151947 1.5115236043930054
-2.1112759113311768 0.6149356961250305 -1.2052984237670898
-0.7829989194869995 0.5882768630981445 2.1412081718444824
-0.6422868371009827 0.284606397151947 1.5863583087921143
-0.26647505164146423 0.284606397151947 0.0212507713586092
0.6456916928291321 0.6580901741981506 2.1412081718444824
0.9210383892059326 0.889258086681366 -1.2053992748260498
0.9208950400352478 0.9946508407592773 -1.2015129327774048
0.9210299849510193 0.6448726654052734 -0.3522086441516876
0.9210300445556641 0.7521451115608215 1.8503705263137817
-2.3863744735717773 0.6543657779693604 0.3748432993888855
0.9210299253463745 0.6738360524177551 -0.7086251378059387
0.9210300445556641 0.7548747062683105 1.6101897954940796
0.9210299849510193 0.580919086933136 0.1851969063282013
-1.1945527791976929 0.284606397151947 -0.2985236346721649
0.4334073066711426 0.284606397151947 -0.13238471746444702
-2.3863744735717773 0.8134324550628662 1.7023690938949585
0.6439889669418335 0.284606397151947 1.1716299057006836
0.04557471349835396 0.284606397151947 1.5440492630004883
0.4515223801136017 0.5856965780258179 2.1412081718444824
0.9210299253463745 0.787473201751709 -0.8735800385475159
-2.0817487239837646 0.7890205979347229 2.1412081718444824
-1.347094178199768 0.5981847047805786 2.1412081718444824
0.9210302233695984 0.7375016212463379 2.141308307647705
-0.09264439344406128 0.3175086975097656 2.6943628787994385
-1.7742295265197754 0.284606397151947 0.4238455295562744
0.5034546852111816 0.284606397151947 1.7059396505355835
0.9210300445556641 0.5903844237327576 1.1963387727737427
0.9210299849510193 0.7774037718772888 0.28513363003730774
0.9210300445556641 0.9693859219551086 1.746442198753357
-2.0047175884246826 1.0100691318511963 2.1412081718444824
-2.3863744735717773 0.5768788456916809 1.5177825689315796
-1.297189474105835 0.284606397151947 1.264990210533142
-0.8046771287918091 0.284606397151947 1.498573660850525
-2.3863744735717773 0.742380678653717 1.319859504699707
-2.3863744735717773 0.790268063545227 1.5112168788909912
-2.3863744735717773 0.7925882339477539 -0.7141433954238892
-1.0623278617858887 0.284606397151947 1.9069149494171143
0.24944745004177094 0.5949623584747314 2.1412081718444824
-0.6662887930870056 0.284606397151947 -0.753219723701477
-1.70656418800354 0.284606397151947 1.4797264337539673
-2.3863744735717773 0.7784293293952942 0.9606621861457825
-1.741821050643921 0.284606397151947 0.16569440066814423
-1.541466474533081 0.6094433665275574 2.1412081718444824
-0.3579427897930145 0.284606397151947 1.8663737773895264
-0.8545608520507812 0.749839723110199 2.5411875247955322
-1.428825855255127 0.284606397151947 0.30302268266677856
-1.1038963794708252 0.284606397151947 -0.7614666223526001
-1.2643152475357056 1.04233980178833 2.1412081718444824
-0.3750292956829071 0.6100418567657471 -1.2052990198135376
-1.2231236696243286 0.7151687145233154 -1.2052987813949585
-2.3863744735717773 1.046697974205017 1.36324942111969
-2.058746576309204 0.9044106006622314 -1.2052984237670898
-2.377650022506714 1.0776050090789795 1.8023428916931152
0.7395631074905396 0.284606397151947 0.6151278018951416
-0.015712061896920204 0.6087042689323425 2.1412081718444824
0.11193615198135376 0.284606397151947 -0.7044554948806763
-0.010837703011929989 0.749839723110199 2.5677971839904785
0.3051518201828003 0.5815597176551819 -1.2052992582321167
-2.3863744735717773 0.7906732559204102 0.5148603320121765
0.9210299849510193 0.5545533895492554 -0.13656912744045258
0.45955339074134827 1.2488116025924683 1.980035662651062
-2.1019930839538574 0.8973469138145447 -0.003565198741853237
-1.4475696086883545 0.6964266896247864 -1.205298662185669
0.6758716106414795 0.284606397151947 0.039603013545274734
-0.14035117626190186 0.2845063805580139 -1.205297827720642
-0.6573432087898254 0.3264438807964325 2.692436695098877
0.9210299849510193 0.599265456199646 0.4270809590816498
-1.9880362749099731 0.8984701633453369 1.8258328437805176
-1.0630593299865723 0.284606397151947 0.2919521629810333
-2.0469462871551514 0.754138171672821 -0.2825181782245636
-1.684868574142456 0.7893909215927124 2.1412081718444824
0.39942237734794617 0.284606397151947 1.3788623809814453
0.4807717204093933 0.9147976040840149 -1.2052992582321167
-1.818232774734497 1.2214388847351074 -0.9102930426597595
-1.5911489725112915 0.284606397151947 0.5739378929138184
-1.7648735046386719 0.284606397151947 0.663640558719635
-1.603450894355774 0.284606397151947 -0.07188516110181808
-1.1608604192733765 0.7319512963294983 2.1412081718444824
-1.6649855375289917 0.284606397151947 0.8358744978904724
-1.7950589656829834 1.0309464931488037 2.1412081718444824
-2.3863744735717773 0.8223596215248108 -0.08127188682556152
0.4436313807964325 0.284606397151947 -0.534256100654602
-1.5634149312973022 0.284606397151947 0.1584966778755188
-2.375454902648926 1.0779117345809937 -0.8671451807022095
0.365368515253067 0.7487931847572327 -1.2052992582321167
-1.7707980871200562 0.5615083575248718 2.1412081718444824
0.9210299849510193 0.7181274890899658 0.044981226325035095
0.9210299849510193 0.76241135597229 -0.18336792290210724
-1.5213314294815063 0.284606397151947 1.5415880680084229
-1.9640225172042847 0.284606397151947 0.9953497052192688
0.4871343672275543 0.284606397151947 1.5380982160568237
-2.3863744735717773 0.7763457894325256 0.746712327003479
-0.8552201986312866 0.749839723110199 2.490525245666504
-0.4217490255832672 0.284606397151947 2.699855089187622
-0.7578726410865784 0.284606397151947 1.0594712495803833
0.4228675663471222 0.284606397151947 0.3917851150035858
-2.0402190685272217 0.678267776966095 -0.6224052906036377
-1.7560771703720093 0.7340418696403503 -1.2052985429763794
-2.3863744735717773 0.7600105404853821 -0.5021648406982422
-1.430190086364746 0.7964536547660828 2.1412081718444824
-2.3863744735717773 0.5662988424301147 0.18251298367977142
-1.2769743204116821 0.284606397151947 0.16149623692035675
-1.3161871433258057 0.9019635915756226 -1.205298662185669
-1.2794760465621948 0.284606397151947 0.4034923017024994
-0.2828463315963745 0.6088983416557312 2.1412081718444824
-2.3863744735717773 0.8754485845565796 1.1642817258834839
-1.4807844161987305 0.284606397151947 0.7504170536994934
-2.106597661972046 0.864371120929718 0.9404941201210022
0.3152918815612793 0.284606397151947 1.7403157949447632
0.4660801887512207 1.0777595043182373 -1.1925063133239746
-1.451874017715454 0.284606397151947 0.9454023838043213
-1.4329183101654053 0.6775679588317871 1.7771540880203247
-0.531771183013916 0.284606397151947 1.7280614376068115
-2.0758070945739746 0.8517653346061707 -0.8137778639793396
-2.181032419204712 1.1395926475524902 -1.1896469593048096
-0.7840219140052795 0.29503461718559265 2.9235010147094727
-0.3607950508594513 0.3212793469429016 3.129371166229248
-1.2178608179092407 0.886725902557373 2.0556468963623047
-2.052717447280884 0.7638562321662903 1.4385486841201782
-1.8862862586975098 0.6478093266487122 1.7466992139816284
-1.5858092308044434 0.284606397151947 0.3818094730377197
0.49827635288238525 0.820218563079834 2.1412081718444824
-0.2098449468612671 0.29187658429145813 2.698624610900879
0.7358499765396118 1.038094162940979 2.1412081718444824
0.344088077545166 0.284606397151947 0.9802771806716919
-1.3832976818084717 0.284606397151947 -0.16293014585971832
0.3889158070087433 1.0781240463256836 2.1412081718444824
-0.48338237404823303 0.284606397151947 -0.3324611485004425
0.7235206961631775 0.284606397151947 0.9283674359321594
0.9210300445556641 0.7329262495040894 1.3996250629425049
-1.0293611288070679 1.0678447484970093 2.1412081718444824
-2.3807930946350098 1.0536465644836426 1.5983067750930786
0.5797615647315979 1.1105836629867554 2.1241095066070557
-0.15595263242721558 0.284606397151947 1.55757474899292
-0.5427654981613159 0.29591119289398193 3.1414623260498047
-0.2071964144706726 0.7680972814559937 -1.2052990198135376
0.9210300445556641 1.0858206748962402 1.5693625211715698
0.9210299849510193 0.7299022078514099 0.6245018243789673
0.9210301041603088 1.0630590915679932 2.1189584732055664
0.9210299849510193 1.0742765665054321 0.14634710550308228
-2.3863744735717773 1.0480345487594604 0.09426265954971313
-0.2609242796897888 0.284606397151947 1.3999868631362915
0.9210300445556641 0.7505874633789062 0.8487236499786377
-0.0010928172850981355 0.7738379240036011 -1.2052991390228271
-1.7035682201385498 0.7252010703086853 -0.8453470468521118
0.9210299253463745 1.015886664390564 -0.9980418086051941
-0.042659319937229156 0.3376130163669586 2.7814245223999023
0.9210299849510193 0.9408283829689026 -0.4193427562713623
-2.3797056674957275 1.0401954650878906 2.1383180618286133
0.9210299849510193 0.8990369439125061 0.49378323554992676
-2.3863744735717773 0.9849258661270142 -0.5802048444747925
-2.0247232913970947 1.2035902738571167 -1.0912100076675415
0.9210300445556641 1.0166518688201904 1.1032766103744507
0.9015619158744812 1.117714524269104 1.8929216861724854
0.6388907432556152 0.7597949504852295 1.7469191551208496
-1.6042430400848389 0.8332563638687134 -1.205298662185669
-0.7350012063980103 0.7962867021560669 -1.205298900604248
-2.3863744735717773 0.793024480342865 0.19281773269176483
0.4243209660053253 0.7682688236236572 -0.8989236354827881
-0.10000910609960556 0.9974955320358276 -1.2052990198135376
-1.8894925117492676 1.0416821241378784 -1.2052985429763794
-2.3863744735717773 0.9722413420677185 0.40483835339546204
-2.126594066619873 1.1358572244644165 2.118196964263916
-1.3867157697677612 0.284606397151947 0.584079921245575
-1.8875125646591187 0.6393539309501648 -0.7992793917655945
-1.8175010681152344 0.6603787541389465 -0.563922643661499
0.2749159634113312 0.284606397151947 1.1465644836425781
-0.8439914584159851 0.284606397151947 1.3098387718200684
0.9210300445556641 0.7785054445266724 1.1377946138381958
-0.027759380638599396 0.6436880230903625 2.7752363681793213
-1.4275156259536743 0.284606397151947 0.031416479498147964
0.9210299849510193 0.7954444885253906 -0.564633846282959
-2.3863744735717773 0.9606829881668091 -0.2884010076522827
-0.5995325446128845 0.284606397151947 0.5615127086639404
-1.7421797513961792 1.1171376705169678 -1.1993871927261353
-1.231357216835022 0.284606397151947 -0.06083163991570473
-2.3863744735717773 1.053881049156189 0.9357776641845703
0.6973230242729187 1.0344241857528687 -1.2018041610717773
-1.1547576189041138 0.284606397151947 -0.5743873119354248
-0.9825428128242493 0.7383335828781128 -1.2052987813949585
-2.266915798187256 1.2149899005889893 -0.16085024178028107
-2.3776943683624268 1.1312001943588257 -0.7303978800773621
0.1968725025653839 0.284606397151947 -0.4020470678806305
-2.353464126586914 1.1205371618270874 -0.43173786997795105
-0.5171968340873718 0.920635998249054 -0.901054322719574
-0.39798226952552795 0.849407434463501 -1.2052990198135376
-0.6987265944480896 0.8508403897285461 2.3739800453186035
-1.8578568696975708 0.9066694974899292 -0.7501187920570374
0.8542513847351074 1.2418979406356812 1.6797078847885132
-1.57207190990448 1.0851365327835083 -1.205298662185669
-0.9525614380836487 0.284606397151947 0.4470532238483429
0.9126099348068237 1.150899052619934 1.3072383403778076
-2.3629074096679688 1.105796456336975 -0.11347328126430511
0.25045642256736755 0.284606397151947 -0.05481826514005661
-0.2939569056034088 0.284606397151947 -0.510982096195221
0.9210299253463745 0.9833361506462097 -0.7531760334968567
-1.513486623764038 0.284606397151947 -0.27600613236427307
0.9210300445556641 0.9821795225143433 0.8594025373458862
-0.2846250534057617 0.6481462121009827 2.8873226642608643
-0.9690871834754944 0.284606397151947 -0.5585034489631653
0.6092120409011841 1.0634549856185913 -0.6785717010498047
-0.14310452342033386 0.284606397151947 -0.8099579811096191
-2.367934465408325 1.087634801864624 1.142703890800476
-2.095794916152954 1.2132632732391357 -0.752598762512207
0.02062767744064331 1.1292617321014404 2.1412081718444824
-0.9985830187797546 0.284606397151947 1.1070237159729004
-0.17496925592422485 0.3131844401359558 3.0337212085723877
-0.868562638759613 0.9846863746643066 -1.2015480995178223
0.5875433087348938 0.7070480585098267 -0.7190979719161987
0.9210300445556641 0.9634706377983093 1.4041579961776733
0.9210299849510193 0.9702664017677307 -0.02541242353618145
0.48408398032188416 1.3103137016296387 1.6980626583099365
0.3144696354866028 0.284606397151947 -0.7640557289123535
-0.785236120223999 0.284606397151947 -0.6013382077217102
-1.0618644952774048 0.9647082686424255 -1.2052987813949585
0.2936904728412628 1.0420080423355103 -0.8301963806152344
-2.019324779510498 0.9553377032279968 -0.4821997880935669
-0.8183764815330505 0.284606397151947 -0.10596004873514175
-1.0194448232650757 0.284606397151947 -0.37080147862434387
-1.4091987609863281 0.7660420536994934 -0.8928288817405701
0.16487571597099304 1.2737873792648315 1.9832640886306763
-0.2716927230358124 0.3712928593158722 3.0670166015625
-0.6247749924659729 0.284606397151947 -0.19600269198417664
-2.140561819076538 1.19876229763031 0.9766315221786499
0.9210300445556641 1.1056855916976929 0.6806602478027344
-0.15363599359989166 0.284606397151947 0.515292227268219
-0.2982870638370514 0.284606397151947 -0.27370232343673706
0.3950365483760834 0.7566170692443848 1.930152177810669
-1.1508294343948364 0.9781274795532227 -0.9064306020736694
-0.012780962511897087 0.7819050550460815 2.52945876121521
-0.8385520577430725 0.6763399243354797 -0.8585821390151978
-2.3863744735717773 1.0499120950698853 0.7611277103424072
-1.9856274127960205 1.2412149906158447 1.7150496244430542
-2.0685925483703613 0.7046976685523987 1.155094027519226
-2.090609312057495 0.8278712630271912 0.5330311059951782
-1.5806182622909546 1.038434386253357 2.1412081718444824
-0.06643036752939224 0.9269174933433533 -0.8927724361419678
-2.2996177673339844 1.1873584985733032 1.5058168172836304
-1.226645827293396 0.284606397151947 1.0565265417099
-1.386641263961792 1.1033456325531006 -1.2014360427856445
-1.8603696823120117 0.6624152660369873 1.5305867195129395
-0.28167349100112915 0.7106848359107971 -0.8716608285903931
0.20753133296966553 0.8489669561386108 -1.2052991390228271
-1.5137567520141602 0.6629220247268677 -0.6591773629188538
-1.8593508005142212 1.2065702676773071 2.0470211505889893
-0.8171697854995728 0.3238164484500885 2.714841842651367
-2.3788437843322754 1.119716763496399 0.2925845682621002
0.6424595713615417 0.284606397151947 0.26254820823669434
0.8941912651062012 1.078957438468933 -0.5855894684791565
-0.5781750082969666 1.0564029216766357 -1.200412392616272
-1.9301077127456665 0.6477206945419312 0.9528000950813293
-1.9634226560592651 0.6430593729019165 -0.05836544558405876
-1.4054863452911377 1.1351515054702759 2.140449047088623
-1.749280333518982 0.787475049495697 1.862492561340332
0.9210299849510193 1.1574305295944214 0.31638526916503906
0.8437432646751404 1.138407588005066 -0.882645308971405
-1.906046986579895 0.6568171381950378 0.20292513072490692
-2.2118794918060303 1.2146106958389282 1.8035656213760376
0.12187498807907104 1.047839879989624 -1.1996605396270752
-0.8321568965911865 1.0222578048706055 -0.7943973541259766
0.895753026008606 1.1801003217697144 -0.1736329346895218
-1.6230676174163818 1.2423763275146484 1.9913498163223267
-0.8377940654754639 0.8263793587684631 2.6598691940307617
0.2360224723815918 0.284606397151947 1.3479502201080322
-1.992755651473999 1.2259472608566284 -0.06554481387138367
0.35409513115882874 0.6076123118400574 -0.7373735308647156
-1.6227575540542603 0.6629779934883118 1.6133465766906738
-2.0826287269592285 0.7246031165122986 1.6509019136428833
-1.2921631336212158 0.284606397151947 0.8558775186538696
-1.9793599843978882 0.6340674757957458 0.6883569359779358
0.3070732355117798 0.284606397151947 -0.26943135261535645
0.46045443415641785 0.9334271550178528 1.6492118835449219
0.2081415206193924 1.125526785850525 2.1198227405548096
-0.8182051777839661 0.45976123213768005 2.8327651023864746
0.6185855865478516 0.9536518454551697 -0.3663876950740814
-1.7343186140060425 0.9022027254104614 -0.5087736248970032
-1.8298192024230957 1.2298775911331177 -0.6333702206611633
-0.686523973941803 0.447200208902359 3.069011688232422
-1.8474832773208618 0.6794697642326355 -0.27742794156074524
-2.3614614009857178 1.0969294309616089 0.5970916152000427
0.5279083251953125 1.1734949350357056 -0.9098127484321594
-0.16751615703105927 1.142513632774353 -1.1931633949279785
-1.3209511041641235 1.234800934791565 -0.8340654373168945
-1.1553715467453003 1.1172115802764893 -1.1912600994110107
0.9204139709472656 1.0572439432144165 -0.28063318133354187
-1.2170194387435913 0.6365501880645752 -0.7822230458259583
-1.755357265472412 1.2430860996246338 1.6695080995559692
-2.057756185531616 0.8060786128044128 0.2710830271244049
-2.158343553543091 1.2093523740768433 1.3016915321350098
-0.7931836843490601 1.1234102249145508 -1.1789847612380981
0.2522062361240387 1.152780532836914 -1.140175223350525
0.691011369228363 0.9278193116188049 1.5520985126495361
-1.123895525932312 0.284606397151947 1.6482341289520264
-0.37725886702537537 1.0834946632385254 -1.1994954347610474
0.38347241282463074 0.284606397151947 0.780521810054779
0.7275806665420532 1.2398372888565063 -0.48872464895248413
-2.12652850151062 1.2258000373840332 -0.4486003518104553
-0.7252219319343567 0.284606397151947 0.3859202563762665
-1.4406094551086426 1.2614392042160034 1.8356441259384155
-2.1690285205841064 1.2010698318481445 0.5750787258148193
-2.2198195457458496 1.2077397108078003 0.22006581723690033
-1.5970275402069092 1.0052683353424072 -0.7874053716659546
-1.526073694229126 1.2286138534545898 -0.9373022317886353
-1.8431466817855835 1.2315733432769775 -0.37609314918518066
0.4804964065551758 0.284606397151947 0.09026296436786652
-1.0834752321243286 1.2381645441055298 -0.8578189611434937
0.4487675428390503 0.7440141439437866 -0.5733157992362976
-0.34926143288612366 0.8433442711830139 2.7469112873077393
0.5128325819969177 0.284606397151947 0.9947742819786072
-0.10531792789697647 0.284606397151947 -0.11115584522485733
-0.7728472948074341 1.226730227470398 -0.9895883798599243
0.5729491710662842 0.284606397151947 0.7747330665588379
-1.0746769905090332 0.284606397151947 0.09325303882360458
-0.2749405801296234 0.284606397151947 1.0750778913497925
-0.3919679522514343 0.284606397151947 1.5741621255874634
-0.015687355771660805 1.2492002248764038 -0.7217998504638672
-0.8509673476219177 1.0455412864685059 2.4048521518707275
-1.3643903732299805 0.8705482482910156 -0.6621485352516174
-1.3141696453094482 0.6842419505119324 1.640926480293274
-0.11952412128448486 0.284606397151947 1.2027428150177002
-0.6900607347488403 0.284606397151947 0.857376217842102
-1.9402313232421875 1.2212166786193848 1.2583791017532349
-0.46949857473373413 1.218846321105957 -0.9800797700881958
0.633215606212616 1.2834643125534058 1.878473162651062
-1.6116365194320679 0.9727587103843689 1.7501150369644165
-0.01888461783528328 0.8286147117614746 2.389404296875
-0.5271608233451843 0.797165036201477 2.767690896987915
-1.895809531211853 0.6698194742202759 0.4491020143032074
-1.555065393447876 1.2430000305175781 -0.6031489372253418
-1.683236002922058 1.2258902788162231 -0.18550564348697662
-1.1930396556854248 0.284606397151947 0.6981794834136963
-1.7034070491790771 0.6874569654464722 1.3240495920181274
-1.4174484014511108 1.2475132942199707 -0.35707512497901917
0.08311504870653152 1.2064743041992188 -0.9081293940544128
0.8109392523765564 1.3275257349014282 0.09089142084121704
-1.1575450897216797 1.2134969234466553 2.0810773372650146
-1.6229729652404785 0.6772312521934509 -0.30469802021980286
0.8743152022361755 1.3007252216339111 0.7233882546424866
0.897568941116333 1.225447416305542 1.0506376028060913
0.4363066256046295 1.2275886535644531 -0.6752874851226807
-1.8562021255493164 1.2355773448944092 0.483821839094162
-1.7548712491989136 1.2364256381988525 1.37294340133667
-1.0248727798461914 0.7870458960533142 -0.762197732925415
0.5554422736167908 0.6418920159339905 -0.296299010515213
0.6856536269187927 1.3444911241531372 1.2181073427200317
-0.1431136578321457 0.9211263656616211 2.564713954925537
0.41441476345062256 0.6208217740058899 1.7084791660308838
0.21188543736934662 0.8150948882102966 -0.7102407217025757
-1.0349410772323608 0.817398726940155 1.8414716720581055
-0.29563114047050476 1.2458744049072266 -0.8217426538467407
0.835221529006958 1.250856637954712 0.4769624173641205
-0.5064215660095215 0.5892297029495239 2.993940830230713
-0.9230645298957825 0.7634134292602539 2.1229803562164307
0.030590983107686043 0.6402856111526489 -0.793694794178009
0.758051872253418 1.09846031665802 0.1049429178237915
-1.9483939409255981 1.2358319759368896 0.22796809673309326
-0.27423927187919617 1.1252433061599731 2.332420825958252
-1.705256462097168 0.6932283639907837 0.8695545196533203
-0.5490779876708984 0.6878216862678528 -0.7817292213439941
-1.9891773462295532 1.1028671264648438 0.7948022484779358
-1.856623649597168 1.0509170293807983 -0.195236474275589
-1.3311265707015991 0.9896122217178345 1.719948172569275
-1.69748055934906 0.9589613676071167 1.5111494064331055
-1.8774311542510986 0.8120721578598022 0.6728488802909851
-0.558445394039154 0.284606397151947 1.4321668148040771
-1.8477976322174072 1.2281118631362915 1.0411972999572754
-0.6541684865951538 0.9592843055725098 2.6070146560668945
0.6388394832611084 1.328601598739624 0.5308783650398254
-1.0508320331573486 0.284606397151947 -0.14450760185718536
-0.42827099561691284 0.284606397151947 0.3751911222934723
-0.8930082321166992 1.2273080348968506 2.0184974670410156
0.2081737518310547 0.284606397151947 0.8501001000404358
-0.56413334608078 0.284606397151947 -0.01920241490006447
-1.328733205795288 1.2531601190567017 1.6411113739013672
0.694774329662323 1.3192368745803833 1.4452825784683228
-0.4248861074447632 1.045141577720642 2.4947330951690674
0.08993695676326752 0.284606397151947 1.0420417785644531
0.41941285133361816 1.2518973350524902 -0.41674432158470154
0.22019536793231964 0.8739931583404541 1.9191958904266357
-0.5699400901794434 0.284606397151947 -0.5092467665672302
0.6525239944458008 1.306073546409607 -0.22468575835227966
-1.8874125480651855 1.2418395280838013 0.726344108581543
-0.43526557087898254 0.8049300312995911 2.4139888286590576
-0.1289123296737671 1.2428258657455444 2.0562987327575684
-1.0010572671890259 1.2461296319961548 1.7247378826141357
-0.08072076737880707 0.8344020247459412 -0.6823123097419739
-1.5077402591705322 1.263104796409607 1.414894461631775
-1.8457180261611938 1.0592048168182373 0.32675135135650635
-0.7069509029388428 1.2426060438156128 1.7749284505844116
0.13289868831634521 0.284606397151947 0.6475611329078674
-0.6254081726074219 1.1568725109100342 2.2173640727996826
-1.821933627128601 0.7532403469085693 1.1533805131912231
-0.3694629371166229 1.2287299633026123 2.0732781887054443
0.753014087677002 0.8654149174690247 1.1833144426345825
-0.7598215341567993 0.6724681258201599 -0.6813004016876221
0.12793414294719696 1.3020997047424316 1.7118290662765503
-0.5725099444389343 0.284606397151947 0.17236141860485077
0.32515618205070496 0.9217879772186279 -0.437714159488678
-1.3900854587554932 0.6893820762634277 -0.4366191327571869
-0.02590027265250683 0.7171063423156738 1.966749906539917
-0.3853808045387268 0.284606397151947 -0.11294174194335938
-0.9667018055915833 0.284606397151947 0.6917587518692017
-1.4587925672531128 0.9088784456253052 1.4911741018295288
-1.4043678045272827 1.1070045232772827 -0.4874272048473358
-0.6338724493980408 0.284606397151947 1.2353990077972412
-0.6647952198982239 0.7455067038536072 1.9745038747787476
-1.7281450033187866 1.2229465246200562 0.1368323415517807
0.5157634615898132 1.2786946296691895 0.24979664385318756
-0.8235966563224792 1.2562522888183594 -0.7415870428085327
-0.028068983927369118 0.6854138970375061 1.7274929285049438
-0.347326397895813 0.284606397151947 0.7526888847351074
-1.1341248750686646 1.254625678062439 -0.5986336469650269
0.6306371092796326 0.8291335701942444 -0.09206732362508774
0.6671521663665771 0.966179609298706 0.8991829752922058
-1.5781104564666748 0.8940865993499756 -0.24468231201171875
-1.0664924383163452 0.9969394207000732 1.5989375114440918
-1.7134665250778198 0.7401302456855774 -0.008552058599889278
-1.4057564735412598 1.2987406253814697 -0.056690290570259094
0.18305356800556183 1.2471243143081665 -0.5892455577850342
0.4782291352748871 0.284606397151947 0.6069529056549072
-0.8925178050994873 0.30243781208992004 0.9173265099525452
-1.6720951795578003 0.9708124995231628 0.5730572938919067
0.2792368531227112 0.284606397151947 0.305310994386673
0.39686116576194763 1.2665976285934448 -0.10973494499921799
0.4278871715068817 0.6840037703514099 1.5244638919830322
-0.13002894818782806 0.9646690487861633 1.9198039770126343
0.0054597314447164536 0.284606397151947 1.3962215185165405
-1.9345351457595825 1.0302410125732422 1.5432332754135132
-1.5441093444824219 1.297572135925293 1.1372652053833008
-1.5881630182266235 0.7707377672195435 1.1225438117980957
-1.149768352508545 0.6966474652290344 -0.5907340049743652
-0.24159713089466095 1.0564262866973877 -0.7218748331069946
-1.7828373908996582 0.913008987903595 0.9367550611495972
-0.46521538496017456 1.1225063800811768 1.9287354946136475
-1.9250038862228394 0.8826143145561218 1.266344666481018
0.7171496152877808 0.908210813999176 0.42227232456207275
0.6862672567367554 1.3561723232269287 0.9265868663787842
-1.746825098991394 0.7957977652549744 0.29553285241127014
-0.504187822341919 1.2150427103042603 1.64226233959198
-0.29572024941444397 0.682854950428009 -0.6760207414627075
-0.43429654836654663 0.284606397151947 0.9404313564300537
0.5833234190940857 0.7031945586204529 0.949672281742096
0.40646594762802124 1.3100543022155762 1.44960355758667
0.5470743775367737 0.6855829954147339 1.3165961503982544
-0.09057292342185974 0.284606397151947 0.27735787630081177
0.31090861558914185 0.284606397151947 0.09838466346263885
0.5035553574562073 1.272150993347168 0.9314948916435242
0.3944653272628784 0.7740874290466309 -0.2694399058818817
-0.7363516092300415 0.7603577971458435 1.775192379951477
-0.25719112157821655 1.210322380065918 1.6578835248947144
-0.739525556564331 1.0010265111923218 2.005974054336548
-0.08223244547843933 1.2444738149642944 1.6397335529327393
-0.8617984056472778 0.292050302028656 -0.2821211516857147
0.2216673046350479 1.2799307107925415 1.5372018814086914
-1.1648645401000977 0.29059842228889465 0.5368571281433105
0.5876708626747131 0.7243896126747131 0.23014016449451447
0.446466863155365 1.0044564008712769 1.2179882526397705
-0.35156700015068054 0.8078711032867432 2.115954637527466
-0.1571272611618042 0.3226962685585022 -0.41286078095436096
-0.4598058760166168 1.2766201496124268 -0.5743448138237
0.5548304915428162 0.67374587059021 0.4925912022590637
0.38571423292160034 0.7338659763336182 1.2492921352386475
-1.5435452461242676 0.7076095342636108 0.08739001303911209
-0.0009098072769120336 0.284606397151947 0.029000744223594666
0.10671035945415497 0.9653501510620117 1.6935359239578247
0.04914228990674019 0.3349542021751404 1.2610934972763062
0.2518829107284546 0.8469103574752808 1.582332730293274
-0.37375688552856445 0.8143933415412903 1.8773590326309204
-0.8143181800842285 0.3135656416416168 0.23731176555156708
-0.028155390173196793 0.33967259526252747 0.62926185131073
-1.0018730163574219 0.6768506765365601 1.7319844961166382
0.08601962774991989 1.1354763507843018 -0.14910155534744263
-0.5697107315063477 1.0092189311981201 -0.6577631831169128
-1.4162147045135498 0.8020464777946472 1.3362246751785278
0.13201330602169037 0.7802757620811462 -0.5212310552597046
0.4490278959274292 0.7358481287956238 1.004051923751831
-0.34995031356811523 0.6860690712928772 1.7445659637451172
-1.397570252418518 0.6676680445671082 1.235573410987854
-0.38860175013542175 0.284606397151947 0.17917457222938538
-0.41482076048851013 0.7607104778289795 -0.554224967956543
-1.1833546161651611 0.676075279712677 -0.10993313789367676
-0.7489075660705566 1.2549256086349487 -0.5380020141601562
0.08149542659521103 0.8701201677322388 1.4664504528045654
-1.3416725397109985 0.8416621088981628 -0.2494867593050003
-0.5632209777832031 0.3557487428188324 1.0846108198165894
-0.08469142019748688 0.713290810585022 -0.4648221731185913
-1.1349300146102905 0.7739101648330688 1.5370173454284668
0.4599241316318512 0.7557251453399658 -0.009499773383140564
-1.5850144624710083 0.7298048138618469 0.40281942486763
-1.5619795322418213 0.6999094486236572 0.6133973002433777
-0.16327804327011108 1.2687997817993164 -0.36038169264793396
0.14860275387763977 1.2991176843643188 -0.2978982627391815
0.36464694142341614 1.2657954692840576 1.149497389793396
-0.6056206822395325 1.231045126914978 -0.16412353515625
-0.8988314867019653 0.8430933952331543 -0.5551198124885559
-0.12163058668375015 0.9762122631072998 1.601839542388916
-1.0963119268417358 1.0078099966049194 -0.4433756172657013
-0.3362428843975067 1.331957459449768 -0.3415491580963135
-1.163968801498413 0.7313268184661865 -0.32890430092811584
0.4956435263156891 1.110973834991455 0.666908323764801
-1.0672941207885742 1.2161728143692017 1.2827006578445435
-0.1835501492023468 0.5211896300315857 -0.2619841694831848
-1.454217791557312 1.2550958395004272 0.072084441781044
-0.1644979864358902 1.011731743812561 -0.36489337682724
-1.1634581089019775 1.2385690212249756 -0.28655168414115906
-0.9130482077598572 1.2488043308258057 -0.3191642165184021
0.4160362184047699 0.5214536786079407 0.19725878536701202
-0.11374553292989731 1.2571409940719604 -0.16833089292049408
-0.7019165754318237 0.7607346177101135 -0.47842937707901
0.4235026240348816 1.011974811553955 0.20664820075035095
0.23193241655826569 1.2432079315185547 -0.00869679544121027
-0.9824343919754028 0.8010976314544678 -0.24156291782855988
0.5050215721130371 0.8364564180374146 0.6539129018783569
-1.08492910861969 1.2459310293197632 0.00614849291741848
-1.3873579502105713 0.8399150967597961 -0.03544534742832184
0.40725335478782654 1.2782670259475708 0.1180264875292778
-1.4465662240982056 0.7369926571846008 0.7408928275108337
0.3000235855579376 0.6459522247314453 -0.18050608038902283
0.43099284172058105 1.2518558502197266 0.4942099452018738
-0.45987823605537415 0.4797445237636566 1.4988317489624023
-0.5742090344429016 1.0494862794876099 1.6310056447982788
-0.5750741958618164 0.657305121421814 -0.3601614534854889
-1.3831349611282349 1.1124491691589355 0.3369266986846924
-1.2415913343429565 1.027034878730774 1.213914394378662
-1.2698487043380737 1.2358341217041016 0.9793687462806702
-1.2518868446350098 1.2658976316452026 1.226188063621521
0.16725164651870728 0.9250410795211792 -0.14791405200958252
-0.8177393078804016 1.1433885097503662 1.5288969278335571
-1.2092976570129395 1.0270291566848755 0.14688685536384583
-0.37961190938949585 0.42048245668411255 0.840079665184021
-0.8609620928764343 0.3490443825721741 0.6047307252883911
-0.008558651432394981 0.42209428548812866 0.9460793733596802
-1.41786527633667 1.323921799659729 0.7358731031417847
-1.3757497072219849 1.1023218631744385 0.7089270353317261
-1.296434760093689 1.2490124702453613 0.5318386554718018
-0.8219823241233826 0.9617505073547363 -0.2178434282541275
-1.5071440935134888 1.2946457862854004 0.35241004824638367
0.14003883302211761 0.4889734089374542 0.7552266120910645
-1.4600025415420532 0.9813752174377441 0.984208345413208
-1.6219197511672974 1.27826726436615 0.8550728559494019
-0.830336332321167 0.437335342168808 1.2812106609344482
-0.23715300858020782 0.35573267936706543 0.20053839683532715
-1.1321558952331543 1.2358691692352295 0.24345162510871887
-1.2803255319595337 0.598284125328064 0.32998570799827576
-0.4429863691329956 1.1847419738769531 -0.2255728542804718
-1.342685580253601 0.7613480091094971 0.14276903867721558
-0.8196115493774414 0.6752669811248779 -0.14404702186584473
-0.9023390412330627 1.2093291282653809 0.023688243702054024
-1.0164339542388916 1.2614617347717285 1.4644285440444946
-0.008448969572782516 0.6652987003326416 1.474253535270691
-1.3872052431106567 0.8722118735313416 0.4470062851905823
-1.1581562757492065 0.5067718029022217 1.141654372215271
-0.7016407251358032 1.1859781742095947 -0.06870423257350922
-0.9413964748382568 0.8137660622596741 0.1172511875629425
-0.2479182332754135 0.4054146707057953 0.5350039005279541
-0.34650132060050964 0.9732652902603149 1.6180946826934814
0.21754227578639984 0.5611729025840759 0.2209761142730713
-0.40963858366012573 0.5302722454071045 0.546651303768158
-0.8171615600585938 0.37520602345466614 -0.014183691702783108
-1.3865145444869995 0.7879486083984375 0.9146168231964111
-0.7714185118675232 0.732974112033844 1.6238675117492676
-0.40942662954330444 0.909887433052063 -0.3233916759490967
-0.42897939682006836 0.6250052452087402 0.012621767818927765
-1.113593578338623 0.7816822528839111 0.08561915159225464
-0.46390461921691895 0.3709697425365448 0.6091445088386536
0.2931773364543915 1.0786491632461548 1.3307775259017944
-1.202406883239746 0.8262678980827332 0.9091038107872009
-0.8856689929962158 0.5570022463798523 0.8709348440170288
-0.6234515905380249 0.432468444108963 0.7687157392501831
-0.06551342457532883 0.8046918511390686 -0.2747514247894287
0.3990807831287384 1.035881757736206 0.8675828576087952
-1.1098297834396362 0.6744586825370789 0.4762481153011322
0.42485925555229187 0.8559354543685913 0.43777066469192505
-0.22498588263988495 0.6956399083137512 1.4206546545028687
-0.498489111661911 0.8109159469604492 1.4917290210723877
-0.06428447365760803 0.8864023685455322 -0.09783628582954407
-0.2947797179222107 0.8581080436706543 -0.125169575214386
-0.6277154684066772 0.8406575322151184 -0.20430856943130493
0.010472031310200691 0.6741108894348145 0.9608166813850403
0.2836080491542816 0.97703617811203 0.13753512501716614
-1.1622835397720337 0.7935017347335815 1.2578175067901611
-1.1907352209091187 0.832223653793335 0.6009672284126282
-0.27454739809036255 0.5697681307792664 1.0238991975784302
0.05106407031416893 0.7299854159355164 0.02146565169095993
-0.6935051083564758 0.5564855337142944 0.34158700704574585
0.14240264892578125 1.0068778991699219 1.2864230871200562
-1.0238667726516724 0.84116530418396 1.1294926404953003
0.11023904383182526 0.775555431842804 0.2459990531206131
0.32366782426834106 0.7454312443733215 1.022840142250061
-0.8614948391914368 0.8710021376609802 1.4514830112457275
0.3235780596733093 0.7266584634780884 0.5944800972938538
0.014601469039916992 0.8218943476676941 1.221564531326294
-0.5975679755210876 0.8072848916053772 0.0016184672713279724
-0.4768178462982178 0.7739039659500122 1.2649586200714111
0.13751186430454254 0.7892970442771912 0.6377211213111877
-0.7316339612007141 0.8059084415435791 1.3119940757751465
-0.16288848221302032 0.7075361609458923 0.16255871951580048
-0.4833083748817444 0.8131556510925293 0.293993204832077
-0.7891458868980408 0.8078961372375488 1.1153664588928223
-0.9444866180419922 0.8243781328201294 0.3606358468532562
-0.3157728910446167 0.7682738900184631 0.2134982943534851
-0.8656032681465149 0.7583701014518738 0.5800212025642395
-0.9931270480155945 0.8066467046737671 0.8316407203674316
-0.6822416186332703 0.8004093766212463 0.21950143575668335
0.1001020148396492 0.8480681777000427 0.8539530038833618
-0.36499670147895813 0.8562933802604675 1.2029162645339966
-0.19328850507736206 0.8375693559646606 1.0937269926071167
-0.045629195868968964 0.86052006483078 0.41378486156463623
0.008435213938355446 0.7627564668655396 0.4225381314754486
-0.7008765935897827 0.7797556519508362 0.9696943759918213
0.0066833277232944965 1.8684345483779907 0.48148277401924133
-0.5372037291526794 0.7959526181221008 0.9195727109909058
-0.18122245371341705 1.6851106882095337 0.464108943939209
-0.7358360886573792 0.7836104035377502 0.6730265617370605
-0.0671544075012207 1.7422559261322021 0.31576424837112427
-0.16137240827083588 0.8417860865592957 0.9056762456893921
-0.3398180603981018 1.6481980085372925 0.3014827072620392
-0.575494110584259 0.7929993867874146 0.5516320466995239
-0.5278928875923157 1.7455779314041138 0.3567521274089813
-0.15846891701221466 0.8249871730804443 0.6645522713661194
-0.36332106590270996 1.7062556743621826 0.18548251688480377
-0.34006139636039734 2.581310510635376 0.22421854734420776
-0.34146738052368164 1.673044204711914 0.46320366859436035
0.038342271000146866 2.0403127670288086 0.2860354483127594
-0.2244696170091629 1.7991188764572144 0.6536392569541931
-0.3085709810256958 0.8002669811248779 0.5003169775009155
-0.63270103931427 2.0261638164520264 0.560409426689148
-0.5073816180229187 2.271193504333496 0.1999550759792328
-0.17926976084709167 1.755111813545227 0.14169283211231232
-0.19167360663414001 2.361427068710327 0.20461417734622955
-0.650111198425293 2.2414140701293945 0.4885012209415436
-0.24081112444400787 2.080894947052002 0.7709980010986328
-0.4788931906223297 1.8528865575790405 0.11029142886400223
-0.41474661231040955 2.3595287799835205 0.8042680025100708
-1.4567596912384033 4.0666680335998535 0.11166976392269135
-0.058016616851091385 2.340980052947998 0.6115334033966064
-0.05768885463476181 2.5319321155548096 0.4278310537338257
-0.08702615648508072 1.9801311492919922 0.6872937679290771
-0.01954723708331585 2.2548038959503174 0.4028264284133911
-0.6209937930107117 1.8976407051086426 0.46778807044029236
-0.43833476305007935 1.8321778774261475 0.6384807229042053
-0.5035809278488159 2.716571807861328 0.31554099917411804
-0.1533326804637909 2.5386502742767334 0.742509663105011
-0.32128623127937317 2.2255513668060303 0.7535858750343323
-0.15647543966770172 1.9331750869750977 0.057610031217336655
-0.6016674041748047 2.446161985397339 0.3184612989425659
-0.23894760012626648 4.270956039428711 0.25000977516174316
-0.576268196105957 2.0281832218170166 0.15652430057525635
-0.6709526181221008 2.4718918800354004 0.5569862723350525
-1.4073655605316162 3.8633668422698975 0.2546727657318115
-0.23600448668003082 2.1759910583496094 0.07534632086753845
-1.2439953088760376 3.839430809020996 0.2111087143421173
-1.3690701723098755 3.799246311187744 0.13276255130767822
-0.14491865038871765 4.294693946838379 0.0768505409359932
-0.13853102922439575 2.747953176498413 0.65853351354599
-0.19021844863891602 2.7609333992004395 0.40672367811203003
-0.44546186923980713 2.8798251152038574 0.5746731758117676
0.008523925207555294 4.389461517333984 0.35776522755622864
-0.053350478410720825 4.496310234069824 0.5204578042030334
-0.6661941409111023 2.6749210357666016 0.5559385418891907
-1.3189959526062012 3.765044927597046 0.08005136996507645
-0.4027628004550934 2.710564613342285 0.7836343050003052
0.08533688634634018 4.440639972686768 0.04147478565573692
-1.251563310623169 3.792393207550049 0.08087414503097534
-0.6756380200386047 4.576465129852295 0.9899036884307861
-0.7969127297401428 4.692572593688965 1.2129782438278198
-0.7332861423492432 4.67020320892334 1.1649006605148315
-0.6782927513122559 4.8369951248168945 1.131438136100769
-0.23016180098056793 4.3380632400512695 0.46180135011672974
-0.0041427938267588615 4.329254627227783 0.178089901804924
-1.455927848815918 3.8658809661865234 0.12583428621292114
0.15936395525932312 4.568152904510498 0.20462700724601746
-0.767124354839325 4.572412014007568 1.0488238334655762
-0.25330430269241333 4.488526344299316 0.6334558129310608
-0.4243519604206085 4.300289154052734 0.305203378200531
-0.5471982955932617 2.4966962337493896 0.7668843865394592
0.10121753066778183 4.69005823135376 0.39240795373916626
-0.24745972454547882 4.2994303703308105 -0.04230077937245369
-0.710976243019104 4.499072074890137 0.699349045753479
-0.7373214960098267 4.740133285522461 0.6067418456077576
-0.09298525750637054 4.490684986114502 -0.19413401186466217
-0.12486475706100464 4.7456841468811035 -0.21298259496688843
0.08038457483053207 4.625203609466553 -0.07906708121299744
-0.4893464744091034 4.367856979370117 0.10108663141727448
-0.27300357818603516 4.430858135223389 -0.1641337275505066
-0.6948834657669067 4.448631286621094 0.34843236207962036
-0.7841832637786865 4.792064189910889 0.5070967674255371
-0.8610100746154785 4.789604187011719 1.1906464099884033
-0.3852428197860718 4.9702229499816895 0.11529584974050522
-0.4597567915916443 4.961076736450195 0.42758673429489136
0.046370286494493484 4.8704986572265625 0.10500289499759674
-0.472416490316391 4.641279697418213 -0.1390577107667923
-0.08688413351774216 4.781818866729736 0.5066087245941162
-0.31165802478790283 4.836426258087158 0.6051855087280273
-0.1447773277759552 5.004047870635986 0.1683197319507599
-0.6002700924873352 4.480431079864502 0.5244417190551758
-0.5079268217086792 4.463536739349365 -0.07772848010063171
0.012124583125114441 5.659640312194824 0.6779242157936096
-0.29536694288253784 5.43057918548584 0.3669465184211731
-0.15652795135974884 5.122500896453857 0.38889625668525696
-0.502570629119873 4.487468719482422 0.6260766983032227
-0.1966538429260254 5.356804847717285 0.21376851201057434
-0.19069840013980865 5.7006144523620605 0.6717468500137329
-0.33740440011024475 5.953214645385742 0.6160894632339478
-0.6375872492790222 4.461339950561523 0.1744087189435959
-0.3247268497943878 5.6474785804748535 0.497697114944458
-0.03984785079956055 5.289126873016357 0.394118070602417
-0.3139970898628235 4.853933334350586 -0.06159515678882599
-0.655102550983429 4.780794143676758 0.2222757637500763
-0.058272652328014374 5.437832355499268 0.546095073223114
-0.211202010512352 5.6207051277160645 0.21054194867610931
-0.09928467124700546 5.97005033493042 0.7898659706115723
-0.36105772852897644 5.993663787841797 0.3175094425678253
-0.068348728120327 5.9518938064575195 0.23963922262191772
-0.3932746648788452 6.208518028259277 0.3738958537578583
-0.09343749284744263 6.474574089050293 0.7742591500282288
-0.44450870156288147 6.242025375366211 0.5874232649803162
-0.27016687393188477 6.6218719482421875 0.2693635821342468
0.1306118667125702 6.160947322845459 0.5055376887321472
0.06306925415992737 5.518072605133057 0.3784067630767822
-0.0539657287299633 6.469696998596191 0.26938146352767944
0.044885195791721344 6.145680904388428 0.7516884207725525
-0.22330579161643982 6.296805381774902 0.7390201687812805
0.10809335857629776 6.396556854248047 0.6309475898742676
0.13168829679489136 5.664764404296875 0.5580145120620728
0.1573069989681244 5.889531135559082 0.6107788681983948
0.053037457168102264 6.339797496795654 0.37203463912010193
-0.38134765625 6.7974629402160645 0.3479975163936615
-0.441682904958725 6.500532627105713 0.5724117159843445
-0.2669680714607239 6.377830982208252 0.25686490535736084
-0.1710180789232254 6.999722957611084 0.7202833890914917
0.15341727435588837 5.839413642883301 0.37598171830177307
-0.26309069991111755 5.880111217498779 0.27319833636283875
-0.8867117166519165 7.769852638244629 0.4107014536857605
-0.5817665457725525 7.697403430938721 0.5465397238731384
-0.385434627532959 6.53927755355835 0.7528012990951538
-0.5443053841590881 7.5608110427856445 0.441280335187912
-0.2632727324962616 6.758573055267334 0.8385529518127441
-0.6105281114578247 7.696702480316162 0.19352176785469055
-0.530880868434906 6.722714900970459 0.6145234704017639
-0.013641325756907463 6.7002410888671875 0.4571201801300049
-0.4172658622264862 7.304171562194824 0.6189101338386536
-0.5207747220993042 6.890344619750977 0.5584542155265808
-0.40049007534980774 6.718594074249268 0.8111106157302856
-0.24398818612098694 7.23884916305542 0.583170473575592
-0.40362462401390076 7.08903694152832 0.4832264482975006
-0.45897114276885986 7.948355674743652 0.250458687543869
-1.002777099609375 7.950718402862549 0.3956323564052582
-0.6216410398483276 7.771988391876221 0.18014340102672577
-0.447490930557251 7.913096904754639 0.5567863583564758
-0.15157392621040344 6.972180366516113 0.43461525440216064
-0.9200798273086548 7.896062850952148 0.20241647958755493
0.12729698419570923 8.699877738952637 0.610686719417572
-0.48866114020347595 7.637378215789795 0.4181356430053711
-0.8808042407035828 8.09867000579834 0.5485928654670715
-0.7184127569198608 8.707555770874023 0.642244815826416
-0.11164917796850204 8.6419095993042 0.5772940516471863
-0.44651085138320923 8.81397819519043 0.9437134265899658
-1.1015191078186035 8.078094482421875 0.28822314739227295
0.05276699736714363 8.554645538330078 0.5397875905036926
-0.5576509237289429 8.180374145507812 0.41242679953575134
-0.4705444574356079 8.762864112854004 0.9203798174858093
-0.7546408772468567 8.066279411315918 0.12961986660957336
-0.7146207690238953 8.063390731811523 0.5617181062698364
-0.09648511558771133 8.722658157348633 0.37216928601264954
-1.0225166082382202 8.28728199005127 0.2516748309135437
0.04558384791016579 8.567352294921875 0.440443217754364
-0.03743290528655052 8.560537338256836 0.3916453719139099
-1.0389071702957153 8.593496322631836 0.25048717856407166
-0.6076158881187439 9.077753067016602 0.9005547761917114
-0.7457963824272156 8.402143478393555 0.3555634617805481
-0.8021403551101685 8.228604316711426 0.08452741801738739
-0.6885024905204773 8.694705963134766 0.974113404750824
-0.8837064504623413 8.383405685424805 0.10384149104356766
0.1382681280374527 8.940820693969727 0.33137035369873047
-0.6361343264579773 8.689571380615234 0.9561728835105896
0.33668050169944763 9.243221282958984 0.2397085279226303
0.11345060914754868 9.00240421295166 0.29414528608322144
-0.6596971154212952 8.64933967590332 0.7600587010383606
-0.09610521048307419 9.1288423538208 0.45530229806900024
-0.9426484704017639 9.036287307739258 1.0152976512908936
-1.147108554840088 8.720909118652344 0.2824040651321411
-0.8397379517555237 8.726533889770508 0.32524609565734863
-0.8115248084068298 9.230144500732422 0.826562762260437
-1.0076740980148315 8.930760383605957 0.15937182307243347
0.001296275295317173 9.035442352294922 0.5009269118309021
-0.9110277891159058 8.883529663085938 0.9533501863479614
-0.8394730091094971 8.917129516601562 0.861508846282959
-0.8185431957244873 8.997694969177246 0.31465429067611694
-0.9527761936187744 9.110738754272461 0.21911656856536865
-0.003366788849234581 8.995975494384766 0.1268892139196396
-0.8132479786872864 8.994576454162598 0.5137194991111755
0.1128883883357048 9.470968246459961 0.47230303287506104
0.17657595872879028 9.255326271057129 0.09739573299884796
0.24748475849628448 9.145583152770996 0.06608464568853378
-0.032218944281339645 9.306605339050293 0.19992311298847198
0.23083347082138062 9.718607902526855 0.6061668992042542
-0.7319194674491882 9.279149055480957 0.31226858496665955
-0.9647541642189026 9.107687950134277 0.8201894164085388
-0.004825878888368607 9.445990562438965 0.44193291664123535
-0.9052429795265198 9.625885963439941 0.14361818134784698
-0.011390531435608864 9.992653846740723 0.6284431219100952
-0.9732972383499146 9.437490463256836 0.12056411802768707
-0.9016906023025513 9.33212661743164 0.22056283056735992
0.2181101143360138 9.333366394042969 0.46483343839645386
-0.8097234964370728 9.819928169250488 0.19425804913043976
-0.8836979866027832 9.879179954528809 0.10674624890089035
-0.5542908906936646 10.136484146118164 0.9210343956947327
-0.048538222908973694 10.107720375061035 0.7919526100158691
-0.522278368473053 10.127301216125488 0.6945341229438782
0.20551078021526337 10.217063903808594 0.5938615202903748
-1.3235656023025513 10.42022705078125 -0.33351603150367737
-0.5296462774276733 10.448617935180664 0.4034830629825592
0.20488983392715454 10.031599044799805 0.7006409168243408
0.02030586265027523 10.18262767791748 0.8313655257225037
0.17703936994075775 10.065956115722656 0.586248517036438
0.31668588519096375 10.320630073547363 0.655454695224762
0.3747654855251312 10.329767227172852 -0.20777671039104462
-0.8523447513580322 10.317512512207031 0.8907451033592224
-0.7805580496788025 10.360795021057129 0.8617081642150879
-0.6660923361778259 10.357999801635742 0.10709386318922043
0.0983104556798935 10.420355796813965 0.6777372360229492
-0.57321697473526 10.500398635864258 0.28241920471191406
-0.6833990812301636 10.202088356018066 0.8982958197593689
0.19612379372119904 10.524385452270508 0.8994141221046448
-0.5492777228355408 10.47963809967041 0.16291271150112152
-0.963323175907135 10.47895622253418 0.8173986077308655
-0.903139591217041 10.557230949401855 0.8395081162452698
-0.6000894904136658 10.598638534545898 0.1729455441236496
-0.11314152926206589 10.572992324829102 0.6650713086128235
-0.049630969762802124 10.58354663848877 0.7101590037345886
-1.2497867345809937 10.643499374389648 -0.23934251070022583
0.2008034586906433 10.550374031066895 0.8278701901435852
-0.8153194785118103 10.523941040039062 0.7742661833763123
-0.4143604636192322 10.753874778747559 0.4403713047504425
0.23566178977489471 10.872886657714844 0.4891986548900604
-0.8935807943344116 10.676340103149414 -0.050384461879730225
0.13700903952121735 10.788211822509766 0.6684703230857849
-0.2890452742576599 10.854988098144531 0.4441898763179779
0.23825965821743011 10.85767936706543 0.8147754669189453
-0.8533949851989746 10.791834831237793 0.9450027942657471
-0.7565577030181885 10.87648868560791 -0.030544305220246315
0.27099213004112244 11.02773380279541 -0.3223865032196045
0.15919801592826843 10.99467658996582 0.6526644229888916
0.11725565046072006 10.88671588897705 1.1691993474960327
0.3427032232284546 10.951552391052246 0.8440405130386353
-0.5379719138145447 11.124956130981445 0.9310651421546936
-1.0895764827728271 10.907018661499023 0.9139019250869751
0.2580884099006653 11.002324104309082 0.4796292781829834
-0.47722697257995605 11.08621883392334 0.5735796093940735
-0.62761390209198 11.11921501159668 0.24103067815303802
-0.27836552262306213 11.244709014892578 1.2101768255233765
-1.344042181968689 11.215213775634766 1.3856961727142334
-0.37898656725883484 11.111564636230469 0.6892155408859253
-0.42763060331344604 11.226358413696289 1.1852591037750244
0.43320831656455994 11.232090950012207 -0.27839529514312744
-0.4832218885421753 11.321728706359863 0.9130213856697083
0.3613377809524536 11.291157722473145 0.5898857712745667
-1.2347501516342163 11.30584716796875 -0.28075700998306274
-0.43556153774261475 11.317545890808105 1.3301512002944946
0.19367675483226776 11.35108470916748 -0.05116783082485199
-1.0825668573379517 11.353876113891602 0.43746501207351685
-0.7078742384910583 11.3691987991333 0.8029464483261108
-0.26108667254447937 11.384591102600098 0.8384178876876831
-0.7804080247879028 11.499585151672363 -0.4944150149822235
-0.5328704118728638 11.416800498962402 0.07372552156448364
0.5537718534469604 11.468280792236328 -0.08543110638856888
-0.2691177427768707 11.457969665527344 1.4181885719299316
-1.2212949991226196 11.523744583129883 1.3970730304718018
-0.9226976037025452 11.520821571350098 -0.2631998360157013
0.19609308242797852 11.506275177001953 0.8249027132987976
-0.4186534583568573 11.542961120605469 0.12174736708402634
0.546844482421875 11.558691024780273 0.42582008242607117
-1.3086817264556885 11.572001457214355 -0.3395000398159027
-0.8192444443702698 11.573702812194824 -0.5079006552696228
-0.10246342420578003 11.580755233764648 0.49734240770339966
