739
-2.3863754272460938 0.2845063805580139 1.6036815643310547
-2.386474609375 0.2846064567565918 -0.7590090036392212
-2.3493964672088623 0.5788761377334595 0.6856203079223633
0.9161825180053711 0.5272765755653381 -0.7639248967170715
-2.0370707511901855 0.284606397151947 0.03538581356406212
-1.335813045501709 0.2846066951751709 -1.205398678779602
-0.20648925006389618 0.284606397151947 1.0038596391677856
-2.38405704498291 0.28848177194595337 2.1293623447418213
-0.7846803665161133 0.284606397151947 -0.8745142221450806
-0.9471843242645264 0.2846064567565918 -1.2053987979888916
0.9211299419403076 0.28484249114990234 -1.2052991390228271
-2.386474609375 0.2846064567565918 -0.26885557174682617
-2.386474609375 0.2846064567565918 0.2643423080444336
-2.3863744735717773 0.2850932478904724 -0.5013790130615234
-1.7989083528518677 0.28453943133354187 2.1412081718444824
-2.386474609375 0.2846064567565918 -0.019081711769104004
-2.3863754272460938 0.2845063805580139 0.6860713958740234
0.6491628885269165 0.2845063805580139 -1.2052973508834839
-0.5650880932807922 0.284606397151947 -1.1955175399780273
-2.066743850708008 0.284606397151947 1.302215337753296
0.14608855545520782 0.2846064567565918 2.141308307647705
0.9211299419403076 0.2846064567565918 -0.9002640247344971
0.9190099835395813 0.2903966009616852 -0.7272602915763855
-2.386474609375 0.2846064567565918 0.13377034664154053
-1.4113881587982178 0.284606397151947 1.8211424350738525
-0.4252147674560547 0.28460633754730225 -1.2053989171981812
-2.3666696548461914 0.28460991382598877 2.141308307647705
-2.3826563358306885 0.2939494550228119 -0.1469326615333557
0.9211299419403076 0.2846064567565918 -0.9929728507995605
-2.0281822681427 0.284606397151947 1.6122195720672607
-1.0925357341766357 0.2846064567565918 -1.205398678779602
0.9211300611495972 0.2846064567565918 1.365512490272522
0.9210300445556641 0.5887530446052551 1.5755870342254639
-1.7730857133865356 0.284606397151947 1.6288402080535889
-2.3769490718841553 0.6149536967277527 1.574622392654419
-2.1802616119384766 0.2845063805580139 2.141207695007324
0.9026381373405457 0.5876767635345459 -0.568244218826294
-2.386474609375 0.2846064567565918 -0.6272674798965454
0.92108553647995 0.2846065163612366 -1.2053993940353394
-2.376558303833008 0.284606397151947 -0.8711435794830322
-1.947871208190918 0.2845063805580139 2.141206741333008
0.9185252785682678 0.28731533885002136 0.8749121427536011
-1.3751606941223145 0.284606397151947 -0.8824541568756104
0.31621211767196655 0.284606397151947 1.5038561820983887
-0.48967239260673523 0.284606397151947 -0.8663860559463501
0.39191728830337524 0.2896477282047272 -1.2052992582321167
-2.3754994869232178 0.2898285686969757 2.095123529434204
-2.0252633094787598 0.284606397151947 0.8793897032737732
-0.3845460116863251 0.284606397151947 -0.676596462726593
-2.1389050483703613 0.5517072081565857 -1.1672755479812622
-2.3863751888275146 0.3313944339752197 -1.2053983211517334
-1.2954579591751099 0.284606397151947 -0.4118742346763611
-1.2369450330734253 0.284606397151947 -0.708846926689148
-2.377826690673828 0.284606397151947 1.6877233982086182
-1.8870329856872559 0.284606397151947 -0.5505801439285278
0.9210300445556641 0.2845063805580139 2.049288749694824
-1.7663723230361938 0.284606397151947 1.2197840213775635
0.3225090503692627 0.284606397151947 -0.8884238004684448
-1.5363483428955078 0.2845063805580139 -1.205301284790039
-2.386474609375 0.2846064567565918 0.5154478549957275
-1.4231833219528198 0.284606397151947 -0.6070192456245422
-0.00448829960078001 0.284606397151947 -0.8717247843742371
-1.0757875442504883 0.284606397151947 -0.8539376258850098
-1.8749847412109375 0.2845063805580139 -1.2052984237670898
-2.386474609375 0.284606397151947 -1.1938371658325195
0.9167532920837402 0.30061301589012146 1.7734979391098022
-2.3863744735717773 0.2915361225605011 1.8013988733291626
-1.9010969400405884 0.284606397151947 1.7928601503372192
0.9210300445556641 0.2845063805580139 1.1093673706054688
-0.12998920679092407 0.2908327579498291 2.136263370513916
-2.3684003353118896 0.28559720516204834 -0.37576553225517273
-0.1539682149887085 0.2845063805580139 -1.205297827720642
0.5271728038787842 0.28580164909362793 2.134653091430664
0.9211301207542419 0.2845638692378998 2.1412081718444824
-2.386474370956421 0.2846066951751709 1.4961750507354736
0.9210300445556641 0.31283995509147644 1.663344383239746
0.5898330807685852 0.3018319010734558 1.7190821170806885
-1.2228193283081055 0.2845063805580139 -1.205301284790039
-1.6662923097610474 0.284606397151947 -0.1323131024837494
0.9210309982299805 0.2845063805580139 1.4612302780151367
0.9211300611495972 0.2846065163612366 1.5746163129806519
-1.6760460138320923 0.284606397151947 1.0116240978240967
-1.9488765001296997 0.284606397151947 0.6420186758041382
-1.3189430236816406 0.284606397151947 2.1330811977386475
0.9210299253463745 0.2845063805580139 -0.5815058946609497
0.9137738943099976 0.2866732180118561 2.1412081718444824
-2.386474370956421 0.2846066951751709 0.9257230758666992
-1.7650986909866333 0.29054275155067444 -1.1945502758026123
-0.932148277759552 0.284606397151947 -0.6777915954589844
0.9211300611495972 0.2846065163612366 1.874759554862976
0.26311302185058594 0.7351211905479431 2.0373761653900146
-0.3657703399658203 0.2845063805580139 2.141207695007324
-0.008448990061879158 0.2884996831417084 -1.202379822731018
-1.688619613647461 0.2845063805580139 -1.205301284790039
-1.8141769170761108 0.284606397151947 -0.8385088443756104
-2.3863744735717773 0.3045949935913086 0.788175642490387
-1.4614914655685425 0.58336341381073 -1.2043977975845337
0.6370517611503601 0.284606397151947 0.4585283398628235
-1.4400204420089722 0.2846076488494873 2.141308307647705
-1.7126951217651367 0.5774845480918884 -1.2052985429763794
-0.6372014284133911 0.284606397151947 2.1355390548706055
-2.3418684005737305 0.6430495977401733 1.747296929359436
-2.384901285171509 0.2876362204551697 1.321418285369873
-0.7688611149787903 0.284606397151947 2.126826047897339
0.9210282564163208 0.2845063805580139 0.6440555453300476
-2.3809454441070557 0.2851382791996002 1.9227935075759888
-1.9701400995254517 0.284606397151947 1.0836982727050781
0.921031653881073 0.2845063805580139 0.047658469527959824
-2.356443166732788 0.2846066951751709 -1.2053983211517334
-2.3715310096740723 0.5623651146888733 1.2352277040481567
-0.7043553590774536 0.2891516387462616 -1.205298900604248
-0.9118289947509766 0.299886018037796 2.137986421585083
0.6419362425804138 0.3106081485748291 2.1412081718444824
-2.380338430404663 0.284606397151947 1.187534213066101
-0.7628138065338135 0.284606397151947 1.6844662427902222
-2.3665003776550293 0.5528531670570374 -0.7684878706932068
0.9210299849510193 0.29858386516571045 0.1261037290096283
-2.01023530960083 0.284606397151947 0.4124450981616974
-1.6949529647827148 0.2845063805580139 2.141206741333008
-2.3863744735717773 0.30767762660980225 -1.0079407691955566
-2.145723581314087 0.28582292795181274 -1.2052984237670898
-2.3863744735717773 0.28601256012916565 1.0557142496109009
0.9097919464111328 0.5224899649620056 -0.3195432722568512
-0.36454203724861145 0.284606397151947 1.850852131843567
-1.0776002407073975 0.32411590218544006 1.8276211023330688
-1.60805082321167 0.284606397151947 -0.8247857093811035
-2.0098021030426025 0.284606397151947 -0.8037768006324768
-1.95564603805542 0.284606397151947 -0.16295801103115082
-1.675134301185608 0.284606397151947 1.8072969913482666
-0.6440300941467285 0.5147868394851685 -1.204186201095581
-2.0149986743927 0.301710844039917 -1.2052984237670898
0.25393015146255493 0.6783162951469421 -1.0445053577423096
0.40237975120544434 0.284606397151947 2.1268861293792725
0.7536620497703552 0.7086632251739502 -0.6639674305915833
-1.5650904178619385 0.2870529294013977 2.1316909790039062
-1.8802517652511597 0.6162670254707336 -1.1571176052093506
-2.0287885665893555 0.284606397151947 2.126892328262329
-0.18659071624279022 0.51695716381073 -1.196279764175415
0.9210300445556641 0.2968187928199768 1.2223422527313232
0.526621401309967 0.284606397151947 0.015301796607673168
0.7784718871116638 0.5358842015266418 -1.1919857263565063
-1.6918630599975586 0.284606397151947 0.615057110786438
0.9210299849510193 0.3135662078857422 -0.20733079314231873
0.2590724229812622 0.28460633754730225 -1.2053991556167603
-0.8304610252380371 0.28881335258483887 -1.2024211883544922
-0.015548883005976677 0.28698912262916565 2.140824317932129
-0.2853107452392578 0.28460633754730225 -1.2053989171981812
0.8904320597648621 0.30185073614120483 -1.2004057168960571
0.46409472823143005 0.29282066226005554 -0.7632653713226318
-0.6269778609275818 0.2884449064731598 1.7928650379180908
0.9178767204284668 0.284606397151947 0.2602112293243408
-1.0687862634658813 0.2883008122444153 2.1391208171844482
0.26828035712242126 0.28610000014305115 2.13883376121521
0.45286476612091064 0.284606397151947 0.8865137100219727
0.1339503526687622 0.28460657596588135 -1.2053991556167603
-1.9750144481658936 0.6883523464202881 2.021454095840454
-1.2495883703231812 0.5603125095367432 -1.2047934532165527
0.9211300015449524 0.28460657596588135 0.5565006732940674
-0.14545080065727234 0.284606397151947 1.5551645755767822
-1.7594208717346191 0.6031334400177002 2.1382229328155518
-0.4116147756576538 0.5635029077529907 -1.1861188411712646
0.5228462219238281 0.28460633754730225 -1.2053992748260498
0.3049857020378113 0.284606397151947 1.879755973815918
-0.5457105040550232 0.5158548951148987 2.129312753677368
-0.5060153603553772 0.3145412504673004 2.1412081718444824
0.5003548860549927 0.5437378287315369 -1.1858716011047363
-0.00025882013142108917 0.284606397151947 0.572201132774353
0.5767660737037659 0.284606397151947 -0.24550165235996246
0.24263349175453186 0.5478252172470093 -1.204385757446289
0.4054654836654663 0.284606397151947 0.3364769518375397
-1.197063684463501 0.2944357693195343 2.1334919929504395
-0.14228196442127228 0.284606397151947 1.7265256643295288
0.9040558934211731 0.284606397151947 -0.1137625202536583
0.9164463877677917 0.284606397151947 0.7684717774391174
0.20521476864814758 0.284606397151947 -0.7200583219528198
0.9187758564949036 0.2846439778804779 -0.4710655212402344
-1.6101624965667725 0.284606397151947 0.27083566784858704
-2.38525390625 0.2861173152923584 0.3953898251056671
0.9210299849510193 0.30592215061187744 -0.3466852009296417
0.32026952505111694 0.284606397151947 -0.28825944662094116
0.5155905485153198 0.284606397151947 1.1831817626953125
0.9118843674659729 0.4242168962955475 2.1412081718444824
-0.17842070758342743 0.284606397151947 -0.5055250525474548
-1.109277367591858 0.284606397151947 -0.5431351661682129
-0.6693745851516724 0.284606397151947 -0.7102497816085815
0.1751420795917511 0.284606397151947 1.3091142177581787
0.06343192607164383 0.30067718029022217 1.7996909618377686
0.6063650846481323 0.284606397151947 -0.654740571975708
0.9210333824157715 0.2845063805580139 0.40733081102371216
-0.23596709966659546 0.284606397151947 -0.8496337532997131
-0.07083708792924881 0.284606397151947 -0.6637663245201111
0.5216798782348633 0.284606397151947 -0.4749040901660919
-0.9070887565612793 0.284606397151947 -0.3889462947845459
-1.8889672756195068 0.28729742765426636 0.2229963093996048
-1.7428632974624634 0.284606397151947 0.8100423812866211
-0.784393310546875 0.6172733306884766 2.123713970184326
-1.9111008644104004 0.284606397151947 1.4610825777053833
0.6072658896446228 0.284606397151947 1.4197715520858765
-2.3721585273742676 0.5713951587677002 -0.362615168094635
-2.0521318912506104 0.3025716245174408 -0.5397322177886963
0.8878123164176941 0.5986054539680481 1.2531713247299194
0.013864954933524132 0.284606397151947 -0.3179728388786316
-1.607195496559143 0.284606397151947 1.420305848121643
-2.2902820110321045 0.559312105178833 2.134852647781372
-1.455216884613037 0.284606397151947 0.8296120166778564
0.4564235210418701 0.6234001517295837 2.136267900466919
0.6781179308891296 0.6806631088256836 2.1412081718444824
-2.1060845851898193 0.6909615993499756 1.800019383430481
-2.380918025970459 0.5541737675666809 0.929078996181488
-0.3339746594429016 0.284606397151947 -0.030957935377955437
-0.24591775238513947 0.36818376183509827 2.131153106689453
-1.69566810131073 0.284606397151947 -0.6089646816253662
-2.354487180709839 0.5487392544746399 -1.0253194570541382
-1.459298849105835 0.28694063425064087 1.5909944772720337
-2.384274959564209 0.5774434208869934 -0.1126537024974823
-2.3720791339874268 0.5906509160995483 -0.5489070415496826
-0.010954401455819607 0.5722915530204773 -1.1990723609924316
-1.1838209629058838 0.284606397151947 1.2439788579940796
-1.0705807209014893 0.3019436299800873 1.0217416286468506
-1.7570806741714478 0.5957491397857666 -0.4470917284488678
-1.060462236404419 0.5871477723121643 -1.1840866804122925
-2.353987693786621 0.5597623586654663 0.29008567333221436
-0.3281474709510803 0.6773678064346313 -1.0048364400863647
-1.8400760889053345 0.28510555624961853 -0.3187193274497986
-1.468505859375 0.284606397151947 -0.18881216645240784
-2.381345748901367 0.6219772696495056 1.1190733909606934
-1.7379482984542847 0.284606397151947 0.061604827642440796
-1.5815775394439697 0.284606397151947 -0.3908677101135254
-0.48555001616477966 0.30494895577430725 1.6288913488388062
0.2972950339317322 0.294001966714859 -0.541860044002533
-1.0682860612869263 0.284606397151947 -0.20055226981639862
0.8352217078208923 0.6530285477638245 -0.9398884773254395
-1.4206037521362305 0.284606397151947 1.1378140449523926
-1.7210257053375244 0.28574663400650024 0.4265201985836029
0.5088400840759277 0.689938485622406 -0.9749318361282349
0.06267766654491425 0.284606397151947 0.03997386619448662
0.2366441935300827 0.5507672429084778 2.1308095455169678
0.9199297428131104 0.34015944600105286 1.0123463869094849
0.39765259623527527 0.3410578966140747 0.6980797052383423
-1.6893284320831299 0.6235017776489258 -0.7024158239364624
-0.6296796798706055 0.6514828205108643 -1.088302731513977
-0.9536253809928894 0.4073634147644043 2.1412081718444824
-0.6306537389755249 0.284606397151947 -0.4986390769481659
-0.9298896193504333 0.284606397151947 1.6536637544631958
-2.349416732788086 0.5422607660293579 0.07804874330759048
0.905258297920227 0.5565187335014343 -1.1176294088363647
-1.3521543741226196 0.5932791829109192 2.1192831993103027
-0.6356683969497681 0.3082959055900574 1.079175353050232
-2.0161869525909424 0.6239644289016724 2.135047435760498
-1.3127923011779785 0.2879471480846405 -0.17903515696525574
0.8634458184242249 0.6015878319740295 2.1222457885742188
-1.2171080112457275 0.284606397151947 1.6571224927902222
0.33760517835617065 0.3037162125110626 0.5056783556938171
-0.3758336007595062 0.317289263010025 0.6406152248382568
-2.0403099060058594 0.6203629374504089 -0.6962788701057434
-0.6482086181640625 0.30595874786376953 1.4257781505584717
-1.9861290454864502 0.6324740052223206 -0.9099110960960388
-2.3632419109344482 0.5957705974578857 2.012006998062134
-1.6193891763687134 0.6749220490455627 1.6596115827560425
-1.7383387088775635 0.6915005445480347 1.8454174995422363
-0.29982179403305054 0.6655786037445068 2.100492000579834
0.03289357200264931 0.6882804036140442 -0.942672848701477
0.9130797982215881 0.7169356346130371 0.8974148035049438
-2.3768198490142822 0.5594300627708435 0.49042201042175293
0.9073089957237244 0.6976987719535828 2.0510823726654053
-0.9147149324417114 0.6391918063163757 -1.1812365055084229
0.4821414351463318 0.6972326040267944 -0.8013179302215576
-0.00934750959277153 0.5416133999824524 2.130803108215332
0.9172666668891907 0.7878747582435608 1.6329759359359741
0.9210299849510193 0.4315860867500305 0.3287748098373413
0.9179902076721191 0.5799949169158936 -0.009726033546030521
-2.0870792865753174 0.6075913906097412 0.24053005874156952
-0.29991722106933594 0.284606397151947 0.3958638310432434
-1.2931222915649414 0.6236626505851746 -0.8658381104469299
-2.095879077911377 0.6244214773178101 -0.3122859001159668
-0.7854811549186707 0.2988643944263458 1.2957645654678345
-0.7971751689910889 0.33478137850761414 -0.17338499426841736
-2.3539249897003174 0.5908529758453369 1.4132882356643677
-0.07593398541212082 0.284606397151947 -0.07974791526794434
0.37837836146354675 0.30000680685043335 -0.12834392488002777
0.2772955000400543 0.2897551953792572 1.6987439393997192
-0.3728894591331482 0.284606397151947 -0.4099949300289154
-1.4927343130111694 0.284606397151947 0.08623511344194412
0.8732622861862183 0.754047155380249 1.864427089691162
-0.37028488516807556 0.6731510162353516 -0.8187167048454285
0.8939595818519592 0.5900512933731079 0.6393505930900574
-1.2865087985992432 0.28791171312332153 0.9456152319908142
-1.551047682762146 0.6077635288238525 2.132042646408081
-2.148193836212158 0.6225467920303345 0.8629218935966492
-1.162793517112732 0.6147705316543579 2.1253435611724854
-1.9966442584991455 0.5830655694007874 0.03340378403663635
-0.972027599811554 0.29218411445617676 1.4435224533081055
-1.5281081199645996 0.668982207775116 -1.0431667566299438
-0.5510520935058594 0.6726709008216858 2.110123634338379
-0.44192904233932495 0.284606397151947 1.4734705686569214
-0.12138636410236359 0.284606397151947 0.41223856806755066
0.6336972713470459 0.8842328786849976 2.042255163192749
0.47996488213539124 0.6835383772850037 -0.5810145735740662
0.6287109851837158 0.7796080112457275 -0.46638375520706177
0.8689956068992615 0.724232017993927 -0.13210858404636383
0.8796064853668213 0.9111819267272949 1.5619608163833618
-2.0483274459838867 0.6115211844444275 0.5430483222007751
0.7286044359207153 0.799341082572937 -0.189248189330101
0.7428755164146423 0.8285751342773438 1.3272193670272827
0.8932079672813416 0.7328806519508362 0.24034446477890015
-0.6172516942024231 0.3593878448009491 0.015846602618694305
0.307813823223114 0.3460671603679657 0.08766191452741623
-1.9720454216003418 0.6244958639144897 1.6183286905288696
0.6313785314559937 0.3052264451980591 0.9909787178039551
0.12525343894958496 0.29748204350471497 0.9783616065979004
0.40696951746940613 0.9038304686546326 1.9474645853042603
0.5569635033607483 0.6602283120155334 -0.3102344870567322
-1.4609912633895874 0.7132586240768433 1.9057860374450684
-0.9353097677230835 0.730273962020874 2.086308002471924
0.7306399345397949 0.936945378780365 1.8344899415969849
-0.20877119898796082 0.7671409845352173 2.1676812171936035
-1.3954004049301147 0.284606397151947 0.4805377721786499
0.4579114615917206 0.49050992727279663 1.6299775838851929
0.6959670782089233 0.8899471163749695 0.7694823145866394
0.877164363861084 0.8385679721832275 0.25607457756996155
-1.1587642431259155 0.43199458718299866 -0.34720149636268616
0.5569884777069092 0.8102004528045654 1.0815057754516602
-1.241274356842041 0.6884239912033081 1.777732491493225
-2.0268306732177734 0.599051296710968 1.3530694246292114
-0.9072672128677368 0.3158494830131531 1.0994056463241577
-0.5143282413482666 0.3648223280906677 1.1933132410049438
-1.853585124015808 0.5637905597686768 1.0634576082229614
-1.6995741128921509 0.5592553615570068 1.2652579545974731
-1.8195160627365112 0.5948903560638428 -0.21777106821537018
-0.8244917988777161 0.5183874368667603 1.6977177858352661
0.11947206407785416 0.8558241128921509 2.07991886138916
-0.420531690120697 0.36707720160484314 -0.3149142861366272
-1.4952223300933838 0.43664035201072693 1.3828513622283936
-1.8579082489013672 0.5914487242698669 0.8496354818344116
-1.2831532955169678 0.2958776354789734 0.3359258770942688
-1.0540523529052734 0.7430952191352844 1.8882793188095093
-0.2536444067955017 0.4634549021720886 1.6985220909118652
-0.6372866630554199 0.789434552192688 1.8999968767166138
-0.9917749166488647 0.3099164664745331 0.540266215801239
-0.8413470387458801 0.3690570294857025 -0.6308554410934448
-0.5456970930099487 0.35039839148521423 0.7466425895690918
-0.2807055115699768 0.3628629148006439 1.1615984439849854
-0.18676525354385376 0.6024600863456726 -0.7969710826873779
-0.6117532253265381 0.6470143795013428 -0.7727484703063965
-1.3742510080337524 0.6470541954040527 1.0421102046966553
-1.3920038938522339 0.5863620638847351 -0.674622654914856
-1.3326910734176636 0.7369730472564697 1.2279942035675049
0.5924386382102966 0.4114062488079071 0.5936583280563354
0.10547616332769394 0.7596036195755005 1.6427377462387085
0.1291877031326294 0.39064061641693115 -0.4390198588371277
-0.12628231942653656 0.8193042874336243 1.9218828678131104
0.2128114551305771 0.6558809876441956 -0.7230837345123291
-1.1402395963668823 0.6226065754890442 0.6032893061637878
0.7306652665138245 0.894740641117096 0.012050297111272812
0.3841695785522461 0.8906393647193909 1.139158010482788
-1.1695683002471924 0.3828456401824951 0.17620813846588135
-0.8962651491165161 0.6264211535453796 -0.8943542242050171
0.656130313873291 0.3773578107357025 0.1632620394229889
-0.10572084039449692 0.7302876114845276 -0.7066247463226318
-0.3927244246006012 0.7872244715690613 1.768716812133789
0.8746780753135681 0.7668668627738953 0.48280131816864014
-1.7285593748092651 0.5408764481544495 1.365377426147461
-0.8207157254219055 0.3187698721885681 0.5195850133895874
-1.1205374002456665 0.37933576107025146 0.1334737092256546
-1.0314491987228394 0.7152235507965088 1.5182245969772339
0.22235947847366333 0.37736308574676514 1.1785719394683838
0.2854984402656555 0.8250657320022583 -0.5782136917114258
-0.42881476879119873 0.4965364933013916 0.308666855096817
-1.3350026607513428 0.37652596831321716 0.5149829387664795
-1.4450418949127197 0.36904600262641907 0.6374084949493408
-1.0753448009490967 0.284606397151947 0.02848934940993786
-0.7017872333526611 0.7432436347007751 1.6978906393051147
-1.1806914806365967 0.385616660118103 0.7976976037025452
-1.8249017000198364 0.5885308980941772 0.5826632976531982
-0.9715662002563477 0.7911609411239624 1.3534847497940063
-1.4572911262512207 0.46993279457092285 0.25868695974349976
0.4212988317012787 0.45857009291648865 -0.2632219195365906
-0.8897191286087036 0.3040975034236908 0.1288118213415146
-1.2695395946502686 0.5549251437187195 -0.13171909749507904
0.11590014398097992 0.831473708152771 -0.537484347820282
-1.2926934957504272 1.760553240776062 1.8074169158935547
0.6262313723564148 0.723669171333313 0.17718945443630219
0.5706707239151001 0.8758384585380554 0.1515478938817978
-0.9823421239852905 0.5058987140655518 1.251975178718567
-1.5901046991348267 0.4525778293609619 0.9013554453849792
0.41019123792648315 0.4765866994857788 1.3525997400283813
-1.2777113914489746 0.6241952180862427 0.6346720457077026
-0.638552725315094 0.8355164527893066 1.6162163019180298
-0.4861283004283905 0.8130533695220947 1.244234561920166
-0.3697957992553711 0.3897676169872284 0.8521604537963867
0.11722707748413086 0.4487960636615753 0.3074386417865753
-1.3433992862701416 0.38871297240257263 0.031966350972652435
-1.0236226320266724 0.5969878435134888 -0.6843463182449341
-1.7031183242797852 0.547355055809021 0.009871152229607105
-0.7579305768013 0.7959474325180054 1.2872134447097778
-1.7044191360473633 0.554254412651062 0.3926211893558502
-0.4948069155216217 0.3085554540157318 0.29168176651000977
-0.651258111000061 0.44193243980407715 -0.6234784722328186
-0.7964322566986084 0.31358298659324646 0.9504120349884033
-0.05063677206635475 0.517132580280304 1.460038185119629
-1.319579005241394 0.65621018409729 0.8685445785522461
-0.9644171595573425 0.32611405849456787 0.7936832904815674
-1.0644546747207642 0.8280982971191406 0.8511543273925781
0.09721773117780685 0.49702996015548706 1.0221071243286133
-0.16089336574077606 0.4178508520126343 0.25186675786972046
-0.8196055889129639 0.4411398768424988 0.7776800394058228
-0.606193482875824 0.4489913582801819 0.7913059592247009
-0.2955390214920044 0.49257224798202515 1.3790533542633057
-1.436455249786377 0.5781954526901245 -0.4256289601325989
-0.9729419946670532 0.49249380826950073 -0.389629989862442
-0.42279332876205444 0.93360435962677 1.0960267782211304
-0.19145835936069489 0.7648892402648926 1.5992414951324463
-0.670466423034668 0.7370350956916809 1.0638123750686646
-0.8201053142547607 0.8367874026298523 0.8680271506309509
-0.8075392842292786 0.8877227902412415 1.0923315286636353
-1.1809470653533936 0.37127721309661865 0.33399897813796997
0.21157723665237427 0.8273554444313049 1.749718189239502
-0.23233282566070557 0.7221609950065613 1.2987639904022217
0.5180752277374268 0.8545864224433899 1.7009576559066772
0.18143244087696075 0.4174278676509857 0.735792338848114
-0.5753074288368225 0.3349936008453369 0.15741050243377686
0.12154025584459305 0.6340349316596985 1.3774762153625488
-0.19079436361789703 0.2962687611579895 0.017709197476506233
0.4782319962978363 0.33113762736320496 0.8143433332443237
0.7981778383255005 0.9124959111213684 1.2286794185638428
-0.5330838561058044 0.7022690773010254 0.8636736869812012
-0.5958876609802246 0.6553186774253845 0.6039466261863708
0.2598108649253845 0.6857187151908875 1.1157587766647339
-0.026900043711066246 0.4141101837158203 1.1907949447631836
-0.2705244719982147 0.523296594619751 1.0877965688705444
-0.1596217006444931 0.3245117664337158 -0.3773319125175476
0.5128673315048218 0.8224842548370361 0.89853835105896
0.7318904399871826 0.7986301183700562 0.6803606152534485
0.4201049506664276 0.7037018537521362 1.4321491718292236
0.04392712563276291 0.5127904415130615 0.2757197916507721
-0.8780218958854675 0.5094172358512878 0.3569372892379761
-0.1025981530547142 0.3842660188674927 0.6802720427513123
0.5600132942199707 0.7923169732093811 0.5470740795135498
-0.00813063234090805 0.6794742941856384 -0.4123048186302185
-0.5869525074958801 0.4962572157382965 -0.4421115815639496
0.3149448037147522 0.6867316365242004 -0.1912471204996109
-0.12659327685832977 0.653805673122406 0.9606754183769226
0.48511946201324463 0.3869766592979431 0.16306214034557343
-1.3820263147354126 0.5069717168807983 1.5682892799377441
0.432370662689209 0.7162889242172241 0.3569512963294983
-1.077311635017395 0.6796134114265442 0.1605728268623352
-0.9542792439460754 0.45843973755836487 -0.11445066332817078
0.28977909684181213 0.7725807428359985 0.3822242021560669
0.08570632338523865 0.7414805293083191 0.779979407787323
0.18320517241954803 0.5274738073348999 0.8669666051864624
-0.5275585651397705 0.6459925174713135 -0.3500806987285614
-0.3107631206512451 0.6748514175415039 -0.4935457706451416
-1.0561563968658447 0.6726685166358948 0.4398917257785797
0.16772989928722382 0.7201166749000549 -0.18753671646118164
-0.15618430078029633 0.5885102152824402 -0.1545410007238388
-0.808487057685852 0.6280321478843689 -0.34900593757629395
-0.8051308393478394 0.6854254603385925 0.5043627619743347
-1.1858799457550049 0.39037665724754333 1.4581201076507568
-0.5407439470291138 1.5191645622253418 0.6801809072494507
-0.8855419158935547 0.6544670462608337 -0.08485648036003113
-0.6469884514808655 1.4259257316589355 0.29516300559043884
-0.1859314739704132 0.611565351486206 0.4696933627128601
-0.4096909463405609 0.6226240396499634 0.5874115824699402
0.31392112374305725 0.7015789151191711 0.6575716733932495
-0.1775292307138443 0.6574670076370239 0.7218908071517944
-0.6264159679412842 1.403489112854004 0.46905842423439026
0.15522770583629608 0.651703417301178 0.11783221364021301
-0.7537549734115601 0.6205284595489502 0.23675289750099182
-0.24038410186767578 1.1339662075042725 0.5180306434631348
-0.5923227071762085 1.573340654373169 0.18421167135238647
-0.441661536693573 1.0040756464004517 0.4587757885456085
-0.48873385787010193 0.6873642206192017 0.3977709114551544
-0.04891721531748772 0.6068185567855835 0.20787334442138672
-0.6259827017784119 0.6105510592460632 -0.08416864275932312
-0.3491488993167877 0.6375408172607422 -0.15116742253303528
-0.4907324016094208 1.2360576391220093 0.5348612070083618
-0.6376805305480957 0.684474766254425 0.13009124994277954
-0.03995712846517563 0.7059974670410156 0.1540740579366684
-0.6453274488449097 1.6896998882293701 0.6060938239097595
-0.18144294619560242 0.7348225712776184 -0.0655498057603836
-0.275553822517395 0.9250295162200928 -0.08568446338176727
-0.38815435767173767 1.573477864265442 0.7882213592529297
-0.582923948764801 0.8952696919441223 0.09348966926336288
-0.2752835750579834 0.782586932182312 0.43315327167510986
-0.48545897006988525 0.7558802366256714 -0.06568023562431335
-0.3115285336971283 1.3558334112167358 0.657798707485199
-0.11149244755506516 1.4695695638656616 0.6478385329246521
-0.5504770874977112 0.8502647876739502 0.33048591017723083
-0.05264085531234741 0.8341691493988037 0.23363101482391357
-0.11853016167879105 1.0347697734832764 0.022318704053759575
-0.18932902812957764 1.817772626876831 0.17417395114898682
-0.013864023610949516 1.3640121221542358 0.31279435753822327
-0.6137353181838989 1.1527583599090576 0.2190731167793274
-0.12095573544502258 0.9784142971038818 0.3801286220550537
-0.11553667485713959 1.6622780561447144 0.7631725668907166
-0.05908031761646271 1.3813607692718506 0.4802398383617401
-0.48912692070007324 1.7684228420257568 0.18217240273952484
0.02081456035375595 1.6430968046188354 0.3845421075820923
-0.12203824520111084 1.4078625440597534 0.08043904602527618
-0.574182391166687 1.9447218179702759 0.7270416617393494
-0.5690871477127075 1.9129998683929443 0.4503535330295563
-0.08938586711883545 1.8952103853225708 0.8267596364021301
-0.3974356949329376 1.7668098211288452 0.8749354481697083
-0.3656952679157257 1.9800856113433838 0.9156787395477295
-0.27976158261299133 1.6083190441131592 0.08665482699871063
-0.034312523901462555 1.147701621055603 0.20464780926704407
0.023747291415929794 1.7704708576202393 0.6032739281654358
0.057296354323625565 1.9865858554840088 0.5373036861419678
-0.011741571128368378 2.1004798412323 0.796369194984436
-0.02695920690894127 1.922924518585205 0.3111177980899811
-0.3634382486343384 2.0179944038391113 0.2675108313560486
-0.333876371383667 1.2951209545135498 -0.004120717756450176
-0.07705434411764145 2.1929636001586914 0.31559786200523376
-0.5787329077720642 2.1715314388275146 0.6075488924980164
-0.3559857904911041 2.4984617233276367 0.5359671711921692
-0.4347168803215027 2.220179796218872 0.3434724509716034
-0.5011500120162964 1.128680944442749 0.02720976620912552
-0.13007864356040955 2.304901599884033 0.8714562058448792
-0.3464285433292389 2.2036914825439453 0.9109667539596558
-0.2904701828956604 2.3741860389709473 0.32442763447761536
-0.4866301715373993 2.345350742340088 0.7678002119064331
0.05262543633580208 2.255695343017578 0.5746264457702637
-0.016035525128245354 2.447615385055542 0.5939897894859314
-0.14174529910087585 4.402728080749512 0.13286668062210083
-0.24205100536346436 2.5298635959625244 0.7555143237113953
-0.2574837803840637 4.409339427947998 -0.16304360330104828
-0.5826460123062134 5.764410018920898 0.7365722060203552
-0.4000680148601532 4.741362571716309 -0.049759641289711
-1.2211674451828003 4.218079090118408 0.9085707068443298
-0.8307952880859375 5.931481838226318 0.7822640538215637
-1.2555794715881348 4.31107234954834 1.132049322128296
-1.0391484498977661 4.151190280914307 0.8429497480392456
-1.0372158288955688 4.425108909606934 1.3232970237731934
-0.0954357385635376 4.3842453956604 -0.19851116836071014
-1.2033655643463135 4.5641279220581055 1.062853455543518
-0.808558464050293 4.138253211975098 0.9339664578437805
-0.38189569115638733 4.519920825958252 -0.11167427152395248
-0.7088173031806946 4.651080131530762 0.8908364176750183
-0.05286364629864693 4.347187042236328 -0.026027144864201546
-0.022046620026230812 4.541985034942627 -0.3330959379673004
-0.31496167182922363 4.464715003967285 0.07742065191268921
-1.0514378547668457 4.1554412841796875 1.2015876770019531
-0.6655206680297852 4.344598770141602 0.9960205554962158
-1.137331485748291 4.34678316116333 0.7603210806846619
0.05288354307413101 4.433265209197998 0.11985179781913757
0.19294071197509766 4.690647125244141 -0.10964623838663101
-0.22865831851959229 4.624207496643066 -0.33287137746810913
-0.8458395600318909 5.784125328063965 0.6768699884414673
-0.8429033756256104 4.260167121887207 0.7490086555480957
-0.8016085028648376 4.568658828735352 1.1726620197296143
-0.709754467010498 5.6709489822387695 0.6173485517501831
-0.0028169378638267517 4.639834880828857 0.2344963401556015
0.11321951448917389 4.470783233642578 -0.19361978769302368
-0.7963898777961731 4.550124168395996 0.8189414143562317
-0.8545942306518555 4.096205234527588 1.0175502300262451
-0.12775243818759918 4.85612154006958 -0.23868073523044586
-0.26802942156791687 4.603119850158691 0.21173095703125
0.17902624607086182 4.501029014587402 0.002663814462721348
-0.9209035038948059 4.206701755523682 1.285781979560852
-0.7691060900688171 4.28351354598999 1.188633680343628
-0.5387265086174011 5.6612772941589355 0.4326702058315277
-1.0208951234817505 4.530438423156738 0.741585373878479
-0.31509172916412354 6.762764930725098 0.5482239723205566
-0.10554943233728409 4.876535892486572 0.08954151719808578
-0.25420549511909485 6.554962635040283 0.5374547839164734
-1.153959035873413 4.159875869750977 1.1099249124526978
-0.6815620064735413 5.624426364898682 0.45499172806739807
-0.8611304759979248 5.698369026184082 0.4303269386291504
-0.3134656548500061 5.944360256195068 0.3291335105895996
-0.35304903984069824 5.906022071838379 0.5285528302192688
-0.43429532647132874 5.932830333709717 0.697235107421875
-0.6206244230270386 5.9752421379089355 0.8149333596229553
-0.4595998525619507 5.758922576904297 0.36853140592575073
-0.7723525762557983 5.855749130249023 0.16613945364952087
-0.8309750556945801 6.036755084991455 0.09750504791736603
-0.3574801981449127 6.407443046569824 0.47790756821632385
-0.7329012751579285 5.70839786529541 0.2664334774017334
-0.956265389919281 6.190152645111084 0.4103056788444519
-0.16428421437740326 6.42709493637085 0.2760561406612396
-0.07448481768369675 6.583512783050537 0.28534653782844543
-0.2532355785369873 7.010358810424805 0.27888038754463196
-0.4783039093017578 6.461246013641357 -0.0029265726916491985
0.036692626774311066 6.714103698730469 0.3406123220920563
-0.5374112129211426 5.996994495391846 0.11702932417392731
-0.6004316806793213 6.287824630737305 0.6454036235809326
-0.9608676433563232 5.960109233856201 0.35947802662849426
-0.8341490626335144 6.167337417602539 0.6688472032546997
-0.273737370967865 6.4781413078308105 0.15536706149578094
0.12322225421667099 6.976195335388184 0.1725723296403885
-0.31238484382629395 6.160283088684082 0.3284977972507477
-1.0722979307174683 6.291720867156982 1.5144872665405273
-0.44628968834877014 6.160968780517578 0.09487981349229813
-0.16709330677986145 7.977166652679443 0.8189148306846619
0.14837980270385742 6.805949687957764 0.2962096929550171
-0.8368986248970032 6.252951622009277 0.10806165635585785
-0.5502884984016418 7.816945552825928 0.6115233898162842
-0.1562187671661377 6.947337627410889 0.5515362620353699
-0.7423813343048096 6.4329142570495605 0.4654430150985718
-0.8305076360702515 6.460066795349121 0.18610629439353943
-0.6366095542907715 6.367129325866699 -0.02492431551218033
-0.33772969245910645 6.767389297485352 0.11116898059844971
-0.6255000829696655 6.640505313873291 0.2644319534301758
-0.21465986967086792 7.859819412231445 0.6537190079689026
-0.31308576464653015 8.207118034362793 0.3054203689098358
-0.13672037422657013 8.00924015045166 0.4610382914543152
0.09869169443845749 6.815070152282715 0.5116603970527649
0.07072865217924118 7.21671724319458 0.5305736064910889
-0.21152061223983765 7.933088302612305 0.4756145179271698
0.006794345565140247 7.140449047088623 0.17152635753154755
0.23416490852832794 7.009994983673096 0.49566471576690674
-0.5569793581962585 7.9825568199157715 0.31146344542503357
-0.5504104495048523 7.740774154663086 0.6326082348823547
-0.5923486948013306 7.903662204742432 0.983428418636322
0.048923879861831665 7.287992477416992 0.27757635712623596
-0.4771839380264282 8.089479446411133 0.9911237359046936
-0.3970206081867218 7.904598236083984 0.32691630721092224
-0.7711982131004333 7.941166400909424 0.8822365999221802
-0.44179195165634155 7.753979682922363 0.6760435104370117
-0.7413306832313538 7.784346103668213 0.7014350891113281
-0.8723442554473877 8.315327644348145 0.6702107787132263
-0.19084647297859192 8.266053199768066 0.38768163323402405
-0.21469001471996307 8.313865661621094 1.0473250150680542
-0.7431317567825317 8.24510383605957 0.9181471467018127
-0.2916377782821655 8.046538352966309 0.9668014645576477
-0.3163752257823944 8.305233001708984 1.0462640523910522
-0.7798605561256409 7.858051300048828 0.5201036334037781
-0.10648855566978455 7.293542861938477 0.48250362277030945
-0.6061097383499146 8.180598258972168 0.3211231529712677
-0.9026557803153992 7.9966912269592285 0.6723511219024658
-0.8867401480674744 8.546854019165039 0.6391298770904541
-0.5401477813720703 8.447096824645996 0.512221097946167
-0.022078193724155426 8.355523109436035 0.5852574706077576
0.02242676168680191 8.378328323364258 0.6602802872657776
-0.6020104289054871 8.361791610717773 0.9670239090919495
-0.48869553208351135 8.538235664367676 0.698009729385376
-0.07684724032878876 8.18973159790039 0.8306451439857483
0.04016678407788277 8.595305442810059 0.9774359464645386
0.03930620849132538 8.534407615661621 0.7490334510803223
-0.8668226003646851 8.103666305541992 0.4800751209259033
-0.9212401509284973 8.622941970825195 0.5300001502037048
0.20327076315879822 9.323827743530273 0.28668907284736633
-0.20809528231620789 8.874281883239746 0.9266554713249207
0.052799928933382034 9.674436569213867 -0.13676436245441437
-0.1243201494216919 8.497139930725098 1.1005229949951172
-0.3506929576396942 8.91806411743164 1.1097426414489746
0.20292288064956665 9.249235153198242 0.29084932804107666
-0.8430147767066956 8.674570083618164 0.5256962180137634
-0.3171144127845764 8.6609468460083 0.6071951985359192
0.0836222916841507 9.700667381286621 -0.21498890221118927
-0.22468914091587067 8.645710945129395 1.1749050617218018
-0.4603968560695648 8.783462524414062 0.8938236832618713
-0.073957160115242 8.90657901763916 0.7489638328552246
-0.0358097143471241 8.896293640136719 0.9345634579658508
-0.9744189381599426 8.59650707244873 0.40649282932281494
-0.4035722315311432 9.081921577453613 1.040362000465393
-0.41733407974243164 9.311535835266113 0.9467418193817139
0.20148003101348877 9.301136016845703 0.26172786951065063
-0.9954700469970703 8.780500411987305 0.4257485866546631
-0.5453503727912903 9.73209285736084 0.7341374754905701
-0.7092741131782532 9.736998558044434 0.8419439196586609
-0.5099033713340759 9.471744537353516 0.7479069232940674
-0.295205682516098 9.368511199951172 0.7424682974815369
-0.5634101033210754 9.64721965789795 1.0411741733551025
-0.6202350854873657 9.69818115234375 0.7499905824661255
-0.6049997806549072 9.844733238220215 1.1196670532226562
0.01287540327757597 9.660581588745117 -0.22492125630378723
-0.2067207545042038 9.858407020568848 0.49869075417518616
-0.2542330324649811 9.51176929473877 0.8178653717041016
-0.6258635520935059 9.988297462463379 1.1264206171035767
-0.1344955712556839 9.705511093139648 0.6577436327934265
-0.09127224236726761 9.608198165893555 0.5666894912719727
-1.1650800704956055 9.949373245239258 -0.23010683059692383
-0.01609550416469574 10.03964614868164 0.6620637774467468
-0.27153393626213074 9.733098983764648 0.727141797542572
-0.5190357565879822 10.090998649597168 1.224955677986145
-0.07829876989126205 9.772672653198242 0.9342378973960876
0.2437887042760849 10.016050338745117 -0.21324734389781952
-0.10961929708719254 9.999028205871582 0.9892270565032959
-0.3543807864189148 10.080862998962402 0.5673775672912598
0.17193327844142914 10.2261381149292 -0.2950168550014496
-0.47148334980010986 10.019911766052246 0.5863823294639587
-0.1363612562417984 9.931550979614258 1.0480873584747314
-0.1743638664484024 10.160966873168945 1.098427176475525
-0.42965957522392273 10.245450973510742 1.0195589065551758
0.16630101203918457 10.454398155212402 0.31625211238861084
-0.6906076669692993 9.96280574798584 0.803213357925415
-0.6807798147201538 10.622832298278809 0.2456986904144287
-0.4021768867969513 10.36520767211914 1.1304426193237305
-1.077585220336914 10.287843704223633 -0.11741593480110168
0.2562393844127655 10.580851554870605 -0.23566478490829468
-0.38705340027809143 10.342033386230469 0.5835403203964233
-1.07140052318573 10.404463768005371 -0.014630132354795933
-0.29608622193336487 10.412320137023926 0.9275139570236206
0.31726792454719543 10.532698631286621 -0.32152193784713745
-0.9875018000602722 10.631406784057617 0.46394968032836914
-0.15737946331501007 10.252912521362305 0.6735329031944275
-0.43734487891197205 10.736104011535645 0.262037068605423
0.22366470098495483 10.648787498474121 0.31734493374824524
0.29829540848731995 10.650907516479492 -0.2978111505508423
-0.34501564502716064 10.516322135925293 0.9149802327156067
-0.5200063586235046 10.823206901550293 0.18418686091899872
-0.2983724772930145 10.821512222290039 0.3681620955467224
-0.42599621415138245 10.91547679901123 0.3262840211391449
-1.163824200630188 11.02899169921875 0.7147496342658997
-0.5667527914047241 10.785981178283691 0.9866858124732971
-0.09442475438117981 10.980230331420898 0.3426200747489929
-1.1437138319015503 11.024675369262695 0.7200451493263245
0.3067255914211273 11.030996322631836 0.5891405344009399
-0.5455807447433472 11.042369842529297 0.14530593156814575
0.36908626556396484 11.240642547607422 0.9954785704612732
0.21850347518920898 10.971394538879395 0.14881213009357452
-0.7233370542526245 11.054336547851562 0.1265745908021927
0.2753896415233612 11.014575958251953 0.2600575387477875
0.24540770053863525 11.173057556152344 1.1676844358444214
-0.9086308479309082 11.247021675109863 -0.2844894230365753
-0.5149252414703369 11.113030433654785 0.34985968470573425
0.5290985107421875 11.10633659362793 -0.2619286775588989
-0.7884063124656677 11.192779541015625 0.27764979004859924
-0.491159588098526 11.202872276306152 0.19631019234657288
0.22978535294532776 11.231171607971191 0.25078272819519043
0.11272241175174713 11.268899917602539 1.240530252456665
-0.5249746441841125 11.327227592468262 -0.40531259775161743
0.43240997195243835 11.410664558410645 1.3100965023040771
-0.029197273775935173 11.363606452941895 0.46180614829063416
0.4319344162940979 11.364045143127441 0.7441033124923706
0.2933781147003174 11.359258651733398 1.2991348505020142
0.18974542617797852 11.406773567199707 0.15446920692920685
-1.3388209342956543 11.426252365112305 1.329762578010559
-0.7157177925109863 11.386549949645996 0.4501667320728302
0.15715566277503967 11.448418617248535 1.161324381828308
-1.0255311727523804 11.486546516418457 0.025635873898863792
-0.24378708004951477 11.503717422485352 0.6593115925788879
0.5263755917549133 11.52299976348877 0.20395717024803162
0.3237716257572174 11.542662620544434 0.05167326331138611
-1.3781301975250244 11.525951385498047 1.2826069593429565
-0.29785895347595215 11.543282508850098 1.4642760753631592
-0.7394601702690125 11.567070960998535 -0.3440198004245758
-0.28951629996299744 11.567745208740234 0.4704836308956146
-0.14456641674041748 11.579097747802734 1.435831904411316
