1596
-2.386474370956421 0.2846064567565918 1.5951848030090332
-2.3863744735717773 0.2845063805580139 -0.7601613998413086
-2.3863744735717773 0.4743654727935791 0.6953898072242737
0.9210319519042969 0.2845063805580139 -0.8527697920799255
-2.091691017150879 0.284606397151947 0.0015096943825483322
-1.3416061401367188 0.2845063805580139 -1.205301284790039
-0.4481033384799957 0.284606397151947 1.274802565574646
-0.9659417271614075 0.284606397151947 -0.9141190052032471
-0.9751324653625488 0.2845063805580139 -1.2052983045578003
0.9210317134857178 0.2845063805580139 -1.205336332321167
-2.3863754272460938 0.2845063805580139 -0.26381492614746094
-2.3863754272460938 0.2845063805580139 0.28099536895751953
-2.3863744735717773 0.2845063805580139 -0.4861421585083008
-1.7896604537963867 0.2845063805580139 2.141206741333008
-2.3863754272460938 0.2845063805580139 -0.011213302612304688
-2.386474609375 0.2846064567565918 0.6886110305786133
0.6648811101913452 0.28460657596588135 -1.2053992748260498
-0.5537240505218506 0.2845063805580139 -1.2052971124649048
-2.0745935440063477 0.284606397151947 1.3128633499145508
0.11570167541503906 0.2845063805580139 2.141206741333008
0.921032190322876 0.2845063805580139 -0.8984917402267456
0.9210319519042969 0.2845063805580139 -0.7524948120117188
-2.38637638092041 0.2845063805580139 0.11301040649414062
-1.6045085191726685 0.284606397151947 1.871018648147583
-0.44064855575561523 0.2845063805580139 -1.2052960395812988
-2.3799543380737305 0.2845063805580139 2.141206741333008
-2.386378288269043 0.2845063805580139 -0.14273357391357422
0.9210319519042969 0.2845063805580139 -1.0084694623947144
-2.1573050022125244 0.284606397151947 1.7117265462875366
-1.0915429592132568 0.2845063805580139 -1.2052963972091675
0.9210300445556641 0.2845063805580139 1.3711013793945312
0.9210300445556641 0.48023268580436707 1.5690358877182007
-1.9016993045806885 0.284606397151947 1.713997483253479
-2.386474370956421 0.2846064567565918 1.8748033046722412
-2.186237096786499 0.2846062183380127 2.141308307647705
0.9211299419403076 0.2846064567565918 -0.6740243434906006
-2.3863744735717773 0.2845063805580139 -0.6475553512573242
0.9210995435714722 0.28460633754730225 -1.2053993940353394
-2.3863754272460938 0.2845063805580139 -0.8695526123046875
-1.9565834999084473 0.28460609912872314 2.141308307647705
0.9211300611495972 0.2846064567565918 0.8811055421829224
-1.4479141235351562 0.2846064567565918 -1.2053985595703125
0.31531083583831787 0.284606397151947 1.5875415802001953
-0.5814821124076843 0.284606397151947 -0.9152686595916748
0.3846396207809448 0.2845063805580139 -1.2052993774414062
-2.386474370956421 0.28458571434020996 2.141207695007324
-2.386474370956421 0.2846064567565918 1.0079319477081299
-0.4060709774494171 0.284606397151947 -0.8199805617332458
-2.3863747119903564 0.5737941265106201 -1.2053983211517334
-2.386474609375 0.28460657596588135 -1.2053513526916504
-1.7536274194717407 0.284606397151947 -0.6176887154579163
-1.490952491760254 0.284606397151947 -0.8999418020248413
-2.386474370956421 0.2846064567565918 1.693019151687622
-2.101029634475708 0.284606397151947 -0.7330381274223328
0.9211301207542419 0.2846065163612366 2.042977809906006
-1.8878904581069946 0.284606397151947 1.358249545097351
0.38263097405433655 0.284606397151947 -0.9330034255981445
-1.5390734672546387 0.2846064567565918 -1.2053985595703125
-2.3863754272460938 0.2845063805580139 0.5168447494506836
-1.6984282732009888 0.284606397151947 -0.7960495352745056
-0.07929635047912598 0.28460633754730225 -1.2053990364074707
-1.251428484916687 0.284606397151947 -0.9154829382896423
-1.872879981994629 0.2846064567565918 -1.205398440361023
-2.386439561843872 0.2846066951751709 -1.2053983211517334
0.9211300611495972 0.2846064567565918 1.7763562202453613
-2.059656858444214 0.284606397151947 1.8793587684631348
0.9211300611495972 0.2846064567565918 1.1001222133636475
-0.1065230667591095 0.2846064269542694 2.141308307647705
-2.3863773345947266 0.2845063805580139 -0.37430286407470703
0.5695629119873047 0.2845063805580139 2.141207695007324
0.9210300445556641 0.28456124663352966 2.141308307647705
-2.3863754272460938 0.2845063805580139 1.489161491394043
0.9211300611495972 0.2846065163612366 1.6766669750213623
0.7703065872192383 0.2846064567565918 2.141308307647705
-1.2291207313537598 0.2846062183380127 -1.205398678779602
-1.9670699834823608 0.284606397151947 -0.14263632893562317
0.9211300611495972 0.2846065163612366 1.4698572158813477
0.9210281372070312 0.2845063805580139 1.574477195739746
-1.8816783428192139 0.284606397151947 1.1600146293640137
-2.1187126636505127 0.284606397151947 0.7930243611335754
-1.310671329498291 0.2846062183380127 2.141308307647705
0.9211299419403076 0.2846064567565918 -0.5797626972198486
0.9210300445556641 0.2845063805580139 2.141251564025879
-2.3863744735717773 0.2845063805580139 0.9318695068359375
-1.7715861797332764 0.2846064567565918 -1.2053985595703125
-1.3382312059402466 0.284606397151947 -0.7480842471122742
0.9210300445556641 0.2845063805580139 1.8877429962158203
-0.11308708041906357 0.6728492379188538 2.1412081718444824
-0.3764992952346802 0.28460636734962463 2.141308307647705
-0.006425023078918457 0.28460633754730225 -1.2053990364074707
-1.6742324829101562 0.2846064567565918 -1.2053985595703125
-2.031383514404297 0.284606397151947 -0.9184937477111816
-1.934218406677246 0.4937003254890442 -1.2052985429763794
0.5189586281776428 0.284606397151947 0.5285244584083557
-1.4615755081176758 0.2845063805580139 2.141207695007324
-1.958104133605957 0.2845063805580139 -1.2052984237670898
-0.6677504777908325 0.2846062183380127 2.141308307647705
-2.38637638092041 0.6711091995239258 2.141308307647705
-2.3863754272460938 0.2845063805580139 1.3031539916992188
-0.7741683721542358 0.2846081256866455 2.141308307647705
0.9211300015449524 0.28460657596588135 0.6558659076690674
-2.386474370956421 0.2846064567565918 1.927032232284546
-2.0821831226348877 0.284606397151947 1.1219545602798462
0.9211300015449524 0.28460657596588135 0.038863420486450195
-2.3660507202148438 0.2845063805580139 -1.2052984237670898
-2.3863744735717773 0.455888956785202 1.2900993824005127
-0.698756217956543 0.28460657596588135 -1.2053987979888916
-0.8816483020782471 0.2846059799194336 2.141308307647705
-2.3863754272460938 0.2845063805580139 1.1835851669311523
-0.9717413187026978 0.284606397151947 1.7580636739730835
-2.386474609375 0.7905051112174988 -1.2052981853485107
0.9210289716720581 0.2845063805580139 0.13172194361686707
-2.121983766555786 0.284606397151947 0.4346303939819336
-1.6869611740112305 0.2846081256866455 2.141308307647705
-2.3863744735717773 0.2845063805580139 -1.018507957458496
-2.1570491790771484 0.2845063805580139 -1.2052993774414062
-2.386474370956421 0.2846062183380127 1.0707669258117676
0.9210299849510193 0.5029738545417786 -0.5455957055091858
-0.6160072684288025 0.284606397151947 1.8899394273757935
-1.3371045589447021 0.284606397151947 1.8436483144760132
-1.8029193878173828 0.284606397151947 -0.9339543581008911
-2.386474609375 0.284606397151947 -0.9481103420257568
-2.1107637882232666 0.284606397151947 -0.27138978242874146
-1.8147568702697754 0.284606397151947 1.8651119470596313
-0.8946720361709595 0.2845063805580139 -1.205295443534851
-2.0379180908203125 0.2845063805580139 -1.2052984237670898
0.05678388476371765 0.5462374091148376 -1.2052991390228271
0.4047231674194336 0.2845063805580139 2.141206741333008
0.9211299419403076 0.7579996585845947 -1.2052996158599854
-1.5746841430664062 0.2846059799194336 2.141308307647705
-2.386474609375 0.8993086814880371 -1.2053120136260986
-2.0594358444213867 0.2846081256866455 2.141308307647705
-0.35225456953048706 0.2845063805580139 -1.2052979469299316
0.9210300445556641 0.2845063805580139 1.2056207656860352
0.5940555930137634 0.284606397151947 -0.11655858159065247
0.9211299419403076 0.5259976387023926 -1.2052996158599854
-2.0250446796417236 0.284606397151947 0.6178961992263794
0.9211300015449524 0.2846064567565918 -0.25676679611206055
0.2760493755340576 0.2845063805580139 -1.205297589302063
-0.8095045685768127 0.2845063805580139 -1.2052972316741943
-0.0022258758544921875 0.2845063805580139 2.141206741333008
-0.2663411498069763 0.2845063805580139 -1.205299735069275
0.8276541233062744 0.2846065163612366 -1.2053992748260498
0.5827991962432861 0.284606397151947 -0.9024776220321655
-0.8512820601463318 0.284606397151947 1.9327194690704346
0.9211300015449524 0.28460657596588135 0.24794387817382812
-1.0821959972381592 0.2846059799194336 2.141308307647705
0.2916980981826782 0.28460636734962463 2.141308307647705
0.44950857758522034 0.284606397151947 1.2765613794326782
0.10704410076141357 0.2845063805580139 -1.2052977085113525
-2.386474370956421 0.8884106278419495 2.1412079334259033
-1.60748291015625 0.2846066951751709 -1.2053985595703125
0.9210294485092163 0.2845063805580139 0.5526411533355713
-0.2619742751121521 0.284606397151947 1.7421202659606934
-1.8714561462402344 0.2845063805580139 2.141206741333008
-0.6251184940338135 0.2846064567565918 -1.2053989171981812
0.5496728420257568 0.2845063805580139 -1.2052974700927734
0.3443387448787689 0.284606397151947 1.9122388362884521
-0.5801362991333008 0.2845063805580139 2.1412086486816406
-0.48643022775650024 0.28460636734962463 2.141308307647705
0.46978187561035156 0.28460633754730225 -1.2053991556167603
-0.16513819992542267 0.284606397151947 1.0224559307098389
0.6466027498245239 0.284606397151947 -0.29717719554901123
0.1896991729736328 0.2846064567565918 -1.2053991556167603
0.08348222821950912 0.284606397151947 -0.033854804933071136
-0.12176468968391418 0.284606397151947 1.8776452541351318
0.9211300015449524 0.2846064567565918 -0.06028389930725098
0.9211300611495972 0.28460657596588135 0.7807713747024536
0.1532250940799713 0.284606397151947 -0.9050320982933044
0.9211300015449524 0.2846064567565918 -0.47777795791625977
-1.8283158540725708 0.284606397151947 0.26368725299835205
-2.386474609375 0.2846064567565918 0.4002089500427246
0.9210299253463745 0.2845063805580139 -0.3683302104473114
0.23756486177444458 0.284606397151947 -0.5916772484779358
0.657662570476532 0.284606397151947 1.4898817539215088
-0.23105673491954803 0.284606397151947 -0.705747663974762
-1.5281256437301636 0.284606397151947 -0.7099951505661011
0.20693884789943695 0.284606397151947 1.720634937286377
-0.005823964718729258 0.284606397151947 1.6882325410842896
0.6229050159454346 0.284606397151947 -0.7103224992752075
0.9211300015449524 0.2846064567565918 0.43190431594848633
-0.25145968794822693 0.284606397151947 -0.8986251354217529
0.6313793063163757 0.284606397151947 -0.530304491519928
-1.3733266592025757 0.284606397151947 -0.5654978156089783
-2.0604758262634277 0.284606397151947 0.22608961164951324
-1.9075216054916382 0.284606397151947 0.7903636693954468
-0.6410917043685913 0.6074151992797852 2.1412081718444824
-2.0955350399017334 0.284606397151947 1.5198218822479248
0.5864665508270264 0.284606397151947 1.8173387050628662
-2.386373519897461 0.2845063805580139 -0.5689983367919922
-2.1037609577178955 0.284606397151947 -0.5353840589523315
0.9210300445556641 0.2845063805580139 1.284773826599121
0.02795170620083809 0.284606397151947 -0.5765137076377869
-1.9215660095214844 0.284606397151947 1.5506683588027954
-2.3864259719848633 0.2845063805580139 2.141206741333008
-1.828340768814087 0.284606397151947 0.9715392589569092
0.48899713158607483 0.2846064269542694 2.141308307647705
0.9210301637649536 0.8229272365570068 2.141308307647705
-2.3863744735717773 0.7011873722076416 1.898656964302063
-2.386474370956421 0.2846066951751709 0.8428964614868164
-0.8441881537437439 0.284606397151947 -0.5109626054763794
-0.27435463666915894 0.28460636734962463 2.141308307647705
-1.9012178182601929 0.284606397151947 -0.7597660422325134
-2.38637375831604 0.4357411861419678 -1.2053983211517334
-1.7177404165267944 0.284606397151947 1.6784712076187134
-2.3863744735717773 0.4891699552536011 -0.3437052071094513
-2.3863744735717773 0.5762417316436768 -0.8803486227989197
-1.540581464767456 0.284606397151947 1.3209562301635742
-1.4800937175750732 0.284606397151947 1.1238672733306885
-2.3863744735717773 1.1363623142242432 -1.2053983211517334
-2.386474609375 0.28460657596588135 0.19522929191589355
-0.6696658730506897 0.56773442029953 -1.205298900604248
-1.9553662538528442 0.284606397151947 -0.37301361560821533
-1.7982494831085205 0.284606397151947 -0.24319545924663544
-2.3863744735717773 0.6132084131240845 1.1291033029556274
-1.9259822368621826 0.284606397151947 0.09844667464494705
-1.9255291223526 0.284606397151947 -0.5829253792762756
-0.7499269843101501 0.284606397151947 1.7335991859436035
0.43785327672958374 0.284606397151947 -0.7388814091682434
-1.565068244934082 0.284606397151947 -0.527966320514679
0.9210299253463745 0.6428672671318054 -1.2053993940353394
-1.7247804403305054 0.284606397151947 1.2671068906784058
-1.9463869333267212 0.284606397151947 0.41377702355384827
0.5922618508338928 0.4712909162044525 -1.2052992582321167
0.16261731088161469 0.284606397151947 -0.2870936691761017
0.20433521270751953 0.2845063805580139 2.141206741333008
0.9211300611495972 0.28460657596588135 0.9895100593566895
0.31977686285972595 0.284606397151947 0.4844401180744171
-2.386474609375 1.013458251953125 -1.2053120136260986
-1.1634947061538696 0.2845063805580139 -1.2052955627441406
-0.9847304821014404 0.2846064567565918 2.141308307647705
-0.9262002110481262 0.284606397151947 -0.7780715227127075
-1.3304455280303955 0.284606397151947 1.6538647413253784
-2.386474609375 0.2846064567565918 -0.07828116416931152
0.9210302233695984 0.3813247084617615 -1.2053993940353394
-1.9019324779510498 0.6770323514938354 2.1412081718444824
-1.1949598789215088 0.284606397151947 1.3933149576187134
-2.386375665664673 0.5569487810134888 2.141308307647705
-1.76017427444458 0.284606397151947 -0.42015644907951355
0.9210299849510193 0.47456300258636475 2.141308307647705
-1.498823881149292 0.284606397151947 1.7192282676696777
0.07381366193294525 0.284606397151947 0.43115437030792236
-1.1773329973220825 0.284606397151947 0.9073678851127625
-2.3863744735717773 0.7782431840896606 -0.966078519821167
-1.0183725357055664 0.284606397151947 1.5491900444030762
-2.38637375831604 0.6867368221282959 -1.2053983211517334
-2.386474370956421 0.43848729133605957 2.1412081718444824
-2.386375665664673 1.1138224601745605 2.141308307647705
-2.3863754272460938 0.7812900543212891 2.141308307647705
-0.4616032540798187 0.6445663571357727 2.1412081718444824
-0.1881273239850998 0.5358956456184387 -1.2052990198135376
0.9210300445556641 0.4962136149406433 1.0232703685760498
-2.3863754272460938 0.2845063805580139 0.6173152923583984
0.9210300445556641 0.6033226251602173 2.141308307647705
0.696361243724823 0.7042360305786133 -1.2052993774414062
-0.18870912492275238 0.2846064567565918 2.141308307647705
0.9210300445556641 0.2845063805580139 1.8506526947021484
0.921028733253479 0.2845063805580139 0.34426531195640564
-2.3863744735717773 0.6809031963348389 0.00257371854968369
-0.9294219613075256 0.284606397151947 0.06581132113933563
-1.9982295036315918 0.7305719256401062 -1.2052984237670898
-2.3863744735717773 0.48931723833084106 -0.6214779019355774
-1.1898187398910522 0.284606397151947 1.5840516090393066
-1.3671876192092896 0.284606397151947 -0.3794478178024292
-2.3863744735717773 0.2845063805580139 1.3953371047973633
-0.026579543948173523 0.284606397151947 -0.4039972424507141
0.48057249188423157 0.284606397151947 -0.3618203401565552
0.08831695467233658 0.284606397151947 1.8913074731826782
-0.5032135844230652 0.284606397151947 -0.6683675050735474
-1.804174780845642 0.284606397151947 -0.05681358277797699
0.9210301637649536 0.9238604307174683 2.141308307647705
-0.8856663703918457 0.5104088187217712 -1.2052987813949585
0.9210300445556641 0.47101500630378723 0.766311526298523
-1.6955240964889526 0.284606397151947 1.0786542892456055
-2.0114991664886475 0.4845150113105774 2.1412081718444824
-2.3863744735717773 0.5576956868171692 0.9267881512641907
-1.3851752281188965 0.2846062183380127 2.141308307647705
-2.3863744735717773 0.5613967180252075 -0.14001008868217468
-1.3878570795059204 0.284606397151947 1.4753546714782715
-2.15785551071167 0.5779381394386292 -1.2052984237670898
-0.5754522681236267 0.647490918636322 2.8667666912078857
-0.643155038356781 0.284606397151947 1.5827772617340088
-0.34660059213638306 0.284606397151947 -0.14983083307743073
0.5884848237037659 0.561209499835968 2.1412081718444824
0.9211299419403076 0.8708943128585815 -1.2052949666976929
0.9211299419403076 0.9766467213630676 -1.2052948474884033
0.9210299849510193 0.46215489506721497 -0.25312158465385437
0.9210301041603088 0.6630714535713196 1.938403606414795
-2.3863744735717773 0.4531373381614685 0.4007358253002167
0.9210299253463745 0.5626121759414673 -0.7898030281066895
0.9210300445556641 0.6222168803215027 1.7354506254196167
0.9210299849510193 0.47533226013183594 0.1610080450773239
-1.2333412170410156 0.284606397151947 -0.2499876767396927
0.4428268074989319 0.284606397151947 -0.03527399152517319
-2.3863744735717773 0.5347833037376404 1.7758557796478271
0.6246281862258911 0.284606397151947 1.2433521747589111
0.0876590684056282 0.284606397151947 1.5386418104171753
0.31945574283599854 0.5456004738807678 2.1412081718444824
0.9210299253463745 0.6921629309654236 -0.9621493220329285
-2.129539966583252 0.6985514760017395 2.1412081718444824
-1.2356195449829102 0.2845063805580139 2.1412057876586914
0.9211301207542419 0.7197285890579224 2.141207695007324
-0.1423778384923935 0.28506457805633545 2.6925084590911865
-1.7580411434173584 0.284606397151947 0.43824607133865356
0.6923630237579346 0.2846064567565918 2.141308307647705
0.9210300445556641 0.5536484718322754 1.2726120948791504
0.9210299849510193 0.6488229036331177 0.3456653356552124
0.9210300445556641 0.8745701313018799 1.871796727180481
-2.064913272857666 0.8701903820037842 2.1412081718444824
-2.3863744735717773 0.3457222878932953 1.6293869018554688
-1.3489841222763062 0.284606397151947 1.2534363269805908
-0.8576867580413818 0.284606397151947 1.588045358657837
-2.3863744735717773 0.6617447733879089 1.4238700866699219
-2.3863744735717773 0.6614272594451904 1.5903208255767822
-2.3863744735717773 0.6660764217376709 -0.6997565627098083
-1.1456432342529297 0.2846062183380127 2.141308307647705
0.03957172855734825 0.5495151877403259 2.1412081718444824
-0.6723402142524719 0.284606397151947 -0.7920961380004883
-1.7404197454452515 0.284606397151947 1.4918142557144165
-2.3863744735717773 0.7704395651817322 1.0424096584320068
-1.7175281047821045 0.284606397151947 0.1104801669716835
-1.4096976518630981 0.5679827332496643 2.1412081718444824
-0.37705880403518677 0.284606397151947 1.9165594577789307
-0.8536228537559509 0.7497397065162659 2.6055729389190674
-1.4166237115859985 0.284606397151947 0.32018688321113586
-1.1331133842468262 0.284606397151947 -0.767536461353302
-1.215323805809021 0.8021387457847595 2.1412081718444824
-0.4414491355419159 0.5050768256187439 -1.2052990198135376
-1.3108913898468018 0.5406603813171387 -1.205298662185669
-2.3863744735717773 0.8666680455207825 1.4761494398117065
-2.1457064151763916 0.8586875200271606 -1.2052984237670898
-2.3863744735717773 0.9141040444374084 1.867335557937622
0.6921632289886475 0.284606397151947 0.6384641528129578
-0.286057710647583 0.5958430171012878 2.1412081718444824
0.01809348165988922 0.284606397151947 -0.732944130897522
-0.010808870196342468 0.749839723110199 2.5726635456085205
0.3002110421657562 0.5206793546676636 -1.2052992582321167
-2.3863744735717773 0.6411181092262268 0.5708844065666199
0.9211300015449524 0.2846064567565918 -0.16591334342956543
0.2175876498222351 0.9078426957130432 2.1412081718444824
-2.031757116317749 1.1194037199020386 0.06043286249041557
-1.5154109001159668 0.5697984099388123 -1.205298662185669
0.6482415199279785 0.284606397151947 0.09111817181110382
-0.15043342113494873 0.28460633754730225 -1.2053990364074707
-0.6337197422981262 0.284606397151947 2.6924657821655273
0.9210299849510193 0.4784592092037201 0.49715161323547363
-2.0238633155822754 0.9085853695869446 1.7879536151885986
-1.1800426244735718 0.284606397151947 0.2972235679626465
-2.0694632530212402 0.9107023477554321 -0.31062638759613037
-1.5898569822311401 0.6470602750778198 2.1412081718444824
0.46207931637763977 0.284606397151947 1.468292236328125
0.4907773733139038 0.8261473178863525 -1.2052992582321167
-2.3837363719940186 1.4474921226501465 -1.2052984237670898
-1.6578009128570557 0.284606397151947 0.6054931282997131
-1.835797667503357 0.284606397151947 0.6159089803695679
-1.6284289360046387 0.284606397151947 -0.10455069690942764
-0.881781816482544 0.567897617816925 2.1412081718444824
-1.7070218324661255 0.284606397151947 0.8168411254882812
-1.7607982158660889 0.7667433023452759 2.1412081718444824
-2.3863744735717773 0.8189206719398499 -0.14886827766895294
0.4346197247505188 0.284606397151947 -0.56703120470047
-1.5288405418395996 0.284606397151947 0.14122268557548523
-2.3863744735717773 0.9519845843315125 -0.9017190933227539
0.4447997212409973 0.6554439663887024 -1.2052992582321167
-1.7393752336502075 0.5091744065284729 2.1412081718444824
0.9210299849510193 0.6918047666549683 0.12677456438541412
0.9210299849510193 0.5951528549194336 -0.05955549702048302
-1.555635929107666 0.284606397151947 1.5398973226547241
-2.0147953033447266 0.284606397151947 0.9673818945884705
0.5616207122802734 0.284606397151947 1.6274561882019043
-2.3863744735717773 0.7045451998710632 0.8203912377357483
-0.8549061417579651 0.7497397065162659 2.5069687366485596
-0.46040821075439453 0.2845063805580139 2.6925230026245117
-0.8512744307518005 0.284606397151947 1.2308157682418823
0.45520925521850586 0.284606397151947 0.3370233476161957
-2.015380859375 0.6816251873970032 -0.6550726294517517
-1.7634212970733643 0.5926529169082642 -1.2052985429763794
-2.3863744735717773 0.694482684135437 -0.5035368204116821
-1.1833171844482422 0.5791835784912109 2.1412081718444824
-2.3863744735717773 0.5275089144706726 0.13432948291301727
-1.3030325174331665 0.284606397151947 0.147707998752594
-1.4509121179580688 0.7659423351287842 -1.205298662185669
-1.2954514026641846 0.284606397151947 0.46613651514053345
-0.4021224081516266 0.46188923716545105 2.9270148277282715
-2.3863744735717773 0.7673348784446716 1.273864984512329
-1.5079072713851929 0.284606397151947 0.737356960773468
-2.0837972164154053 0.9591509699821472 1.2242448329925537
0.4102573096752167 0.284606397151947 1.7418079376220703
0.6737447381019592 0.9201844334602356 -1.2052993774414062
-1.5299018621444702 0.284606397151947 0.9497473835945129
-1.3904966115951538 0.9657401442527771 1.8616963624954224
-0.5122180581092834 0.284606397151947 1.719409465789795
-2.0506818294525146 0.8532239198684692 -0.8004916310310364
-2.386474609375 1.2584953308105469 -1.2053120136260986
-1.5301343202590942 0.284606397151947 4.138791561126709
-0.17089210450649261 0.284606397151947 4.686339855194092
-1.0290950536727905 0.7237237691879272 2.1412081718444824
-2.030165195465088 1.2124210596084595 1.6795097589492798
-1.8307435512542725 0.7056677937507629 1.7991647720336914
-1.608219861984253 0.284606397151947 0.3380081057548523
0.5720067620277405 0.7288236021995544 2.1412081718444824
-0.2924022674560547 0.2845063805580139 2.6925230026245117
0.9210300445556641 1.1364099979400635 2.141308307647705
0.3500865697860718 0.284606397151947 1.0878064632415771
-1.4183094501495361 0.284606397151947 -0.18924888968467712
0.3510729670524597 0.7064331769943237 2.1412081718444824
-0.5524847507476807 0.284606397151947 -0.37468793988227844
0.673926055431366 0.284606397151947 0.9705795049667358
0.9210300445556641 0.6503786444664001 1.5044031143188477
-1.416414499282837 0.33018258213996887 3.079347610473633
-2.3863744735717773 0.8060266375541687 1.685591697692871
0.6229515671730042 0.8764132857322693 2.1412081718444824
-0.14600782096385956 0.284606397151947 1.6012301445007324
-0.9879168272018433 0.284606397151947 4.622352600097656
-0.34631460905075073 0.6886264681816101 -1.2052990198135376
0.9210300445556641 1.0504697561264038 1.8029968738555908
0.9210300445556641 0.6905856728553772 0.7637425661087036
0.9211300611495972 1.032449722290039 2.141209363937378
0.9210299849510193 0.842367947101593 0.2605370581150055
-2.3863744735717773 0.8164903521537781 0.12244480848312378
-0.28568512201309204 0.284606397151947 1.4510170221328735
0.9210300445556641 0.6938136219978333 0.9638417363166809
-0.05922297388315201 0.7057759165763855 -1.2052991390228271
-1.8912229537963867 0.9912246465682983 -0.8767445087432861
0.9210386276245117 1.078016757965088 -1.2053993940353394
-0.0868125781416893 0.284606397151947 3.895859956741333
0.9210299849510193 0.671866774559021 -0.3659733533859253
-2.386474370956421 0.9924224615097046 2.1412081718444824
0.9210299849510193 0.687610387802124 0.5653489232063293
-2.3863744735717773 0.8249637484550476 -0.7273596525192261
-2.0927610397338867 1.0821382999420166 -1.2052984237670898
0.9210300445556641 0.8819815516471863 1.2763978242874146
0.9210300445556641 1.2715978622436523 2.141308307647705
0.3576229512691498 0.9120228290557861 2.088697671890259
-1.6566106081008911 0.7421438097953796 -1.2052985429763794
-0.8311687707901001 0.7094064354896545 -1.205298900604248
-2.3863744735717773 0.6650795340538025 0.29379457235336304
0.4700527787208557 0.8656774759292603 -0.8750130534172058
-0.19300945103168488 0.8165721893310547 -1.2052990198135376
-1.8526451587677002 0.789669394493103 -1.2052985429763794
-2.3863744735717773 0.7670233845710754 0.44493812322616577
-2.042820930480957 1.0534507036209106 2.1412081718444824
-1.470787525177002 0.284606397151947 0.5275663733482361
-1.8528016805648804 0.6490879654884338 -0.8200027942657471
-1.8196860551834106 0.6067911982536316 -0.5757601261138916
0.25360360741615295 0.284606397151947 1.2361375093460083
-0.9979335069656372 0.284606397151947 1.3384729623794556
0.9210300445556641 0.7023850679397583 1.1869016885757446
0.7351072430610657 0.284606397151947 3.781442642211914
-1.4277688264846802 0.284606397151947 -0.009902644902467728
0.9210299253463745 0.6942805647850037 -0.5936288833618164
-2.3863744735717773 0.720385730266571 -0.3065182864665985
-0.9029917120933533 0.284606397151947 0.6549946665763855
-1.9168570041656494 0.9587020874023438 -1.2052985429763794
-1.2263554334640503 0.284606397151947 -0.057913992553949356
-2.3863744735717773 0.9240906238555908 1.1796276569366455
0.9210383892059326 1.1895418167114258 -1.2053993940353394
-1.195489525794983 0.284606397151947 -0.580163836479187
-1.1046481132507324 0.5786975622177124 -1.2052987813949585
-2.3863744735717773 0.9457378387451172 -0.2957148253917694
-2.3863744735717773 0.9767785668373108 -0.6725553870201111
0.2809502184391022 0.284606397151947 -0.4263708293437958
-2.3863744735717773 0.884544312953949 -0.48833757638931274
-0.9938664436340332 1.5475363731384277 -1.3301801681518555
-0.570499837398529 0.7220586538314819 -1.205298900604248
-1.1300548315048218 0.31356513500213623 4.532862186431885
-2.4994053840637207 1.5382423400878906 -0.9197770357131958
0.9211301207542419 1.3660600185394287 2.141209602355957
-1.6996639966964722 0.9322675466537476 -1.2052985429763794
-1.1027424335479736 0.284606397151947 0.4829672574996948
0.9210300445556641 0.9110543727874756 1.5529814958572388
-2.3863744735717773 0.9540395140647888 -0.015128646977245808
0.2599157392978668 0.284606397151947 -0.08675528317689896
-0.38010796904563904 0.284606397151947 -0.5501056909561157
0.9210299253463745 0.7738454341888428 -0.752592146396637
-1.5747689008712769 0.284606397151947 -0.3067593574523926
0.9210300445556641 0.8594388961791992 1.0619373321533203
-1.0120383501052856 0.284606397151947 -0.5923519730567932
0.9210299253463745 1.0919575691223145 -0.864005446434021
-0.0636269748210907 0.284606397151947 -0.8779887557029724
-2.3863744735717773 1.0908619165420532 1.5291202068328857
-2.3863744735717773 1.1539467573165894 -0.8668431639671326
0.47214648127555847 0.2990606129169464 2.8907883167266846
-1.1535792350769043 0.284606397151947 1.1790845394134521
0.6088368892669678 0.284606397151947 4.104147434234619
-1.026009202003479 0.7511345744132996 -1.2052987813949585
0.504571795463562 1.1283187866210938 -0.8345063924789429
0.9210300445556641 0.7993413805961609 1.6877050399780273
0.9210299849510193 0.8214237093925476 -0.04391663148999214
0.25905072689056396 0.284606397151947 -0.7597077488899231
-0.7911933064460754 0.284606397151947 -0.6976404786109924
-1.2675459384918213 0.7425614595413208 -1.205298662185669
0.4981631636619568 1.028991460800171 -1.2052992582321167
-2.062279224395752 1.2738325595855713 -0.6903812885284424
-0.8694584965705872 0.284606397151947 -0.11898329854011536
-1.0951067209243774 0.284606397151947 -0.39124611020088196
-1.8062398433685303 1.250645399093628 -0.8792315125465393
0.5188127160072327 0.3012847602367401 3.660771131515503
0.2862270772457123 0.284606397151947 4.4479193687438965
-0.7209507822990417 0.284606397151947 -0.28503313660621643
-2.3863744735717773 1.0597304105758667 1.3296562433242798
0.9210300445556641 0.8716917037963867 0.8509286046028137
-0.0354127511382103 0.284606397151947 0.5739899277687073
-0.3703213632106781 0.284606397151947 -0.34964561462402344
0.0971570685505867 0.7521007061004639 2.1412081718444824
-1.854007363319397 1.395089030265808 -1.2052985429763794
0.759624719619751 0.2880171835422516 3.6247975826263428
-1.2694140672683716 0.8711003661155701 -0.8489192128181458
-2.3863744735717773 0.9203038215637207 0.9290672540664673
-2.386474370956421 1.3236160278320312 2.1412081718444824
-2.0232770442962646 0.8614819645881653 1.4794706106185913
-2.07232403755188 1.205104112625122 0.8962538838386536
-0.003323194570839405 0.9843837022781372 -1.2052991390228271
-2.3863744735717773 1.1759368181228638 1.8371771574020386
-1.2992510795593262 0.284606397151947 1.0527360439300537
-1.4769041538238525 0.9337912797927856 -1.205298662185669
-1.874159812927246 0.6134541034698486 1.5857946872711182
-0.3135327696800232 0.9664364457130432 -0.8849685192108154
0.23554541170597076 0.7172279953956604 -1.2052991390228271
-1.756839632987976 0.8641992211341858 -0.7888029217720032
-1.8659378290176392 0.913535475730896 2.1412081718444824
-0.7965002059936523 0.2850821614265442 2.692549467086792
-2.3863744735717773 0.9393624067306519 0.5375749468803406
0.6432729959487915 0.284606397151947 0.3384911119937897
0.9210299253463745 0.8939632177352905 -0.9143325090408325
-0.7602731585502625 0.8669511079788208 -1.205298900604248
-1.9954711198806763 0.6788642406463623 1.2050307989120483
-2.030611991882324 0.8247942924499512 -0.06122664734721184
-1.405548095703125 0.7650207877159119 2.1412081718444824
-1.831106185913086 1.0743249654769897 1.8534197807312012
0.9210299849510193 1.0510536432266235 0.43994957208633423
0.9210386276245117 1.3006380796432495 -1.2053993940353394
-2.038597583770752 0.7675113677978516 0.2329673022031784
-2.386474370956421 1.217904806137085 2.1412081718444824
0.07134516537189484 0.8322226405143738 -1.2052991390228271
-1.360597014427185 1.2415976524353027 -1.205298662185669
0.9210299849510193 0.9330076575279236 -0.2642386555671692
-1.585721492767334 0.8817065358161926 2.1412081718444824
-1.583332896232605 0.28946951031684875 3.969618558883667
0.2704198658466339 0.284606397151947 1.4280239343643188
-2.3863744735717773 1.1185370683670044 -0.17398345470428467
0.35943883657455444 0.6507548093795776 -0.8307481408119202
-1.5833609104156494 0.7930560111999512 1.7490203380584717
-2.0382778644561768 0.736562192440033 1.6441218852996826
-1.3536089658737183 0.284606397151947 0.8477804660797119
-2.0336813926696777 0.8600178360939026 0.9647388458251953
0.3674751818180084 0.284606397151947 -0.2327728122472763
0.012514576315879822 1.0349133014678955 2.1412081718444824
0.10753162205219269 0.540913999080658 3.3116469383239746
-0.9308947920799255 0.284606397151947 2.702451705932617
0.9210299253463745 1.4217299222946167 -0.9599229693412781
-1.942049264907837 1.1107977628707886 -0.6574989557266235
-2.386474609375 1.3505700826644897 -1.2053120136260986
-1.386335849761963 0.3125394880771637 4.328625202178955
-1.9903676509857178 0.8496717810630798 -0.5266584753990173
-2.3863744735717773 0.8238919973373413 0.6975100636482239
0.9125743508338928 1.411630392074585 -1.2030878067016602
-0.24734637141227722 0.9734349846839905 -1.2052990198135376
-1.5780879259109497 1.1317452192306519 -1.205298662185669
-1.18448007106781 0.9004998207092285 -1.2052987813949585
0.9210299849510193 0.852046549320221 -0.46673205494880676
-1.5136408805847168 0.8197324275970459 -0.8529700636863708
-1.9835959672927856 1.2346241474151611 2.1412081718444824
-2.057309150695801 1.0397820472717285 0.3897775411605835
-2.3863744735717773 0.9913060665130615 1.677115797996521
-0.9773581624031067 0.9264326691627502 -1.2052987813949585
0.311034232378006 0.8723137974739075 -1.2052992582321167
0.48550155758857727 1.3390893936157227 2.1268372535705566
-1.1308677196502686 0.284606397151947 1.7984488010406494
-0.4329015612602234 0.8721945881843567 -1.2052990198135376
0.4053221642971039 0.284606397151947 0.8949379920959473
0.9210299253463745 0.9355542063713074 -0.66914302110672
-2.3863744735717773 1.1168122291564941 -0.5607852935791016
-0.7781705260276794 0.284606397151947 0.34637361764907837
-1.377284288406372 0.9641157984733582 2.1412081718444824
-2.3863744735717773 1.017723560333252 0.7455834746360779
-2.3863744735717773 0.8872814178466797 0.29399263858795166
-2.0087668895721436 1.2639095783233643 -1.2052984237670898
-1.793501853942871 1.1461514234542847 -1.2052985429763794
-2.3863744735717773 1.280779242515564 -0.6970856189727783
0.47291702032089233 0.284606397151947 0.15295059978961945
-1.3082915544509888 1.039184331893921 -1.205298662185669
0.5663279891014099 0.7143542766571045 -0.7455106377601624
-0.02134343981742859 0.298095703125 4.637678623199463
0.5212185978889465 0.284606397151947 1.0656148195266724
-0.18767160177230835 0.284606397151947 -0.2926594316959381
-0.8426948189735413 1.0639773607254028 -1.205298900604248
0.5526770353317261 0.284606397151947 0.7899454236030579
-1.1134059429168701 0.284606397151947 0.09729277342557907
-0.2685900330543518 0.284606397151947 1.2516875267028809
-0.35860082507133484 0.284606397151947 1.6032843589782715
0.08030995726585388 1.2209968566894531 -1.2052991390228271
-1.6287474632263184 0.2856655716896057 3.5314595699310303
-2.0363385677337646 1.5653696060180664 -0.8482013940811157
-1.270541787147522 0.7237951159477234 1.801377773284912
-0.1055482029914856 0.284606397151947 1.2031956911087036
-0.8346656560897827 0.284606397151947 1.0309633016586304
-2.3863744735717773 1.3439340591430664 1.7083804607391357
-0.5954580307006836 0.9534046649932861 -1.205298900604248
0.47596630454063416 1.0039491653442383 2.1412081718444824
-1.7243778705596924 1.0477341413497925 2.1412081718444824
0.7592669725418091 0.32511475682258606 3.471327781677246
-0.7934923768043518 0.3004223704338074 4.6931610107421875
-2.0349655151367188 0.7992902994155884 0.7248252630233765
-2.3863744735717773 1.4249193668365479 -0.9280048608779907
-2.3863744735717773 1.4050477743148804 -0.2923063635826111
-1.8396581411361694 0.959597110748291 1.6419428586959839
-2.367443084716797 1.4608441591262817 -0.6082732081413269
0.2586061358451843 1.0404807329177856 -1.2052991390228271
0.9210299849510193 1.127504587173462 0.2361062467098236
-0.8280203342437744 0.7592961192131042 2.432213544845581
-1.985525369644165 0.6548389196395874 -0.23515072464942932
0.9210300445556641 1.047272801399231 1.2229053974151611
0.9210300445556641 1.0755928754806519 1.5944753885269165
0.5822634696960449 1.22549307346344 -1.2052992582321167
-2.3863744735717773 1.2295403480529785 0.8190182447433472
-2.210345506668091 1.455142617225647 2.2463889122009277
-1.4951144456863403 1.1382896900177002 -0.8421295881271362
0.6164979338645935 0.9209775924682617 -0.6411797404289246
0.9210300445556641 1.3138517141342163 1.8553522825241089
0.40319812297821045 0.298580139875412 4.351874351501465
0.27220791578292847 0.540645182132721 3.0513229370117188
0.662787914276123 1.5541489124298096 -0.9400174617767334
-1.4007948637008667 0.3135344088077545 3.636826515197754
0.9210300445556641 1.0847471952438354 0.7125945687294006
-0.6504965424537659 0.2994896173477173 4.734877109527588
-1.6437420845031738 0.28855758905410767 3.683645486831665
0.08145999908447266 0.851466178894043 -0.87383633852005
0.9210299849510193 1.0599174499511719 -0.06538312137126923
-2.3863744735717773 1.0662827491760254 0.24264943599700928
0.5111551880836487 0.3004137873649597 4.243775844573975
-2.009603261947632 1.3059440851211548 1.3984544277191162
-0.8982675671577454 0.8224109411239624 -0.8498758673667908
-2.3863744735717773 1.110307216644287 1.0204755067825317
-2.3863744735717773 1.1905218362808228 -0.3747195303440094
-1.1369823217391968 0.9631040096282959 2.1412081718444824
-1.8954280614852905 1.573815941810608 2.064648151397705
-2.193676233291626 1.6040593385696411 1.3933697938919067
-0.498477578163147 0.284606397151947 1.4950767755508423
-2.3863744735717773 1.302320957183838 1.4776962995529175
-1.2744512557983398 0.2921355962753296 4.437865257263184
0.9210300445556641 1.0394898653030396 0.963963508605957
-1.0539089441299438 0.284606397151947 -0.16780659556388855
-0.5510561466217041 0.284606397151947 0.3207348585128784
-1.5058523416519165 0.2994604706764221 3.194554328918457
0.20244741439819336 0.284606397151947 0.980851411819458
-0.6960208415985107 0.284606397151947 -0.055465083569288254
-1.2421925067901611 1.1562260389328003 2.1412081718444824
0.8756892085075378 1.4711761474609375 2.276747703552246
-0.4807267189025879 0.30185621976852417 4.743085861206055
0.06628535687923431 0.284606397151947 1.1324747800827026
0.9210299253463745 1.2018036842346191 -0.7003527879714966
0.3281894326210022 0.3266274034976959 2.6927731037139893
-0.6511254906654358 0.284606397151947 -0.5496892929077148
0.9210299849510193 1.067074179649353 -0.5006693005561829
-2.3863744735717773 1.2428464889526367 1.2106573581695557
0.12593461573123932 0.2898023724555969 4.5589518547058105
-1.5860953330993652 0.3147110641002655 3.3702826499938965
-0.040210504084825516 1.4350262880325317 -1.2052991390228271
-1.7752383947372437 1.2536293268203735 2.1412081718444824
-2.3863744735717773 1.1367334127426147 0.48981380462646484
-1.3707267045974731 0.28807225823402405 3.88590145111084
0.1947079300880432 0.284606397151947 0.6172626614570618
-0.8662986755371094 0.284606397151947 4.534170150756836
-1.8263652324676514 0.6790788173675537 1.3786077499389648
-0.3246171772480011 0.31072062253952026 4.718633651733398
0.9210300445556641 0.7978090643882751 1.4262017011642456
-1.1280664205551147 0.68841153383255 -0.7970179915428162
0.6728503704071045 0.28577718138694763 3.103510856628418
-0.7654450535774231 0.284606397151947 0.1616225391626358
0.8080577254295349 1.4729706048965454 -1.2050899267196655
-1.6273454427719116 0.6842749118804932 -0.6838096976280212
0.026746734976768494 0.2851598262786865 2.69256854057312
-0.538354218006134 0.284606397151947 -0.1592254638671875
-1.0063891410827637 0.284606397151947 0.8578846454620361
-1.4991450309753418 1.1496325731277466 2.1412081718444824
-2.1308605670928955 1.4663890600204468 -1.2032439708709717
-0.7885316014289856 0.284606397151947 1.4315133094787598
-0.5153051018714905 0.30080798268318176 4.566325664520264
-2.3863744735717773 1.1748324632644653 0.060596611350774765
0.9210299849510193 1.238856554031372 0.5383148789405823
-1.1081129312515259 1.1367740631103516 -1.2052987813949585
0.7313830256462097 0.2945103347301483 3.301255464553833
-0.2921011447906494 0.284606397151947 0.87274169921875
-1.5851260423660278 1.3623014688491821 -1.205298662185669
0.9210299849510193 0.7512906789779663 -0.20504845678806305
0.9210300445556641 1.3547344207763672 1.6834280490875244
-2.4536068439483643 1.5388050079345703 -0.42688438296318054
-0.9613007307052612 0.657660961151123 2.9248292446136475
-2.080404758453369 1.4076201915740967 -0.046832334250211716
-2.380655288696289 1.5342241525650024 -0.09015100449323654
0.33288630843162537 1.2180856466293335 -1.2052992582321167
0.4032190144062042 0.284606397151947 0.6759724020957947
-1.0170822143554688 0.284606397151947 1.0676953792572021
-2.3847360610961914 1.468724012374878 1.2989442348480225
0.272104412317276 0.284606397151947 0.303814172744751
0.9210299849510193 1.160339117050171 -0.2971048057079315
0.30581384897232056 0.7279326915740967 1.8195332288742065
0.7086985111236572 0.2949363887310028 3.945493221282959
-0.09176822006702423 0.284606397151947 1.4366012811660767
-2.3863742351531982 1.4315507411956787 2.1241700649261475
-2.0028746128082275 1.466147780418396 2.332061290740967
-1.9922935962677002 1.5599862337112427 1.8338260650634766
-1.384109616279602 0.6179029941558838 -0.7575042843818665
-0.11744712293148041 1.1864798069000244 -1.2052990198135376
-2.36588978767395 1.4947662353515625 1.5537731647491455
-1.4217585325241089 0.28701066970825195 4.180969715118408
-2.3639557361602783 1.4632010459899902 1.8863016366958618
0.9210299849510193 0.8367284536361694 0.4430399239063263
0.9210300445556641 1.2186425924301147 1.482508659362793
-2.5468380451202393 1.5455145835876465 0.5423237085342407
-1.1116445064544678 0.30201536417007446 4.322407245635986
-0.40082913637161255 0.6928936243057251 -0.8276363015174866
-0.5234487056732178 0.284606397151947 1.0613492727279663
0.4574942886829376 1.4860869646072388 2.281879186630249
0.594539225101471 1.182569980621338 2.1412081718444824
0.5410676002502441 0.8607432842254639 1.7936482429504395
-0.19186538457870483 0.284606397151947 0.4637841284275055
0.2773573696613312 0.284606397151947 0.11250513046979904
0.9239367246627808 1.5363541841506958 1.5922794342041016
0.9201417565345764 1.4207763671875 -0.7973149418830872
-0.8468443751335144 0.2888954281806946 4.31782865524292
-0.18711459636688232 0.2865946590900421 4.478534698486328
-1.621913194656372 0.2927878201007843 3.830019235610962
-0.02350631356239319 0.30014172196388245 4.197286128997803
-0.9046744704246521 0.284606397151947 -0.3138052523136139
0.36937668919563293 0.3315754532814026 3.5747902393341064
-1.3015458583831787 0.284606397151947 0.6695008277893066
0.9101647138595581 1.390647053718567 0.3634154200553894
0.8954765200614929 1.4628314971923828 2.0259487628936768
0.08705882728099823 0.284606397151947 4.391769886016846
-0.17217205464839935 0.284606397151947 -0.5545585751533508
-0.5941367745399475 1.1377472877502441 -1.205298900604248
0.9210300445556641 0.8768362998962402 0.6450071930885315
0.25922808051109314 0.3794245719909668 3.3051745891571045
-1.8992282152175903 0.6411923766136169 0.01952546089887619
-0.027807535603642464 0.284606397151947 -0.18999290466308594
0.20328617095947266 0.2845063805580139 2.692523956298828
0.05947915464639664 0.284606397151947 1.3237957954406738
0.5025484561920166 0.4271642565727234 4.017258644104004
-0.27870410680770874 0.28815364837646484 4.29274320602417
-0.9788506031036377 0.284606397151947 0.2850801944732666
0.04431891813874245 0.284606397151947 0.7729974985122681
-1.2712254524230957 0.30480721592903137 3.4884443283081055
0.5469246506690979 1.5552083253860474 -0.7293028235435486
-0.9235191941261292 1.2543224096298218 -1.2052987813949585
-1.7271466255187988 1.2885382175445557 1.8067781925201416
0.28612956404685974 0.9949100017547607 -0.797839343547821
0.25532084703445435 1.4265011548995972 2.1036367416381836
0.2403697669506073 0.2872883677482605 4.174176216125488
-1.658488392829895 0.63936847448349 1.5974972248077393
-0.5697564482688904 0.284606397151947 0.12362570315599442
-0.6462126970291138 0.8842475414276123 -0.882394015789032
-1.810860276222229 0.6998411417007446 -0.35165318846702576
-1.2211216688156128 1.5319052934646606 -1.3489623069763184
-0.4920237362384796 0.3346322774887085 3.9458773136138916
-2.2605228424072266 1.593466877937317 -0.715315580368042
-0.6173725128173828 0.284606397151947 1.3388439416885376
-0.065434530377388 0.6672824025154114 -0.8239660263061523
-1.053342342376709 0.49886009097099304 3.06937575340271
0.6080160140991211 1.2344112396240234 -0.6045634150505066
-2.0585827827453613 1.3806438446044922 0.5126892328262329
-1.8813117742538452 1.1720737218856812 0.9895588755607605
0.15055836737155914 1.4643625020980835 -1.1996774673461914
0.5812514424324036 1.4741755723953247 -1.2038898468017578
-0.3005583584308624 0.5496878623962402 3.468827962875366
-1.3902006149291992 1.3738352060317993 -0.4372897744178772
-1.7301033735275269 1.540862798690796 -1.3226181268692017
-0.7813096046447754 0.49064409732818604 3.822848081588745
-1.9974666833877563 1.5480190515518188 -1.1142808198928833
-0.37034979462623596 1.5384641885757446 -1.2958365678787231
-1.7952947616577148 1.4502089023590088 -0.768158495426178
0.021255716681480408 1.5196218490600586 2.3319337368011475
-0.6339090466499329 1.206230640411377 2.5595650672912598
-0.05318465456366539 1.1011686325073242 -0.8593540191650391
-2.3863744735717773 1.3462876081466675 -0.0370216965675354
-0.35922592878341675 1.1496134996414185 -1.2052990198135376
-2.0818028450012207 1.6397335529327393 -0.5007591247558594
-1.6192375421524048 1.5701403617858887 -1.0226430892944336
0.9210299849510193 0.9490780830383301 0.10295845568180084
0.11236076056957245 1.5891880989074707 -0.9507454037666321
-1.4656952619552612 1.53134286403656 -1.2948342561721802
0.9210300445556641 1.2350972890853882 0.98848557472229
0.9210299849510193 1.2749871015548706 -0.09552991390228271
-1.8094202280044556 1.6297991275787354 -0.7300235629081726
0.9074872136116028 1.4161818027496338 1.361937165260315
-2.0297353267669678 1.6696069240570068 -0.04078654572367668
-2.091646671295166 1.3797976970672607 -0.3846278488636017
0.9210299849510193 1.3246452808380127 0.18197022378444672
-1.8681800365447998 0.9365358352661133 1.2030929327011108
0.3805340528488159 0.6201463937759399 -0.608048141002655
0.9210300445556641 1.2420799732208252 1.246303915977478
-0.22982393205165863 0.2988455593585968 4.0783843994140625
-1.1599336862564087 0.30320069193840027 3.8484106063842773
-1.0958302021026611 1.0972265005111694 -0.8685766458511353
-2.1585001945495605 1.644225835800171 1.136948823928833
-0.853303074836731 0.9374607801437378 2.630150556564331
-1.2778741121292114 1.5605806112289429 1.949034333229065
-1.437691330909729 1.4620471000671387 2.2976813316345215
0.9210299849510193 1.3343455791473389 -0.5278257727622986
-0.7393738627433777 0.33891692757606506 3.89064359664917
-2.220526933670044 1.6657135486602783 0.7444122433662415
-0.3474024832248688 0.284606397151947 1.0549311637878418
-1.1196867227554321 0.284606397151947 0.6844264268875122
0.6459286212921143 0.3143998682498932 3.0318896770477295
-1.7226322889328003 1.578256607055664 1.8741145133972168
-1.0874518156051636 1.308959722518921 1.5396922826766968
-1.5418676137924194 1.5910648107528687 1.7303142547607422
-1.7393306493759155 1.6731584072113037 -0.4557894766330719
-2.3863744735717773 1.3579305410385132 1.0119494199752808
0.490381121635437 0.6487497687339783 1.6574759483337402
-1.705737590789795 1.476135015487671 2.291757822036743
-2.273020029067993 1.5741468667984009 1.8440443277359009
-1.102849006652832 0.3605589270591736 3.491934299468994
-0.17922216653823853 0.284606397151947 -0.052286382764577866
-1.632625699043274 1.3910493850708008 1.3246022462844849
-2.0058958530426025 0.8069171905517578 0.5009146332740784
-0.8625046610832214 1.152201771736145 -0.529215395450592
-2.363891124725342 1.4846031665802002 0.3454909920692444
-1.482108473777771 0.9649505615234375 -0.627443253993988
-1.906598687171936 1.6362357139587402 0.21333010494709015
-1.134543538093567 0.3368571698665619 2.89981746673584
0.15445023775100708 0.29757794737815857 3.737386703491211
-2.470949172973633 1.5545028448104858 1.1180959939956665
-1.3916022777557373 1.4306151866912842 2.070725440979004
-1.5045859813690186 1.6628587245941162 -0.6292140483856201
-2.1686277389526367 1.6602156162261963 -0.24103574454784393
-0.2925936281681061 0.284606397151947 0.66817706823349
-0.6764276623725891 0.30636873841285706 4.224362850189209
0.6098249554634094 0.9019441604614258 -0.2428118884563446
-0.6397086381912231 0.284606397151947 0.9270941615104675
-1.794935703277588 1.0020909309387207 -0.5511225461959839
-1.845954179763794 1.1495778560638428 1.483404517173767
-1.2992920875549316 0.3111630380153656 2.976746082305908
-0.6432005763053894 1.3020880222320557 -1.205298900604248
-0.8582776784896851 0.6048703789710999 -0.7611003518104553
-1.9415829181671143 1.1400439739227295 -0.2658458948135376
-0.5016443729400635 0.284606397151947 0.6249792575836182
0.338081419467926 0.4297785758972168 2.9084105491638184
-1.5851337909698486 1.5085029602050781 2.1571061611175537
-0.8990488052368164 0.9624176025390625 2.1027514934539795
-0.8092917203903198 0.284606397151947 0.8415257930755615
0.3822002410888672 1.4156900644302368 -1.2052992582321167
-0.24173712730407715 0.721752405166626 3.2175283432006836
-1.9021832942962646 0.6263912916183472 0.5593770146369934
0.37801846861839294 0.9654272794723511 0.7001482844352722
0.45057493448257446 0.30782559514045715 3.901829481124878
-1.163511037826538 0.30971530079841614 4.089491844177246
0.3550083339214325 1.5538711547851562 -1.1218202114105225
-0.28247371315956116 1.3430242538452148 -1.2052990198135376
-1.26691734790802 1.37716543674469 -0.9178110361099243
0.0446167066693306 0.4939732253551483 4.046660423278809
0.9122273325920105 1.4299970865249634 0.021309232339262962
-1.0390557050704956 1.4566247463226318 2.2810354232788086
-2.080937623977661 1.6169970035552979 1.629982829093933
-0.24964143335819244 0.3118707835674286 3.3172192573547363
0.42703351378440857 1.3449623584747314 -0.7423450946807861
-1.8514060974121094 0.9405190348625183 0.10817942023277283
-0.440621018409729 1.0433324575424194 2.836940050125122
-0.971424400806427 1.1838459968566895 2.1412081718444824
0.9127025008201599 1.3996080160140991 -0.293979674577713
0.24597610533237457 1.1419157981872559 2.1385035514831543
-1.4506241083145142 0.3181099593639374 3.3186943531036377
0.5653578042984009 1.2070590257644653 1.6869189739227295
0.5780566930770874 0.36281511187553406 3.3921117782592773
-1.834328532218933 1.392654299736023 -0.4779810309410095
-0.9886784553527832 0.32282865047454834 4.019681453704834
0.5861413478851318 1.4843889474868774 1.8922169208526611
-0.808251678943634 0.3508855998516083 4.063729763031006
0.2242111712694168 1.385319471359253 -0.8658670783042908
-1.4959756135940552 0.6949732303619385 -0.5003741979598999
-0.6857210993766785 0.5268855690956116 3.6052417755126953
-2.0929031372070312 1.4977761507034302 0.9236621260643005
-0.235295832157135 0.8208677768707275 -0.7453951239585876
-1.7880425453186035 1.4169801473617554 1.6006330251693726
-2.2806553840637207 1.6471333503723145 0.1839626133441925
0.08610029518604279 0.6006148457527161 2.966140031814575
-0.48990610241889954 0.38038623332977295 3.737908363342285
-0.47833260893821716 0.2983231544494629 4.167158603668213
0.5386084914207458 0.689002275466919 -0.10498394817113876
0.597094714641571 0.8515338897705078 0.7061471343040466
-0.963026225566864 0.4124128222465515 3.152538299560547
0.5872958898544312 0.8324154615402222 1.5769661664962769
-0.6684582233428955 0.3203478455543518 3.069199562072754
0.25073739886283875 0.284606397151947 0.7979788780212402
-1.209268569946289 1.4688785076141357 2.3532590866088867
0.08316294103860855 0.284606397151947 0.23205316066741943
-0.6283388137817383 0.30392372608184814 3.4809982776641846
-0.41541409492492676 0.284606397151947 0.037659384310245514
-1.4663153886795044 1.1490979194641113 1.7141118049621582
-1.8599063158035278 0.6258447766304016 0.267752081155777
0.0005471520125865936 0.7320622801780701 2.842996835708618
-1.250019907951355 0.6863473653793335 -0.6153391003608704
-0.6356800198554993 0.6281258463859558 -0.7846397757530212
-0.6612657904624939 0.8462567329406738 2.1295480728149414
0.8782666325569153 1.541994333267212 -0.35135695338249207
-0.3388148844242096 0.3168148398399353 2.989128828048706
-0.3586616516113281 0.284606397151947 0.2886979877948761
-1.348510503768921 0.6365048885345459 1.6243187189102173
-1.477458119392395 1.6053515672683716 -0.8460654020309448
0.15575754642486572 0.6919676065444946 -0.7148972153663635
0.5425639748573303 0.7528356909751892 -0.5008933544158936
-1.9333713054656982 1.3135801553726196 1.1920608282089233
0.20185890793800354 0.3053957521915436 3.9191906452178955
-1.4914517402648926 1.3290783166885376 -0.7138365507125854
-1.2240195274353027 0.3775780498981476 2.8266050815582275
-0.10543001443147659 0.8454051613807678 2.4729435443878174
0.5944715142250061 0.860666811466217 1.1055727005004883
0.06089610978960991 0.3640441298484802 3.4121956825256348
0.7103455662727356 1.481695532798767 1.679076075553894
-1.914361834526062 0.6520512104034424 0.9581776261329651
-1.0715036392211914 0.33956098556518555 3.307586908340454
-1.7254008054733276 0.6654734015464783 -0.14752911031246185
-0.026271382346749306 0.30160796642303467 3.0880393981933594
-0.5111204385757446 0.3108982741832733 4.387887477874756
0.9210398197174072 1.4909920692443848 -0.6366910338401794
-1.9927443265914917 1.3435521125793457 0.2427082508802414
-0.10890208929777145 0.284606397151947 0.3088335394859314
-1.8357994556427002 1.293825387954712 -0.20178158581256866
-1.6450070142745972 0.9565930962562561 1.4904239177703857
-1.8580381870269775 1.620202660560608 1.461745023727417
-0.8387647271156311 1.3520514965057373 -0.906552255153656
-2.4691002368927 1.5823395252227783 0.6420788764953613
-2.3863744735717773 1.273616909980774 0.6198103427886963
0.3588973581790924 0.9422892332077026 -0.5969753265380859
-0.1020006313920021 0.6780780553817749 3.3277785778045654
-0.38164016604423523 0.284606397151947 0.4815829396247864
-1.7908923625946045 0.6956382989883423 1.113101601600647
0.5445736646652222 0.795832633972168 1.3291314840316772
0.3358722925186157 0.98808753490448 1.7850937843322754
-1.300882339477539 1.3663215637207031 1.7498571872711182
-2.5048794746398926 1.5419620275497437 0.8608802556991577
0.4625130891799927 1.3226150274276733 -0.12848077714443207
-2.514530658721924 1.5372742414474487 0.16002973914146423
-1.5733814239501953 0.7449982166290283 1.2616461515426636
-0.7126826047897339 0.7674044966697693 3.120325803756714
-0.862160861492157 1.503578782081604 1.838718056678772
-1.0668962001800537 0.33207976818084717 3.719899892807007
-0.0004944531247019768 0.6773026585578918 1.760947823524475
0.5945190787315369 0.877576470375061 0.039151210337877274
-2.3863744735717773 1.2649495601654053 0.29955583810806274
0.9210300445556641 1.3115147352218628 0.7633675932884216
-0.269500195980072 0.329813688993454 3.745159387588501
0.4758671224117279 0.29436713457107544 3.19161319732666
-0.6829180717468262 0.284606397151947 0.6901218891143799
-0.8808965682983398 0.6235237717628479 3.2072722911834717
0.9100018739700317 1.505959153175354 1.182019591331482
-0.21590831875801086 1.6032345294952393 -1.190039873123169
-1.0747395753860474 1.1819173097610474 1.8630359172821045
-1.8000694513320923 0.9053755402565002 0.3632630407810211
0.2525118589401245 1.5905330181121826 -0.32560479640960693
-0.21492122113704681 1.1927332878112793 -0.43231430649757385
0.5122088193893433 1.5979844331741333 -0.37280142307281494
-1.2274011373519897 1.2411400079727173 -0.6901077628135681
0.00084717757999897 1.5812128782272339 -0.5987176299095154
-1.6223325729370117 0.8726928234100342 -0.3371650278568268
-1.4232592582702637 0.9520552158355713 -0.24993188679218292
-0.7435775995254517 1.30502188205719 2.3675153255462646
-0.5899897813796997 0.9663276672363281 -0.7006233334541321
-1.8110331296920776 0.9630127549171448 -0.16701680421829224
0.35885924100875854 1.4148333072662354 -0.49745216965675354
-0.2710089385509491 1.5882216691970825 -0.5618905425071716
0.33699148893356323 1.4966034889221191 1.8709523677825928
0.14826136827468872 1.4683558940887451 2.2708606719970703
0.2585394084453583 1.5857738256454468 -0.6652939915657043
-1.978447675704956 1.1555787324905396 0.6330246329307556
-0.8708608746528625 1.592268705368042 -1.092646837234497
0.24635621905326843 0.5074684023857117 3.569688558578491
-1.337693452835083 0.6682068109512329 -0.3503871262073517
-0.255669504404068 0.284606397151947 0.14229734241962433
-0.5163941979408264 0.299038827419281 3.2227745056152344
-0.18286101520061493 0.5659068822860718 -0.6521367430686951
-0.9009459018707275 0.39267095923423767 3.608654260635376
-1.4385987520217896 0.8261409401893616 1.5335865020751953
-1.6092792749404907 1.2183427810668945 -0.5012807846069336
-1.797591209411621 0.6590685248374939 0.7750366926193237
0.5066491365432739 0.6243510246276855 0.4903098940849304
-0.3019450604915619 1.313360571861267 -0.6450101733207703
-0.883327305316925 1.1595425605773926 -0.7640539407730103
-0.6758725047111511 0.284606397151947 1.1574335098266602
-0.09853137284517288 1.3167307376861572 -0.7784072756767273
-0.028869036585092545 0.34650880098342896 3.643507719039917
-1.6895757913589478 0.7249205708503723 0.12683381140232086
0.14138735830783844 1.1903952360153198 -0.6558959484100342
-0.9444917440414429 0.6561903953552246 -0.6085435748100281
-0.0388139970600605 0.9663026332855225 1.953607439994812
-0.9907702207565308 0.7828605771064758 1.846364974975586
0.46098390221595764 1.081369161605835 -0.37554219365119934
0.5878567099571228 1.2250170707702637 1.2159180641174316
0.4376172721385956 0.6559589505195618 -0.32758113741874695
0.4492798149585724 1.0475963354110718 0.023143278434872627
0.006635049358010292 0.8247252702713013 2.8520326614379883
-0.17711061239242554 0.4759209156036377 3.6353976726531982
0.47705864906311035 1.1880784034729004 1.467539668083191
0.29377007484436035 0.6260339021682739 1.5744739770889282
0.31129512190818787 1.2953169345855713 1.7424038648605347
0.6285499930381775 1.416536808013916 -0.31677913665771484
-0.02987709641456604 0.9581773281097412 -0.6502594351768494
-1.477422833442688 0.6248825192451477 -0.14162254333496094
0.10943950712680817 0.6739731431007385 -0.5197044014930725
0.3679336905479431 0.8665251731872559 1.5044618844985962
0.520307719707489 0.7088467478752136 0.22575537860393524
-0.5068649053573608 1.2606641054153442 -0.8739657402038574
-1.8438390493392944 0.9292638897895813 0.7977635264396667
-0.6482462286949158 0.284606397151947 0.49118807911872864
-0.32251545786857605 0.5359721183776855 3.9488167762756348
-1.0664559602737427 0.6412542462348938 -0.38727328181266785
-0.015378061681985855 0.9440911412239075 2.722517728805542
0.30675822496414185 0.6341822147369385 -0.1926622986793518
-1.7321759462356567 0.7512335181236267 0.5014393329620361
0.40686991810798645 0.8116405606269836 0.468350887298584
-0.05329339578747749 0.284606397151947 0.09558866918087006
-0.9058462381362915 0.284606397151947 0.4870789051055908
-0.5061780214309692 0.304584264755249 3.3942739963531494
0.49726930260658264 0.6590670943260193 0.988618791103363
-0.5573441982269287 0.6319560408592224 -0.616139829158783
0.21056479215621948 0.8882703185081482 -0.38876181840896606
-0.3249620497226715 0.6669360995292664 -0.492256760597229
-0.010518649592995644 0.284606397151947 0.9458054900169373
0.3702020049095154 0.9025787711143494 -0.20642466843128204
-1.8173904418945312 1.2035223245620728 0.19209827482700348
-0.4556155502796173 0.8090732097625732 2.6373205184936523
-1.5755691528320312 0.9420559406280518 -0.029727982357144356
-1.112596869468689 0.6531680822372437 1.5912870168685913
-1.7163172960281372 1.0421923398971558 1.1622567176818848
-0.8118594884872437 0.6424046158790588 1.732640266418457
-1.7677210569381714 1.3976165056228638 0.6654841303825378
-0.04040563106536865 0.5786318182945251 -0.27333617210388184
0.38271793723106384 0.6418145298957825 1.309449553489685
-1.5511265993118286 0.6843189001083374 1.0446110963821411
-1.2596346139907837 0.970923662185669 -0.6110356450080872
-0.23185479640960693 0.7885928153991699 2.778900384902954
-0.9513235092163086 0.915462076663971 -0.6496842503547668
-1.9219483137130737 1.6598060131072998 1.081181287765503
-0.7048438787460327 0.5914148092269897 -0.3100143373012543
-1.4650332927703857 0.6432272791862488 0.1621900051832199
-1.8047945499420166 1.6578556299209595 -0.2081548273563385
-1.2335563898086548 0.9429038166999817 1.6554973125457764
0.36049148440361023 0.5931661128997803 0.0861184373497963
-0.6142922639846802 1.2565727233886719 -0.4839136302471161
-1.3631654977798462 0.7215442061424255 1.3473964929580688
-1.0718826055526733 1.260536551475525 -0.3657952547073364
-0.13409963250160217 0.284606397151947 0.7460039258003235
-0.476239949464798 0.284606397151947 0.8312655091285706
0.11592652648687363 0.8560763597488403 1.6791783571243286
-0.113438680768013 0.8024445176124573 -0.4841887354850769
-0.8742218613624573 0.4898155629634857 3.3895668983459473
-1.3097409009933472 0.6395035982131958 1.0013630390167236
-0.38265788555145264 1.2375959157943726 2.4791741371154785
-2.081993818283081 1.658354640007019 0.4380355179309845
-0.37823864817619324 1.1258735656738281 -0.702847421169281
-1.6337696313858032 0.8772749304771423 0.8188065886497498
-1.0849461555480957 1.3674685955047607 -0.5907490253448486
-0.635284960269928 1.0036014318466187 2.5095198154449463
-1.4775868654251099 1.2684216499328613 1.515045166015625
-1.4601597785949707 0.8913916945457458 1.0492405891418457
-1.160881519317627 0.9122850298881531 -0.38341593742370605
-1.695850133895874 1.288294792175293 -0.04137877747416496
-0.6987138390541077 1.3359994888305664 -0.6893904209136963
-1.2845379114151 1.1926906108856201 -0.27129924297332764
0.09469904005527496 0.6899325847625732 -0.1240658164024353
0.4150010049343109 0.6886680722236633 0.8121650815010071
-0.31733238697052 0.8518570065498352 2.033101797103882
-0.6142005324363708 0.5425333976745605 -0.022997207939624786
-0.23045898973941803 0.5606001615524292 0.4427718222141266
-1.2937284708023071 0.7510285377502441 -0.15009087324142456
-0.758965253829956 1.1040468215942383 1.6126638650894165
-0.6470900177955627 0.7984986901283264 -0.5392875671386719
-1.7666316032409668 1.0982950925827026 0.514975905418396
0.28881871700286865 0.635011613368988 0.3599628508090973
-1.635619044303894 1.3860280513763428 0.4276494085788727
-0.9382724761962891 0.5714438557624817 0.10811681300401688
-0.4226725697517395 0.6645834445953369 1.6723450422286987
-0.9512885212898254 0.8279407024383545 1.3935546875
-1.6053849458694458 1.3579998016357422 1.1021134853363037
-0.19364401698112488 0.72791588306427 1.7456183433532715
-0.3197579085826874 0.5811623930931091 -0.22622612118721008
-0.40161776542663574 0.6266907453536987 1.350521445274353
0.30621519684791565 0.816195547580719 0.04829432815313339
-1.2955697774887085 0.7911705374717712 0.06675522774457932
-1.5251597166061401 0.669141411781311 0.7523723244667053
-0.030188171193003654 0.6356604695320129 1.0632222890853882
-0.162385493516922 1.2443864345550537 2.162165880203247
0.32624316215515137 0.6492434740066528 1.1024116277694702
0.41940489411354065 0.9304637908935547 0.9845257997512817
-0.07081818580627441 0.5573493242263794 0.12414225190877914
-0.550639808177948 0.7707346677780151 1.9002656936645508
-0.49513787031173706 0.7571398019790649 3.286176919937134
-0.7630555033683777 0.565049946308136 0.7941398620605469
-0.07200522720813751 0.7950191497802734 -0.24684615433216095
-1.504231572151184 0.6408444046974182 0.4809759259223938
-0.9185566902160645 0.9226632118225098 1.7207461595535278
0.596737802028656 1.5013045072555542 1.197890043258667
-1.0704760551452637 0.5911301374435425 -0.13902027904987335
-1.145564317703247 0.6327045559883118 1.2791777849197388
-1.4282218217849731 1.0475996732711792 1.303995132446289
-0.3704768419265747 0.9454091191291809 -0.5061073303222656
0.07694781571626663 1.3082596063613892 -0.44966405630111694
-0.24264323711395264 1.3080668449401855 2.3991267681121826
-0.8620290160179138 0.7967491745948792 -0.3801640570163727
0.3940470218658447 1.3290096521377563 1.23947012424469
-0.20133493840694427 1.0635426044464111 2.7447330951690674
0.42675280570983887 1.6093626022338867 -0.051958419382572174
0.030450517311692238 1.0764156579971313 -0.36017587780952454
-1.3570348024368286 0.750392496585846 0.7134511470794678
0.42251884937286377 1.00291109085083 0.3069905936717987
-0.6978150606155396 1.0803239345550537 1.9439501762390137
0.0007580555975437164 1.4172965288162231 2.1078290939331055
-1.1568591594696045 0.9898948073387146 1.4918261766433716
-0.7069568037986755 1.0045815706253052 -0.3562494218349457
0.5863742232322693 1.252737045288086 0.12029778212308884
0.06467178463935852 0.6556227207183838 1.4250106811523438
-0.42724817991256714 1.4755340814590454 2.180091142654419
0.5467400550842285 1.4749661684036255 1.4740115404129028
-1.290972113609314 0.6291002035140991 0.28278714418411255
-0.6904261112213135 1.014018177986145 2.8782763481140137
0.3376423418521881 0.9434970021247864 1.2230401039123535
-0.5308844447135925 0.7024012207984924 -0.25504082441329956
-0.9711381793022156 0.774627685546875 -0.18545670807361603
-0.6095621585845947 0.5601192116737366 0.3938528299331665
-0.5599172115325928 1.2566150426864624 2.0364975929260254
-0.6557822823524475 0.783536434173584 2.8377015590667725
-0.885381817817688 0.6854310631752014 1.519631266593933
0.7853503823280334 1.5881301164627075 -0.0871095061302185
-0.05953362211585045 0.604863166809082 0.7532287240028381
0.1299794614315033 0.7276774644851685 0.22544121742248535
-0.17589600384235382 1.6033679246902466 -0.9323269128799438
-0.2693824768066406 0.9992014169692993 2.3367838859558105
0.8833422660827637 1.5856302976608276 0.3485349416732788
-0.6312615275382996 0.9028838276863098 1.7704488039016724
-0.31038177013397217 0.6474179029464722 -0.0044716596603393555
0.32089513540267944 0.6298779249191284 0.6335780024528503
-0.3010767996311188 1.62369966506958 -0.7578175663948059
-0.22453689575195312 0.7516854405403137 1.5542789697647095
0.8957175016403198 1.5245931148529053 0.7968623042106628
-0.8986364006996155 0.6254873275756836 1.205175518989563
-0.6758334636688232 1.4168189764022827 2.154686212539673
-0.5680132508277893 1.477494239807129 -1.2021000385284424
0.038541875779628754 1.4728704690933228 1.7935519218444824
-0.6531654596328735 0.6930890083312988 1.511704444885254
0.6138600707054138 0.9176303148269653 0.4086833596229553
-0.9679110050201416 1.6483325958251953 -0.9015157222747803
-1.1844507455825806 1.449663758277893 -1.1946593523025513
-0.6029323935508728 0.6286550164222717 1.1613622903823853
-0.006046941038221121 0.932573676109314 1.4829915761947632
0.2895331084728241 1.489609956741333 1.6008052825927734
-0.8653604984283447 1.3179564476013184 1.7376712560653687
-0.6326843500137329 1.663670539855957 -0.8175998330116272
-0.972052812576294 1.4643375873565674 2.1154494285583496
-0.18482474982738495 1.5669169425964355 1.9184786081314087
-0.4609171450138092 0.9320833683013916 2.3057034015655518
-0.5525376796722412 0.6487430930137634 0.1527223289012909
-0.03394347429275513 0.752306342124939 0.06582874804735184
-0.7711769342422485 1.5597169399261475 -1.3092658519744873
-0.10664935410022736 1.008440375328064 1.7383164167404175
0.09056244790554047 0.7910869717597961 1.2131959199905396
-0.8256774544715881 1.654473900794983 -0.6110848188400269
-0.3358127474784851 1.017530083656311 1.8698018789291382
-1.2263295650482178 1.619024634361267 -0.980194091796875
0.7180037498474121 1.6442373991012573 0.595443844795227
0.22199171781539917 1.1193428039550781 1.5978479385375977
-0.5344126224517822 1.5902347564697266 -0.9908552169799805
-0.46108219027519226 0.981311023235321 1.6182817220687866
-0.5924649834632874 1.634543538093567 -0.5462474226951599
-0.8944717049598694 1.4144275188446045 -0.365092009305954
0.9182314276695251 1.4465266466140747 0.6176550388336182
0.27871179580688477 1.2117133140563965 -0.23110060393810272
0.1558922380208969 0.7345767617225647 0.8149229884147644
0.034907229244709015 0.6534680128097534 0.4950963258743286
0.22258853912353516 1.1466028690338135 -0.011004938744008541
-0.27684515714645386 0.6140244603157043 1.1066181659698486
-1.1408700942993164 1.6451200246810913 -0.7075077295303345
-1.885583519935608 1.6216715574264526 0.4894189238548279
-0.4619271159172058 0.9509939551353455 1.4236304759979248
-0.13895832002162933 0.7939026951789856 1.3125611543655396
-1.2537219524383545 0.8327262997627258 1.1903512477874756
-0.2840912640094757 1.2051889896392822 1.7877331972122192
0.7330525517463684 1.6359423398971558 0.14929085969924927
-0.5354506373405457 1.563930630683899 1.790330171585083
-1.0410470962524414 1.5209579467773438 1.5342738628387451
-0.2515413463115692 0.7015810608863831 0.2728770971298218
-0.5554502010345459 1.2477037906646729 1.652126669883728
-1.4950991868972778 0.8791998028755188 0.2434828281402588
0.5536171197891235 1.251444935798645 0.4500409960746765
-1.3405134677886963 1.6321340799331665 -0.1859460026025772
0.8841654658317566 1.4525501728057861 1.0076932907104492
0.5941733121871948 1.1571258306503296 0.8727958798408508
-1.7279353141784668 1.5902230739593506 1.1988017559051514
-0.44529321789741516 0.5788573026657104 0.7145689725875854
-0.868935763835907 0.6926448941230774 1.0254864692687988
-1.42918062210083 1.5866678953170776 1.2702500820159912
-0.9218307733535767 1.6549514532089233 -0.4198879599571228
-1.6912449598312378 1.6042698621749878 0.8075337409973145
-0.44058501720428467 0.8533352017402649 -0.2452889084815979
-1.6847704648971558 1.6178803443908691 0.02450709603726864
-1.556627869606018 1.6798415184020996 -0.2533147633075714
-1.925953984260559 1.626434326171875 0.7291299104690552
-0.9015398621559143 1.3150460720062256 1.324525237083435
-1.4358513355255127 1.561245083808899 1.5128021240234375
-1.3148494958877563 1.7001140117645264 -0.4855501353740692
-0.6747144460678101 1.5457830429077148 1.6120227575302124
-1.1411113739013672 1.554024577140808 1.7248109579086304
-0.2236240655183792 0.7116408944129944 0.8948670029640198
-1.157346487045288 1.3320659399032593 1.3126343488693237
-1.6500552892684937 1.5658900737762451 0.256780743598938
-1.1077357530593872 0.781426191329956 0.10288998484611511
-1.098297119140625 1.6480704545974731 -0.3385145962238312
-0.8117558360099792 0.6417939066886902 0.5212204456329346
0.49512943625450134 1.335961103439331 0.6259660720825195
0.03600039705634117 0.8199419379234314 0.37044206261634827
0.3565167486667633 1.2456480264663696 0.2883302867412567
-1.4996904134750366 0.875103235244751 0.49071547389030457
-0.7793490886688232 1.0147278308868408 1.363430142402649
-0.7388110160827637 0.7195900082588196 -0.04283834621310234
-1.0922304391860962 1.0539863109588623 -0.1495891809463501
-0.5511030554771423 0.8244847059249878 0.20427174866199493
-1.1798276901245117 0.7161154747009277 0.907618522644043
-1.042543888092041 0.8821796178817749 1.1332837343215942
-0.8225646615028381 0.8757225275039673 -0.004435903392732143
-1.5000308752059937 1.1503428220748901 0.6629604697227478
-1.1159741878509521 0.6431096196174622 0.4234604239463806
-1.700894832611084 1.2742961645126343 0.837017834186554
-1.112038016319275 0.6091853380203247 0.6721552610397339
-0.5974750518798828 0.8753579258918762 1.2708336114883423
0.5198209285736084 1.58687162399292 0.9577308893203735
0.15694445371627808 0.8562635779380798 1.0303819179534912
-1.2999573945999146 1.2715506553649902 1.1534417867660522
-1.3079652786254883 1.006116271018982 0.934144139289856
-1.4601260423660278 1.2488714456558228 0.02874414436519146
-1.2831206321716309 1.0417200326919556 0.10174529999494553
-1.4404761791229248 1.3534271717071533 0.9089184403419495
-0.4874328374862671 0.7503987550735474 0.41655081510543823
0.2920089662075043 1.1336692571640015 0.5691097378730774
-1.259191870689392 0.8052403926849365 0.48349905014038086
-1.4853370189666748 1.2181689739227295 0.29398927092552185
-0.04698452726006508 1.5539604425430298 1.6439956426620483
-0.24039317667484283 1.0145992040634155 1.3522157669067383
-0.6054220795631409 0.70688796043396 0.9098419547080994
-0.9673944711685181 0.7096019983291626 0.7748140692710876
-0.33006593585014343 1.5732582807540894 1.8421579599380493
-0.4181065559387207 1.5094325542449951 1.5042637586593628
-1.3436849117279053 1.4457322359085083 -0.11676336824893951
0.4852515161037445 1.53341805934906 0.223154217004776
-0.6633061170578003 0.7379431128501892 0.6647523641586304
0.31518682837486267 1.6990938186645508 0.8075261116027832
-0.33360788226127625 0.8413872122764587 1.1601240634918213
-1.5424778461456299 1.227541208267212 -0.28126201033592224
-0.210822194814682 0.8826002478599548 -0.15434303879737854
-0.8863083124160767 0.7826554775238037 0.4325520992279053
0.37606704235076904 1.217894196510315 0.8348528146743774
0.3653511703014374 1.6230204105377197 0.2579558193683624
-0.9197699427604675 0.7119021415710449 0.2572089731693268
0.4545997679233551 1.6979131698608398 0.4964364469051361
-0.18265777826309204 1.2341794967651367 1.5209022760391235
-0.2310652732849121 0.8823741674423218 0.9547013640403748
0.4887676239013672 1.6701258420944214 0.7349777817726135
0.013172267004847527 0.8461241722106934 0.707915186882019
-0.24586966633796692 0.7346733212471008 0.5826267004013062
-0.010514860972762108 0.967314600944519 0.5134181380271912
-1.2958693504333496 1.0442992448806763 0.5127004981040955
0.08399485796689987 1.0409549474716187 0.904958188533783
-0.23413021862506866 1.5781530141830444 1.4275768995285034
-1.1134004592895508 0.8949329257011414 0.8224043846130371
-1.1496127843856812 1.4946407079696655 1.2187259197235107
-1.2961291074752808 1.440649151802063 0.797376811504364
0.17854265868663788 1.633507490158081 0.9935643672943115
0.3543420732021332 1.4949039220809937 1.1277685165405273
-0.05320622771978378 1.5018455982208252 1.3391095399856567
-0.5919568538665771 1.4025896787643433 1.2401841878890991
-0.7592133283615112 0.8524693846702576 1.0736489295959473
-0.40678566694259644 0.8156262636184692 0.7116213440895081
-0.01909031718969345 1.2262413501739502 1.2208187580108643
0.13567517697811127 1.4636904001235962 0.9171931147575378
-1.4056882858276367 1.437119722366333 0.5570238828659058
0.14538753032684326 1.1718709468841553 1.376116394996643
-1.3083786964416504 1.5861048698425293 0.11214446276426315
-0.3949299156665802 1.0574201345443726 0.9584861993789673
-0.44970276951789856 1.4710654020309448 -0.4594251811504364
0.24333073198795319 1.2907003164291382 1.0456706285476685
-0.06346717476844788 1.1952747106552124 0.9472936987876892
-0.21255312860012054 1.3107272386550903 1.1874700784683228
-0.8268288373947144 0.923823356628418 0.45493778586387634
-0.6035435199737549 1.0721497535705566 -0.17926299571990967
-0.07006541639566422 1.5623681545257568 1.1472651958465576
-0.7671773433685303 1.1895493268966675 0.09604601562023163
-1.464847207069397 1.5344574451446533 0.9332085847854614
-0.6662499904632568 1.4738388061523438 1.396705985069275
-1.208740472793579 1.3119614124298096 0.6730665564537048
-0.9668784141540527 1.1459214687347412 -0.09718671441078186
0.12663862109184265 1.4290759563446045 1.4609260559082031
-1.119503378868103 1.4069523811340332 0.9208819270133972
-0.9186215400695801 1.4218299388885498 1.1523329019546509
-1.1281315088272095 0.997821569442749 0.33592352271080017
0.25198623538017273 1.4781403541564941 -0.06015099212527275
0.268413782119751 1.3734235763549805 0.5825132131576538
-0.4142622947692871 1.4902064800262451 1.1812442541122437
-0.1383802890777588 0.9239976406097412 0.13063944876194
-1.2671339511871338 1.374310851097107 0.16832032799720764
-0.05766399949789047 1.1455426216125488 0.13808375597000122
-1.4245795011520386 1.5090734958648682 0.34250497817993164
-0.8616036176681519 1.2815202474594116 0.7985575199127197
0.006628461182117462 1.5255070924758911 -0.3624076843261719
-0.07011355459690094 1.3501601219177246 0.717978835105896
-1.000872015953064 1.2137902975082397 0.5247324705123901
-0.743902862071991 1.2062997817993164 1.1557824611663818
-0.5346593856811523 1.063518762588501 1.1155729293823242
-0.40703627467155457 1.0454171895980835 0.07702986150979996
-0.5169490575790405 1.3660120964050293 0.012066255323588848
-0.2195584923028946 1.047330379486084 0.46253466606140137
-0.44903215765953064 0.9621300101280212 0.5114207863807678
-0.5272949934005737 1.2602312564849854 0.8898991346359253
-0.8605639934539795 1.3647443056106567 1.0361566543579102
0.03504231944680214 1.2623564004898071 0.4883309304714203
-0.06132951006293297 1.3990205526351929 0.1452537477016449
-0.36846306920051575 1.3081773519515991 0.6614438891410828
-0.9657832980155945 1.0135159492492676 0.8362825512886047
0.11582279205322266 1.3247121572494507 0.20197150111198425
-0.14190435409545898 1.2224934101104736 -0.1811283826828003
-0.5199914574623108 1.3511085510253906 -0.1852581650018692
-0.6679093241691589 1.686275839805603 0.9678674340248108
-0.6356185078620911 1.684396743774414 1.1515122652053833
-0.561365008354187 1.747623324394226 1.3370174169540405
-0.8039658665657043 1.4319792985916138 -0.0993792936205864
-0.5779629349708557 1.0511808395385742 0.24923934042453766
-0.3703647255897522 1.8075296878814697 1.3624268770217896
-0.6761776208877563 1.0492511987686157 0.6217798590660095
-0.978671669960022 1.3714492321014404 0.5594606399536133
-0.30101561546325684 1.3848483562469482 -0.1817827969789505
-0.11324279010295868 1.4083020687103271 -0.09151654690504074
-0.39323797821998596 1.7069090604782104 1.1530581712722778
-0.3178657591342926 1.3217686414718628 0.8842490911483765
-1.0218528509140015 1.3372859954833984 0.14801636338233948
-0.17080289125442505 1.3217597007751465 0.38869479298591614
-0.48198145627975464 1.6902540922164917 0.9213410019874573
-0.7925296425819397 1.7475545406341553 1.2018518447875977
-0.31798842549324036 1.7579381465911865 0.941717267036438
-0.3234119713306427 1.9283480644226074 1.4357664585113525
-0.9969724416732788 1.425492763519287 0.2892543077468872
-0.7042442560195923 1.3420138359069824 0.7135817408561707
-0.803602397441864 1.883866310119629 0.7841960787773132
-0.7038255929946899 1.7643721103668213 0.8318890929222107
-0.15645891427993774 2.080831289291382 1.1190508604049683
-0.4563237726688385 1.2637289762496948 0.4310092628002167
-0.6215952634811401 1.285162091255188 0.2791430950164795
-0.2727992534637451 2.1111767292022705 1.3965765237808228
-0.19471092522144318 1.9593816995620728 0.9307858943939209
-0.3799552023410797 1.863186240196228 0.7707953453063965
-0.21890932321548462 1.8343241214752197 1.161948323249817
-0.6623769998550415 1.872467279434204 1.4400043487548828
-0.8929502367973328 2.3467342853546143 0.7611355185508728
-1.0109587907791138 2.672170639038086 0.999710202217102
-0.624683141708374 2.7389345169067383 1.1880686283111572
-0.5526973009109497 2.537489891052246 1.2062853574752808
-0.5244969725608826 2.1393370628356934 0.6434674859046936
-0.9020886421203613 1.8527992963790894 1.1841316223144531
-0.9088078737258911 2.147894859313965 1.2877953052520752
-0.9898030757904053 2.223759651184082 1.0409976243972778
-0.9208500385284424 2.0571842193603516 0.8137097358703613
-0.2631628215312958 2.30155086517334 1.0914638042449951
-0.4905765652656555 2.81016206741333 1.0136494636535645
-0.45808926224708557 2.3456149101257324 1.326616644859314
-0.9718822240829468 2.4555959701538086 1.0853033065795898
-0.9554941654205322 1.9538583755493164 1.0244728326797485
-0.77545565366745 2.0394623279571533 1.4308514595031738
-0.5851544737815857 2.1728429794311523 1.467273235321045
-0.9342635273933411 2.487441301345825 0.7324308753013611
-0.6360158324241638 2.606895923614502 0.6720578074455261
-0.5367304682731628 2.7695605754852295 0.7028104066848755
-0.5148658752441406 1.9503366947174072 0.6846092343330383
-0.3780062794685364 2.2947335243225098 0.8858629465103149
-0.7118613719940186 2.2409088611602783 0.6774189472198486
-0.5004898905754089 2.9534597396850586 0.8203942775726318
-0.5141788721084595 4.2404680252075195 1.1834499835968018
-0.7037445306777954 3.1031622886657715 0.9436443448066711
-0.6878673434257507 4.440767288208008 1.5728332996368408
-0.830912709236145 2.851450204849243 1.13302481174469
-0.6363638639450073 4.213857650756836 1.3129396438598633
0.30046236515045166 3.8486435413360596 -0.2561883330345154
-0.9688175916671753 2.6745619773864746 0.7095201015472412
-0.7573306560516357 4.2596821784973145 1.159319519996643
-0.4591229259967804 2.489626169204712 0.8493183851242065
-0.5477589964866638 4.302138805389404 1.4856928586959839
-0.8007051944732666 2.838270664215088 0.6238219141960144
-0.8178905844688416 2.419461250305176 1.266574501991272
-0.6949470043182373 4.787120819091797 0.9093610644340515
-0.7718709111213684 4.586800575256348 0.9016525149345398
-0.3236519992351532 4.3552021980285645 1.1308609247207642
-0.39669936895370483 4.358508110046387 1.4389170408248901
-0.4987424314022064 4.349438190460205 0.9778150916099548
-0.9861340522766113 2.9239628314971924 0.9312983751296997
-0.8962217569351196 4.473011016845703 1.0615228414535522
-0.6891541481018066 4.362428188323975 0.9722450971603394
-0.8407028317451477 3.022578001022339 0.7253557443618774
-0.8597084283828735 4.485666275024414 1.4912378787994385
-0.9290303587913513 4.4191813468933105 1.2703487873077393
-0.2957708239555359 4.444839000701904 1.352431058883667
0.1498730331659317 5.4358391761779785 -0.2684216797351837
-0.3052854835987091 4.5771965980529785 0.9149538278579712
-0.5117965340614319 4.649565696716309 1.5430402755737305
-0.49881720542907715 4.629940986633301 0.8388030529022217
-0.22645998001098633 4.774604320526123 1.2378093004226685
-0.9024237394332886 5.226268291473389 0.3174474835395813
-0.8700910806655884 5.135398864746094 0.17229780554771423
-0.7604206800460815 4.269484043121338 1.3910129070281982
-0.49886491894721985 5.026984691619873 1.1492652893066406
-0.26441463828086853 4.735233783721924 0.8837602138519287
-0.21022778749465942 4.516066074371338 1.1292213201522827
-0.8003405928611755 5.42680025100708 0.3663536608219147
-0.21423034369945526 4.990467548370361 1.1855517625808716
-0.7506166696548462 4.865517616271973 1.2606711387634277
-0.7887647151947021 5.232250690460205 -0.06921494007110596
-0.20767152309417725 5.151024341583252 1.05520498752594
-0.2470560073852539 4.958914756774902 0.9691524505615234
-0.9031732678413391 4.715160846710205 1.2792447805404663
-1.108495831489563 5.454034328460693 -0.13524094223976135
-0.9617284536361694 5.147651672363281 0.04010412469506264
-1.0776195526123047 5.271765232086182 -0.08891651779413223
-0.06871076673269272 5.318143367767334 0.9972494840621948
-0.5056858658790588 4.851129531860352 1.405009150505066
0.13584277033805847 5.569471836090088 -0.356250524520874
-1.1332119703292847 5.565840721130371 0.021951422095298767
-1.1869901418685913 5.310870170593262 0.1702549159526825
-1.083459734916687 5.181629657745361 0.10638189315795898
0.15825685858726501 5.502716064453125 -0.21899910271167755
0.14787344634532928 5.590250492095947 -0.3307955265045166
0.13158059120178223 5.547618389129639 -0.2687097191810608
-0.04449789971113205 5.918276309967041 0.934204638004303
-0.03650132194161415 5.587311744689941 1.0010377168655396
-0.07320445030927658 5.402853488922119 1.1018468141555786
-0.4310896694660187 6.751602649688721 0.7876867651939392
-0.06224789842963219 6.697433948516846 1.0271562337875366
-0.7933630347251892 5.459075927734375 -0.1150921955704689
0.06062018871307373 6.196063041687012 0.8616213202476501
-0.13778424263000488 6.246772766113281 0.8102613687515259
-1.0616750717163086 5.3315110206604 0.3415752649307251
-0.0500195138156414 6.067075252532959 0.9115554690361023
-0.6816269755363464 5.298306465148926 0.21149441599845886
0.05800965800881386 6.289665699005127 0.6849566698074341
-0.3026048243045807 6.515183925628662 0.8709245324134827
-0.3776763379573822 7.0441389083862305 1.0857311487197876
-0.5064587593078613 6.910147666931152 0.5509326457977295
-0.6827509999275208 5.255246162414551 0.040030911564826965
-0.10999228060245514 6.249433517456055 0.9782996773719788
0.18392422795295715 6.4423089027404785 0.7084814310073853
-0.14544589817523956 6.6962199211120605 0.4442969858646393
-0.303773432970047 6.520652770996094 0.6465403437614441
0.04029757156968117 6.472959995269775 1.0373094081878662
0.18028311431407928 6.644467830657959 0.8718964457511902
-0.4842052161693573 6.8429179191589355 0.9190676808357239
-0.6854087114334106 7.129867076873779 1.0047962665557861
-0.12998716533184052 6.405189514160156 0.5950642228126526
0.17923356592655182 6.71632194519043 0.6506388187408447
0.03515924885869026 6.669198989868164 0.49802547693252563
-0.008739420212805271 7.024880409240723 0.8618516325950623
-0.3780495822429657 7.607967376708984 0.308634877204895
-0.30301931500434875 7.661221504211426 0.6313446760177612
-0.2891978323459625 6.696987152099609 0.528472900390625
-0.5948905944824219 6.974667072296143 0.9480425715446472
-0.2567283511161804 7.42405366897583 0.38777753710746765
-0.37938442826271057 6.983462333679199 0.46315157413482666
-0.7708113193511963 7.109122276306152 0.8643506765365601
-0.0553717315196991 7.594202041625977 0.46330147981643677
-0.33445847034454346 8.35467529296875 0.025887463241815567
-0.2582598924636841 7.279482841491699 0.48204973340034485
-0.22070097923278809 6.768982887268066 1.0279176235198975
-0.5311023592948914 7.197586536407471 0.6324955821037292
-0.3597272038459778 7.970099925994873 0.12736418843269348
-0.23572584986686707 7.203668117523193 0.9867227673530579
0.025576021522283554 7.04929780960083 0.6189886331558228
-0.1223209872841835 6.9856276512146 0.4408939480781555
-0.6295521855354309 7.171352863311768 1.0925629138946533
-0.6761512756347656 7.58747673034668 0.5818579196929932
-0.7371928691864014 7.722328186035156 0.6359478831291199
-0.5373289585113525 7.531599521636963 0.8576753735542297
-0.6642764210700989 7.338074684143066 0.6134808659553528
-0.1221683993935585 7.594110012054443 0.6027770638465881
-0.3462834656238556 7.808837413787842 0.19927731156349182
-0.5245831608772278 8.09481143951416 0.15317696332931519
-0.21980901062488556 8.778035163879395 0.1282772570848465
-0.1179908961057663 7.288439750671387 0.7357920408248901
-0.8178285360336304 7.357413291931152 0.956659734249115
-0.1576731950044632 7.567707538604736 0.30328261852264404
-0.5830281376838684 8.44488525390625 0.11278115957975388
-0.7739285826683044 7.204324722290039 0.6467408537864685
-0.3432072699069977 8.5237398147583 0.22789914906024933
0.04899099841713905 8.575536727905273 1.0185753107070923
-0.3444538414478302 7.986634254455566 0.40106087923049927
-0.2566651999950409 8.843979835510254 0.2758760452270508
-0.6267052888870239 8.594685554504395 -0.03982775658369064
0.05598127096891403 8.555861473083496 1.0621650218963623
-0.32166945934295654 8.492792129516602 -0.02960946038365364
-0.2098577320575714 7.903687477111816 0.15086418390274048
-0.7223723530769348 8.784828186035156 0.09224498271942139
0.05941196531057358 8.62951374053955 1.0149086713790894
-0.5045868158340454 8.2681303024292 0.258884072303772
-0.6066645979881287 8.029768943786621 0.5309165716171265
-0.22086761891841888 8.895206451416016 -0.14856275916099548
-0.08599149435758591 8.868779182434082 -0.10779513418674469
-0.5749528408050537 7.934935092926025 0.5309015512466431
-0.08421340584754944 8.86038589477539 4.220474511384964e-05
-0.6806843876838684 7.897545337677002 0.41945016384124756
-0.5601722598075867 8.679341316223145 -0.18100038170814514
-0.6094156503677368 8.747902870178223 0.06883256882429123
-0.49028846621513367 8.999250411987305 -0.2464444637298584
-0.23020237684249878 8.99967098236084 0.3356773853302002
-1.0165458917617798 9.571056365966797 1.1032557487487793
-0.7185436487197876 8.898736000061035 -0.18615534901618958
-0.14868563413619995 9.101580619812012 -0.05211920291185379
-0.7469407916069031 8.93437671661377 0.18294113874435425
-1.0198522806167603 9.611335754394531 1.1657264232635498
-0.7530706524848938 9.16495132446289 -0.13089510798454285
-0.1654639095067978 9.957976341247559 0.8324739336967468
-0.47132962942123413 9.22732925415039 0.13854719698429108
-0.5841385722160339 9.105234146118164 0.28531360626220703
-0.036955900490283966 9.181288719177246 0.16571708023548126
0.006323925219476223 10.014939308166504 1.2085232734680176
0.15795350074768066 9.82930850982666 0.5667372941970825
-0.6060439944267273 9.275552749633789 0.02565610595047474
-0.23193249106407166 9.242960929870605 0.12779593467712402
0.11778158694505692 9.805628776550293 0.5866156220436096
-0.11817726492881775 9.805849075317383 0.9406039118766785
-0.8659917116165161 9.5473051071167 1.0416346788406372
-0.02745484560728073 9.765884399414062 0.7846242189407349
0.17214800417423248 9.789569854736328 0.6518228054046631
-0.855452835559845 9.878006935119629 -0.23277680575847626
-0.16407769918441772 9.981710433959961 1.1452667713165283
-0.2512280344963074 9.873991966247559 1.2743686437606812
-0.13382482528686523 9.949822425842285 1.374739408493042
-0.7239904403686523 9.302785873413086 0.0027751997113227844
0.15808141231536865 9.883750915527344 0.9002975821495056
0.1617739200592041 10.38929271697998 -0.17001530528068542
-0.23152147233486176 9.972591400146484 1.3604127168655396
-0.1734449416399002 10.117620468139648 1.363457202911377
-0.871841549873352 9.901556968688965 1.0853177309036255
-0.8558270335197449 10.412784576416016 -0.10175609588623047
0.26689377427101135 10.30923843383789 -0.2203996330499649
-1.1993231773376465 10.390048027038574 0.4358541965484619
0.0863993838429451 10.434170722961426 -0.24735994637012482
-0.016895750537514687 10.070611000061035 0.775055468082428
-1.2049412727355957 10.406639099121094 0.3921460509300232
-1.1070356369018555 10.175575256347656 1.0856000185012817
0.07065533101558685 10.06688404083252 0.303171843290329
0.24524755775928497 10.10522747039795 0.337819904088974
-0.8883877396583557 10.585046768188477 -0.20980224013328552
0.10491229593753815 10.381492614746094 -0.29468852281570435
-0.7788000106811523 10.707538604736328 -0.14777632057666779
-0.9172282218933105 10.518558502197266 -0.2097507119178772
0.21524548530578613 10.444076538085938 -0.25061100721359253
-1.0227749347686768 10.542489051818848 0.9021804332733154
0.06777004152536392 10.172050476074219 0.7182514071464539
-1.1422202587127686 10.632953643798828 0.8261967301368713
-0.7194967865943909 10.814956665039062 -0.14189298450946808
-0.9688846468925476 10.731754302978516 -0.054453495889902115
0.4141508936882019 10.83991813659668 1.0759577751159668
-0.8859326839447021 10.856139183044434 -0.11056981235742569
-0.9105303883552551 10.782782554626465 -0.31308606266975403
-0.6276837587356567 10.881791114807129 0.08477524667978287
0.4824586510658264 10.990896224975586 1.26601243019104
-1.2025198936462402 10.86046314239502 0.582207441329956
-0.22215819358825684 10.91633129119873 0.7818809747695923
0.44046613574028015 10.949003219604492 1.1225870847702026
0.09235754609107971 10.613465309143066 -0.0865013524889946
0.3210417926311493 10.975147247314453 1.3068490028381348
-1.041473388671875 10.956971168518066 0.46235308051109314
0.4063211679458618 11.045991897583008 1.0258840322494507
-1.165188193321228 11.207406997680664 1.439881443977356
-0.9281167984008789 11.206419944763184 1.3649154901504517
0.31247809529304504 11.17703914642334 0.2997097969055176
-0.24128949642181396 11.230581283569336 1.4690746068954468
-0.18151141703128815 11.112375259399414 0.2975807189941406
-0.13405615091323853 11.114728927612305 0.32475265860557556
-0.3019423484802246 11.20518970489502 0.43573859333992004
-0.9129796028137207 11.110952377319336 0.32268041372299194
-1.0021079778671265 11.052618026733398 -0.18948659300804138
-0.8116660118103027 11.204867362976074 1.3356778621673584
-1.0977925062179565 11.30789566040039 1.410465121269226
0.09264422208070755 11.254204750061035 1.1057227849960327
-0.6584991216659546 11.233104705810547 0.05586080998182297
-0.882756233215332 11.250123023986816 0.05624055117368698
-0.5516678690910339 11.364989280700684 0.010174532420933247
0.17849650979042053 11.391160011291504 0.7188534140586853
-0.5886976718902588 11.398602485656738 -0.059945590794086456
-0.6840991973876953 11.427492141723633 1.4247885942459106
-1.0002989768981934 11.444071769714355 1.129939317703247
0.522928774356842 11.421189308166504 0.2813573181629181
0.3037390410900116 11.445025444030762 -0.36976632475852966
-0.8120231628417969 11.440113067626953 -0.12809646129608154
-0.28890708088874817 11.493345260620117 -0.16219982504844666
-0.5449012517929077 11.462600708007812 1.3974722623825073
-0.24562065303325653 11.537823677062988 -0.41577228903770447
0.0916006863117218 11.538553237915039 -0.3722631633281708
-1.3714381456375122 11.5318021774292 -0.013765007257461548
-1.0486077070236206 11.542820930480957 -0.06998982280492783
-0.9679144024848938 11.563227653503418 -0.30659347772598267
0.15046826004981995 11.572308540344238 0.05897269770503044
-0.32242661714553833 11.574965476989746 -0.3265320658683777
