1653
-2.386474370956421 0.2846064567565918 1.5937325954437256
-2.38637638092041 0.2845063805580139 -0.7599754333496094
-2.3863744735717773 0.433016300201416 0.7184011340141296
0.9210317134857178 0.2845063805580139 -0.8519191145896912
-2.094738245010376 0.284606397151947 -0.022223515436053276
-1.3415775299072266 0.2845063805580139 -1.2053003311157227
-0.44205352663993835 0.284606397151947 1.235351800918579
-0.9437538981437683 0.284606397151947 -0.943154513835907
-0.9757509231567383 0.2845063805580139 -1.205295443534851
0.9210302829742432 0.2845063805580139 -1.2053344249725342
-2.38637638092041 0.2845063805580139 -0.26407432556152344
-2.3863754272460938 0.2845063805580139 0.28126049041748047
-2.3863773345947266 0.2845063805580139 -0.4853172302246094
-1.7889127731323242 0.2845063805580139 2.141206741333008
-2.3863744735717773 0.2845063805580139 -0.009789466857910156
-2.386474609375 0.2846064567565918 0.6901299953460693
0.6661338806152344 0.28460633754730225 -1.2053992748260498
-0.5520369410514832 0.2845063805580139 -1.2052980661392212
-2.0731089115142822 0.284606397151947 1.294590950012207
0.11473464965820312 0.2845063805580139 2.141206741333008
0.9210320711135864 0.2845063805580139 -0.9010618925094604
0.9210296869277954 0.2845063805580139 -0.7523946762084961
-2.3863754272460938 0.2845063805580139 0.1121673583984375
-1.6038012504577637 0.284606397151947 1.8731623888015747
-0.439908504486084 0.2845063805580139 -1.2052969932556152
-2.38161563873291 0.2845063805580139 2.141206741333008
-2.3863744735717773 0.2845063805580139 -0.1447916030883789
0.9210324287414551 0.2845063805580139 -1.0104244947433472
-2.092952251434326 0.284606397151947 1.6965019702911377
-1.0903277397155762 0.2845063805580139 -1.2052973508834839
0.9210309982299805 0.2845063805580139 1.3715410232543945
0.9210300445556641 0.4537191689014435 1.5625860691070557
-1.8851081132888794 0.284606397151947 1.7044495344161987
-2.386474370956421 0.2846064567565918 1.8737273216247559
-2.1871628761291504 0.28460824489593506 2.141308307647705
0.9211299419403076 0.2846064567565918 -0.6731736660003662
-2.386373519897461 0.2845063805580139 -0.6487016677856445
0.9210995435714722 0.28460633754730225 -1.2053993940353394
-2.3863744735717773 0.2845063805580139 -0.8681745529174805
-1.9574609994888306 0.28460419178009033 2.141308307647705
0.9211300611495972 0.2846066951751709 0.881672739982605
-1.4467110633850098 0.2846064567565918 -1.2053985595703125
0.33196184039115906 0.284606397151947 1.5701444149017334
-0.5675185918807983 0.284606397151947 -0.9292968511581421
0.3839985132217407 0.2845063805580139 -1.2052974700927734
-2.386474370956421 0.28459620475769043 2.141207695007324
-2.386474370956421 0.2846064567565918 1.0077111721038818
-0.3919599652290344 0.284606397151947 -0.8255507946014404
-2.3863751888275146 0.5726161003112793 -1.2053983211517334
-2.386474609375 0.28460657596588135 -1.205351710319519
-1.7347936630249023 0.284606397151947 -0.629253089427948
-1.4681545495986938 0.284606397151947 -0.9088376760482788
-2.386474370956421 0.2846064567565918 1.6968998908996582
-2.089137077331543 0.284606397151947 -0.7282372117042542
0.9211301207542419 0.28460636734962463 2.0453696250915527
-1.8867738246917725 0.284606397151947 1.3401947021484375
0.37129971385002136 0.284606397151947 -0.9260121583938599
-1.537611722946167 0.2846062183380127 -1.2053985595703125
-2.3863754272460938 0.2845063805580139 0.5170526504516602
-1.6717469692230225 0.284606397151947 -0.804920494556427
-0.08018207550048828 0.28460633754730225 -1.2053990364074707
-1.2425837516784668 0.284606397151947 -0.9261229038238525
-1.8727540969848633 0.2846066951751709 -1.205398440361023
-2.3864400386810303 0.2846064567565918 -1.2053983211517334
0.9211300611495972 0.2846066951751709 1.7746022939682007
-2.032989978790283 0.284606397151947 1.8824834823608398
0.9211300611495972 0.28460657596588135 1.099764108657837
-0.10574260354042053 0.2846064269542694 2.141308307647705
-2.3863754272460938 0.2845063805580139 -0.3740682601928711
0.5705375671386719 0.2845063805580139 2.141204833984375
0.9210299849510193 0.2845606505870819 2.141308307647705
-2.3863744735717773 0.2845063805580139 1.4890880584716797
0.9211300611495972 0.28460657596588135 1.67579984664917
0.7723439931869507 0.2846064567565918 2.141308307647705
-1.2307982444763184 0.2846064567565918 -1.205398678779602
-1.9614554643630981 0.284606397151947 -0.16487140953540802
0.9211300611495972 0.2846067547798157 1.47001314163208
0.9210281372070312 0.2845063805580139 1.5741443634033203
-1.8919740915298462 0.284606397151947 1.1405194997787476
-2.121849536895752 0.284606397151947 0.7824300527572632
-1.3111445903778076 0.2846062183380127 2.141308307647705
0.9211299419403076 0.2846064567565918 -0.5790958404541016
0.9210300445556641 0.2845063805580139 2.141251564025879
-2.3863744735717773 0.2845063805580139 0.9307231903076172
-1.7723944187164307 0.2846064567565918 -1.2053985595703125
-1.312633991241455 0.284606397151947 -0.7559627890586853
0.9210300445556641 0.2845063805580139 1.8913211822509766
-0.16256007552146912 0.7584471106529236 2.158724308013916
-0.37700122594833374 0.28460636734962463 2.141308307647705
-0.0058737993240356445 0.2846064567565918 -1.2053990364074707
-1.675912618637085 0.2846062183380127 -1.2053985595703125
-2.0165417194366455 0.284606397151947 -0.9000816941261292
-1.9284393787384033 0.49195048213005066 -1.2052985429763794
0.5094795823097229 0.284606397151947 0.48139631748199463
-1.463801383972168 0.2845063805580139 2.141207695007324
-1.9586963653564453 0.2845063805580139 -1.2052984237670898
-0.6682078838348389 0.2846059799194336 2.141308307647705
-2.386373996734619 0.6702091693878174 2.141308307647705
-2.3863754272460938 0.2845063805580139 1.3024749755859375
-0.7740339040756226 0.2846062183380127 2.141308307647705
0.9211300015449524 0.28460657596588135 0.6558789014816284
-2.386474370956421 0.2846064567565918 1.9293973445892334
-2.094658851623535 0.284606397151947 1.104437232017517
0.9211300015449524 0.2846064567565918 0.03848767280578613
-2.3671302795410156 0.2845063805580139 -1.2052984237670898
-2.3863744735717773 0.4059401750564575 1.2868236303329468
-0.6997456550598145 0.2846064567565918 -1.2053987979888916
-0.8810852766036987 0.2846062183380127 2.141308307647705
-2.3863773345947266 0.2845063805580139 1.1837825775146484
-0.9602938294410706 0.284606397151947 1.7408483028411865
-2.386474609375 0.7898184657096863 -1.2052984237670898
0.9210313558578491 0.2845063805580139 0.1319851577281952
-2.0987393856048584 0.284606397151947 0.3935258388519287
-1.6866929531097412 0.28460800647735596 2.141308307647705
-2.3863744735717773 0.2845063805580139 -1.0208091735839844
-2.158289909362793 0.2845063805580139 -1.2052984237670898
-2.386474370956421 0.2846064567565918 1.0724477767944336
0.9210299253463745 0.5129386186599731 -0.5644909739494324
-0.6166889071464539 0.284606397151947 1.89303719997406
-1.3449021577835083 0.284606397151947 1.839337706565857
-1.7940341234207153 0.284606397151947 -0.9272281527519226
-2.386474609375 0.284606397151947 -0.9479854106903076
-2.1065609455108643 0.284606397151947 -0.2796264886856079
-1.7971177101135254 0.284606397151947 1.8590599298477173
-0.894484281539917 0.2845063805580139 -1.205295443534851
-2.039797782897949 0.2845063805580139 -1.2052984237670898
0.051680803298950195 0.5532541275024414 -1.2052991390228271
0.40412235260009766 0.2845063805580139 2.141207695007324
0.9211299419403076 0.7567644119262695 -1.2052998542785645
-1.5752896070480347 0.2846078872680664 2.141308307647705
-2.386474609375 0.8984438180923462 -1.2053120136260986
-2.0606400966644287 0.28460419178009033 2.141308307647705
-0.3502803444862366 0.2845063805580139 -1.2053008079528809
0.9210300445556641 0.2845063805580139 1.2044439315795898
0.5963593125343323 0.284606397151947 -0.1284271776676178
0.9211299419403076 0.5249125957489014 -1.2052991390228271
-2.0375890731811523 0.284606397151947 0.5945913791656494
0.9211300015449524 0.2846064567565918 -0.2571737766265869
0.2766447067260742 0.2845063805580139 -1.2053004503250122
-0.8089264035224915 0.2845063805580139 -1.2052981853485107
-0.0018835067749023438 0.2845063805580139 2.141206741333008
0.8283050060272217 0.284606397151947 -1.2053992748260498
0.572464108467102 0.284606397151947 -0.888398289680481
-0.8630161881446838 0.284606397151947 1.9274821281433105
0.9211300015449524 0.28460633754730225 0.24759912490844727
-1.0802446603775024 0.2846062183380127 2.141308307647705
0.29247820377349854 0.2846064567565918 2.141308307647705
0.45420318841934204 0.284606397151947 1.2595030069351196
0.10628533363342285 0.2845063805580139 -1.2052996158599854
-2.386474370956421 0.8870227932929993 2.1412079334259033
-1.6075201034545898 0.2846064567565918 -1.2053985595703125
0.9210292100906372 0.2845063805580139 0.552710771560669
-0.258508563041687 0.284606397151947 1.7375738620758057
-1.8714704513549805 0.2845063805580139 2.141206741333008
-0.6249086856842041 0.28460657596588135 -1.2053989171981812
0.5508828163146973 0.2845063805580139 -1.2052993774414062
0.341225266456604 0.284606397151947 1.9072496891021729
-0.5797977447509766 0.2845063805580139 2.141207695007324
-0.48605436086654663 0.28460636734962463 2.141308307647705
0.46966755390167236 0.2846064567565918 -1.2053991556167603
-0.15321917831897736 0.284606397151947 0.9803379774093628
0.6244824528694153 0.284606397151947 -0.3021888732910156
0.18995130062103271 0.2846064567565918 -1.2053991556167603
0.061114199459552765 0.284606397151947 -0.06621658802032471
-0.12020720541477203 0.284606397151947 1.8686282634735107
0.9211300015449524 0.2846066951751709 -0.06027793884277344
0.9211300611495972 0.28460657596588135 0.7807220220565796
0.13986064493656158 0.284606397151947 -0.9033054709434509
0.9211300015449524 0.2846064567565918 -0.4776926040649414
-1.8181232213974 0.284606397151947 0.23584741353988647
-2.386474609375 0.2846064567565918 0.39957356452941895
0.9210293292999268 0.2845063805580139 -0.3687269389629364
0.2115524709224701 0.284606397151947 -0.6083898544311523
0.6498026847839355 0.284606397151947 1.4583330154418945
-0.23369888961315155 0.284606397151947 -0.7328674793243408
-1.5012108087539673 0.284606397151947 -0.7207775115966797
0.21918104588985443 0.284606397151947 1.7114580869674683
0.0009542336338199675 0.284606397151947 1.687530517578125
0.6169295310974121 0.284606397151947 -0.7108263373374939
0.9211300015449524 0.2846064567565918 0.43227458000183105
-0.26295459270477295 0.284606397151947 -0.9597389698028564
0.6308563351631165 0.284606397151947 -0.5354479551315308
-1.3571619987487793 0.284606397151947 -0.5734930038452148
-2.066659450531006 0.284606397151947 0.18705996870994568
-1.905945897102356 0.284606397151947 0.7630795240402222
-0.5803412795066833 0.6548411846160889 2.1412081718444824
-2.0929079055786133 0.284606397151947 1.5050299167633057
0.5690940618515015 0.284606397151947 1.8298308849334717
-2.38637638092041 0.2845063805580139 -0.5690135955810547
-2.0936954021453857 0.284606397151947 -0.5346104502677917
0.9210300445556641 0.2845063805580139 1.284637451171875
0.00841091200709343 0.284606397151947 -0.5873266458511353
-1.9172955751419067 0.284606397151947 1.5333820581436157
-2.3864259719848633 0.2845063805580139 2.141206741333008
-1.827987551689148 0.284606397151947 0.9471068382263184
0.4890928566455841 0.2846064269542694 2.141308307647705
0.9210301637649536 0.8216032385826111 2.141308307647705
-2.3863744735717773 0.7007392048835754 1.8955879211425781
-2.386474370956421 0.28460657596588135 0.8414592742919922
-0.8333050608634949 0.284606397151947 -0.5246821045875549
-0.2750775218009949 0.28460636734962463 2.141308307647705
-1.8811960220336914 0.284606397151947 -0.7629141807556152
-2.3863742351531982 0.4343128204345703 -1.2053983211517334
-1.7094230651855469 0.284606397151947 1.6586114168167114
-2.3863744735717773 0.4564903974533081 -0.32910850644111633
-2.3863744735717773 0.5637484788894653 -0.8557727336883545
-1.5396336317062378 0.284606397151947 1.3022277355194092
-1.4884510040283203 0.284606397151947 1.10757577419281
-2.3863744735717773 1.1342246532440186 -1.2053983211517334
-2.386474609375 0.2846064567565918 0.19509804248809814
-0.6308996081352234 0.5679320693016052 -1.205298900604248
-1.9464728832244873 0.284606397151947 -0.3767792284488678
-1.7775341272354126 0.284606397151947 -0.2573448121547699
-2.3863744735717773 0.6154772043228149 1.15897798538208
-1.9183589220046997 0.284606397151947 0.07611409574747086
-1.923105001449585 0.284606397151947 -0.5925297737121582
-0.7401588559150696 0.284606397151947 1.7267417907714844
0.4245128333568573 0.284606397151947 -0.7463762760162354
-1.5442743301391602 0.284606397151947 -0.5370314717292786
0.9210302233695984 0.6418372988700867 -1.2053993940353394
-1.7335089445114136 0.284606397151947 1.2518936395645142
-1.9301142692565918 0.284606397151947 0.3822515904903412
0.5879432559013367 0.4470285177230835 -1.2052992582321167
0.14878273010253906 0.284606397151947 -0.29994991421699524
0.20440196990966797 0.2845063805580139 2.141207695007324
0.9211300611495972 0.28460633754730225 0.9895769357681274
0.30235227942466736 0.284606397151947 0.4364580512046814
-2.386474609375 1.0119359493255615 -1.205311894416809
-1.1634106636047363 0.2845063805580139 -1.2052946090698242
-0.9835095405578613 0.2846059799194336 2.141308307647705
-0.9221392273902893 0.284606397151947 -0.7767290472984314
-1.3175991773605347 0.284606397151947 1.6484702825546265
-2.386474609375 0.28460633754730225 -0.07842004299163818
0.9210299253463745 0.3793272376060486 -1.2053993940353394
-1.8936567306518555 0.6648930907249451 2.1412081718444824
-1.1987035274505615 0.284606397151947 1.4054279327392578
-2.3863730430603027 0.5560107231140137 2.141308307647705
-1.7572895288467407 0.284606397151947 -0.44320690631866455
0.9210300445556641 0.4728143811225891 2.141308307647705
-1.493986964225769 0.284606397151947 1.6968680620193481
0.06401523947715759 0.284606397151947 0.39328503608703613
-1.1818714141845703 0.284606397151947 0.8951975703239441
-2.3863744735717773 0.7610615491867065 -0.9527973532676697
-1.0098116397857666 0.284606397151947 1.5295689105987549
-2.3863742351531982 0.6857461929321289 -1.2053983211517334
-2.386474370956421 0.4366946220397949 2.1412086486816406
-2.386375665664673 1.11140775680542 2.141308307647705
-2.386375665664673 0.7802758812904358 2.141308307647705
-0.4123542606830597 0.7249717116355896 2.1412081718444824
-0.18761855363845825 0.45133206248283386 -1.2052990198135376
0.9210300445556641 0.48182642459869385 1.0366036891937256
-2.3863754272460938 0.2845063805580139 0.6170597076416016
0.9210296869277954 0.6017305254936218 2.141308307647705
0.6728410720825195 0.7008936405181885 -1.2052993774414062
-0.1887272298336029 0.2846064269542694 2.141308307647705
0.9210309982299805 0.2845063805580139 1.8500661849975586
0.9210295081138611 0.2845063805580139 0.3440135419368744
-2.3863744735717773 0.6825030446052551 0.010601631365716457
-0.9271596670150757 0.284606397151947 0.023902859538793564
-1.9966604709625244 0.7240821719169617 -1.2052985429763794
-2.3863744735717773 0.48820778727531433 -0.610262930393219
-1.1633129119873047 0.284606397151947 1.6084606647491455
-1.3628277778625488 0.284606397151947 -0.3926178216934204
-2.3863744735717773 0.2845063805580139 1.3955554962158203
-0.02440633624792099 0.284606397151947 -0.41800618171691895
0.4672640860080719 0.284606397151947 -0.37335124611854553
0.09736939519643784 0.284606397151947 1.8783791065216064
-0.5152768492698669 0.284606397151947 -0.6956540942192078
-1.8071818351745605 0.284606397151947 -0.07672124356031418
0.9210301041603088 0.9226744174957275 2.141308307647705
-0.8775275945663452 0.5360662937164307 -1.2052987813949585
0.9163163900375366 0.3296849727630615 0.7389020919799805
-1.7062137126922607 0.284606397151947 1.0616750717163086
-2.0269644260406494 0.45276811718940735 2.1412081718444824
-2.3863744735717773 0.5682870745658875 0.9575334787368774
-1.3864846229553223 0.2846062183380127 2.141308307647705
-2.3863744735717773 0.5648946166038513 -0.12444697320461273
-1.3829764127731323 0.284606397151947 1.4628019332885742
-2.1555659770965576 0.5703331232070923 -1.2052984237670898
-0.6420169472694397 0.29993489384651184 3.125415802001953
-0.6430918574333191 0.284606397151947 1.5639052391052246
-0.3553982675075531 0.284606397151947 -0.18481983244419098
0.5574802160263062 0.559506356716156 2.1412081718444824
0.9211299419403076 0.8690222501754761 -1.2052949666976929
0.9211299419403076 0.9747483134269714 -1.2052948474884033
0.9210299849510193 0.34613677859306335 -0.2713267505168915
0.9210301041603088 0.650941014289856 1.9790942668914795
-2.3798320293426514 0.29369136691093445 0.4442647099494934
0.9210299253463745 0.5704957246780396 -0.7857460975646973
0.9210300445556641 0.6386234164237976 1.7394975423812866
0.9210299849510193 0.44059979915618896 0.14971290528774261
-1.2240910530090332 0.284606397151947 -0.2622378170490265
0.4361286759376526 0.284606397151947 -0.05080572888255119
-2.3863744735717773 0.49777066707611084 1.787226915359497
0.6312452554702759 0.284606397151947 1.2128891944885254
0.09955132007598877 0.284606397151947 1.518112063407898
0.28806474804878235 0.557634174823761 2.1412081718444824
0.9210299253463745 0.6951472759246826 -0.9469736814498901
-2.1345174312591553 0.6816906332969666 2.1412081718444824
-1.2352733612060547 0.2845063805580139 2.141207695007324
0.9211301207542419 0.7182654142379761 2.1412081718444824
-0.11166288703680038 0.2871566414833069 2.6925463676452637
-1.7507963180541992 0.284606397151947 0.41782358288764954
0.6919376254081726 0.28460636734962463 2.141308307647705
0.9210300445556641 0.5691236257553101 1.292067527770996
0.9210299849510193 0.6294336915016174 0.33443406224250793
0.9210300445556641 0.887993335723877 1.8637856245040894
-2.0601935386657715 0.8431963920593262 2.1412081718444824
-2.386474370956421 0.2846062183380127 1.6674227714538574
-1.3507161140441895 0.284606397151947 1.240678071975708
-0.8461526036262512 0.284606397151947 1.5841840505599976
-2.3863744735717773 0.6330257654190063 1.4463728666305542
-2.3863744735717773 0.6066880822181702 1.6048232316970825
-2.3863744735717773 0.6652063131332397 -0.6840872168540955
-1.1456009149551392 0.2846040725708008 2.141308307647705
-0.010598823428153992 0.5635455250740051 2.1412081718444824
-0.7015893459320068 0.284606397151947 -0.841690182685852
-1.7396982908248901 0.284606397151947 1.4738550186157227
-2.3863744735717773 0.7636796832084656 1.0483564138412476
-1.7043004035949707 0.284606397151947 0.08752604573965073
-1.380089282989502 0.5758010745048523 2.1412081718444824
-0.3774021565914154 0.284606397151947 1.9104403257369995
-0.8535361289978027 0.7497397065162659 2.6122348308563232
-1.3981404304504395 0.284606397151947 0.3138275742530823
-1.1130973100662231 0.284606397151947 -0.7954587936401367
-1.1726220846176147 0.7765277624130249 2.1412081718444824
-0.39017927646636963 0.3986678123474121 -1.2052990198135376
-1.315384864807129 0.5355622172355652 -1.205298662185669
-2.3863744735717773 0.8473145365715027 1.4943922758102417
-2.141132116317749 0.8567051887512207 -1.2052984237670898
-2.3863744735717773 0.9166744947433472 1.891032099723816
0.6473805904388428 0.284606397151947 0.6077472567558289
-0.29359668493270874 0.5724120140075684 2.1412081718444824
-0.014105342328548431 0.284606397151947 -0.7458393573760986
-0.01079635601490736 0.749839723110199 2.5747756958007812
0.3045079708099365 0.5342903137207031 -1.2052992582321167
-2.3863744735717773 0.5971776843070984 0.5633381009101868
0.9211300015449524 0.2846064567565918 -0.16527366638183594
0.1264781355857849 0.9392630457878113 2.1412081718444824
-2.044923782348633 1.2038606405258179 0.007299365475773811
-1.522268295288086 0.5787810683250427 -1.205298662185669
0.6436856985092163 0.284606397151947 0.07328814268112183
-0.15315794944763184 0.28460633754730225 -1.2053990364074707
-0.6596229672431946 0.284606397151947 2.6925747394561768
0.9210299849510193 0.3548792600631714 0.48599615693092346
-2.0430150032043457 0.9358087778091431 1.8219444751739502
-1.1684249639511108 0.284606397151947 0.2869330942630768
-2.0613291263580322 0.9083218574523926 -0.30939674377441406
-1.5598993301391602 0.6297121047973633 2.1412081718444824
0.46791204810142517 0.284606397151947 1.461168646812439
0.4914850890636444 0.8288560509681702 -1.2052992582321167
-2.3760766983032227 1.4777134656906128 -1.2052984237670898
-1.6588681936264038 0.284606397151947 0.5856509208679199
-1.843609094619751 0.284606397151947 0.5914720892906189
-1.6111929416656494 0.284606397151947 -0.11426069587469101
-0.7814820408821106 0.5717199444770813 2.1412081718444824
-1.7142729759216309 0.284606397151947 0.7927912473678589
-1.733857274055481 0.7579070329666138 2.1412081718444824
-2.3863744735717773 0.8176307678222656 -0.15627913177013397
0.4389069080352783 0.284606397151947 -0.5796216726303101
-1.50099515914917 0.284606397151947 0.1261572241783142
-2.3863744735717773 0.948541522026062 -0.8961520791053772
0.4593070447444916 0.6526054739952087 -1.2052992582321167
-1.7396306991577148 0.5072020888328552 2.1412081718444824
0.9210299849510193 0.673534631729126 0.11677919328212738
0.9210299849510193 0.5781956911087036 -0.08104225248098373
-1.5496649742126465 0.284606397151947 1.5183602571487427
-2.0153400897979736 0.284606397151947 0.947403609752655
0.5836127400398254 0.284606397151947 1.633467674255371
-2.3863744735717773 0.6795726418495178 0.8046488761901855
-0.8548798561096191 0.7497397065162659 2.5089962482452393
-0.46560239791870117 0.2847656011581421 2.6925442218780518
-0.867612361907959 0.284606397151947 1.1982598304748535
0.44453951716423035 0.284606397151947 0.3052661120891571
-2.008253335952759 0.655352771282196 -0.6606940031051636
-1.7516939640045166 0.5893347859382629 -1.2052985429763794
-2.3863744735717773 0.69261234998703 -0.4951183497905731
-1.1237069368362427 0.5911906957626343 2.1412081718444824
-2.3863744735717773 0.5302417874336243 0.13895049691200256
-1.2886570692062378 0.284606397151947 0.13785158097743988
-1.4465590715408325 0.7590525150299072 -1.205298662185669
-1.2816743850708008 0.284606397151947 0.45902153849601746
-0.4527841806411743 0.3078822195529938 3.08097243309021
-2.3863744735717773 0.757166862487793 1.3026905059814453
-1.5073119401931763 0.284606397151947 0.7213977575302124
-2.0858705043792725 1.0172115564346313 1.2368451356887817
0.40941816568374634 0.284606397151947 1.7226797342300415
0.657534122467041 0.9288141131401062 -1.2052992582321167
-1.5392835140228271 0.284606397151947 0.9305510520935059
-1.4387768507003784 1.0420721769332886 1.9267394542694092
-0.5159040093421936 0.284606397151947 1.7178492546081543
-2.0482871532440186 0.8680762052536011 -0.8030876517295837
-2.386474609375 1.2556089162826538 -1.2053121328353882
-1.652958869934082 0.284606397151947 4.210088729858398
-0.14588075876235962 0.284606397151947 4.841097354888916
-0.9319885969161987 0.6952714920043945 2.1412081718444824
-2.0340938568115234 1.3422656059265137 1.768390417098999
-1.8572022914886475 0.7178362607955933 1.8070493936538696
-1.59580397605896 0.284606397151947 0.3038010597229004
0.5349652767181396 0.7358039617538452 2.1412081718444824
-0.2901124954223633 0.2845063805580139 2.6925230026245117
0.9210300445556641 1.1357725858688354 2.141308307647705
0.35138288140296936 0.284606397151947 1.055928349494934
-1.4069312810897827 0.284606397151947 -0.1988695114850998
0.3265933692455292 0.7140433192253113 2.1412081718444824
-0.5449655055999756 0.284606397151947 -0.3992544710636139
0.6569842100143433 0.284606397151947 0.9300733804702759
0.9210300445556641 0.6585109233856201 1.5333154201507568
-1.5958209037780762 0.3084021508693695 3.0970771312713623
-2.3863744735717773 0.7752959728240967 1.6844615936279297
0.6589162349700928 0.8497008681297302 2.1412081718444824
-0.13444937765598297 0.284606397151947 1.5993850231170654
-1.0600244998931885 0.284606397151947 4.764086723327637
-0.330476313829422 0.6545700430870056 -1.2052990198135376
0.9210300445556641 1.1058471202850342 1.8313270807266235
0.9210300445556641 0.6390679478645325 0.7496326565742493
0.9211300611495972 1.0309274196624756 2.141209602355957
0.9210299849510193 0.8241506218910217 0.25219419598579407
-2.3863744735717773 0.8131790161132812 0.1409757137298584
-0.27196642756462097 0.284606397151947 1.423453688621521
0.9210300445556641 0.665595531463623 0.9462239742279053
-0.06194294989109039 0.6842960715293884 -1.2052991390228271
-1.8875453472137451 1.070900559425354 -0.8642174601554871
0.9210386276245117 1.076904058456421 -1.2053993940353394
0.007180466782301664 0.284606397151947 4.1028218269348145
0.9210299849510193 0.6464452743530273 -0.3781013786792755
-2.386474370956421 0.991054892539978 2.1412084102630615
0.9210299849510193 0.6493749618530273 0.5656692385673523
-2.3863744735717773 0.8196543455123901 -0.7373425364494324
-2.0932364463806152 1.0761359930038452 -1.2052984237670898
0.9210300445556641 0.8849574327468872 1.2856837511062622
0.9210302829742432 1.2689907550811768 2.141308307647705
0.3130051791667938 0.8878573775291443 2.1412081718444824
-1.6583513021469116 0.7637019157409668 -1.2052985429763794
-0.8055225610733032 0.7059642672538757 -1.205298900604248
-2.3863744735717773 0.615653395652771 0.3090730607509613
0.47464168071746826 0.8927902579307556 -0.8695454001426697
-0.18257100880146027 0.7954832315444946 -1.2052990198135376
-1.8504891395568848 0.7741854786872864 -1.2052985429763794
-2.3863744735717773 0.7272655367851257 0.448742538690567
-2.0582096576690674 1.007372260093689 2.1412081718444824
-1.4762444496154785 0.284606397151947 0.5029529929161072
-1.8701744079589844 0.6579425930976868 -0.8406139612197876
-1.810856819152832 0.5996713638305664 -0.5866232514381409
0.2603440284729004 0.284606397151947 1.2155274152755737
-1.0159260034561157 0.284606397151947 1.3085341453552246
0.9210300445556641 0.7023293375968933 1.1681333780288696
0.8983555436134338 0.284606397151947 3.899055242538452
-1.4036604166030884 0.284606397151947 -0.027659574523568153
0.9210299253463745 0.7006590366363525 -0.5991954207420349
-2.3863744735717773 0.693596601486206 -0.3052644729614258
-0.9130849838256836 0.284606397151947 0.6259401440620422
-1.9220272302627563 0.9547203183174133 -1.2052985429763794
-1.1983742713928223 0.284606397151947 -0.06769628077745438
-2.3863744735717773 0.9083539247512817 1.189038634300232
0.9210382699966431 1.1883184909820557 -1.2053993940353394
-1.177355408668518 0.284606397151947 -0.5943431258201599
-1.1030300855636597 0.5800418853759766 -1.2052987813949585
-2.3863744735717773 0.9322962760925293 -0.2996051013469696
-2.3863744735717773 0.974772036075592 -0.6731114983558655
0.277057021856308 0.284606397151947 -0.4626239538192749
-2.3863744735717773 0.8819183707237244 -0.4977136552333832
-1.0187348127365112 1.5486383438110352 -1.4004966020584106
-0.539493978023529 0.7089993953704834 -1.205298900604248
-1.197814702987671 0.29874274134635925 4.682979106903076
-2.552901029586792 1.5382745265960693 -0.8860516548156738
0.9211301207542419 1.3667631149291992 2.141209363937378
-1.720800757408142 0.9502097368240356 -1.2052985429763794
-1.0814900398254395 0.284606397151947 0.4580175280570984
0.9210300445556641 0.9440758228302002 1.5451550483703613
-2.3863744735717773 0.937691330909729 -0.015093647874891758
0.24818457663059235 0.284606397151947 -0.10881004482507706
-0.3818647861480713 0.284606397151947 -0.5827491283416748
0.9210299253463745 0.7739550471305847 -0.7576828002929688
-1.570243239402771 0.284606397151947 -0.31908246874809265
0.9210300445556641 0.8471795320510864 1.0480754375457764
-1.0037806034088135 0.284606397151947 -0.6089322566986084
0.9210299253463745 1.1282975673675537 -0.891141951084137
-0.07105129212141037 0.284606397151947 -0.9088984131813049
-2.3863744735717773 1.0932198762893677 1.5721725225448608
-2.3863744735717773 1.1506283283233643 -0.8814955353736877
0.6249274015426636 0.2962105870246887 2.9194607734680176
-1.1653751134872437 0.284606397151947 1.1663932800292969
0.7633759379386902 0.284606397151947 4.252025604248047
-1.0143566131591797 0.7458314299583435 -1.2052987813949585
0.4905215799808502 1.2266947031021118 -0.8281865119934082
0.9210300445556641 0.8106216788291931 1.6904560327529907
0.9210299849510193 0.8037253022193909 -0.06428864598274231
0.2441694140434265 0.284606397151947 -0.7668346762657166
-0.762636125087738 0.284606397151947 -0.69080650806427
-1.2611339092254639 0.7318108081817627 -1.205298662185669
0.4781210720539093 1.037560224533081 -1.2052992582321167
-2.085057258605957 1.3585638999938965 -0.7448350191116333
-0.8651386499404907 0.284606397151947 -0.13988427817821503
-1.0849930047988892 0.284606397151947 -0.41064006090164185
-1.824224829673767 1.2887036800384521 -0.8764634132385254
0.7526557445526123 0.2912867069244385 3.768820285797119
0.3644755780696869 0.284606397151947 4.600698947906494
-0.7127223014831543 0.284606397151947 -0.29918164014816284
-2.3863744735717773 1.0154684782028198 1.3649946451187134
0.9210300445556641 0.8360822796821594 0.8230280876159668
-0.04885738715529442 0.284606397151947 0.5591816306114197
-0.3550356924533844 0.284606397151947 -0.3876212239265442
0.0636606514453888 0.7545103430747986 2.1412081718444824
-1.9082858562469482 1.435734748840332 -1.2052985429763794
0.9454078078269958 0.31129956245422363 3.733372449874878
-1.2814152240753174 0.8726078271865845 -0.8378374576568604
-2.3863744735717773 0.8981372117996216 0.9289072751998901
-2.386474370956421 1.3234800100326538 2.1412081718444824
-2.054832935333252 0.9531232118606567 1.5174552202224731
-2.1213417053222656 1.297322154045105 0.9093119502067566
-0.008225497789680958 0.9814282655715942 -1.2052991390228271
-2.3863744735717773 1.1596741676330566 1.838255524635315
-1.3086389303207397 0.284606397151947 1.034563422203064
-1.4850356578826904 0.9235897660255432 -1.205298662185669
-1.897987723350525 0.6010642051696777 1.6115667819976807
-0.3008216321468353 1.0146756172180176 -0.8665083050727844
0.23596425354480743 0.7074688673019409 -1.2052991390228271
-1.7757337093353271 0.8516809940338135 -0.8017575144767761
-1.8654316663742065 0.8979887962341309 2.1412081718444824
-0.8121783137321472 0.284606397151947 2.6925230026245117
-2.3863744735717773 0.9162994623184204 0.5406798720359802
0.6337841749191284 0.284606397151947 0.31509339809417725
0.9210299253463745 0.9018399119377136 -0.9126315116882324
-0.7452994585037231 0.8637987971305847 -1.205298900604248
-2.031263589859009 0.684343695640564 1.243635892868042
-2.0364115238189697 0.8563477396965027 -0.05631483346223831
-1.3823844194412231 0.7689432501792908 2.1412081718444824
-1.841497540473938 1.1938426494598389 1.88240647315979
0.9210299849510193 0.9966421127319336 0.42250266671180725
0.9210386276245117 1.299532413482666 -1.2053993940353394
-2.046332359313965 0.8015516400337219 0.2341700792312622
-2.386474370956421 1.2163385152816772 2.1412084102630615
0.0779166892170906 0.8308150768280029 -1.2052991390228271
-1.366242527961731 1.1940789222717285 -1.205298662185669
0.9210299849510193 0.9013714790344238 -0.28216874599456787
-1.5472846031188965 0.875417947769165 2.1412081718444824
-1.7272337675094604 0.28699424862861633 4.069671154022217
0.2762643098831177 0.284606397151947 1.407167673110962
-2.3863744735717773 1.0995644330978394 -0.1722455471754074
0.3662104904651642 0.6799335479736328 -0.8451284170150757
-1.6366163492202759 0.8151975870132446 1.7815546989440918
-2.060781717300415 0.7355413436889648 1.6374764442443848
-1.363727331161499 0.284606397151947 0.842846691608429
-2.038095712661743 0.9122258424758911 1.0093669891357422
0.3584766983985901 0.284606397151947 -0.24421276152133942
0.0166599303483963 0.8384314179420471 2.8518340587615967
0.3484324812889099 0.38872310519218445 3.6142578125
-0.9495120644569397 0.284606397151947 2.695683479309082
0.9210299253463745 1.469226598739624 -0.9660734534263611
-1.9948866367340088 1.1738865375518799 -0.6538529396057129
-2.386474609375 1.3504610061645508 -1.2053120136260986
-1.4639389514923096 0.3011493980884552 4.473235607147217
-2.0030319690704346 0.8732600212097168 -0.5782075524330139
-2.3863744735717773 0.8033682703971863 0.688539981842041
0.9211299419403076 1.4237219095230103 -1.2052992582321167
-0.21708500385284424 0.9723601341247559 -1.2052990198135376
-1.584778070449829 1.118674397468567 -1.205298662185669
-1.1718708276748657 0.889327883720398 -1.2052987813949585
0.9210299849510193 0.8471681475639343 -0.47745218873023987
-1.5135560035705566 0.8619471788406372 -0.8370738625526428
-1.9980418682098389 1.1830328702926636 2.1412081718444824
-2.066288471221924 1.1599171161651611 0.35927897691726685
-2.3863744735717773 0.9533914923667908 1.6862372159957886
-0.9649077653884888 0.9248262643814087 -1.2052987813949585
0.30673158168792725 0.8715654015541077 -1.2052992582321167
0.47212421894073486 1.251438021659851 2.1412081718444824
-1.1287986040115356 0.284606397151947 1.8121320009231567
-0.38335373997688293 0.8491286039352417 -1.2052990198135376
0.3995247781276703 0.284606397151947 0.8704493045806885
0.9210299253463745 0.9389955997467041 -0.6955294609069824
-2.3863744735717773 1.116516351699829 -0.5527954697608948
-0.7694202661514282 0.284606397151947 0.30016934871673584
-1.3164747953414917 0.9540836811065674 2.1412081718444824
-2.3863744735717773 0.989367663860321 0.7626470327377319
-2.3863744735717773 0.8612436652183533 0.3213215172290802
-2.025383710861206 1.256101131439209 -1.2052984237670898
-1.8161072731018066 1.1551661491394043 -1.2052985429763794
-2.3863744735717773 1.2399014234542847 -0.6895090937614441
0.46658286452293396 0.284606397151947 0.13257506489753723
-1.3041702508926392 1.0051785707473755 -1.205298662185669
0.5461832880973816 0.7006045579910278 -0.7380803823471069
0.022442130371928215 0.29074427485466003 4.775279998779297
0.5241106748580933 0.284606397151947 1.050281047821045
-0.19219714403152466 0.284606397151947 -0.30491140484809875
-0.820915162563324 1.0475997924804688 -1.205298900604248
0.5364635586738586 0.284606397151947 0.7637819051742554
-1.0961041450500488 0.284606397151947 0.09278954565525055
-0.2688741981983185 0.284606397151947 1.2123873233795166
-0.3583478331565857 0.284606397151947 1.5995043516159058
0.11689578741788864 1.2248347997665405 -1.2052991390228271
-1.776870608329773 0.284606397151947 3.5931315422058105
-2.1507742404937744 1.62981116771698 -0.9981435537338257
-1.2596604824066162 0.7196362614631653 1.838071584701538
-0.09522327035665512 0.284606397151947 1.1680265665054321
-0.8359206914901733 0.284606397151947 1.015383243560791
-2.3863744735717773 1.3382395505905151 1.733530879020691
-0.5600707530975342 0.9055336713790894 -1.205298900604248
0.44661813974380493 0.9732868075370789 2.1412081718444824
-1.7121120691299438 0.9805907607078552 2.1412081718444824
0.9712426662445068 0.2961953580379486 3.5765798091888428
-0.8292412161827087 0.29059502482414246 4.860206604003906
-2.063319444656372 0.820080578327179 0.7220308184623718
-2.3863744735717773 1.4925650358200073 -0.998058021068573
-2.3863744735717773 1.3577698469161987 -0.28295931220054626
-1.8860639333724976 1.0421905517578125 1.7034727334976196
-2.371011257171631 1.4823087453842163 -0.595240592956543
0.24227017164230347 1.0368839502334595 -1.2052991390228271
0.9210299849510193 1.0884071588516235 0.2260153740644455
-0.9866669774055481 0.6070130467414856 3.0055456161499023
-1.9991217851638794 0.6618716716766357 -0.2258569598197937
0.9210300445556641 1.0391377210617065 1.207180380821228
0.9210300445556641 1.1085102558135986 1.6257941722869873
0.6048852801322937 1.2229037284851074 -1.2052992582321167
-2.3863744735717773 1.1781455278396606 0.8406712412834167
-2.170292854309082 1.4709783792495728 2.3326163291931152
-1.5148005485534668 1.1594558954238892 -0.8577122688293457
0.5942476987838745 0.96875 -0.675773024559021
0.9210300445556641 1.3837894201278687 1.8926185369491577
0.4870797097682953 0.2878190279006958 4.505229949951172
0.5849202871322632 0.39051252603530884 3.1881613731384277
0.7547348141670227 1.5978277921676636 -0.964130163192749
-1.5759137868881226 0.2990263104438782 3.752474784851074
0.9210300445556641 1.0417561531066895 0.7108891010284424
-0.6797244548797607 0.2974497377872467 4.889071941375732
-1.7875440120697021 0.29082852602005005 3.7536141872406006
0.0633898377418518 0.9167597889900208 -0.8495665192604065
0.9210299849510193 1.0128613710403442 -0.08319004625082016
-2.3863744735717773 1.020261526107788 0.24860268831253052
0.6061585545539856 0.29978352785110474 4.400182723999023
-2.0668084621429443 1.374228596687317 1.4955047369003296
-0.9384749531745911 0.8611167073249817 -0.8546415567398071
-2.3863744735717773 1.067281723022461 1.0491228103637695
-2.3863744735717773 1.162827968597412 -0.3685952126979828
-1.0656102895736694 0.9644484519958496 2.1412081718444824
-1.9123786687850952 1.463692307472229 2.4147355556488037
-2.3600728511810303 1.6156256198883057 1.475479245185852
-0.48517468571662903 0.284606397151947 1.4731494188308716
-2.3863744735717773 1.2638182640075684 1.5048974752426147
-1.3507829904556274 0.2876085042953491 4.579675674438477
0.9210300445556641 0.99954754114151 0.9486075639724731
-1.041529893875122 0.284606397151947 -0.193156898021698
-0.5490821599960327 0.284606397151947 0.29032406210899353
-1.6800353527069092 0.29080602526664734 3.2111027240753174
0.21170030534267426 0.284606397151947 0.9438095688819885
-0.6789547204971313 0.284606397151947 -0.07826270908117294
-1.2533977031707764 1.145693302154541 2.1412081718444824
0.7307203412055969 1.4539276361465454 2.3309807777404785
-0.46417006850242615 0.30081647634506226 4.905807018280029
0.07288319617509842 0.284606397151947 1.0755664110183716
0.9210299253463745 1.1881380081176758 -0.7204466462135315
0.35513055324554443 0.31253743171691895 2.6925244331359863
-0.6365405917167664 0.284606397151947 -0.558599591255188
0.9210299849510193 1.0536383390426636 -0.5295766592025757
-2.3863744735717773 1.2008053064346313 1.2542115449905396
0.19096094369888306 0.284606397151947 4.714728355407715
-1.764310598373413 0.32599517703056335 3.442645788192749
-0.014476829208433628 1.4564322233200073 -1.2052991390228271
-1.746206283569336 1.1745184659957886 2.1412081718444824
-2.3863744735717773 1.099409580230713 0.4962174594402313
-1.5351767539978027 0.284606397151947 4.013463497161865
0.19096572697162628 0.284606397151947 0.5719416737556458
-0.9081432819366455 0.284606397151947 4.762040615081787
-1.874414086341858 0.7345086932182312 1.4439904689788818
-0.3065813481807709 0.32238173484802246 4.871908187866211
0.9210300445556641 0.7919160723686218 1.4339114427566528
-1.1367424726486206 0.6939230561256409 -0.8057112097740173
0.8730947375297546 0.29730579257011414 3.192631721496582
-0.7621229887008667 0.284606397151947 0.12048931419849396
0.9021561145782471 1.505131483078003 -1.2052993774414062
-1.643862009048462 0.6697392463684082 -0.7207054495811462
0.034540124237537384 0.2853509783744812 2.6925649642944336
-0.5395273566246033 0.284606397151947 -0.1963443160057068
-1.0119985342025757 0.284606397151947 0.8233147263526917
-1.4830130338668823 1.16260826587677 2.1412081718444824
-2.2600433826446533 1.5566890239715576 -1.2691574096679688
-0.8138934969902039 0.284606397151947 1.4047695398330688
-0.5398582816123962 0.2866626977920532 4.798715114593506
-2.3863744735717773 1.1318175792694092 0.07528248429298401
0.9210299849510193 1.1708133220672607 0.5329800844192505
-1.1024489402770996 1.1179828643798828 -1.2052987813949585
0.942535400390625 0.2929830849170685 3.3671796321868896
-0.24527181684970856 0.284606397151947 0.8027266263961792
-1.5956017971038818 1.3172426223754883 -1.205298662185669
0.9210299849510193 0.7124642729759216 -0.219788059592247
0.9210300445556641 1.344892978668213 1.6986440420150757
-2.5363059043884277 1.5361311435699463 -0.42203059792518616
-1.2309287786483765 0.4223163425922394 2.9972612857818604
-2.1138076782226562 1.5206876993179321 -0.02448417618870735
-2.584632158279419 1.5540388822555542 -0.11922375857830048
0.34605422616004944 1.2117059230804443 -1.2052992582321167
0.3984779715538025 0.284606397151947 0.6288692355155945
-1.0408343076705933 0.284606397151947 1.0446699857711792
-2.3863744735717773 1.4460471868515015 1.3874043226242065
0.2587057054042816 0.284606397151947 0.2586544454097748
0.9210299849510193 1.1116801500320435 -0.31240764260292053
0.35096317529678345 0.7026011347770691 1.819709300994873
0.8356277942657471 0.28773751854896545 4.044318199157715
-0.07379478216171265 0.284606397151947 1.4298503398895264
-2.381838798522949 1.4550389051437378 2.1324844360351562
-2.0230801105499268 1.472195029258728 2.4199042320251465
-2.041663408279419 1.5791107416152954 2.0789847373962402
-1.3975516557693481 0.6304221153259277 -0.7851749658584595
-0.08691392838954926 1.1686805486679077 -1.2052991390228271
-2.3816044330596924 1.5252745151519775 1.6579731702804565
-1.5754473209381104 0.28802233934402466 4.365619659423828
-2.3711817264556885 1.5388554334640503 2.0422723293304443
0.9210299849510193 0.8019353747367859 0.4488261938095093
0.9210300445556641 1.2112705707550049 1.4851901531219482
-2.5694637298583984 1.5340449810028076 0.5057315230369568
-1.190146803855896 0.2929708957672119 4.492110252380371
-0.38486015796661377 0.7232855558395386 -0.8251057863235474
-0.5067793726921082 0.284606397151947 1.0290013551712036
0.5060985088348389 1.4839303493499756 2.3958940505981445
0.5865769982337952 1.106175422668457 2.1412081718444824
0.5483359694480896 0.8772501349449158 1.8047199249267578
-0.19675371050834656 0.284606397151947 0.4410717487335205
0.26118364930152893 0.284606397151947 0.07436230778694153
0.9119424819946289 1.5286738872528076 1.646647572517395
0.918281078338623 1.431531548500061 -0.7858480215072632
-0.9372616410255432 0.284606397151947 4.5165486335754395
-0.1541985720396042 0.300369530916214 4.681482791900635
-1.7696629762649536 0.2940079867839813 3.9154551029205322
0.015886107459664345 0.2979802191257477 4.402276515960693
-0.8933131694793701 0.284606397151947 -0.33931732177734375
0.5207480192184448 0.3398685157299042 3.6749420166015625
-1.30586576461792 0.284606397151947 0.6495118141174316
0.9136245846748352 1.3960554599761963 0.3912368416786194
0.9173881411552429 1.5010545253753662 2.0877890586853027
0.17123475670814514 0.284606397151947 4.587517261505127
-0.18912652134895325 0.284606397151947 -0.5632643699645996
-0.5682962536811829 1.0860364437103271 -1.205298900604248
0.9210299849510193 0.8647662997245789 0.625093936920166
0.6114004254341125 0.47799429297447205 3.5178632736206055
-1.9422167539596558 0.650486409664154 0.04002390429377556
-0.03643064573407173 0.284606397151947 -0.21336159110069275
0.20273399353027344 0.2845063805580139 2.6925230026245117
0.05846760794520378 0.284606397151947 1.2852360010147095
0.6968372464179993 0.35368844866752625 4.242967128753662
-0.27259907126426697 0.284606397151947 4.497447967529297
-0.9703652262687683 0.284606397151947 0.24264182150363922
0.013897455297410488 0.284606397151947 0.7082231044769287
-1.4921000003814697 0.3211592435836792 3.5177392959594727
0.6780738830566406 1.6213756799697876 -0.7362199425697327
-0.9171526432037354 1.2162312269210815 -1.2052987813949585
-1.8078486919403076 1.4340112209320068 1.9568294286727905
0.3019803762435913 1.1073867082595825 -0.8269993662834167
0.3324567973613739 1.453194260597229 2.4487032890319824
0.3629372715950012 0.284606397151947 4.319844722747803
-1.7046327590942383 0.6524210572242737 1.6036897897720337
-0.5695807933807373 0.284606397151947 0.08986689150333405
-0.6507987380027771 0.9273499250411987 -0.8757538199424744
-1.8522425889968872 0.7190675735473633 -0.391002893447876
-1.252740502357483 1.5326014757156372 -1.3952560424804688
-0.5493921637535095 0.29121720790863037 4.190117835998535
-2.4858558177948 1.5349613428115845 -0.763856828212738
-0.6299070119857788 0.284606397151947 1.3227949142456055
-0.03961331397294998 0.7004218697547913 -0.826024055480957
-1.4265179634094238 0.4123375713825226 3.130603313446045
0.5991352796554565 1.2701940536499023 -0.6056235432624817
-2.136167287826538 1.5187923908233643 0.5944923162460327
-1.948129653930664 1.2621116638183594 1.05170476436615
0.1945902705192566 1.4972995519638062 -1.2052991390228271
0.6453579664230347 1.532870888710022 -1.329506516456604
-0.26827776432037354 0.3929688632488251 3.834639549255371
-1.4233019351959229 1.5154902935028076 -0.4565270245075226
-1.7427117824554443 1.5435117483139038 -1.3911198377609253
-0.9760701060295105 0.4530906081199646 4.186275959014893
-2.04723858833313 1.5312668085098267 -1.4046295881271362
-0.40593665838241577 1.5356483459472656 -1.3640613555908203
-1.8552768230438232 1.6184748411178589 -0.9248954653739929
0.04665879160165787 1.45320463180542 2.519580364227295
-0.6359795331954956 0.6398022770881653 3.3250820636749268
-0.04342782124876976 1.1988413333892822 -0.8423588871955872
-2.3863744735717773 1.2926751375198364 -0.02977824956178665
-0.3693585991859436 1.1135461330413818 -1.2052990198135376
-2.1741116046905518 1.6358035802841187 -0.5821888446807861
-1.707344651222229 1.5736522674560547 -1.2454571723937988
0.9210299849510193 0.9213961362838745 0.09296847134828568
0.14465110003948212 1.6193852424621582 -1.0272951126098633
-1.4830667972564697 1.5295625925064087 -1.3935747146606445
0.9210300445556641 1.2202949523925781 1.032808542251587
0.9210299849510193 1.2099816799163818 -0.0917249396443367
-1.9366247653961182 1.663739800453186 -0.8550300598144531
0.9210300445556641 1.4906138181686401 1.4544317722320557
-2.147369861602783 1.6498221158981323 -0.030519472435116768
-2.1314053535461426 1.5276153087615967 -0.38550224900245667
0.9210299849510193 1.2560198307037354 0.1678464412689209
-1.8653124570846558 0.9818137884140015 1.2292834520339966
0.3714447319507599 0.6083954572677612 -0.6208013892173767
0.9210300445556641 1.2201242446899414 1.2665600776672363
-0.19369137287139893 0.29102009534835815 4.2664995193481445
-1.3476828336715698 0.31963324546813965 4.042176246643066
-1.1397197246551514 1.1638829708099365 -0.8723928928375244
-2.3721110820770264 1.6158558130264282 1.2087998390197754
-1.0771985054016113 0.3396015465259552 3.089303970336914
-1.2399353981018066 1.6168413162231445 2.3024168014526367
-1.4274097681045532 1.4681386947631836 2.4565699100494385
0.9210299849510193 1.2835279703140259 -0.5301765203475952
-0.7980705499649048 0.3016323447227478 4.0792012214660645
-2.468200206756592 1.5364656448364258 0.7726699709892273
-0.3399275243282318 0.284606397151947 1.0021476745605469
-1.1194860935211182 0.284606397151947 0.6651567816734314
0.733150064945221 0.3088284730911255 3.025761127471924
-1.7609782218933105 1.6032699346542358 2.1509146690368652
-1.2031223773956299 1.3315575122833252 1.8262386322021484
-1.6074944734573364 1.688802719116211 1.9865429401397705
-1.8223782777786255 1.650838017463684 -0.5216324925422668
-2.3863744735717773 1.304269552230835 1.0633107423782349
0.5351277589797974 0.667640209197998 1.6503748893737793
-1.743364691734314 1.4627009630203247 2.438258409500122
-2.5162546634674072 1.5430774688720703 1.8991791009902954
-1.3172950744628906 0.2877176105976105 3.695727586746216
-0.19465741515159607 0.284606397151947 -0.07763050496578217
-1.738568663597107 1.5883257389068604 1.5400660037994385
-2.049617290496826 0.8465926647186279 0.4793034493923187
-0.922839343547821 1.2691892385482788 -0.5586516261100769
-2.3809683322906494 1.4662537574768066 0.36068156361579895
-1.50180983543396 1.019453525543213 -0.6124442219734192
-1.9875699281692505 1.6598073244094849 0.18537011742591858
-1.1649372577667236 0.3263205289840698 2.7111120223999023
0.3034195005893707 0.2931152880191803 3.8866119384765625
-2.526305675506592 1.536933183670044 1.1454261541366577
-1.4454931020736694 1.4545015096664429 2.3383469581604004
-1.5814276933670044 1.638366937637329 -0.7196784615516663
-2.3597466945648193 1.5886510610580444 -0.2715115547180176
-0.23047170042991638 0.284606397151947 0.6276106238365173
-0.701919674873352 0.2947782874107361 4.437251091003418
0.6165009140968323 0.9321326613426208 -0.28308460116386414
-0.6346192955970764 0.284606397151947 0.8915795683860779
-1.7973376512527466 1.017052173614502 -0.5844292640686035
-1.8646032810211182 1.266676902770996 1.5515220165252686
-1.4722172021865845 0.2872847318649292 2.993683338165283
-0.6651306748390198 1.2444498538970947 -1.205298900604248
-0.8388457298278809 0.6499060392379761 -0.7820808291435242
-1.9858475923538208 1.1743725538253784 -0.3248887360095978
-0.49373289942741394 0.284606397151947 0.5818657875061035
0.5393375754356384 0.30068832635879517 2.7373435497283936
-1.5922095775604248 1.456673502922058 2.484456777572632
-0.846958339214325 0.8046072721481323 2.782435655593872
-0.8033116459846497 0.284606397151947 0.801023006439209
0.4439517855644226 1.404666781425476 -1.2052992582321167
-0.14807555079460144 0.32620665431022644 3.6663732528686523
-1.941544771194458 0.617307722568512 0.5449668765068054
0.4627830386161804 1.0575753450393677 0.723922073841095
0.5728697180747986 0.2920002043247223 4.018209457397461
-1.3458759784698486 0.2971383035182953 4.271834850311279
0.4107409715652466 1.5429034233093262 -1.3682265281677246
-0.2635621130466461 1.291316032409668 -1.2052990198135376
-1.3178212642669678 1.5089137554168701 -0.950965404510498
0.16261740028858185 0.40996232628822327 4.285863399505615
0.9210299849510193 1.472110629081726 0.021064680069684982
-1.0170328617095947 1.4550589323043823 2.466012954711914
-2.161834955215454 1.6291981935501099 1.7657861709594727
-0.184839129447937 0.284606397151947 3.5144333839416504
0.4802567958831787 1.4932560920715332 -0.7935911417007446
-1.8782554864883423 1.038561463356018 0.09438719600439072
-0.4015945494174957 0.4747166335582733 3.510995388031006
-0.8587494492530823 1.1033717393875122 2.1412081718444824
0.9210299849510193 1.3469473123550415 -0.28854823112487793
0.21128663420677185 1.1483969688415527 2.1412081718444824
-1.6670631170272827 0.31172385811805725 3.3362929821014404
0.5482514500617981 1.3239847421646118 1.808733344078064
0.8561498522758484 0.3326091766357422 3.4832370281219482
-1.8686503171920776 1.472586750984192 -0.546367347240448
-1.1100966930389404 0.2899337112903595 4.192747116088867
0.689185380935669 1.6009712219238281 2.136301040649414
-0.8791079521179199 0.3034042418003082 4.3152570724487305
0.32023605704307556 1.622827172279358 -0.9442639350891113
-1.5046288967132568 0.7575984597206116 -0.5526138544082642
-0.7752513289451599 0.5281570553779602 4.00738525390625
-2.2425670623779297 1.6755949258804321 0.9668055176734924
-0.21643899381160736 0.8387161493301392 -0.7639961242675781
-1.8831841945648193 1.7050131559371948 1.8533686399459839
-2.5197176933288574 1.5427366495132446 0.1473388373851776
0.3547506034374237 0.3189740777015686 3.3311820030212402
-0.5663859844207764 0.355890691280365 3.9780962467193604
-0.49376988410949707 0.2919827103614807 4.383228302001953
0.5529767274856567 0.693780779838562 -0.14660753309726715
0.6351006627082825 0.8700496554374695 0.7221878170967102
-1.0893311500549316 0.3221723735332489 3.2933349609375
0.6163590550422668 0.9481950402259827 1.5932272672653198
-0.8235291838645935 0.30487391352653503 3.1384904384613037
0.24900680780410767 0.284606397151947 0.7488534450531006
-1.2049363851547241 1.4561197757720947 2.443732738494873
0.07631897926330566 0.284606397151947 0.19873757660388947
-0.7084414958953857 0.298899382352829 3.7166051864624023
-0.42042601108551025 0.284606397151947 0.006842564791440964
-1.5408599376678467 1.270344614982605 1.8744721412658691
-1.8646312952041626 0.6310111284255981 0.2915075421333313
0.3000022768974304 0.353434294462204 3.0111992359161377
-1.2585067749023438 0.6921581625938416 -0.6274574995040894
-0.6221412420272827 0.7137519717216492 -0.808890163898468
-0.5903218388557434 0.7121158242225647 2.9247963428497314
1.042771577835083 1.5378761291503906 -0.39191994071006775
-0.17104637622833252 0.30698519945144653 3.1302733421325684
-0.35549765825271606 0.284606397151947 0.254606693983078
-1.439096212387085 0.6438649892807007 1.6683474779129028
-1.5368720293045044 1.6277527809143066 -1.01772940158844
0.2006029337644577 0.7620812058448792 -0.7436136603355408
0.5352744460105896 0.7793236970901489 -0.5305262207984924
-2.028416156768799 1.4239579439163208 1.2546848058700562
0.30506226420402527 0.2941204309463501 4.1115522384643555
-1.5387020111083984 1.4007092714309692 -0.7634878754615784
-1.2265702486038208 0.3392871022224426 2.727786064147949
0.19659613072872162 0.5954926013946533 3.049351453781128
0.6125023365020752 0.9037104845046997 1.1526529788970947
0.14329789578914642 0.3318082094192505 3.5657527446746826
0.8703641891479492 1.6414711475372314 1.849602460861206
-1.9763150215148926 0.6611046195030212 0.9601988792419434
-1.3034876585006714 0.32911908626556396 3.392592191696167
-1.7753616571426392 0.6651356816291809 -0.1682778000831604
0.07256478071212769 0.284606397151947 3.273986577987671
-0.5424975156784058 0.29854968190193176 4.594410419464111
0.9472390413284302 1.5314382314682007 -0.618278980255127
-2.032294511795044 1.4503087997436523 0.27577924728393555
-0.11433789134025574 0.284606397151947 0.2813069820404053
-1.8709639310836792 1.3512364625930786 -0.22884584963321686
-1.7638945579528809 0.9972347617149353 1.5474754571914673
-1.9996005296707153 1.6835517883300781 1.581176996231079
-0.8680197596549988 1.4404747486114502 -0.950142502784729
-2.5864689350128174 1.553739309310913 0.6940319538116455
-2.3863744735717773 1.2358652353286743 0.6311503648757935
0.3512905240058899 1.0112465620040894 -0.6229483485221863
0.07871305197477341 0.5120516419410706 3.786536693572998
-0.39598384499549866 0.284606397151947 0.4312945008277893
-1.8509701490402222 0.7044309377670288 1.1371058225631714
0.5762843489646912 0.8195936679840088 1.4293569326400757
0.35877856612205505 1.1162779331207275 1.879334568977356
-1.4000117778778076 1.5860352516174316 1.9580470323562622
-2.5754306316375732 1.535062551498413 0.9166021943092346
0.596445620059967 1.427150845527649 -0.11765488982200623
-2.5832855701446533 1.5361384153366089 0.15490299463272095
-1.6884500980377197 0.7909761071205139 1.3076188564300537
-0.8319938778877258 0.3792063593864441 3.6234800815582275
-0.8352541923522949 1.4702435731887817 2.4310431480407715
-1.2222412824630737 0.28870999813079834 3.910086154937744
-0.0008675828576087952 0.7286689281463623 1.8603217601776123
0.6166600584983826 0.8882240056991577 0.01674293912947178
-2.3863744735717773 1.2236568927764893 0.2974836230278015
0.9210300445556641 1.2547551393508911 0.8125460147857666
-0.3215794563293457 0.3148021697998047 4.018823146820068
0.7744197249412537 0.31148189306259155 3.237640142440796
-0.6820731163024902 0.284606397151947 0.6494469046592712
-1.2476515769958496 0.48022472858428955 3.638869285583496
0.9210300445556641 1.4688042402267456 1.2463947534561157
-0.17177020013332367 1.5487959384918213 -1.3378525972366333
-1.0505344867706299 1.2438676357269287 2.0909595489501953
-1.8571507930755615 1.000285267829895 0.33487391471862793
0.211885467171669 1.647710919380188 -0.2982860207557678
-0.26634135842323303 1.2960551977157593 -0.4251907467842102
0.6599287390708923 1.6180517673492432 -0.40361085534095764
-1.274666428565979 1.2867954969406128 -0.693560779094696
0.027610745280981064 1.64401376247406 -0.6440169215202332
-1.7093837261199951 0.8838332891464233 -0.35573849081993103
-1.470523476600647 1.0350959300994873 -0.26574039459228516
-0.8161249160766602 0.7387443780899048 3.102139472961426
-0.6118490695953369 1.1093958616256714 -0.6823151111602783
-1.844347357749939 0.9924894571304321 -0.19540368020534515
0.4233446419239044 1.668929100036621 -0.5073212385177612
-0.23162972927093506 1.6366108655929565 -0.46953192353248596
0.45986637473106384 1.631897211074829 2.1414077281951904
0.21736052632331848 1.45828115940094 2.499001979827881
0.3173665404319763 1.652840256690979 -0.7272109985351562
-2.0355281829833984 1.244683861732483 0.6544485092163086
-0.8617188930511475 1.55703866481781 -1.3172948360443115
0.5022204518318176 0.4361347258090973 3.8992788791656494
-1.4014530181884766 0.6838935613632202 -0.3793047070503235
-0.2550790011882782 0.284606397151947 0.11139149218797684
-0.5238730907440186 0.33385515213012695 3.4443423748016357
-0.1397600919008255 0.6017563939094543 -0.657572865486145
-1.0212560892105103 0.33064159750938416 3.910252809524536
-1.5050804615020752 0.9369551539421082 1.614635705947876
-1.7042970657348633 1.2542498111724854 -0.5698316693305969
-1.863938331604004 0.6555678248405457 0.7682694792747498
0.556244969367981 0.6940463185310364 0.470024973154068
-0.2861780822277069 1.5190318822860718 -0.6565722227096558
-0.8450748324394226 1.189633846282959 -0.8054544925689697
-0.6783127188682556 0.284606397151947 1.1340076923370361
-0.035734519362449646 1.4569252729415894 -0.8144012093544006
0.08529457449913025 0.32092639803886414 3.8463103771209717
-1.776638388633728 0.7650529742240906 0.1139504611492157
0.2252429723739624 1.2782090902328491 -0.6803596019744873
-0.9476975202560425 0.6898329257965088 -0.642309844493866
-0.02832665480673313 0.7926375269889832 2.6136136054992676
-0.8523919582366943 0.8938785791397095 2.082479953765869
0.5342230796813965 1.2213841676712036 -0.38233482837677
0.6227686405181885 1.283433198928833 1.2652300596237183
0.44453901052474976 0.6635094881057739 -0.37017524242401123
0.47890859842300415 1.1807817220687866 0.005781917832791805
0.3729979395866394 0.5274751782417297 3.4225685596466064
-0.050990406423807144 0.4747522175312042 4.0429582595825195
0.5291768312454224 1.232096791267395 1.6072278022766113
0.34303757548332214 0.674544632434845 1.612330675125122
0.313998818397522 1.412855863571167 1.9848504066467285
0.8281309008598328 1.6168274879455566 -0.27775338292121887
-0.02895178087055683 1.1202445030212402 -0.6377291679382324
-1.520476222038269 0.6427228450775146 -0.18935951590538025
0.10918426513671875 0.6976742744445801 -0.5669595003128052
0.36101365089416504 0.9553831219673157 1.590355396270752
0.5470571517944336 0.7514605522155762 0.20223939418792725
-0.4656723439693451 1.3239041566848755 -0.8928813338279724
-1.9336345195770264 1.0525037050247192 0.7831233739852905
-0.6521175503730774 0.284606397151947 0.4622611999511719
-0.30604737997055054 0.4481508135795593 4.293609142303467
-1.1129910945892334 0.6691082119941711 -0.4246196448802948
0.3762073218822479 0.32987481355667114 2.9747653007507324
0.32936450839042664 0.6248787045478821 -0.20933838188648224
-1.8300830125808716 0.8084986805915833 0.5083096623420715
0.43025389313697815 0.910578727722168 0.49024906754493713
-0.0630970299243927 0.284606397151947 0.0741591826081276
-0.8781351447105408 0.284606397151947 0.45030105113983154
-0.4368724822998047 0.33962467312812805 3.7045559883117676
0.5506762862205505 0.6900007724761963 1.0724005699157715
-0.5470944046974182 0.637981116771698 -0.6351118683815002
0.28889939188957214 0.9148790240287781 -0.43283694982528687
-0.3247675597667694 0.7300786375999451 -0.5884864926338196
-0.015624100342392921 0.284606397151947 0.8806038498878479
0.3861226737499237 0.972327470779419 -0.20846998691558838
-1.8063085079193115 1.2914752960205078 0.2316676676273346
-0.33558452129364014 0.41206154227256775 2.868147611618042
-1.6399997472763062 1.0179251432418823 -0.050092827528715134
-1.1604119539260864 0.6639643907546997 1.6655950546264648
-1.8005330562591553 1.2269107103347778 1.2352876663208008
-0.6763865947723389 0.7692806720733643 1.9896661043167114
-1.9036442041397095 1.7026889324188232 0.6662683486938477
-0.022273896262049675 0.6473848223686218 -0.33722496032714844
0.4249023497104645 0.6896378993988037 1.4011882543563843
-1.6874819993972778 0.7126009464263916 1.0239529609680176
-1.2854326963424683 1.0671992301940918 -0.633650004863739
-0.09333648532629013 0.34639468789100647 3.345158338546753
-1.0176512002944946 0.9843276739120483 -0.6801411509513855
-2.0604169368743896 1.6813870668411255 1.1459892988204956
-0.8158444166183472 0.6536960601806641 -0.40125396847724915
-1.5654629468917847 0.6602140069007874 0.09116081148386002
-1.9027588367462158 1.634007215499878 -0.2403806746006012
-1.2209962606430054 0.9401665329933167 1.7871469259262085
0.4018551707267761 0.6269950270652771 0.05163155496120453
-0.5875295400619507 1.3531023263931274 -0.43252697587013245
-1.4727065563201904 0.710188090801239 1.4488248825073242
-1.0705766677856445 1.3502318859100342 -0.35821908712387085
-0.47456586360931396 0.284606397151947 0.7943864464759827
0.1091262474656105 0.9185278415679932 1.8916220664978027
-0.08374244719743729 0.8813623189926147 -0.5553054809570312
-1.0172755718231201 0.4211726486682892 3.751168727874756
-1.4700156450271606 0.6356134414672852 1.1076343059539795
-0.36582013964653015 0.6165127754211426 3.3003854751586914
-2.2899489402770996 1.64045250415802 0.43568605184555054
-0.3553631901741028 1.2220927476882935 -0.7117188572883606
-1.7633124589920044 0.97659832239151 0.8564866185188293
-1.0529866218566895 1.5399768352508545 -0.66299968957901
-0.8297379612922668 0.5941088795661926 3.353684663772583
-1.616796612739563 1.376152515411377 1.677569031715393
-1.6219251155853271 0.9717091917991638 1.0899531841278076
-1.196492314338684 0.9918715357780457 -0.43064576387405396
-1.7668051719665527 1.377267599105835 -0.00833551399409771
-0.6491664052009583 1.4334815740585327 -0.6982021927833557
-1.3482800722122192 1.3057665824890137 -0.28704845905303955
0.20255276560783386 0.7682534456253052 -0.206031933426857
0.5113644599914551 0.6977953314781189 0.8428066968917847
-0.19385135173797607 0.7858694195747375 2.880868911743164
-0.6562389731407166 0.6208248138427734 -0.22182632982730865
-0.09816506505012512 0.5994739532470703 0.31920933723449707
-1.3436778783798218 0.8231765627861023 -0.21279434859752655
-0.6074773073196411 1.0419708490371704 2.160679340362549
-0.673567533493042 0.8739805817604065 -0.6140851974487305
-1.8470525741577148 1.2771269083023071 0.5172387957572937
0.379006952047348 0.6528593301773071 0.3410700261592865
-1.7070916891098022 1.6975088119506836 0.4402312636375427
-0.9854030609130859 0.6193949580192566 -0.03212475776672363
-0.3592355251312256 0.7690171003341675 1.891947865486145
-1.0219727754592896 0.8485223054885864 1.5992460250854492
-1.6868211030960083 1.555954098701477 1.2105908393859863
-0.19482122361660004 0.9507125020027161 2.280966281890869
-0.28375279903411865 0.6468271613121033 -0.3276160955429077
-0.3052420914173126 0.6448904275894165 1.6154447793960571
0.3373875617980957 0.9855698347091675 0.03707011044025421
-1.418202519416809 0.8366444110870361 0.006726610474288464
-1.643186092376709 0.6592883467674255 0.7657254338264465
0.1228179782629013 0.6734708547592163 1.1780694723129272
-0.012320181354880333 0.8695804476737976 3.0774097442626953
0.3737446665763855 0.6345312595367432 1.1622018814086914
0.49016323685646057 1.0347084999084473 1.0290756225585938
0.014107765629887581 0.6037489771842957 -0.0033994531258940697
-0.5096316337585449 0.7914567589759827 2.6745941638946533
-0.5557271242141724 0.5316200256347656 3.8050174713134766
-0.857858419418335 0.5446364879608154 0.9101722240447998
-0.002038294915109873 0.9519092440605164 -0.28856995701789856
-1.6106903553009033 0.649070143699646 0.40886273980140686
-0.8773503303527832 0.9468580484390259 1.9189656972885132
0.8678563833236694 1.6549426317214966 1.3457859754562378
-1.1722133159637451 0.6291276216506958 -0.19951753318309784
-1.2557600736618042 0.6563163995742798 1.4024631977081299
-1.58893620967865 1.138567328453064 1.4430519342422485
-0.39489999413490295 1.0544480085372925 -0.5457372665405273
0.032101139426231384 1.4392462968826294 -0.4684711992740631
-0.0625486969947815 0.6877993941307068 3.1775765419006348
-0.8704814910888672 0.9269148707389832 -0.4636070132255554
0.46452203392982483 1.4537184238433838 1.4779661893844604
-0.01859503984451294 0.5467886328697205 3.390955924987793
0.551946222782135 1.6417686939239502 -0.037445731461048126
0.04465356096625328 1.1934083700180054 -0.3404334783554077
-1.5596809387207031 0.8702660202980042 0.7052305936813354
0.37456807494163513 1.1472183465957642 0.2832123339176178
-0.7949886322021484 0.9839810132980347 2.823108434677124
-0.005183635279536247 1.027610421180725 2.837963104248047
-1.2854725122451782 0.9620562195777893 1.5518544912338257
-0.797895073890686 1.19687020778656 -0.34717926383018494
0.6044564843177795 1.3542629480361938 0.1447918564081192
0.11387062817811966 0.647541880607605 1.6092606782913208
-0.3456537127494812 1.0208966732025146 3.029620409011841
0.7304008603096008 1.7065775394439697 1.6322616338729858
-1.3630532026290894 0.6906740069389343 0.1670248657464981
-0.8840426206588745 0.5348637104034424 3.5136308670043945
0.42529335618019104 1.071770429611206 1.3330281972885132
-0.5482634902000427 0.7969650626182556 -0.3640400469303131
-1.0148569345474243 0.9268012642860413 -0.2481447458267212
-0.7102153897285461 0.595314085483551 0.23941974341869354
-0.5346351265907288 1.1182702779769897 2.962871551513672
-1.0456347465515137 0.29512205719947815 3.426982879638672
-0.8887588977813721 0.6689940094947815 1.6908717155456543
1.0912646055221558 1.5500067472457886 -0.12689508497714996
0.0981132909655571 0.6266109347343445 0.7820208072662354
0.2687908411026001 0.7872676849365234 0.14270758628845215
-0.13696090877056122 1.593930721282959 -1.0430986881256104
0.05810646712779999 0.4548313617706299 2.992371082305908
1.023050308227539 1.546804666519165 0.3799813389778137
-0.5308289527893066 0.9127094149589539 2.442375898361206
-0.28745418787002563 0.7430050373077393 -0.13077840209007263
0.3886317014694214 0.6495081782341003 0.6266934871673584
-0.30638831853866577 1.6127345561981201 -0.8407302498817444
-0.16784131526947021 0.7890507578849792 1.7424991130828857
1.041229009628296 1.5288480520248413 0.8841072916984558
-0.8903522491455078 0.641767680644989 1.4330254793167114
-0.7800709009170532 1.014021635055542 2.906968116760254
-0.5476046800613403 1.4528396129608154 -1.194216012954712
0.08915337175130844 1.5807093381881714 2.315798759460449
-0.5605408549308777 0.7304063439369202 1.7686350345611572
0.6208876371383667 0.9737503528594971 0.3795108497142792
-0.9694570302963257 1.6090824604034424 -1.0055439472198486
-1.171933650970459 1.3408008813858032 -1.2052987813949585
-0.5435782074928284 0.6138718724250793 1.3581441640853882
0.06135378032922745 1.0385819673538208 1.710663914680481
0.5518524646759033 1.7018340826034546 1.860016107559204
-0.6875200271606445 1.2241309881210327 2.483220100402832
-0.6261270046234131 1.6022158861160278 -0.9053685665130615
-0.9104294180870056 1.452332615852356 2.1351141929626465
-0.15355178713798523 1.4036145210266113 2.5255331993103027
-0.37969428300857544 0.740448534488678 3.1303822994232178
-0.4362110495567322 0.6395722031593323 -0.006926611997187138
0.03741047531366348 0.8708953261375427 -0.051636312156915665
-0.7529122233390808 1.5540528297424316 -1.3849138021469116
-0.05220847576856613 1.1615983247756958 2.2853729724884033
0.18802998960018158 0.8558719754219055 1.4301886558532715
-0.8237482309341431 1.6083167791366577 -0.6898374557495117
-0.33336398005485535 0.8116247653961182 2.6868114471435547
-1.2875773906707764 1.5964579582214355 -1.165268898010254
0.9854267239570618 1.5500494241714478 0.6497167944908142
0.18106773495674133 1.354852318763733 1.8313312530517578
-0.45472225546836853 1.5771021842956543 -1.1355245113372803
-0.3046319782733917 1.0822081565856934 2.2871344089508057
-0.5745496153831482 1.6351070404052734 -0.498552143573761
-0.74965900182724 1.750291347503662 -0.15981529653072357
0.9210299849510193 1.401172399520874 0.6354867815971375
0.29960086941719055 1.255462408065796 -0.2958512604236603
0.333335816860199 0.7269608974456787 0.8925037384033203
0.1663464605808258 0.6874247789382935 0.4283723831176758
0.21188516914844513 1.2947081327438354 0.000677524134516716
-0.16032634675502777 0.6234196424484253 1.2439725399017334
-1.1906756162643433 1.6255744695663452 -0.8008258938789368
-2.0057570934295654 1.698036789894104 0.4612638056278229
-0.37114059925079346 0.9872410297393799 1.9391127824783325
-0.010165230371057987 0.7770238518714905 1.5276780128479004
-1.4259101152420044 0.8769728541374207 1.215693712234497
-0.14755383133888245 1.1692187786102295 2.6710875034332275
0.9466516971588135 1.5399764776229858 0.18366099894046783
-0.5132579207420349 1.3037596940994263 2.6448423862457275
-1.2290410995483398 1.6295814514160156 1.8625868558883667
-0.2197631597518921 0.761767566204071 0.11351478099822998
-0.438936322927475 1.1637680530548096 2.435002326965332
-1.5686790943145752 1.0059876441955566 0.21968789398670197
0.5981841683387756 1.3166919946670532 0.4213521182537079
-1.3516311645507812 1.6619857549667358 -0.1958598643541336
0.9034866690635681 1.527082920074463 1.0412368774414062
0.6403048038482666 1.2820746898651123 0.9214149713516235
-1.8860360383987427 1.716461181640625 1.2970006465911865
-0.38282158970832825 0.46923109889030457 0.6947171092033386
-1.0986125469207764 0.6406005620956421 1.1302697658538818
-1.615021824836731 1.6889314651489258 1.419998049736023
-0.8729668855667114 1.6319555044174194 -0.42770475149154663
-1.7502926588058472 1.692158579826355 0.8630626797676086
-0.4643688499927521 1.0119856595993042 -0.2975997030735016
-1.696974277496338 1.649376392364502 0.010448576882481575
-1.6096652746200562 1.6193171739578247 -0.27792686223983765
-2.087013006210327 1.6740905046463013 0.8244551420211792
-0.9550995230674744 1.1701749563217163 1.711473822593689
-1.45111083984375 1.6647257804870605 1.7079261541366577
-1.338761329650879 1.6435010433197021 -0.5445980429649353
-0.6571243405342102 1.475101351737976 2.4626529216766357
-1.1324584484100342 1.6248936653137207 2.0714967250823975
-0.07860343903303146 0.6786864995956421 0.9616937637329102
-1.368358850479126 1.373526930809021 1.5626280307769775
-1.6499438285827637 1.6752573251724243 0.2583484649658203
-1.1660358905792236 0.9233487844467163 0.009181663393974304
-1.1045141220092773 1.6376361846923828 -0.3202210068702698
-0.9349836111068726 0.6103842258453369 0.4780392050743103
0.5626048445701599 1.5141512155532837 0.6784884929656982
0.1629890650510788 1.0431913137435913 0.29499244689941406
0.3725217282772064 1.3966606855392456 0.260256826877594
-1.682259202003479 1.0111216306686401 0.5216862559318542
-0.7683971524238586 0.9137636423110962 1.713563323020935
-0.7573713660240173 0.8913124799728394 -0.20090773701667786
-1.176093578338623 1.1819405555725098 -0.16898581385612488
-0.6633495092391968 0.8116779327392578 -0.04117242246866226
-1.3228470087051392 0.7324414849281311 1.005658745765686
-1.153306007385254 0.8791503310203552 1.358756422996521
-0.8932316899299622 1.0995043516159058 -0.04664710536599159
-1.649460792541504 1.2595175504684448 0.6957644820213318
-1.3191109895706177 0.6551777720451355 0.38802841305732727
-1.8372958898544312 1.3439698219299316 0.8700343370437622
-1.3394670486450195 0.6157431602478027 0.6852687001228333
-0.6226620674133301 0.7287471890449524 1.578423261642456
0.7606140375137329 1.6458572149276733 1.0832792520523071
0.3153842091560364 0.8820268511772156 1.1677690744400024
-1.5188847780227661 1.3534263372421265 1.2251251935958862
-1.4528306722640991 1.143654704093933 0.8915516138076782
-1.5018978118896484 1.35066556930542 -0.0006882057059556246
-1.3203835487365723 1.2481060028076172 0.05252327769994736
-1.47759211063385 1.5340681076049805 0.986484169960022
-0.4159162938594818 0.690362811088562 0.2626306712627411
0.398821622133255 1.2657181024551392 0.5731179714202881
-1.4331861734390259 0.854809582233429 0.44352784752845764
-1.5506749153137207 1.3134360313415527 0.2874353528022766
0.1582486927509308 1.6118420362472534 2.063769578933716
-0.16329985857009888 1.0588924884796143 1.8039138317108154
-0.5244899988174438 0.6204521059989929 1.085057258605957
-1.0566356182098389 0.697080671787262 0.702265202999115
-0.3530401885509491 1.448255181312561 2.461888551712036
-0.29045891761779785 1.386709213256836 2.2318978309631348
-1.2099891901016235 1.7012709379196167 -0.03754232078790665
0.6080525517463684 1.6246241331100464 0.22243590652942657
-0.6829890012741089 0.7154571413993835 0.7725257277488708
0.3838951885700226 1.6126950979232788 0.8729557991027832
-0.20923614501953125 0.77054363489151 1.4488774538040161
-1.6005510091781616 1.2810553312301636 -0.29798609018325806
-0.19424346089363098 0.9682739973068237 -0.26955273747444153
-1.130811095237732 0.7314017415046692 0.33563968539237976
0.37331128120422363 1.3482351303100586 0.8633310794830322
0.365386039018631 1.6795153617858887 0.2691306173801422
-0.9657906293869019 0.8306381106376648 0.04851151257753372
0.5965249538421631 1.6424758434295654 0.5043032169342041
-0.07973134517669678 1.3614803552627563 1.9463303089141846
0.053978655487298965 0.893099844455719 1.1836693286895752
0.6848657131195068 1.6306617259979248 0.8305023312568665
0.1298026740550995 0.8696073293685913 0.6982823014259338
-0.05904809385538101 0.7615259885787964 0.5803064703941345
0.2137535810470581 1.0312724113464355 0.5336862802505493
-1.4296358823776245 1.201024055480957 0.518345057964325
0.30496320128440857 1.0315971374511719 0.8878401517868042
0.022410212084650993 1.558056116104126 1.9703450202941895
-1.399114966392517 0.8743954300880432 0.7916372418403625
-1.4785196781158447 1.6562563180923462 1.4686086177825928
-1.5345699787139893 1.638870120048523 0.7129504680633545
0.37447336316108704 1.6145834922790527 1.1269495487213135
0.5456418991088867 1.672576665878296 1.4126229286193848
0.18980298936367035 1.612323522567749 1.5664303302764893
-0.4954604506492615 0.9530174136161804 1.669823408126831
-0.8261523842811584 0.7776128649711609 1.1924943923950195
-0.27965351939201355 0.6994686126708984 0.7707412242889404
0.19788606464862823 1.2815474271774292 1.3779429197311401
0.1301281452178955 1.592008113861084 0.732105553150177
-1.3896453380584717 1.637890100479126 0.5575992465019226
0.2630729377269745 1.3720309734344482 1.6214414834976196
-1.365464687347412 1.6912399530410767 0.13505886495113373
-0.22906087338924408 0.7802897691726685 1.132045865058899
-0.4163738787174225 1.6944280862808228 -0.283925861120224
0.3878868520259857 1.35221529006958 1.148747444152832
0.12663757801055908 1.2323627471923828 1.0349092483520508
-0.020557263866066933 1.125208854675293 1.4244734048843384
-0.9388741850852966 0.8381645679473877 0.27128371596336365
-0.6102430820465088 1.1957988739013672 -0.2084042727947235
0.2947465181350708 1.608751654624939 1.3204729557037354
-0.8302965760231018 1.4102373123168945 0.15472178161144257
-1.561533808708191 1.6339293718338013 1.0502026081085205
-0.6794797778129578 1.3001482486724854 1.9237627983093262
-1.3666870594024658 1.4045286178588867 0.5692013502120972
-0.9793747067451477 1.3384431600570679 -0.10943292826414108
0.39655211567878723 1.7151459455490112 1.7189927101135254
-1.3498324155807495 1.376904845237732 0.8597669005393982
-1.3586546182632446 1.1957165002822876 1.3475533723831177
-1.2448235750198364 1.0505305528640747 0.166512593626976
0.15854956209659576 1.6787437200546265 -0.002132538938894868
0.14639684557914734 1.7045670747756958 0.50469571352005
-0.1921132206916809 0.9718271493911743 1.429197907447815
-0.06870101392269135 1.02421236038208 0.10430894792079926
-1.0699305534362793 1.6607863903045654 0.34324148297309875
0.022509858012199402 1.207167387008667 0.09384285658597946
-1.2497878074645996 1.6369951963424683 0.4287733733654022
-1.2365773916244507 0.8811669945716858 0.7157228589057922
-0.04906382039189339 1.6450012922286987 -0.2810777425765991
0.1872023046016693 1.379927635192871 0.6302102208137512
-1.2472920417785645 1.0441547632217407 0.39206087589263916
-0.8886927962303162 0.8750773072242737 1.3812743425369263
-0.4635591208934784 0.7993314862251282 1.3892176151275635
-0.3397165834903717 1.1062557697296143 -0.12689895927906036
-0.4483497142791748 1.6112771034240723 0.16665855050086975
-0.002992132678627968 0.8804055452346802 0.3051624298095703
-0.3424447774887085 0.7833704948425293 0.4419613182544708
-0.5152537822723389 0.790913462638855 0.9965153336524963
-1.1576822996139526 0.9269038438796997 1.1369898319244385
0.03848876431584358 1.5950782299041748 0.41057708859443665
-0.26376602053642273 1.793373465538025 0.20468708872795105
-0.17447519302368164 0.9680708646774292 0.38433775305747986
-0.9732416868209839 0.8186083436012268 0.9532996416091919
0.04890964552760124 1.7967031002044678 0.21361850202083588
-0.15005937218666077 1.264076590538025 -0.18530955910682678
-0.524896502494812 1.6135672330856323 -0.14733824133872986
-0.7974616289138794 0.8850501775741577 0.9419711828231812
-0.5434628129005432 0.9365099668502808 1.1769428253173828
-0.42807385325431824 1.2625592947006226 1.8002513647079468
-0.7163068652153015 1.746485948562622 0.03367006778717041
-0.6254925727844238 1.0202386379241943 0.08370818197727203
-0.14686323702335358 1.336435079574585 1.6907715797424316
-0.7215532660484314 0.6985628008842468 0.5226050019264221
-1.185091257095337 1.3482182025909424 0.31387150287628174
-0.2981865108013153 1.7215338945388794 -0.09129821509122849
-0.09038309752941132 1.6983630657196045 -0.043641772121191025
-0.13777104020118713 1.0525133609771729 1.0888328552246094
0.011379874311387539 0.8991117477416992 0.9109482169151306
-0.9731003046035767 1.6747276782989502 0.08823758363723755
-0.1460617184638977 1.4330413341522217 0.21783505380153656
-0.33864083886146545 0.8610235452651978 0.7270981669425964
-0.7294636964797974 1.023970365524292 1.4277596473693848
0.04442233219742775 1.2159909009933472 0.6131885051727295
-0.22871752083301544 1.479677677154541 2.0372495651245117
-0.8307044506072998 1.6159180402755737 0.32705405354499817
-0.7122763991355896 0.839007556438446 0.24392107129096985
-0.9248074293136597 1.09869384765625 0.23354488611221313
-0.5768997669219971 0.8395404815673828 0.5144854187965393
0.0796499252319336 1.4424704313278198 0.9968289732933044
-0.31494131684303284 1.0332441329956055 0.05311041325330734
-0.6180551648139954 1.4501036405563354 0.1677347719669342
-0.022376233711838722 1.4039556980133057 1.5203006267547607
-0.0996299535036087 1.522560715675354 0.6086182594299316
-0.16189096868038177 1.3830229043960571 0.4415414035320282
0.024146776646375656 1.3710283041000366 1.2255501747131348
-0.6288110613822937 1.4797097444534302 2.0741219520568848
-0.8022876381874084 0.9884790182113647 0.6044934988021851
-1.1728731393814087 1.300246000289917 1.141666293144226
-0.5201157927513123 1.201499342918396 1.4586793184280396
-0.40166571736335754 1.1249144077301025 1.33489990234375
-0.3807981312274933 1.566638469696045 0.3399236500263214
-1.1554571390151978 1.2742607593536377 1.5423086881637573
-1.060219168663025 1.4527065753936768 1.6936116218566895
-1.3296581506729126 1.2289586067199707 1.090153694152832
-1.0469964742660522 0.9168605208396912 0.5755660533905029
-0.14666619896888733 1.2833240032196045 1.0647640228271484
-0.3529345989227295 1.1782684326171875 1.056339144706726
-0.2784571051597595 1.310068130493164 1.5597782135009766
-1.026998519897461 1.2831981182098389 1.4192498922348022
-1.081946849822998 1.062572956085205 0.9100817441940308
-0.9065502285957336 1.4819728136062622 1.8631839752197266
-0.4702712893486023 1.3991153240203857 1.9127256870269775
-1.0247209072113037 1.216488242149353 0.4716964364051819
-0.48289239406585693 1.0538891553878784 0.4497572183609009
-0.34783491492271423 1.232686996459961 0.5715590715408325
-0.3773250877857208 1.1305339336395264 0.21673643589019775
-0.09036856144666672 1.1752313375473022 0.6910034418106079
-0.6197507381439209 1.2645399570465088 0.24429965019226074
-0.47025227546691895 1.172338843345642 0.8247561454772949
-0.44859060645103455 1.3827660083770752 1.1256169080734253
-0.678499698638916 1.088430404663086 1.0227439403533936
-0.6078972816467285 1.5787608623504639 1.5675466060638428
-0.7957145571708679 1.1743239164352417 1.3155829906463623
-0.5389716029167175 1.3762218952178955 1.2648638486862183
0.35910117626190186 1.345779538154602 -0.25097230076789856
-1.1169408559799194 1.2957981824874878 0.6721540689468384
-0.7151097059249878 1.393742322921753 1.1372179985046387
-0.279163122177124 1.0688822269439697 0.7993534803390503
-0.4785778522491455 1.4589425325393677 1.4596445560455322
-0.6378226280212402 1.217288613319397 0.49146395921707153
-0.7096678614616394 1.269419550895691 1.6610592603683472
-0.7911191582679749 1.8861501216888428 0.9426050782203674
-0.8146081566810608 1.6451785564422607 0.915455162525177
-0.2970331907272339 1.4799749851226807 1.0832778215408325
-0.32469600439071655 1.501028060913086 1.4173663854599
-0.49844229221343994 1.449874997138977 0.9290052652359009
-0.9819026589393616 1.1845799684524536 0.9491637945175171
-0.8919325470924377 1.5593153238296509 1.091627836227417
-0.6857593655586243 1.4513216018676758 0.961054801940918
-0.7632622718811035 1.135500192642212 0.7367212176322937
-0.8048478364944458 1.60902738571167 1.4772132635116577
-0.8662805557250977 1.5050270557403564 1.281430959701538
-0.20861957967281342 1.5949208736419678 1.3619006872177124
0.08622484654188156 2.8633837699890137 -0.33091112971305847
-0.31866520643234253 1.5953879356384277 0.8941386342048645
-0.45472466945648193 1.7306780815124512 1.5782209634780884
-0.5942752361297607 1.670682668685913 0.8079010248184204
-0.17590825259685516 1.7797093391418457 1.360539436340332
-0.9228758215904236 2.2838644981384277 0.30177339911460876
-0.9214501976966858 2.2105939388275146 0.17197473347187042
-0.6891359090805054 1.4262914657592773 1.3775027990341187
-0.7265150547027588 2.0612123012542725 1.1434324979782104
-0.30923840403556824 1.7490406036376953 0.8371660709381104
-0.17615945637226105 1.637938380241394 1.1208680868148804
-0.8229416608810425 2.5546352863311768 0.2982577979564667
-0.23487915098667145 1.9458016157150269 1.3420251607894897
-0.8181845545768738 1.9350802898406982 1.293890118598938
-0.9065842032432556 2.3140687942504883 -0.12705309689044952
-0.432919442653656 2.0118532180786133 1.0186479091644287
-0.3795273005962372 1.9131587743759155 0.7983908653259277
-0.934266984462738 1.741668462753296 1.3011399507522583
-1.1361271142959595 2.561875581741333 -0.10561630129814148
-1.0198644399642944 2.2111222743988037 0.018017305061221123
-1.146535873413086 2.3277554512023926 -0.06850804388523102
-0.3338983654975891 2.1228389739990234 1.0290182828903198
-0.545661211013794 1.9184447526931763 1.4866517782211304
0.1421089470386505 2.704707145690918 -0.31943535804748535
-1.1007248163223267 2.6887152194976807 0.15050528943538666
-1.231037974357605 2.410187005996704 0.1951431930065155
-1.1297215223312378 2.2492191791534424 0.1453673243522644
0.12376775592565536 2.7976903915405273 -0.4052746891975403
0.23565854132175446 2.7750728130340576 -0.32695847749710083
0.10962174087762833 2.734205484390259 -0.3817594647407532
-0.09263912588357925 3.585047483444214 0.8667014241218567
-0.3183983564376831 2.236630916595459 1.1218317747116089
-0.42335185408592224 2.218465805053711 1.1472525596618652
-0.5494287014007568 3.824624538421631 0.6919710040092468
0.03521071374416351 3.9225876331329346 1.100071907043457
-0.8314589858055115 2.5282769203186035 -0.11919554322957993
0.03656132146716118 3.5742740631103516 0.8525705337524414
-0.3239300549030304 3.577587366104126 0.7178390026092529
-1.0713660717010498 2.4118881225585938 0.3563365042209625
-0.19339469075202942 3.536764144897461 0.7883508801460266
-0.741008460521698 2.3295464515686035 0.1545560508966446
-0.020054709166288376 3.5641894340515137 0.6193076968193054
-0.4424428641796112 3.6982765197753906 0.9121988415718079
-0.20510797202587128 4.196262836456299 1.047735333442688
-0.4653039872646332 4.021143436431885 0.509059488773346
-0.8220670819282532 2.2441353797912598 0.021278511732816696
-0.23199038207530975 3.6311123371124268 0.9920695424079895
0.16837982833385468 3.662994623184204 0.7051688432693481
-0.08750659972429276 3.837280511856079 0.37580955028533936
-0.3987728953361511 3.688880681991577 0.5407379269599915
0.0033160336315631866 3.6999905109405518 1.0606938600540161
0.20787416398525238 3.832953453063965 0.9119899868965149
-0.44028279185295105 3.92159104347229 1.0164753198623657
-0.5741464495658875 4.234505653381348 0.9443839192390442
-0.17509762942790985 3.6278676986694336 0.5045938491821289
0.22764892876148224 3.9081878662109375 0.6578254699707031
0.09353404492139816 3.8029491901397705 0.4707929790019989
0.08141829818487167 4.133803367614746 0.901281476020813
-0.3515997529029846 4.6775031089782715 0.24231211841106415
-0.2615608274936676 4.84375 0.7534344792366028
-0.3590634763240814 3.8362514972686768 0.39190173149108887
-0.5519581437110901 4.012063503265381 0.8831974267959595
-0.20289763808250427 4.467833042144775 0.2951980233192444
-0.2701382637023926 4.104949474334717 0.3427509367465973
-0.6325110793113708 4.1938934326171875 0.7137887477874756
-0.060728803277015686 4.68574857711792 0.5359760522842407
-0.2814808487892151 5.800335884094238 0.26132306456565857
-0.05943010747432709 4.321288108825684 0.39521533250808716
-0.20277264714241028 3.941114902496338 1.1236602067947388
-0.42993563413619995 4.2802414894104 0.3270021677017212
-0.20928344130516052 5.286869049072266 0.27728450298309326
-0.1326882690191269 4.376303672790527 0.9412548542022705
0.09668119996786118 4.162235260009766 0.6418476104736328
-0.012201381847262383 4.110413551330566 0.420879065990448
-0.39879003167152405 4.329374313354492 1.0411661863327026
-0.602310299873352 4.627638339996338 0.5189486742019653
-0.6024340391159058 4.7620978355407715 0.4902392625808716
-0.3756817877292633 4.621374607086182 0.8505036234855652
-0.5704264044761658 4.449835300445557 0.3891265392303467
-0.12363006919622421 4.682185649871826 0.7096879482269287
-0.22257056832313538 4.91810941696167 0.23883983492851257
-0.31560957431793213 5.37082576751709 0.29328790307044983
-0.17455027997493744 6.177114486694336 0.33599138259887695
-0.03561963140964508 4.406068325042725 0.7702659368515015
-0.6158148646354675 4.466276168823242 0.8097590208053589
-0.09524410963058472 4.691441059112549 0.3522709310054779
-0.4567810297012329 5.78592586517334 0.29235246777534485
-0.5682907700538635 4.2524003982543945 0.5621826648712158
-0.2765442132949829 5.9684529304504395 0.39122048020362854
0.04948142170906067 6.054862976074219 0.9249717593193054
-0.17212028801441193 5.163265705108643 0.5069966316223145
-0.40765634179115295 6.252063751220703 0.47607555985450745
-0.5147929787635803 5.937209606170654 0.09824369102716446
0.06137077137827873 5.996131896972656 0.9596474170684814
-0.24219325184822083 5.970149040222168 0.126841738820076
-0.1132350042462349 5.06315279006958 0.37092483043670654
-0.7035732269287109 6.103016376495361 0.13428537547588348
0.09006774425506592 6.053752422332764 0.9246196746826172
-0.354966402053833 5.640262126922607 0.3464060425758362
-0.36217227578163147 5.217136383056641 0.5184252262115479
-0.33595696091651917 6.35374641418457 -0.1384846717119217
-0.19737282395362854 6.2725419998168945 -0.022268587723374367
-0.3949187994003296 5.0046916007995605 0.6564995646476746
-0.12343192100524902 6.3052849769592285 0.18149560689926147
-0.45357972383499146 4.875906467437744 0.2761204242706299
-0.4109435975551605 6.03298282623291 -0.022062338888645172
-0.6042395234107971 6.022946834564209 0.3158504068851471
-0.492464542388916 6.371520519256592 -0.17654290795326233
-0.4120512306690216 6.45262336730957 0.48837390542030334
-0.732357382774353 7.5431342124938965 1.0268453359603882
-0.6194211840629578 6.187007427215576 -0.07894866168498993
-0.30707237124443054 6.6066203117370605 -0.01438834611326456
-0.7374619841575623 6.238724708557129 0.2861534655094147
-0.7426528334617615 7.501628398895264 0.9626141786575317
-0.6938220858573914 6.4364519119262695 -0.04530864581465721
-0.33323270082473755 7.761474609375 0.78550124168396
-0.433114618062973 6.7458624839782715 0.28156259655952454
-0.6339442729949951 6.419708728790283 0.4066261947154999
-0.2053401917219162 6.54248046875 0.26341113448143005
0.24582864344120026 7.891171932220459 1.0274449586868286
0.28288501501083374 7.624484539031982 0.7626503705978394
-0.519195556640625 6.730391979217529 0.021238211542367935
-0.3163396418094635 6.7620649337768555 0.19733139872550964
0.04861554503440857 7.435753345489502 0.7380637526512146
-0.2620559334754944 7.600150108337402 0.9312000274658203
-0.8261188864707947 7.667926788330078 1.0097233057022095
-0.22582785785198212 7.639407157897949 0.7287076115608215
0.025423681363463402 7.4238972663879395 0.8708527684211731
-0.27199578285217285 7.757588863372803 -0.3309457004070282
-0.3481484055519104 7.784576892852783 1.0155069828033447
0.21039149165153503 7.662418365478516 1.0900472402572632
0.08466120064258575 7.657150745391846 1.1630598306655884
-0.7491786479949951 6.467900276184082 0.2197459638118744
0.02111932635307312 7.435443878173828 0.9949460625648499
0.12874877452850342 8.277053833007812 -0.03939150646328926
-0.06716776639223099 7.6429829597473145 1.1252708435058594
-0.029112529009580612 7.8549652099609375 1.172338843345642
-0.8147560954093933 7.487942218780518 0.977932333946228
-0.6038220524787903 8.940022468566895 0.13201385736465454
0.014664441347122192 8.417922973632812 -0.19768795371055603
-0.792819619178772 8.655166625976562 0.37516772747039795
0.019447090104222298 8.219101905822754 -0.09727347642183304
-0.2325030416250229 7.917201042175293 0.7685805559158325
-0.7756333947181702 8.657669067382812 0.42933109402656555
-0.697069525718689 7.519453048706055 0.8502657413482666
-0.06490407139062881 7.540097236633301 0.6480512022972107
0.12555213272571564 7.4372663497924805 0.7439637184143066
-0.8057373762130737 8.753266334533691 -0.04980700463056564
0.06109069287776947 8.262593269348145 -0.04367769882082939
-0.5963906049728394 8.841588973999023 -0.07015205174684525
-0.6580210328102112 8.822391510009766 -0.00824893917888403
0.15660937130451202 8.322108268737793 -0.1494312584400177
-0.9765145778656006 8.52845287322998 0.28345245122909546
0.20861780643463135 7.863426208496094 0.7587452530860901
-0.912260890007019 8.482345581054688 0.26591956615448
-0.6038707494735718 9.030607223510742 -0.20046381652355194
-0.9877380728721619 8.803825378417969 0.03687222674489021
0.3066129982471466 9.264097213745117 0.9477838277816772
-1.0447262525558472 9.04730224609375 -0.06300035864114761
-0.8827252388000488 8.826982498168945 -0.15397168695926666
-0.5950604677200317 9.213753700256348 -0.22945240139961243
0.3574707508087158 9.096945762634277 0.9815085530281067
-0.9886943697929382 8.666659355163574 0.3747733533382416
-0.11442835628986359 9.577432632446289 0.20240932703018188
0.27867162227630615 9.142635345458984 1.0584099292755127
0.056691013276576996 8.235034942626953 -0.0019123423844575882
0.40442004799842834 9.120434761047363 1.017301082611084
-0.8960070013999939 8.76722526550293 0.19460530579090118
0.14848269522190094 9.181795120239258 1.0922120809555054
-0.9316244721412659 9.626968383789062 1.2415977716445923
-0.911049485206604 9.641733169555664 1.4760149717330933
-0.36553502082824707 9.544001579284668 0.39476892352104187
-0.9129936695098877 9.897804260253906 1.1858290433883667
-0.40446826815605164 9.38361930847168 0.23382364213466644
-0.4282364547252655 9.416159629821777 0.2033868134021759
-0.417778342962265 9.349089622497559 0.08204749971628189
-0.9711824059486389 9.157477378845215 0.026923418045043945
-0.8409818410873413 9.214655876159668 -0.2516866624355316
-0.9000488519668579 9.621994972229004 1.4007446765899658
-0.9992915391921997 9.683242797851562 1.216017723083496
0.2261265069246292 9.222018241882324 0.9084257483482361
-0.6976009607315063 9.286260604858398 0.1534278690814972
-0.8534900546073914 9.374481201171875 0.04751861095428467
-0.5277009010314941 9.56634521484375 -0.055719781666994095
0.008834350854158401 9.208629608154297 0.6485358476638794
-0.6604748368263245 9.719070434570312 0.17495226860046387
-0.8219808340072632 9.863834381103516 1.5722308158874512
-1.002485752105713 9.896169662475586 1.5541595220565796
-0.30423790216445923 9.705085754394531 0.2784760296344757
-0.20941567420959473 10.19846248626709 0.01124398410320282
-0.6686893105506897 9.645393371582031 -0.10877826064825058
-0.4315691292285919 9.950868606567383 -0.17171303927898407
-0.7426138520240784 9.7608003616333 1.3392187356948853
-0.34330087900161743 10.225096702575684 0.023136872798204422
-0.23978304862976074 10.182661056518555 -0.31229928135871887
-0.693236768245697 10.204129219055176 0.07158028334379196
-0.7156973481178284 9.823447227478027 0.05024075135588646
-0.5980981588363647 9.990766525268555 0.108954519033432
-0.07301198691129684 10.15168285369873 -0.20657452940940857
-0.48296239972114563 10.062456130981445 -0.21071681380271912
0.18130271136760712 10.257607460021973 1.1429606676101685
-0.5199136137962341 10.303007125854492 -0.2045566737651825
-0.07196258008480072 10.325675964355469 -0.03272322937846184
-0.7896225452423096 10.011895179748535 1.3681453466415405
0.15977126359939575 10.558833122253418 0.9762347936630249
-0.7974678874015808 10.171998023986816 0.06629376858472824
-0.23037391901016235 10.389039039611816 -0.3194763660430908
-1.2961441278457642 10.659207344055176 0.6934894919395447
-0.7312939763069153 10.039034843444824 1.449262261390686
0.2873236835002899 10.644115447998047 0.7829080820083618
0.28520429134368896 10.553400993347168 0.8514294028282166
-0.08320530503988266 10.424976348876953 -0.1346757411956787
-0.960648775100708 10.259432792663574 0.008511610329151154
0.4009193778038025 10.546889305114746 1.0228350162506104
0.23105040192604065 10.626871109008789 0.010957328602671623
0.19122475385665894 10.718131065368652 1.1116023063659668
0.33942410349845886 10.727505683898926 0.9506542682647705
0.3974866271018982 10.722257614135742 0.8122986555099487
-1.1028727293014526 10.823691368103027 0.3146091401576996
-0.40677565336227417 10.904643058776855 1.1437829732894897
-1.0614268779754639 10.744973182678223 0.3314773142337799
0.3023156225681305 10.805947303771973 1.0979745388031006
-0.3162412643432617 10.551456451416016 -0.19901151955127716
-0.8793562054634094 10.874995231628418 0.19975025951862335
-0.005203006789088249 10.812591552734375 1.0940965414047241
-0.3360098898410797 11.01149845123291 1.0930660963058472
0.22934067249298096 10.866216659545898 0.07402773946523666
-0.008266640827059746 10.971282005310059 1.2115349769592285
0.3173435628414154 11.059393882751465 0.11153191328048706
-0.5678761601448059 11.159788131713867 0.4215291142463684
-1.3213930130004883 11.036812782287598 0.7671445608139038
-1.2416177988052368 11.17983341217041 0.901307225227356
-0.5233972668647766 11.051976203918457 -0.2929004430770874
0.2827523946762085 11.054287910461426 -0.11830280721187592
-0.21418577432632446 11.173515319824219 -0.3917270004749298
-1.2578389644622803 11.16401195526123 0.4461931586265564
-0.45295801758766174 11.17412281036377 0.05561462789773941
-0.39894264936447144 11.171921730041504 0.8975106477737427
0.5590298175811768 11.276588439941406 0.4208187162876129
-0.4462549090385437 11.302791595458984 -0.0687309131026268
-0.6997010111808777 11.278703689575195 -0.35370734333992004
-0.37290406227111816 11.311105728149414 0.5582399368286133
-0.32536131143569946 11.298543930053711 0.9967604875564575
-1.377755880355835 11.318730354309082 1.2796008586883545
-0.9383183717727661 11.402485847473145 -0.21954554319381714
-0.6821938753128052 11.361422538757324 -0.4603099822998047
-0.9895302653312683 11.417593955993652 0.7590296268463135
-1.3374650478363037 11.414826393127441 0.8917766809463501
0.2426748275756836 11.477936744689941 -0.10435275733470917
-0.7787366509437561 11.453963279724121 0.4244915843009949
-1.2277289628982544 11.497928619384766 1.3702671527862549
-1.1286635398864746 11.518481254577637 0.0956786647439003
-0.9377246499061584 11.530394554138184 -0.3260030448436737
0.07184559106826782 11.535164833068848 0.32919248938560486
-0.5741828680038452 11.515157699584961 1.212279200553894
-1.2679929733276367 11.546469688415527 -0.006055774632841349
-0.2693319320678711 11.553979873657227 0.08993025869131088
-0.2423381209373474 11.570381164550781 0.7711712121963501
0.3731974959373474 11.573500633239746 0.26186907291412354
