261
-0.9386932253837585 2.821929454803467 0.7389531135559082
-1.0255217552185059 2.701972723007202 0.2585754692554474
-0.8785810470581055 2.5107734203338623 0.5972043871879578
-0.10197184234857559 2.777343511581421 0.4392050504684448
-0.9258857369422913 2.5031893253326416 0.33609482645988464
-0.43445104360580444 2.448408365249634 0.14395557343959808
-0.3230285942554474 2.4686009883880615 0.502741813659668
-0.8448764085769653 2.667170763015747 0.7973710894584656
-0.6105096340179443 2.4863412380218506 0.045466985553503036
-0.6376042366027832 2.6326534748077393 -0.07162793725728989
-0.16451378166675568 2.6083528995513916 0.4452320337295532
-0.7789219617843628 2.4464495182037354 0.18055643141269684
-1.044524073600769 2.6870622634887695 0.5019534826278687
-0.880488395690918 2.6258139610290527 0.0776260569691658
-0.6127533316612244 2.3915891647338867 0.5134421586990356
-0.5427379608154297 2.3631820678710938 0.3240797817707062
-0.7540360689163208 2.3940577507019043 0.39687269926071167
-0.31998249888420105 2.4405181407928467 0.2943165600299835
-0.37871432304382324 2.7504587173461914 -0.08242949843406677
-0.6956404447555542 3.3969333171844482 0.5291563868522644
-0.3849610984325409 3.584306240081787 0.6152302622795105
-0.3148330748081207 2.5858969688415527 0.04518693685531616
-0.0787167176604271 2.978949546813965 0.3206716775894165
-1.0399619340896606 2.9360060691833496 0.27892324328422546
-0.5088506937026978 3.0099477767944336 0.382495254278183
-0.16971760988235474 2.712064504623413 0.14637969434261322
-0.6722027063369751 2.4379353523254395 0.6520869731903076
-0.8134950995445251 2.7917416095733643 -0.04516124725341797
-0.2012830227613449 2.931777238845825 0.03122691623866558
-0.4606614112854004 2.896362781524658 0.8744493722915649
-0.5350404381752014 2.8976213932037354 -0.12653692066669464
-0.26782047748565674 3.0920252799987793 0.6898338794708252
-0.16254357993602753 3.24039888381958 0.5227333307266235
-0.3737383484840393 3.136779546737671 0.8369804620742798
-0.633773684501648 2.578951120376587 0.8293110728263855
-0.5795458555221558 2.7777116298675537 0.895111620426178
-0.17686954140663147 3.195176601409912 0.26203569769859314
-0.911148190498352 3.0319888591766357 0.0913936048746109
-0.36804789304733276 3.1138503551483154 -0.02958250232040882
-0.723751962184906 3.082468271255493 -0.04887624830007553
-0.8066264390945435 3.2252840995788574 0.3365689218044281
-0.4712959825992584 2.503126621246338 0.742556095123291
-0.22897382080554962 2.8615810871124268 0.6674169301986694
-0.49733981490135193 4.546189308166504 -0.17476452887058258
-0.1982303261756897 3.4394073486328125 0.48351266980171204
-0.6721904873847961 3.2875864505767822 0.13127349317073822
-0.3560194671154022 3.324181079864502 0.09443075209856033
-0.6518093347549438 3.1770925521850586 0.7297366261482239
-0.973442792892456 2.984468460083008 0.5473926067352295
-0.3077389895915985 2.556020736694336 0.6679403185844421
-0.2978803813457489 3.5598320960998535 0.2900599241256714
-0.6200888156890869 4.380029201507568 0.04062383621931076
-0.6024500727653503 4.36325740814209 0.2523312270641327
-0.4331304430961609 4.113800525665283 0.23242394626140594
-0.5282905101776123 3.521230697631836 0.16181592643260956
-0.8769624829292297 3.112826108932495 0.6523034572601318
-0.3678653836250305 4.479558944702148 -0.08230365067720413
-0.42617109417915344 3.3820602893829346 0.7470199465751648
-0.65321946144104 3.607048273086548 0.43035516142845154
-0.466252863407135 3.9601049423217773 0.28761035203933716
-0.7219297885894775 4.719766616821289 -0.1992451548576355
-0.7797712087631226 4.468520641326904 0.14052797853946686
-0.43365007638931274 4.328466415405273 0.06639484316110611
-0.3353378176689148 4.845539093017578 -0.024441903457045555
-0.49606266617774963 4.871799945831299 -0.18891076743602753
-0.7028121948242188 4.534119606018066 -0.11759496480226517
-0.6670762896537781 4.572653770446777 0.37558305263519287
-0.8687161803245544 4.620423316955566 0.08446534723043442
0.39482101798057556 5.626287937164307 1.194950819015503
-1.256434440612793 4.600610256195068 0.8545089364051819
-0.7127416133880615 4.809684753417969 0.36588937044143677
-0.36235126852989197 4.412686824798584 0.2684990167617798
-0.8612598776817322 5.91880464553833 0.5228529572486877
-0.9046705961227417 4.787553787231445 0.1091550812125206
-0.7553174495697021 5.141656875610352 -0.0428670197725296
-0.48344725370407104 4.792020797729492 0.37316569685935974
0.2701193690299988 5.623172760009766 1.0542234182357788
-1.2221735715866089 4.574464797973633 0.8437702059745789
0.2947900891304016 5.56440544128418 1.1338027715682983
0.4533243179321289 5.7577972412109375 1.2831761837005615
-0.7772960066795349 4.940402984619141 -0.16123265027999878
-0.838162899017334 5.403972148895264 0.23945964872837067
0.18374671041965485 5.657227039337158 1.3332693576812744
-0.33027926087379456 4.599941253662109 0.32800137996673584
-0.8585606813430786 5.593390941619873 0.2877713143825531
-0.8475990295410156 4.961962699890137 0.22556257247924805
-0.8291507363319397 5.751109600067139 0.429273396730423
-0.46956825256347656 5.021424770355225 0.15840722620487213
0.13524626195430756 5.695202350616455 1.077985167503357
-1.0037344694137573 5.872902870178223 0.3462885916233063
-0.9025266766548157 6.455033779144287 0.1919407695531845
-0.8076586723327637 5.18488883972168 0.16559962928295135
0.2663036286830902 5.564486503601074 1.2147324085235596
-0.24819886684417725 4.568615913391113 0.08119892328977585
-0.6047946214675903 6.607170581817627 0.6915440559387207
-0.6581960320472717 6.501440525054932 0.4055367112159729
-0.8668379187583923 5.859558582305908 0.1728629618883133
-0.5729807615280151 6.726014614105225 0.34940287470817566
-1.065117359161377 6.133749961853027 0.3539760112762451
-0.7678031325340271 5.731496810913086 0.3388638198375702
-0.7029829025268555 6.104150772094727 0.386983186006546
-0.5177984237670898 6.732377052307129 0.804667055606842
-0.8372500538825989 6.543219089508057 0.69247967004776
-0.8611440658569336 6.068758010864258 0.17859190702438354
-0.6701083779335022 6.760273456573486 0.8883731365203857
-0.4785158038139343 6.726512432098389 0.5655215978622437
-0.979755699634552 6.8924174308776855 0.7868860363960266
-0.8698896765708923 6.2424774169921875 0.569686770439148
-0.20542949438095093 8.167091369628906 0.09061329811811447
-0.9766438603401184 6.356642723083496 0.5340319275856018
-0.813896894454956 6.859059810638428 0.9686126708984375
0.3930337131023407 5.841905117034912 1.0878608226776123
-0.9840115904808044 6.333616256713867 0.23544743657112122
-0.9625155925750732 7.150486469268799 0.8130227327346802
-0.0134615208953619 7.9265522956848145 -0.026753192767500877
-0.4966762959957123 6.9251322746276855 0.9752151966094971
-0.3473808169364929 6.969728946685791 0.8016061186790466
-1.0470527410507202 6.625125885009766 0.5067648887634277
-0.3978957235813141 6.932415008544922 0.5140253305435181
-1.0198276042938232 7.003880977630615 0.4346485435962677
0.008768172934651375 7.952141761779785 0.15462937951087952
-0.7371568083763123 7.408545017242432 0.560390293598175
-0.7362133264541626 7.042812824249268 1.0346789360046387
-1.0406663417816162 6.6304216384887695 0.2821619212627411
-0.8045292496681213 6.786128997802734 0.24973230063915253
-1.0210976600646973 6.788863182067871 0.6661590933799744
-0.029408523812890053 7.960173606872559 0.20417584478855133
-0.3376506567001343 7.149965763092041 0.6136837005615234
-0.5886572003364563 7.501770973205566 0.6434603929519653
-0.49866804480552673 7.103206157684326 0.3880467712879181
-0.652080237865448 7.160186767578125 0.3030063211917877
-0.9139084219932556 7.225364685058594 0.4564967751502991
-0.5485917329788208 7.212850570678711 0.9913272857666016
-0.5736306309700012 8.396888732910156 0.04064246267080307
-0.8399098515510559 7.000244140625 0.27315813302993774
0.1493728905916214 7.988920211791992 -0.01978456974029541
-0.38482195138931274 7.273430347442627 0.7540976405143738
0.0018190182745456696 7.860321521759033 0.05537248030304909
-0.7561630010604858 7.348052978515625 0.821773111820221
-0.6691471934318542 8.424447059631348 0.09395761787891388
-0.28997108340263367 9.063197135925293 0.8222212195396423
0.1590379923582077 8.123433113098145 -0.2253703624010086
0.1322382390499115 8.163470268249512 0.278083473443985
-0.07394135743379593 8.421643257141113 0.06314970552921295
0.27067509293556213 8.038601875305176 -0.022510899230837822
-0.45328620076179504 7.279489040374756 0.3906915485858917
0.36744481325149536 8.239508628845215 0.016795899718999863
-0.1333625167608261 7.960930824279785 0.36812180280685425
0.08906161785125732 8.2717924118042 -0.2935605049133301
-0.015780890360474586 8.976584434509277 1.1211251020431519
-0.14496318995952606 8.258803367614746 -0.1463581919670105
0.26549988985061646 8.37672233581543 -0.24406126141548157
0.3082192838191986 8.483838081359863 -0.09871216118335724
-0.7747415900230408 8.295177459716797 0.1361076384782791
0.02197040058672428 9.024913787841797 0.8321541547775269
-0.8260727524757385 8.210914611816406 0.11650864779949188
0.03559726104140282 8.901302337646484 0.9385322332382202
-0.8835069537162781 8.218810081481934 0.039795055985450745
-0.5836887359619141 8.19477367401123 0.004871823824942112
-0.4867449402809143 9.273946762084961 0.41028597950935364
-0.5210922956466675 9.283902168273926 0.2970331311225891
-0.9211524724960327 8.186320304870605 0.07639068365097046
-0.06846661865711212 8.919817924499512 1.0744317770004272
-0.9522591233253479 9.5003080368042 1.2485543489456177
-0.7592639327049255 9.236443519592285 0.3846845030784607
0.06791204959154129 8.579930305480957 -0.11966967582702637
0.02478611096739769 9.278679847717285 0.7989838719367981
-0.29169967770576477 9.097833633422852 1.0561779737472534
-0.1080072820186615 9.061189651489258 1.189935564994812
0.21198901534080505 8.88558578491211 -0.03565336391329765
-0.24098852276802063 9.049845695495605 0.6937463283538818
0.1868128776550293 8.583541870117188 -0.0021417560055851936
-0.5770767331123352 9.182733535766602 0.47605079412460327
-0.7725187540054321 9.300408363342285 0.5926251411437988
-0.2233353555202484 9.2909517288208 0.899286150932312
-0.27455270290374756 9.673808097839355 0.20268097519874573
-0.1097484901547432 9.293466567993164 0.6386687159538269
0.30130472779273987 9.472054481506348 0.4035535156726837
0.19982466101646423 9.492313385009766 0.0852685421705246
0.18631434440612793 9.447673797607422 0.2942487597465515
-0.7032678127288818 9.269513130187988 0.4667406380176544
-0.9118866920471191 10.081233024597168 0.339458167552948
0.2957165241241455 9.527139663696289 0.024945968762040138
-1.05756413936615 9.371859550476074 1.171665906906128
0.4032266438007355 9.781526565551758 0.24860553443431854
0.2638072371482849 10.045817375183105 0.28542134165763855
-0.06384317576885223 9.829239845275879 0.040636759251356125
-0.9895237684249878 9.87069034576416 0.3440149128437042
0.015501288697123528 9.541762351989746 0.1283433735370636
0.00399036705493927 9.737617492675781 0.4290502965450287
0.14889812469482422 9.720820426940918 0.5085869431495667
0.27817559242248535 9.824085235595703 -0.11965371668338776
0.4492344558238983 9.742157936096191 0.094008669257164
0.16061586141586304 9.335973739624023 0.42906397581100464
0.11754386126995087 9.653937339782715 -0.020673658698797226
-0.8951122164726257 9.474296569824219 0.3410046696662903
-1.0088871717453003 10.259780883789062 0.07486235350370407
-1.124321699142456 10.032830238342285 0.15998531877994537
-0.9911040663719177 10.146492958068848 0.2986079156398773
-0.7766430377960205 10.486663818359375 1.1733007431030273
-1.1545838117599487 10.358803749084473 0.28018447756767273
0.1078217625617981 10.034563064575195 0.16773515939712524
-1.2605979442596436 10.374810218811035 0.08618518710136414
-1.1219409704208374 10.148270606994629 0.06938257068395615
-0.7823456525802612 10.506126403808594 1.1488499641418457
0.08963113278150558 10.05908203125 0.0062375180423259735
-0.8054133057594299 10.6254301071167 1.3140287399291992
-0.5181773900985718 10.602615356445312 1.3727139234542847
-0.9956113696098328 10.337912559509277 0.34867942333221436
-0.5338597297668457 10.571228981018066 1.2571808099746704
-0.49575260281562805 10.645092010498047 1.163375735282898
-1.0723021030426025 10.549558639526367 0.9589934945106506
-0.9574663043022156 10.622453689575195 0.09268322587013245
0.18686902523040771 10.103708267211914 0.022243252024054527
-0.7110545635223389 10.549039840698242 1.2846523523330688
-1.075138807296753 10.477455139160156 -0.02865651436150074
-1.071144461631775 10.634475708007812 -0.009187409654259682
0.22427430748939514 10.748626708984375 0.46231886744499207
0.27858102321624756 10.952091217041016 0.9251620173454285
0.11727280914783478 10.904417037963867 1.081385850906372
-0.30475497245788574 10.90768814086914 0.045511290431022644
-0.12490273267030716 10.76841926574707 1.175028920173645
-0.9072264432907104 10.752482414245605 1.1088781356811523
-1.1465519666671753 10.846212387084961 0.5500714182853699
0.1484762728214264 10.88343334197998 1.165152907371521
-0.17181819677352905 10.945310592651367 -0.052026472985744476
-1.0671443939208984 10.861178398132324 0.22788342833518982
-1.1404228210449219 10.883139610290527 0.08265698701143265
-0.2603875994682312 11.07653522491455 -0.005029698833823204
0.28972578048706055 10.979696273803711 0.6257538795471191
-1.1292593479156494 10.944369316101074 0.6297758221626282
-1.0498106479644775 10.927789688110352 -0.03342609107494354
-0.49471208453178406 10.830278396606445 1.2266677618026733
-0.1839579939842224 11.038472175598145 0.08776403218507767
-1.1544305086135864 11.154319763183594 -0.24770039319992065
0.1831582933664322 11.133756637573242 0.26710715889930725
-0.9013698101043701 11.107795715332031 1.2114089727401733
-1.3081398010253906 11.12948989868164 0.6673170328140259
-0.6908450722694397 11.141427993774414 0.15898309648036957
0.31019243597984314 11.292330741882324 0.34321126341819763
-0.49181702733039856 11.275994300842285 0.0077367667108774185
0.40224555134773254 11.29831314086914 -0.002824537456035614
0.43260473012924194 11.30991268157959 0.032407477498054504
0.34783288836479187 11.321768760681152 0.7412397265434265
0.1428050696849823 11.28074836730957 0.9314387440681458
0.2482881247997284 11.385860443115234 1.0108468532562256
-1.11883544921875 11.398710250854492 1.1076157093048096
0.05480324476957321 11.443658828735352 -0.22223186492919922
0.37480273842811584 11.375589370727539 1.1343902349472046
-0.38353604078292847 11.40225887298584 -0.33678409457206726
0.09486217051744461 11.47440242767334 -0.28662464022636414
-0.5286186933517456 11.456670761108398 1.2137172222137451
-0.7424318194389343 11.46630573272705 0.5357435941696167
-0.8290562629699707 11.51630687713623 1.26636803150177
0.030532406643033028 11.517325401306152 0.023296864703297615
0.1984889656305313 11.515501022338867 -0.0438288152217865
-1.1217906475067139 11.538074493408203 1.234268307685852
-0.810945451259613 11.53729248046875 0.5610224008560181
0.3917584717273712 11.570012092590332 -0.31145530939102173
-1.3955827951431274 11.571866035461426 -0.3611795902252197
-0.5060572624206543 11.579535484313965 -0.018928730860352516
