281
-0.9535508155822754 1.8184983730316162 0.7380810976028442
-1.058297872543335 1.70304536819458 0.24467185139656067
-0.9080267548561096 1.5149294137954712 0.5828961133956909
-0.10930052399635315 1.756767749786377 0.4446554481983185
-0.9565995931625366 1.504310131072998 0.3291641175746918
-0.4617386758327484 1.4389851093292236 0.13500015437602997
-0.3455080986022949 1.4412727355957031 0.4950299859046936
-0.8637921214103699 1.658922791481018 0.7763961553573608
-0.641202986240387 1.4878157377243042 0.041999902576208115
-0.6588574647903442 1.6329302787780762 -0.07997047156095505
-0.1823786199092865 1.5812474489212036 0.4392971694469452
-0.8018459677696228 1.4473328590393066 0.171238973736763
-1.0521743297576904 1.681356430053711 0.4877101480960846
-0.9224005341529846 1.6234666109085083 0.061742909252643585
-0.6255622506141663 1.3534742593765259 0.5069025158882141
-0.5746355056762695 1.3758372068405151 0.3116264045238495
-0.7964958548545837 1.376358985900879 0.3839452564716339
-0.34927380084991455 1.4504272937774658 0.2893591523170471
-0.38992923498153687 1.7445461750030518 -0.07521586120128632
-0.6938334703445435 2.3702645301818848 0.5385025143623352
-0.3784707486629486 2.5619828701019287 0.6152817010879517
-0.3357389569282532 1.5762897729873657 0.050093669444322586
-0.08913347870111465 1.9512152671813965 0.3201930522918701
-1.0641671419143677 1.9303569793701172 0.2758129835128784
-0.5445559620857239 2.00004506111145 0.3795488178730011
-0.1796598732471466 1.6907789707183838 0.15693344175815582
-0.7071098685264587 1.4362213611602783 0.6393026113510132
-0.8449954390525818 1.7989470958709717 -0.05844925716519356
-0.200906440615654 1.9084721803665161 0.040007997304201126
-0.4639429748058319 1.8656190633773804 0.8663551211357117
-0.5510196089744568 1.8981492519378662 -0.13319145143032074
-0.24616393446922302 2.0523321628570557 0.6789696216583252
-0.15942925214767456 2.2088871002197266 0.5224358439445496
-0.37909695506095886 2.092212438583374 0.8108423352241516
-0.6583508849143982 1.575036644935608 0.8077059388160706
-0.6074938774108887 1.7610855102539062 0.8939759731292725
-0.16518190503120422 2.184032917022705 0.2578410506248474
-0.9343163967132568 2.024739980697632 0.09236352145671844
-0.3651803433895111 2.098891496658325 -0.03261758014559746
-0.7256078124046326 2.0699915885925293 -0.04718945920467377
-0.8126387596130371 2.2112786769866943 0.3287961483001709
-0.4983145296573639 1.4935705661773682 0.7138838768005371
-0.21127699315547943 1.8146131038665771 0.6912027597427368
-0.5265287756919861 3.578921318054199 -0.18977832794189453
-0.18727248907089233 2.425048828125 0.48815271258354187
-0.697831392288208 2.2875208854675293 0.11980001628398895
-0.3386205732822418 2.3086137771606445 0.0924757644534111
-0.6455473303794861 2.147784471511841 0.7297073006629944
-1.0448185205459595 1.9805874824523926 0.5350167751312256
-0.3283436596393585 1.5510673522949219 0.6610926985740662
-0.30031880736351013 2.5332846641540527 0.30238449573516846
-0.6829766631126404 3.393460512161255 0.00781400129199028
-0.6490651369094849 3.4082179069519043 0.25636622309684753
-0.4812304377555847 3.2688984870910645 0.17825999855995178
-0.527626097202301 2.485255718231201 0.17626652121543884
-0.8710095286369324 2.1046369075775146 0.6672887802124023
-0.3992251455783844 3.5082972049713135 -0.0924200713634491
-0.421048641204834 2.37298583984375 0.7326710820198059
-0.661198616027832 2.5699758529663086 0.4501904249191284
-0.49773770570755005 3.0477988719940186 0.2871819734573364
-0.7418431639671326 3.7420496940612793 -0.21785299479961395
-0.8227220773696899 3.493133306503296 0.14661432802677155
-0.4786504805088043 3.382990837097168 0.0455191545188427
-0.32846394181251526 3.864652395248413 -0.0104870880022645
-0.495118111371994 3.8846733570098877 -0.19494830071926117
-0.7407283782958984 3.563476324081421 -0.12914292514324188
-0.7008683085441589 3.5865445137023926 0.37227824330329895
-0.9174970984458923 3.640845775604248 0.07153449952602386
0.4383874535560608 4.689626693725586 1.1934325695037842
-1.210529088973999 3.5830602645874023 0.830372154712677
-0.7312218546867371 3.8378164768218994 0.3831765949726105
-0.4003113806247711 3.451413869857788 0.27225032448768616
-0.8289786577224731 5.007962703704834 0.5374404191970825
-0.9509989619255066 3.8142457008361816 0.09593413770198822
-0.7241833806037903 4.136728763580322 -0.055574748665094376
-0.49313318729400635 3.836658477783203 0.3759131133556366
0.29094141721725464 4.697187900543213 1.0066004991531372
-1.2687442302703857 3.5743422508239746 0.8374419212341309
0.35071858763694763 4.653847694396973 1.0994465351104736
0.4326299726963043 4.825306415557861 1.274704098701477
-0.7849977016448975 3.9496450424194336 -0.1692913919687271
-0.7969689965248108 4.477623462677002 0.2317761927843094
0.22424906492233276 4.723513126373291 1.2683836221694946
-0.36395835876464844 3.631908416748047 0.33076146245002747
-0.8555725812911987 4.698193073272705 0.32070186734199524
-0.866256594657898 3.972409725189209 0.2425663322210312
-0.8377285003662109 4.840510845184326 0.4285318851470947
-0.4461557865142822 4.037113189697266 0.1640792191028595
0.15080997347831726 4.730368614196777 1.0762138366699219
-1.0014430284500122 4.9466729164123535 0.3612438142299652
-0.8728488683700562 5.516406059265137 0.1821979433298111
-0.7616744637489319 4.1736063957214355 0.1431707739830017
0.28750079870224 4.64091157913208 1.157169222831726
-0.278169184923172 3.5989670753479004 0.08004944771528244
-0.6272236704826355 5.669740676879883 0.6486135125160217
-0.6754410862922668 5.56095027923584 0.39543449878692627
-0.8567069172859192 4.93316650390625 0.19948236644268036
-0.5853385329246521 5.805642604827881 0.3154321014881134
-1.0837481021881104 5.174988269805908 0.39984193444252014
-0.7837826609611511 4.796935081481934 0.32929688692092896
-0.7069825530052185 5.179877758026123 0.41082924604415894
-0.5272294282913208 5.823533058166504 0.7614305019378662
-0.8603114485740662 5.588004112243652 0.7161965370178223
-0.8321258425712585 5.1426873207092285 0.15605348348617554
-0.7057467699050903 5.845093250274658 0.8430144786834717
-0.5029667019844055 5.808234214782715 0.523861289024353
-1.0344232320785522 5.983596324920654 0.7826698422431946
-0.8556690216064453 5.314452171325684 0.5634251832962036
-0.2651129364967346 7.412880897521973 0.13208964467048645
-1.0043811798095703 5.409229278564453 0.5819705724716187
-0.8262516856193542 5.950498580932617 0.8847450017929077
0.4239056408405304 4.924238681793213 1.0584620237350464
-1.0085622072219849 5.360919952392578 0.2481338083744049
-0.9787068963050842 6.255251884460449 0.7796463370323181
-0.015024994499981403 7.13557243347168 -0.09595581889152527
-0.5220682621002197 6.016783714294434 0.9114723801612854
-0.36747846007347107 6.03982400894165 0.7626888751983643
-1.1124376058578491 5.674577713012695 0.5246920585632324
-0.3926697373390198 5.9961419105529785 0.4826701283454895
-1.0255744457244873 6.050595283508301 0.44410350918769836
0.08738169074058533 7.155735492706299 0.2068069577217102
-0.7404094338417053 6.454527854919434 0.5379498600959778
-0.7529796957969666 6.141678810119629 0.9851953983306885
-1.0438847541809082 5.684957981109619 0.2992612421512604
-0.8067169785499573 5.833283424377441 0.2190360724925995
-1.0534876585006714 5.843084812164307 0.6455436944961548
-0.027558762580156326 7.200263023376465 0.2430259883403778
-0.2864738404750824 6.210794925689697 0.5962363481521606
-0.565752387046814 6.572263717651367 0.6509593725204468
-0.4433981478214264 6.144828796386719 0.3079304099082947
-0.6781714558601379 6.218655586242676 0.2601885199546814
-0.9091712236404419 6.290526866912842 0.4650442600250244
-0.5573758482933044 6.2786431312561035 0.9567901492118835
-0.5244143009185791 7.572415351867676 -0.024991020560264587
-0.8436884880065918 6.055356502532959 0.24576757848262787
0.23691076040267944 7.146454811096191 -0.08275783807039261
-0.35788577795028687 6.355396747589111 0.7545734643936157
0.18293340504169464 7.126369476318359 0.08932995796203613
-0.7985829710960388 6.435972690582275 0.8311716318130493
-0.6640458106994629 7.669427871704102 0.06198522821068764
-0.32386377453804016 8.400078773498535 0.7662888765335083
0.14199398458003998 7.289621829986572 -0.25258028507232666
0.1681147813796997 7.383577823638916 0.2700040936470032
-0.14740301668643951 7.6451802253723145 0.13752081990242004
0.3219033181667328 7.253020286560059 -0.033963046967983246
-0.4132970869541168 6.350542068481445 0.41586950421333313
0.3644401431083679 7.41802978515625 0.036323122680187225
-0.07914841175079346 7.095747470855713 0.08226129412651062
0.048965394496917725 7.41990852355957 -0.3039342164993286
-0.025798048824071884 8.361237525939941 1.1229420900344849
-0.18793772161006927 7.415293216705322 -0.16711503267288208
0.2573409080505371 7.521557331085205 -0.26336225867271423
0.35198289155960083 7.645573616027832 -0.07347655296325684
-0.7313050627708435 7.493034362792969 0.2348574697971344
-0.03397131711244583 8.331562042236328 0.7941478490829468
-0.7530941963195801 7.371293067932129 0.2193722426891327
-0.08228714764118195 8.260294914245605 0.9058854579925537
-0.7860833406448364 7.3370256423950195 0.10750296711921692
-0.5820000171661377 7.3473405838012695 0.07117098569869995
-0.4453076422214508 8.66539192199707 0.5055941343307495
-0.48025596141815186 8.570371627807617 0.30834364891052246
-0.7255918979644775 7.30186128616333 0.16671907901763916
-0.13665622472763062 8.232665061950684 0.9929586052894592
-1.0435047149658203 8.727571487426758 1.1515482664108276
-0.684013307094574 8.477434158325195 0.3701840937137604
-0.015006396919488907 7.711707592010498 -0.15962111949920654
0.05098921060562134 8.551336288452148 0.7643241286277771
-0.3153328597545624 8.34380054473877 0.9989683628082275
-0.16042210161685944 8.326475143432617 1.116856575012207
0.11998070776462555 7.863789081573486 -0.009761126711964607
-0.2657547891139984 8.329004287719727 0.6840600967407227
0.1419905126094818 7.7127532958984375 0.05994118005037308
-0.5469752550125122 8.462716102600098 0.46362459659576416
-0.7023606300354004 8.516036987304688 0.5489465594291687
-0.2802603244781494 8.601752281188965 0.8854846954345703
-0.10039360821247101 8.904045104980469 0.36127325892448425
-0.13041360676288605 8.534590721130371 0.5659447908401489
0.2672106921672821 8.71323013305664 0.357435017824173
0.16778483986854553 8.773655891418457 0.10590807348489761
0.16018839180469513 8.656168937683105 0.26635807752609253
-0.6720554828643799 8.516950607299805 0.4586138129234314
-1.0140371322631836 9.557743072509766 0.45766758918762207
0.3011133372783661 8.793633460998535 0.06048816069960594
-0.9199742078781128 8.623089790344238 1.151075005531311
0.38703402876853943 9.039937973022461 0.3199636936187744
0.24665258824825287 9.260297775268555 0.3242185115814209
-0.12657961249351501 9.082541465759277 0.08431276679039001
-0.9839625954627991 9.392053604125977 0.2426394373178482
-0.053535401821136475 8.754191398620605 0.14301130175590515
-0.06946464627981186 9.025259017944336 0.44734981656074524
0.11206614226102829 8.984835624694824 0.5004138350486755
0.2691594958305359 9.067368507385254 -0.045396771281957626
0.4320237338542938 8.991828918457031 0.17820081114768982
0.09158892929553986 8.578028678894043 0.31173011660575867
0.15319378674030304 8.888389587402344 -0.05580313503742218
-0.8355612754821777 8.522411346435547 0.22973519563674927
-0.9267290234565735 9.640580177307129 0.12377945333719254
-1.0816540718078613 9.471606254577637 0.1601477563381195
-0.9419214725494385 9.496686935424805 0.36712175607681274
-0.6929324269294739 9.895269393920898 1.1813758611679077
-1.219867467880249 9.770252227783203 0.40487903356552124
0.02075895667076111 9.329975128173828 0.28234246373176575
-1.3079639673233032 9.758200645446777 0.11571753025054932
-1.1258082389831543 9.475482940673828 0.06958042830228806
-0.6762027740478516 9.895074844360352 1.034926176071167
-0.05428079888224602 9.273590087890625 0.08022886514663696
-0.8564532995223999 10.071359634399414 1.3622136116027832
-0.6268466114997864 10.058167457580566 1.4528943300247192
-0.9329237937927246 9.741731643676758 0.3253978490829468
-0.4840787947177887 9.947348594665527 1.2797002792358398
-0.4629465341567993 10.041691780090332 1.0737371444702148
-0.9176462292671204 10.028019905090332 1.1279271841049194
-1.0408469438552856 9.975371360778809 0.19133040308952332
0.17724251747131348 9.328934669494629 0.07442616671323776
-0.6748883724212646 9.870606422424316 1.31048583984375
-1.0364247560501099 9.795965194702148 -0.04016180336475372
-1.157076120376587 9.983918190002441 -0.039156001061201096
0.1482587456703186 10.445083618164062 0.5108807682991028
0.1512974053621292 10.524343490600586 0.9303393363952637
0.0587790384888649 10.43657398223877 1.0118496417999268
-0.2637772262096405 10.557769775390625 -0.03656469285488129
-0.21655523777008057 10.168049812316895 1.01912260055542
-0.7511335611343384 10.110661506652832 0.9978503584861755
-1.0302834510803223 10.25204086303711 0.42430388927459717
0.0005597583949565887 10.398008346557617 0.9363692998886108
-0.1829567551612854 10.549769401550293 0.15842030942440033
-0.9629706740379333 10.184843063354492 0.19133469462394714
-1.1321979761123657 10.205089569091797 0.07813983410596848
-0.29292383790016174 10.618946075439453 0.049674954265356064
0.08438830822706223 10.521744728088379 0.697320818901062
-1.1240832805633545 10.265384674072266 0.5249059200286865
-1.0450671911239624 10.226577758789062 0.008448080159723759
-0.474892258644104 10.173876762390137 1.262619137763977
-0.13918139040470123 10.558361053466797 0.01579151302576065
-0.985343337059021 10.486955642700195 -0.005597516894340515
0.15719585120677948 10.663650512695312 0.216682568192482
-0.7976471185684204 10.397516250610352 1.1514476537704468
-1.0991042852401733 10.439448356628418 0.5626112222671509
-0.652004599571228 10.523547172546387 0.07952249050140381
0.21420252323150635 10.766469955444336 0.30888864398002625
-0.43214529752731323 10.742326736450195 0.022684752941131592
0.22284109890460968 10.890252113342285 0.11903019994497299
0.29235196113586426 10.871237754821777 0.09004699438810349
0.26118379831314087 10.760481834411621 0.7382647395133972
0.23519408702850342 10.72555923461914 0.9093084931373596
0.28840017318725586 10.857915878295898 0.9523480534553528
-1.0175055265426636 10.990257263183594 1.0809803009033203
0.02044711448252201 11.039835929870605 -0.100382961332798
0.21427910029888153 10.831647872924805 1.0183689594268799
-0.23662616312503815 10.908317565917969 -0.09377694875001907
0.12832362949848175 11.07573413848877 -0.1808798760175705
-0.722802460193634 11.057141304016113 1.158805012702942
-0.754030704498291 11.087620735168457 0.5157855749130249
-0.8294259905815125 11.16298770904541 1.1808717250823975
0.0019228607416152954 11.121298789978027 -0.0273300651460886
0.16916139423847198 11.114606857299805 0.0312936007976532
-0.9796145558357239 11.17231559753418 1.2322704792022705
-0.7574099898338318 11.112197875976562 0.49060142040252686
0.3220703601837158 11.261419296264648 -0.19447243213653564
-1.4090434312820435 11.292948722839355 -0.42916959524154663
-0.4793895184993744 11.154552459716797 0.06725913286209106
-1.277978539466858 11.351302146911621 -0.42725691199302673
-1.0486196279525757 11.330042839050293 1.2350882291793823
-0.7774938344955444 11.365135192871094 0.2291608452796936
-0.7479755878448486 11.325932502746582 1.3917973041534424
-0.761634349822998 11.364500045776367 0.18115034699440002
0.017615288496017456 11.313912391662598 0.7241091728210449
0.21708811819553375 11.367703437805176 -0.23476065695285797
0.48189646005630493 11.418575286865234 1.0016818046569824
-0.6682045459747314 11.420628547668457 0.46461614966392517
-0.46390247344970703 11.412158012390137 0.6289138197898865
0.5272197127342224 11.503479957580566 1.1750295162200928
-0.16326139867305756 11.499422073364258 0.3913424611091614
0.2287897914648056 11.495633125305176 1.2975267171859741
-0.26279348134994507 11.539118766784668 0.352215439081192
0.03008451499044895 11.521590232849121 -0.43241173028945923
0.45625829696655273 11.525729179382324 1.1755958795547485
0.4081873297691345 11.548748016357422 0.44440069794654846
-1.2300602197647095 11.557252883911133 0.7522581815719604
0.4738353490829468 11.565929412841797 -0.28328603506088257
-0.35705795884132385 11.579534530639648 0.3527839481830597
