226
-0.8970240950584412 4.53456449508667 0.7245866656303406
-0.9528569579124451 4.399945259094238 0.2814980745315552
-0.8193610906600952 4.2281622886657715 0.6328278183937073
-0.08391639590263367 4.520196437835693 0.4219003915786743
-0.8565042614936829 4.2135419845581055 0.33409830927848816
-0.3826107680797577 4.152531147003174 0.143373042345047
-0.2594624161720276 4.194342136383057 0.527899444103241
-0.7721636891365051 4.383846282958984 0.7925546169281006
-0.5347678661346436 4.194357872009277 0.052151475101709366
-0.5901259183883667 4.331562519073486 -0.0781133696436882
-0.15410475432872772 4.35391092300415 0.44941917061805725
-0.7073472142219543 4.1612067222595215 0.19649183750152588
-0.9347085952758789 4.41179084777832 0.5158424377441406
-0.8259179592132568 4.315516948699951 0.06918202340602875
-0.566153883934021 4.070847988128662 0.5468824505805969
-0.48132744431495667 4.082754135131836 0.3417190611362457
-0.6741278171539307 4.085019111633301 0.4185485541820526
-0.32003113627433777 4.158532619476318 0.2996494770050049
-0.3593234717845917 4.469620704650879 -0.1052916869521141
-0.7473199367523193 5.156444072723389 0.526492714881897
-0.4354438781738281 5.284158229827881 0.5601834654808044
-0.2768256366252899 4.3134870529174805 0.03265348821878433
-0.1052313819527626 4.705897808074951 0.3164171278476715
-0.9641926884651184 4.655776500701904 0.2943984866142273
-0.49453097581863403 4.741504192352295 0.3730407953262329
-0.14368338882923126 4.454041004180908 0.12277188897132874
-0.5950674414634705 4.140737533569336 0.7102869153022766
-0.7715709805488586 4.482767581939697 -0.06139234080910683
-0.19834308326244354 4.6752190589904785 0.012604939751327038
-0.44988924264907837 4.664135456085205 0.88459712266922
-0.5119349956512451 4.614236831665039 -0.15963535010814667
-0.2368324249982834 4.881433010101318 0.7668968439102173
-0.1515991985797882 4.988955020904541 0.5247035622596741
-0.41525304317474365 4.910224437713623 0.8314111232757568
-0.5650750398635864 4.310997486114502 0.8562774658203125
-0.5289627909660339 4.508366107940674 0.9166134595870972
-0.1471703052520752 4.92506217956543 0.22452403604984283
-0.8375434875488281 4.734246253967285 0.11471366137266159
-0.372590035200119 4.858267784118652 -0.05617037042975426
-0.6967006325721741 4.803672790527344 -0.04239055514335632
-0.8093903064727783 4.9611124992370605 0.3742150664329529
-0.4114731550216675 4.248961925506592 0.7865946888923645
-0.21824131906032562 4.653008937835693 0.6530401110649109
-0.422279417514801 6.203017234802246 -0.14544792473316193
-0.16392028331756592 5.1920294761657715 0.47328880429267883
-0.6236463785171509 5.016838073730469 0.13572970032691956
-0.3819640278816223 5.075809955596924 0.05205048993229866
-0.7118803262710571 4.954193592071533 0.75408935546875
-0.8687857985496521 4.713151931762695 0.5726308822631836
-0.2856905162334442 4.2726874351501465 0.6893476843833923
-0.2969910204410553 5.33831262588501 0.2512304186820984
-0.5615523457527161 5.988661289215088 0.03603575378656387
-0.5297331809997559 5.990685939788818 0.2802559435367584
-0.4644918143749237 5.691851615905762 0.2503611743450165
-0.5264662504196167 5.281863212585449 0.1435423642396927
-0.8985349535942078 4.8408355712890625 0.6493338346481323
-0.28773772716522217 6.147185325622559 -0.04508361220359802
-0.4722769558429718 5.1120285987854 0.7819459438323975
-0.5534346103668213 5.274463653564453 0.352908730506897
-0.42800119519233704 5.630866527557373 0.18795742094516754
-0.7064345479011536 6.383050441741943 -0.16407571732997894
-0.7016138434410095 6.119301795959473 0.1334463208913803
-0.32552412152290344 5.978328704833984 0.100997693836689
-0.3120904564857483 6.523499488830566 -0.04642125591635704
-0.4887353777885437 6.531948566436768 -0.1596624106168747
-0.6579055190086365 6.1957173347473145 -0.09552451968193054
-0.5860207080841064 6.26244592666626 0.3639630973339081
-0.8123623132705688 6.2715229988098145 0.10584777593612671
0.40503111481666565 7.17263126373291 1.2167869806289673
-1.2047696113586426 6.30543327331543 0.8820248246192932
-0.6925543546676636 6.458861827850342 0.36777323484420776
-0.2592174708843231 6.115358352661133 0.2607608437538147
-0.960425078868866 7.454201698303223 0.4533628225326538
-0.9004883170127869 6.477099895477295 0.1370914727449417
-0.8112437725067139 6.770297050476074 0.014096694067120552
-0.3928195536136627 6.417923450469971 0.38705796003341675
0.23808982968330383 7.172626972198486 1.0876871347427368
-1.2409274578094482 6.268436431884766 0.8795039057731628
0.2066914439201355 7.121926784515381 1.1979082822799683
0.41811928153038025 7.24282693862915 1.2558748722076416
-0.7596908211708069 6.574635028839111 -0.11200772970914841
-0.8824471235275269 7.016610622406006 0.2565293610095978
0.2239692360162735 7.1770920753479 1.2894055843353271
-0.24583126604557037 6.267200469970703 0.3204323351383209
-0.8487421870231628 7.2118401527404785 0.21998362243175507
-0.866409957408905 6.66299295425415 0.23757420480251312
-0.8583643436431885 7.339412689208984 0.4080404043197632
-0.49165967106819153 6.691408634185791 0.1543150693178177
0.13414721190929413 7.321695327758789 1.0889415740966797
-1.0511068105697632 7.438040733337402 0.3186545670032501
-0.9111396670341492 8.014046669006348 0.1570173054933548
-0.8943438529968262 6.85551118850708 0.233432799577713
0.23578104376792908 7.136868476867676 1.3382844924926758
-0.18146474659442902 6.240642547607422 0.08459271490573883
-0.6029252409934998 8.148978233337402 0.7685749530792236
-0.6480839848518372 8.046745300292969 0.4667384624481201
-0.9055589437484741 7.4365644454956055 0.1473889946937561
-0.572822630405426 8.191367149353027 0.4497719705104828
-1.0661228895187378 7.743929862976074 0.2541802227497101
-0.7333284020423889 7.320915222167969 0.332296222448349
-0.7109284400939941 7.674375534057617 0.3259964883327484
-0.498765766620636 8.185914039611816 0.8789342045783997
-0.776496171951294 8.124958038330078 0.6684122085571289
-0.8916891813278198 7.636943817138672 0.08139660209417343
-0.5995744466781616 8.215106964111328 1.0202499628067017
-0.4682715833187103 8.191703796386719 0.6542820930480957
-0.9226272106170654 8.382884979248047 0.8138533234596252
-0.8287903070449829 7.781701564788818 0.5269328951835632
-0.11499375849962234 9.285191535949707 -0.04146440699696541
-1.0134294033050537 7.923073768615723 0.5013454556465149
-0.7155289649963379 8.357927322387695 1.0298621654510498
0.3463415801525116 7.436483860015869 1.0996017456054688
-1.0189144611358643 7.9629340171813965 0.0779663547873497
-0.8749113082885742 8.561040878295898 0.865402102470398
-0.07049015164375305 9.153192520141602 -0.04777307063341141
-0.4898621737957001 8.392072677612305 1.0617544651031494
-0.36984148621559143 8.482325553894043 0.8508174419403076
-1.067993402481079 8.198153495788574 0.49323076009750366
-0.38626453280448914 8.460183143615723 0.5603874325752258
-0.9739058613777161 8.549490928649902 0.42050614953041077
-0.057637255638837814 9.110983848571777 0.11167429387569427
-0.7970967292785645 9.064535140991211 0.567787230014801
-0.6956670880317688 8.51115894317627 1.1157565116882324
-1.050953984260559 8.212533950805664 0.2331058233976364
-0.8117141723632812 8.362760543823242 0.18955649435520172
-1.027939796447754 8.345078468322754 0.6989325284957886
-0.06574472039937973 9.161689758300781 0.1933164894580841
-0.33440762758255005 8.709386825561523 0.6502802968025208
-0.6058512926101685 8.915611267089844 0.6291941404342651
-0.5291685461997986 8.673828125 0.41685521602630615
-0.6258549094200134 8.734521865844727 0.30882683396339417
-0.9349679946899414 8.752795219421387 0.4422999322414398
-0.5378881096839905 8.73616886138916 0.9943649172782898
-0.7216724753379822 9.616973876953125 0.17948080599308014
-0.8885051012039185 8.576361656188965 0.24366731941699982
0.16390351951122284 9.207730293273926 -0.03325411677360535
-0.38224634528160095 8.87490463256836 0.8642038702964783
-0.31618019938468933 9.048089981079102 0.019434545189142227
-0.6754129528999329 8.866439819335938 0.8563026785850525
-0.6723222732543945 9.6028470993042 0.2066139131784439
-0.11791517585515976 9.969850540161133 1.0594438314437866
0.22588567435741425 9.478706359863281 -0.2268276810646057
0.03411285579204559 9.398909568786621 0.11582882702350616
0.013412874191999435 9.714111328125 0.01644137129187584
0.22839589416980743 9.354437828063965 -0.05120076611638069
-0.5807105302810669 8.888840675354004 0.24873073399066925
0.28466829657554626 9.596380233764648 -0.07460853457450867
-0.1791023164987564 9.39641284942627 0.7456865310668945
0.13449113070964813 9.649967193603516 -0.2930045425891876
-0.05525030195713043 9.881053924560547 0.8397775888442993
-0.06338104605674744 9.606084823608398 -0.14475791156291962
0.3241812288761139 9.746576309204102 -0.2715744078159332
0.3514583110809326 9.811456680297852 -0.146360382437706
-0.8092712163925171 9.590447425842285 -0.007133321836590767
0.11129505932331085 10.044893264770508 0.9061307311058044
-0.8542500138282776 9.607048034667969 -0.10609032213687897
0.05299432575702667 10.045434951782227 1.011913537979126
-0.9574187397956848 9.671546936035156 -0.0653422549366951
-0.596389889717102 9.674055099487305 0.04331798106431961
-0.6506656408309937 10.175352096557617 0.32703685760498047
-0.6680489778518677 10.337547302246094 0.5392549633979797
-0.9903409481048584 9.741544723510742 -0.10731714963912964
0.02396416664123535 10.039872169494629 1.1403894424438477
-0.9591841101646423 10.441420555114746 1.3141872882843018
-0.7555370330810547 10.407206535339355 0.47938933968544006
0.1799505352973938 10.026366233825684 -0.0732230693101883
-0.005051635205745697 10.377819061279297 0.8499099612236023
-0.1711733341217041 10.23347282409668 1.0262335538864136
-0.052273936569690704 10.178790092468262 1.1326042413711548
0.3205193281173706 10.24632453918457 -0.060986556112766266
-0.13903683423995972 10.254022598266602 0.8060066103935242
0.33540961146354675 10.04006290435791 -0.05663412809371948
-0.5498190522193909 10.32031536102295 0.5641962289810181
-0.7485292553901672 10.44399642944336 0.5181561708450317
-0.14525024592876434 10.476245880126953 0.9467272162437439
-0.4374891221523285 10.644319534301758 -0.09671400487422943
0.019773045554757118 10.439617156982422 0.7834711074829102
0.2581028938293457 10.693550109863281 0.4552268385887146
0.30110007524490356 10.544414520263672 0.006315029691904783
0.2495211511850357 10.63962173461914 0.37780413031578064
-0.8372091054916382 10.442774772644043 0.5256919264793396
-0.910587728023529 10.759881973266602 -0.08212427794933319
0.3399845063686371 10.681487083435059 -0.058883607387542725
-1.1183637380599976 10.630354881286621 1.3103314638137817
0.49714425206184387 10.879678726196289 0.20084968209266663
0.2781904935836792 11.055477142333984 0.20039764046669006
0.0867750495672226 10.866798400878906 -0.003857910633087158
-0.9847276210784912 10.799585342407227 0.32233989238739014
0.11464652419090271 10.750188827514648 0.08283157646656036
0.1858975887298584 10.77121639251709 0.4405879080295563
0.3324453830718994 10.795544624328613 0.5467806458473206
0.25856947898864746 10.915016174316406 -0.15340375900268555
0.39454448223114014 10.853007316589355 -0.14296160638332367
0.16911806166172028 10.719975471496582 0.6763449907302856
-0.1881047487258911 10.874547004699707 -0.24181506037712097
-0.718069314956665 10.87610912322998 0.7005401253700256
-0.9895599484443665 11.13551139831543 -0.3824385404586792
-1.0814385414123535 10.98206901550293 0.2616565227508545
-1.150733470916748 11.093403816223145 0.20249083638191223
-1.0670230388641357 11.172403335571289 1.103842854499817
-1.2268933057785034 11.224983215332031 0.19221331179141998
0.18336717784404755 11.16797161102295 0.10999370366334915
-1.1481136083602905 11.234006881713867 0.036088600754737854
-1.1775442361831665 11.160371780395508 -0.016264276579022408
-1.1200172901153564 11.306841850280762 1.3139957189559937
0.42291101813316345 11.250633239746094 -0.31079399585723877
-0.7847721576690674 11.365093231201172 1.3724027872085571
-0.2521374821662903 11.30337142944336 1.12510085105896
-1.1291388273239136 11.293808937072754 0.5778162479400635
-0.501453697681427 11.33351993560791 1.2327793836593628
-0.40795305371284485 11.433216094970703 1.299509882926941
-0.9228433966636658 11.390315055847168 0.8213469982147217
-0.6594868302345276 11.433341026306152 -0.13456778228282928
0.29422175884246826 11.341216087341309 -0.1374356597661972
-0.813433825969696 11.415029525756836 1.4624561071395874
-1.2645623683929443 11.434033393859863 -0.10960914939641953
-0.8927927613258362 11.493329048156738 0.03244120627641678
0.374907523393631 11.469218254089355 0.4960399866104126
0.35949862003326416 11.528071403503418 0.8402161002159119
0.2689175307750702 11.523956298828125 1.1438496112823486
-0.298541784286499 11.514801025390625 0.15985526144504547
-0.10177731513977051 11.541739463806152 1.400423288345337
-1.1782398223876953 11.561088562011719 1.2842413187026978
-1.2395516633987427 11.562393188476562 0.6486936807632446
0.3229016363620758 11.568603515625 1.3254354000091553
-0.22667483985424042 11.579808235168457 -0.32337531447410583
