873
-2.3863754272460938 0.2845063805580139 1.5983953475952148
-2.386474609375 0.2846066951751709 -0.7575442790985107
-2.3863744735717773 0.6216480135917664 0.6393183469772339
0.9210299253463745 0.567303478717804 -0.8482640385627747
-2.140568256378174 0.284606397151947 0.04869489371776581
-1.3411295413970947 0.2846064567565918 -1.205398678779602
-0.23427468538284302 0.284606397151947 0.9595284461975098
-0.9229748845100403 0.284606397151947 -0.9313125014305115
-0.9510042667388916 0.2846066951751709 -1.2053987979888916
0.9210317134857178 0.2845063805580139 -1.2053296566009521
-2.386474609375 0.28460633754730225 -0.2671067714691162
-2.386474609375 0.2846064567565918 0.2640542984008789
-2.386474609375 0.2846066951751709 -0.5021250247955322
-1.8028814792633057 0.2846081256866455 2.141308307647705
-2.386474609375 0.2846064567565918 -0.016938209533691406
-2.3863744735717773 0.2845063805580139 0.6820535659790039
0.648807168006897 0.2845063805580139 -1.2052973508834839
-0.5543227195739746 0.2846064567565918 -1.2053989171981812
-2.1763927936553955 0.284606397151947 1.3332175016403198
0.1391863375902176 0.28460633754730225 2.141308307647705
0.9211299419403076 0.2846066951751709 -0.8950350284576416
0.9211299419403076 0.2846066951751709 -0.7299201488494873
-2.386474609375 0.2846064567565918 0.13287854194641113
-1.4815151691436768 0.284606397151947 1.8412764072418213
-0.4257943630218506 0.2846064567565918 -1.2053989171981812
-2.3697545528411865 0.2846078872680664 2.141308307647705
-2.386474609375 0.28460657596588135 -0.1358020305633545
0.9211299419403076 0.2846066951751709 -0.9942395687103271
-2.0967860221862793 0.284606397151947 1.6531860828399658
-1.0928153991699219 0.2846066951751709 -1.205398678779602
0.9211300611495972 0.2846064567565918 1.3616597652435303
0.9210300445556641 0.5519071817398071 1.4784404039382935
-1.8677785396575928 0.284606397151947 1.6749590635299683
-2.3863744735717773 0.6241821646690369 1.7273685932159424
-2.179337501525879 0.2845063805580139 2.141207695007324
0.9210299253463745 0.5174252390861511 -0.6526512503623962
-2.386474609375 0.28460657596588135 -0.627877950668335
0.9211141467094421 0.28460657596588135 -1.2053993940353394
-2.386474609375 0.284606397151947 -0.8707837462425232
-1.944209098815918 0.2845063805580139 2.141206741333008
0.9210278987884521 0.2845063805580139 0.8811063766479492
-1.5146502256393433 0.284606397151947 -1.0168260335922241
0.2348804771900177 0.284606397151947 1.468764305114746
-0.6015720367431641 0.284606397151947 -0.9381580352783203
0.39514613151550293 0.28460633754730225 -1.2053991556167603
-2.3863751888275146 0.2845238447189331 2.141308307647705
-2.1071248054504395 0.284606397151947 0.8874378204345703
-0.4933941960334778 0.284606397151947 -0.7507495880126953
-2.372302293777466 0.610580325126648 -1.2052984237670898
-2.3863751888275146 0.32349181175231934 -1.2053983211517334
-1.650498628616333 0.284606397151947 -0.48394671082496643
-1.4883564710617065 0.284606397151947 -0.8141720294952393
-2.3863744735717773 0.2845063805580139 1.684915542602539
-1.9877368211746216 0.284606397151947 -0.6228067874908447
0.9210300445556641 0.2845063805580139 2.044487953186035
-1.896285057067871 0.284606397151947 1.2837260961532593
0.34662801027297974 0.284606397151947 -0.8696997761726379
-1.5332403182983398 0.2845063805580139 -1.2053003311157227
-2.386474609375 0.2846064567565918 0.518040657043457
-1.6791658401489258 0.284606397151947 -0.702601432800293
-0.09400313347578049 0.284606397151947 -0.934788167476654
-1.2325794696807861 0.284606397151947 -0.9742999076843262
-1.8784570693969727 0.2845063805580139 -1.2052984237670898
-2.386408567428589 0.2846064567565918 -1.2053983211517334
0.9210300445556641 0.2845063805580139 1.7729787826538086
-2.386474370956421 0.2846066951751709 1.7923789024353027
-1.9930522441864014 0.284606397151947 1.8379229307174683
0.9210329055786133 0.2845063805580139 1.1095733642578125
-0.1326913833618164 0.2845063805580139 2.141206741333008
-2.386474609375 0.28460633754730225 -0.380801796913147
-0.15283679962158203 0.2845063805580139 -1.205297827720642
0.5330893993377686 0.2846064269542694 2.141308307647705
0.9211301207542419 0.2845509350299835 2.1412084102630615
-2.386474370956421 0.2846064567565918 1.4891483783721924
0.9210329055786133 0.2845063805580139 1.6797590255737305
0.574649453163147 0.284606397151947 1.7167800664901733
-1.224043846130371 0.2845063805580139 -1.2053022384643555
-1.9385395050048828 0.284606397151947 -0.12176685780286789
0.9210309982299805 0.2845063805580139 1.460871696472168
0.9211300611495972 0.28460657596588135 1.5732825994491577
-1.805680274963379 0.284606397151947 1.1257686614990234
-2.0877346992492676 0.284606397151947 0.6517834663391113
-1.3292770385742188 0.2845063805580139 2.141206741333008
0.9210294485092163 0.2845063805580139 -0.5861998200416565
0.9155410528182983 0.2846064567565918 2.141308307647705
-2.386474370956421 0.2846064567565918 0.9260942935943604
-1.7734661102294922 0.2845063805580139 -1.205301284790039
-1.2640291452407837 0.284606397151947 -0.7924996614456177
0.9211300611495972 0.28460627794265747 1.8756705522537231
0.20276093482971191 0.8089573979377747 2.1321356296539307
-0.3663454055786133 0.2845063805580139 2.141207695007324
-0.005507111549377441 0.2845063805580139 -1.2052977085113525
-1.6828956604003906 0.2845063805580139 -1.205301284790039
-1.9400339126586914 0.284606397151947 -0.9080386161804199
-2.386474370956421 0.2846066951751709 0.788564920425415
-1.7270231246948242 0.5961861610412598 -1.2052985429763794
0.6050423383712769 0.284606397151947 0.4815283715724945
-1.4413022994995117 0.2846064567565918 2.141308307647705
-1.9535378217697144 0.5453019142150879 -1.2052985429763794
-0.6495542526245117 0.2845063805580139 2.141207695007324
-2.385040760040283 0.7268102765083313 2.117968797683716
-2.386474370956421 0.2846066951751709 1.3128318786621094
-0.7672624588012695 0.2845063805580139 2.141207695007324
0.9210294485092163 0.2845063805580139 0.6474859118461609
-2.3863754272460938 0.2845063805580139 1.9114999771118164
-2.060389995574951 0.284606397151947 1.1303493976593018
0.921029806137085 0.2845063805580139 0.0418715737760067
-2.3569910526275635 0.2846064567565918 -1.2053983211517334
-2.3863744735717773 0.5663700103759766 1.3042430877685547
-0.7010005712509155 0.2845063805580139 -1.2052981853485107
-0.8816337585449219 0.2845063805580139 2.141207695007324
0.6666288375854492 0.2845063805580139 2.141207695007324
-2.386474370956421 0.2846064567565918 1.1819984912872314
-0.8651935458183289 0.284606397151947 1.715622901916504
-2.3863744735717773 0.740864634513855 -0.9965983033180237
0.9211300015449524 0.2846064567565918 0.12054181098937988
-2.1326518058776855 0.284606397151947 0.4255181550979614
-1.6946344375610352 0.2845063805580139 2.141207695007324
-2.386474609375 0.28460657596588135 -1.0030086040496826
-2.140122413635254 0.2846062183380127 -1.205398440361023
-2.3863773345947266 0.2845063805580139 1.0552234649658203
0.9210299849510193 0.4589594900608063 -0.4189537465572357
-0.47880783677101135 0.284606397151947 1.8190491199493408
-1.2251967191696167 0.284606397151947 1.87175714969635
-1.757736086845398 0.284606397151947 -0.9028027653694153
-2.116811990737915 0.284606397151947 -0.8234665989875793
-2.1343915462493896 0.284606397151947 -0.19451767206192017
-1.7625702619552612 0.284606397151947 1.8594284057617188
-0.8694396615028381 0.3050931990146637 -1.201412320137024
-2.0128777027130127 0.2846064567565918 -1.205398440361023
0.23894645273685455 0.6205567121505737 -1.1978955268859863
0.41977769136428833 0.28460636734962463 2.141308307647705
0.9077730774879456 0.7386163473129272 -1.1801035404205322
-1.5702276229858398 0.2845063805580139 2.141206741333008
-2.155968189239502 0.7392025589942932 -1.2052984237670898
-2.04083251953125 0.2845063805580139 2.141206741333008
-0.32811352610588074 0.3264588415622711 -1.2052990198135376
0.9211300611495972 0.28460633754730225 1.224945068359375
0.607744038105011 0.284606397151947 0.08575845509767532
0.9095133543014526 0.5572651028633118 -1.2052993774414062
-1.8894883394241333 0.284606397151947 0.617072582244873
0.9210299253463745 0.2845063805580139 -0.24960260093212128
0.2601426839828491 0.28460633754730225 -1.2053991556167603
-0.8309178352355957 0.2846064567565918 -1.2053987979888916
-0.014075249433517456 0.2846064269542694 2.141308307647705
-0.28530097007751465 0.28460633754730225 -1.2053989171981812
0.8288669586181641 0.2845063805580139 -1.2052972316741943
0.5325719714164734 0.284606397151947 -0.850750744342804
-0.7022110223770142 0.284606397151947 1.8313311338424683
0.9210295081138611 0.2845063805580139 0.2565082609653473
-1.0743436813354492 0.2845063805580139 2.141207695007324
0.2758169174194336 0.2845063805580139 2.141206741333008
0.39633047580718994 0.284606397151947 1.0754711627960205
0.13151788711547852 0.2846066951751709 -1.2053991556167603
-2.158302068710327 0.7315367460250854 2.1412081718444824
-1.4860986471176147 0.6110208034515381 -1.205298662185669
0.9211300015449524 0.28460657596588135 0.5554218292236328
-0.22389023005962372 0.284606397151947 1.5408344268798828
-1.9191617965698242 0.49979740381240845 2.1412081718444824
-0.5766313672065735 0.5114521384239197 -1.205298900604248
0.5230952501296997 0.28460633754730225 -1.2053992748260498
0.38619890809059143 0.284606397151947 1.807030439376831
-0.5791451334953308 0.2968757152557373 2.1363344192504883
-0.500849723815918 0.2845063805580139 2.141207695007324
0.48228299617767334 0.43736883997917175 -1.2052992582321167
0.07754895091056824 0.284606397151947 0.7557951807975769
0.6384168863296509 0.284606397151947 -0.20825304090976715
0.20977678894996643 0.3231837749481201 -1.2014762163162231
0.15904389321804047 0.284606397151947 0.2630293071269989
-1.2046337127685547 0.2845063805580139 2.141207695007324
-0.1861596256494522 0.284606397151947 1.8149490356445312
0.9210295677185059 0.2845063805580139 -0.05474511533975601
0.9210286736488342 0.2845063805580139 0.7884531617164612
0.12052889913320541 0.284606397151947 -0.861274778842926
0.9210309982299805 0.2845063805580139 -0.4824792444705963
-1.80141282081604 0.284606397151947 0.25417837500572205
-2.3863754272460938 0.2845063805580139 0.39921092987060547
0.9211300015449524 0.2846062183380127 -0.37039875984191895
0.25982508063316345 0.284606397151947 -0.40771716833114624
0.5564855933189392 0.284606397151947 1.1812125444412231
0.9210299253463745 0.3354184627532959 2.141308307647705
-0.2907780110836029 0.284606397151947 -0.5397750735282898
-1.456938624382019 0.284606397151947 -0.6348493099212646
-0.7518432140350342 0.284606397151947 -0.8082385659217834
0.014087368734180927 0.284606397151947 1.513096570968628
-0.030202513560652733 0.284606397151947 1.7112131118774414
0.6267186999320984 0.284606397151947 -0.6917056441307068
0.9210296869277954 0.2845063805580139 0.41440802812576294
-0.3560294210910797 0.284606397151947 -0.8924027681350708
-0.11139074712991714 0.284606397151947 -0.6784794330596924
0.5546554327011108 0.284606397151947 -0.5209383368492126
-1.2599515914916992 0.284606397151947 -0.6146953701972961
-2.032459020614624 0.284606397151947 0.23549701273441315
-1.8819596767425537 0.284606397151947 0.818873941898346
-0.970683217048645 0.561880886554718 2.1412081718444824
-2.0068371295928955 0.284606397151947 1.4823957681655884
0.6028700470924377 0.284606397151947 1.4679313898086548
-2.3863744735717773 0.5472163558006287 -0.5136387348175049
-2.158055305480957 0.284606397151947 -0.5733963847160339
0.9210300445556641 0.4992123246192932 1.217313289642334
-0.04046150669455528 0.284606397151947 -0.4279411733150482
-1.8074034452438354 0.284606397151947 1.4815545082092285
-2.386474370956421 0.2845497131347656 2.141207456588745
-1.6619603633880615 0.284606397151947 0.949454128742218
0.45177215337753296 0.31029191613197327 2.1412081718444824
0.8052916526794434 0.7617126703262329 2.1412081718444824
-2.3674960136413574 0.8072423338890076 1.94553804397583
-2.3863744735717773 0.4550516605377197 0.847115695476532
-0.6589053869247437 0.284606397151947 -0.19740907847881317
-0.2565879821777344 0.2845063805580139 2.141207695007324
-1.8480606079101562 0.284606397151947 -0.6894760727882385
-2.3811638355255127 0.4566195011138916 -1.2034722566604614
-1.661738634109497 0.284606397151947 1.679319143295288
-2.3863744735717773 0.6349911689758301 -0.3046630024909973
-2.3863744735717773 0.6107422709465027 -0.7214598059654236
-1.3674317598342896 0.284606397151947 1.2659194469451904
-1.2998735904693604 0.284606397151947 1.0391371250152588
-2.112910747528076 0.8376781344413757 -0.7334279417991638
-1.2414562702178955 0.4511362612247467 -1.205298662185669
-2.3863744735717773 0.4901215434074402 0.18723677098751068
-0.5298053622245789 0.7159981727600098 -1.1899076700210571
-2.0169506072998047 0.284606397151947 -0.3627333641052246
-1.7978920936584473 0.284606397151947 -0.240552619099617
-2.3863744735717773 0.5622668862342834 1.0927484035491943
-1.9060792922973633 0.284606397151947 0.06195805221796036
-1.834731101989746 0.284606397151947 -0.4555976092815399
-0.661374032497406 0.284606397151947 1.6270147562026978
0.3908628225326538 0.284606397151947 -0.6498135328292847
-1.4531376361846924 0.284606397151947 -0.43857213854789734
0.9210299253463745 0.6888095736503601 -1.1782984733581543
-1.6254708766937256 0.284606397151947 1.2085200548171997
-1.919823169708252 0.284606397151947 0.43057140707969666
0.48224616050720215 0.7354565262794495 -1.187995433807373
-0.026730744168162346 0.284606397151947 0.005305946804583073
0.20492644608020782 0.2846064567565918 2.141308307647705
0.9210300445556641 0.2845063805580139 0.9906759262084961
0.4007278084754944 0.284606397151947 0.7052106261253357
-2.0518665313720703 0.8329944610595703 -0.9608713984489441
-0.9614061117172241 0.7116957306861877 -1.2018615007400513
-0.9844217300415039 0.2845063805580139 2.141207695007324
-0.8871380686759949 0.284606397151947 -0.6645936369895935
-1.182369589805603 0.284606397151947 1.6718556880950928
-2.3863744735717773 0.5543464422225952 -0.06574784964323044
0.9211299419403076 0.40772128105163574 -1.2052991390228271
-1.6418006420135498 0.7422254681587219 2.1412081718444824
-0.8830801248550415 0.284606397151947 1.1116244792938232
-2.359327554702759 0.6152626872062683 2.1412081718444824
-1.6157450675964355 0.284606397151947 -0.216238871216774
0.9211301207542419 0.4909217655658722 2.1412084102630615
-1.385711669921875 0.284606397151947 1.6626243591308594
0.25670933723449707 0.284606397151947 0.5766354203224182
-0.6852281093597412 0.284606397151947 0.7609425783157349
-2.359267234802246 0.7905697822570801 -0.8322011232376099
-0.8145530819892883 0.284606397151947 1.4912939071655273
-2.3443901538848877 0.7152906656265259 -1.198532223701477
-2.38637638092041 0.4643406867980957 2.141308307647705
-2.1268720626831055 0.8723347783088684 1.7870662212371826
-2.2319908142089844 0.8507519364356995 2.135427713394165
-0.45509400963783264 0.6154714226722717 2.1412081718444824
0.021442938596010208 0.7417460083961487 -1.1879208087921143
0.9210300445556641 0.6293147802352905 0.999720573425293
-2.3863744735717773 0.5181018114089966 0.42490705847740173
0.9172071814537048 0.624061644077301 2.1381587982177734
0.6615480184555054 0.7674340605735779 -1.1819628477096558
-0.18271318078041077 0.3177349269390106 2.1412081718444824
0.9210300445556641 0.5914972424507141 1.7081785202026367
0.9211300015449524 0.2846064567565918 0.34685373306274414
0.9181922674179077 0.2896508574485779 -0.16200970113277435
-2.3524038791656494 0.7611196637153625 0.03619823232293129
-0.5532761216163635 0.284606397151947 0.3237152397632599
-1.6846611499786377 0.7687369585037231 -1.2020503282546997
-2.3583436012268066 0.7650431990623474 -0.5506336688995361
-1.011749267578125 0.284606397151947 1.3488255739212036
-1.23744797706604 0.284606397151947 -0.404387891292572
-2.3863744735717773 0.5680930614471436 1.519946813583374
0.004046635702252388 0.284606397151947 -0.22541363537311554
0.458835244178772 0.284606397151947 -0.14608779549598694
0.16198381781578064 0.284606397151947 1.7546851634979248
-0.49217844009399414 0.284606397151947 -0.5018882155418396
-1.7125877141952515 0.284606397151947 0.0329887829720974
0.9096656441688538 0.778211236000061 1.8484349250793457
-0.7992120981216431 0.7130802273750305 -1.1987769603729248
0.9210300445556641 0.4888031482696533 0.7552827000617981
-1.4816855192184448 0.284606397151947 1.0709198713302612
-1.8454431295394897 0.7092077732086182 2.1412081718444824
-2.374469757080078 0.7361548542976379 0.8215861916542053
-1.3599507808685303 0.5440999865531921 2.1412081718444824
-2.3727784156799316 0.773176908493042 -0.18540078401565552
-1.232471227645874 0.284606397151947 1.41572105884552
-1.9357202053070068 0.7489830851554871 -1.1989271640777588
-0.7015282511711121 0.6731343865394592 2.1394174098968506
-0.4451810419559479 0.284606397151947 1.4165328741073608
-0.20623567700386047 0.284606397151947 0.13865536451339722
0.5878623127937317 0.757933497428894 2.1403391361236572
0.7265853881835938 0.842801570892334 -0.9857761859893799
0.9177948236465454 0.7837738990783691 -0.8687239289283752
0.9210299849510193 0.7331595420837402 -0.3216956853866577
0.9050699472427368 0.7716260552406311 1.684220790863037
-2.3623406887054443 0.7418864965438843 0.4125523865222931
0.9128744602203369 0.7453427910804749 -0.4932137429714203
0.9096096158027649 0.7813942432403564 1.4820064306259155
0.9210299849510193 0.5758401155471802 0.14211003482341766
-1.1142386198043823 0.284606397151947 -0.30494463443756104
0.3867266774177551 0.284606397151947 0.08570091426372528
-2.3440420627593994 0.7999330759048462 1.711104154586792
0.6070963740348816 0.284606397151947 1.0054486989974976
0.0897677019238472 0.284606397151947 1.2078481912612915
0.44679197669029236 0.6324405074119568 2.129427433013916
0.895667552947998 0.7791809439659119 -0.6659305691719055
-1.9722553491592407 0.8041355013847351 2.081974983215332
-1.192832112312317 0.6850854754447937 2.1412081718444824
0.9134939312934875 0.7552449107170105 2.13927960395813
-0.28245028853416443 0.7518110871315002 2.3558647632598877
-1.710631012916565 0.284606397151947 0.47178909182548523
0.4251963496208191 0.2912306487560272 1.6202316284179688
0.9083285927772522 0.8113730549812317 1.0429878234863281
0.9210231304168701 0.7450965046882629 0.34453055262565613
0.6796315908432007 0.8367987275123596 1.461437463760376
-1.7009130716323853 0.8441510796546936 2.013418674468994
-2.344466209411621 0.7837536931037903 1.47632896900177
-1.0967915058135986 0.284606397151947 1.0934083461761475
-0.7345992922782898 0.284606397151947 1.3129947185516357
-2.3591818809509277 0.7830921411514282 1.2012118101119995
-2.271549701690674 0.8937363624572754 1.4432756900787354
-2.1784234046936035 0.8442672491073608 -0.5093281865119934
-0.9897303581237793 0.31368598341941833 1.80045747756958
0.08615846186876297 0.56638503074646 2.1412081718444824
-0.6714436411857605 0.284606397151947 -0.6334362626075745
-1.6189119815826416 0.284606397151947 1.3996880054473877
-2.354243278503418 0.8003332018852234 0.958297610282898
-1.5993449687957764 0.284606397151947 0.24626833200454712
-1.3927134275436401 0.7676709890365601 2.1227707862854004
-0.3234896659851074 0.284606397151947 1.6898707151412964
-0.8330349326133728 0.7565693259239197 2.298009157180786
-1.27975332736969 0.284606397151947 0.47126245498657227
-1.0438939332962036 0.284606397151947 -0.7841989398002625
-0.7438825964927673 0.8903041481971741 1.6041761636734009
-0.32439881563186646 0.284606397151947 1.2589328289031982
-0.3474632799625397 0.7585046291351318 -1.1815274953842163
-1.1006522178649902 0.7638368606567383 -1.1844462156295776
-2.0363361835479736 0.8281785845756531 1.2434601783752441
-1.843908667564392 0.801023542881012 -0.9070137143135071
-1.9156087636947632 0.8553493618965149 1.4663615226745605
0.6157670021057129 0.2874175012111664 0.6603840589523315
-0.008710140362381935 0.7772496938705444 2.129707098007202
0.11815746873617172 0.284606397151947 -0.6389759182929993
-0.0711243599653244 0.7996010184288025 2.295548915863037
0.270929753780365 0.7685953974723816 -1.1868919134140015
-1.960955262184143 0.8311135768890381 0.5646185278892517
0.9123450517654419 0.6856921315193176 -0.12731505930423737
0.4710506200790405 0.6718043088912964 1.5895748138427734
-1.8922829627990723 0.5857431888580322 0.27316170930862427
-1.2646594047546387 0.7649024724960327 -1.1961727142333984
0.6342371106147766 0.284606397151947 0.2894008755683899
-0.1754799485206604 0.7142618894577026 -1.1913009881973267
-0.5698744654655457 0.7703669667243958 2.3276422023773193
0.9210299849510193 0.5856935381889343 0.47940191626548767
-1.897925853729248 0.5988266468048096 1.5812453031539917
-1.003659963607788 0.284606397151947 0.36458921432495117
-1.655060052871704 0.5941053032875061 -0.0539037361741066
-1.3781598806381226 0.7995055913925171 1.8573594093322754
0.27927321195602417 0.284606397151947 1.2435619831085205
0.43513453006744385 0.8548527359962463 -0.8781800270080566
-1.1796249151229858 0.9366219639778137 -0.29767224192619324
-1.5201473236083984 0.284606397151947 0.5753126740455627
-1.7103302478790283 0.284606397151947 0.7218042016029358
-1.491141676902771 0.284606397151947 -0.023944968357682228
-1.0571177005767822 0.7792662978172302 2.0975005626678467
-1.4960575103759766 0.2918775975704193 0.814180314540863
-2.368352174758911 0.7923953533172607 0.5196995735168457
-1.5188466310501099 0.7722081542015076 1.6964294910430908
-2.085116147994995 0.8390954732894897 0.0406944565474987
0.4764466881752014 0.284606397151947 -0.3672581613063812
-1.4142210483551025 0.284606397151947 0.1707092523574829
-1.9166386127471924 0.8296240568161011 -0.42524319887161255
0.2726755142211914 0.8383979797363281 -1.0491385459899902
-1.6049009561538696 0.5661028027534485 2.1380670070648193
0.8975136280059814 0.7840120792388916 0.08559762686491013
0.8729357123374939 0.8688169717788696 -0.08860546350479126
-1.5137805938720703 0.30145972967147827 1.5418663024902344
-1.9174805879592896 0.33452725410461426 0.9906358122825623
0.44379159808158875 0.284606397151947 1.36826753616333
-2.1595168113708496 0.8295795917510986 0.6684936881065369
-0.7886713147163391 0.8176390528678894 2.029064178466797
-0.5074283480644226 0.8320479989051819 1.9492738246917725
-0.4364783763885498 0.284606397151947 0.9200119376182556
0.42077264189720154 0.284606397151947 0.4652494788169861
-1.881537675857544 0.5982206463813782 -0.26100271940231323
-1.4395678043365479 0.7705218195915222 -1.1779446601867676
-2.2002298831939697 0.8521099090576172 -0.2608764171600342
-1.1458842754364014 0.7970190048217773 1.8804134130477905
-2.356095552444458 0.7581034302711487 0.19795635342597961
-1.1194498538970947 0.284606397151947 0.21619577705860138
-1.0303844213485718 0.8689213991165161 -0.9004530310630798
-0.9889600276947021 0.284606397151947 0.7260897755622864
-0.05570152401924133 0.5860300064086914 1.773447036743164
-2.150879144668579 0.868834376335144 1.0038740634918213
-1.326263189315796 0.284606397151947 0.7348702549934387
-1.9019243717193604 0.6690698862075806 0.7316923141479492
0.25953736901283264 0.40689992904663086 1.6027718782424927
0.16224609315395355 0.8369173407554626 -0.3535713255405426
-1.1942039728164673 0.284606397151947 0.8842096328735352
-0.9975605010986328 0.4774114787578583 1.333236575126648
-0.4955708682537079 0.298862487077713 1.5807901620864868
-1.8797487020492554 0.7040964961051941 -0.6708332300186157
-1.6757839918136597 0.7857286930084229 -0.853155255317688
-0.501305341720581 0.8798272609710693 1.7114986181259155
-0.3168101906776428 0.7538136839866638 2.2720913887023926
-0.995481014251709 0.7805084586143494 1.7376182079315186
-1.8470162153244019 0.7538192868232727 1.1199208498001099
-1.3418010473251343 0.5127068758010864 1.581850290298462
-1.430884599685669 0.284606397151947 0.37700966000556946
0.3676418960094452 0.7717387080192566 2.124053955078125
-0.267891526222229 0.817022442817688 1.9404407739639282
0.5571105480194092 0.8132843375205994 1.884827971458435
0.3239879906177521 0.284606397151947 0.8982011675834656
-1.176635980606079 0.284606397151947 -0.07485565543174744
0.22980426251888275 0.7712121605873108 1.8341050148010254
-0.41824063658714294 0.284606397151947 -0.2316255420446396
0.5513886213302612 0.284606397151947 0.8410750031471252
0.9080724120140076 0.769090473651886 1.2625561952590942
-0.7359565496444702 0.8002247214317322 1.808232307434082
-1.7878382205963135 0.7927684783935547 1.3244287967681885
0.3212062120437622 0.8439009785652161 1.5807045698165894
-0.11697141081094742 0.28872647881507874 1.394181251525879
-0.2761840522289276 0.8322884440422058 1.7065603733062744
-0.1753707230091095 0.8402776122093201 -1.0037000179290771
0.7115163207054138 0.8898593187332153 1.2084225416183472
0.9177404642105103 0.7630316019058228 0.6267331838607788
0.533798336982727 0.8061074018478394 1.7054344415664673
0.8882189989089966 0.9061285853385925 0.2532762587070465
-1.8918689489364624 0.8384754061698914 0.21883592009544373
-0.11649807542562485 0.3241276144981384 1.2154972553253174
0.9151317477226257 0.7958748936653137 0.8366407155990601
0.07393039017915726 0.8402348756790161 -0.9103806018829346
-1.2808154821395874 0.7597513794898987 -0.7115766406059265
0.6173210740089417 0.8615012168884277 -0.7260526418685913
-0.09204509109258652 0.8466211557388306 1.7942075729370117
0.5596551895141602 0.8438485264778137 -0.07972302287817001
-1.8826403617858887 0.8347253203392029 1.7196930646896362
0.885577380657196 0.97463458776474 0.5391802191734314
-1.9710719585418701 0.8869954347610474 -0.16845858097076416
-1.495217204093933 0.8727239966392517 -0.47847050428390503
0.7586058378219604 0.9937753081321716 0.7973528504371643
0.4128061830997467 0.9402281045913696 1.3196395635604858
0.4750484824180603 0.6095121502876282 1.2773076295852661
-1.256287932395935 0.8348372578620911 -0.9350944757461548
-0.6506896018981934 0.8215856552124023 -1.1758127212524414
-2.0866196155548096 0.837958812713623 0.2894243001937866
0.38439056277275085 0.5167840123176575 -0.7494109869003296
-0.0999191626906395 0.8193801045417786 -0.7678541541099548
-1.4789937734603882 0.7914552688598633 -0.8473443984985352
-1.7741382122039795 0.8953061103820801 0.45011237263679504
-1.7209187746047974 0.7730259299278259 1.7021714448928833
-1.2379112243652344 0.3747257590293884 0.596260130405426
-1.7327772378921509 0.7699512243270874 -0.5499889254570007
-1.3448835611343384 0.5128636956214905 -0.20852382481098175
0.15295639634132385 0.284606397151947 0.9988366365432739
-0.605548083782196 0.284606397151947 1.2178733348846436
0.6531832218170166 0.934807538986206 1.007174015045166
0.061495691537857056 0.8282174468040466 1.6665122509002686
-1.2729358673095703 0.302001953125 0.08413619548082352
0.7405644655227661 0.8572355508804321 -0.3193003833293915
-1.7955645322799683 0.8876847624778748 -0.10492493957281113
-0.25622421503067017 0.3036963641643524 0.5119010210037231
-1.167966604232788 0.9939439296722412 -0.46158578991889954
-0.9900904893875122 0.35029664635658264 0.06890389323234558
-1.958811640739441 0.7958489656448364 0.9190002679824829
0.5350808501243591 0.8642329573631287 -0.5790045857429504
-1.067205548286438 0.2961416244506836 -0.5814569592475891
-0.7910439372062683 0.8726152777671814 -0.9691780805587769
-1.4189568758010864 1.0162336826324463 0.16106568276882172
-1.6537799835205078 0.8532136082649231 -0.3484027087688446
0.25767967104911804 0.284606397151947 -0.21997427940368652
-1.5557340383529663 0.9508370161056519 -0.09897759556770325
-0.39903688430786133 0.7240592837333679 -0.8564876914024353
-0.3761025369167328 0.8802309632301331 -0.846791684627533
-0.4549867510795593 0.47926318645477295 1.1492934226989746
-1.423742413520813 0.7249148488044739 -0.6083269715309143
0.30914774537086487 1.115065336227417 1.1708970069885254
-1.0776276588439941 0.8214824199676514 -0.6981834769248962
-0.5825586915016174 0.34205418825149536 0.5885596871376038
0.4606577455997467 0.8378762006759644 0.8756111860275269
-1.6920299530029297 0.8742245435714722 0.1595589965581894
0.45831364393234253 0.304060697555542 0.278749018907547
0.24544954299926758 0.829643726348877 -0.6777173280715942
-0.2524198591709137 0.31844499707221985 -0.26424816250801086
0.47934162616729736 0.861142635345459 -0.3616308271884918
-1.4156094789505005 0.29914405941963196 -0.24223993718624115
0.6147300601005554 1.0933283567428589 0.5976638793945312
-0.0800660103559494 0.9974451065063477 1.3549189567565918
0.5771943926811218 1.011733889579773 0.3450932204723358
-0.9000771045684814 0.284606397151947 -0.4182952344417572
0.5652115345001221 0.4724752604961395 -0.05571887642145157
-0.17457817494869232 0.3091830611228943 -0.7646082639694214
-1.541500449180603 0.9226976633071899 0.8683125972747803
-1.3652265071868896 0.9972026348114014 -0.3229047954082489
0.14428533613681793 0.9802536964416504 1.4972871541976929
-0.69340980052948 0.3166119456291199 1.0078927278518677
-0.1378970742225647 1.0281293392181396 1.4982154369354248
-0.6463407874107361 0.9313768744468689 -0.6710858345031738
0.45623084902763367 0.6377016305923462 -0.5301530957221985
0.458561509847641 1.1299455165863037 1.0110872983932495
0.5728073120117188 0.9867328405380249 0.1390179842710495
0.406297504901886 0.8671835660934448 1.0956811904907227
0.20311716198921204 0.32832542061805725 -0.6123505234718323
-0.7520174384117126 0.3185391128063202 -0.4695725739002228
-0.7706955075263977 0.790131151676178 -0.8069155812263489
0.08947902917861938 0.9476112723350525 -0.3776267170906067
-1.3526877164840698 1.0877842903137207 -0.06597930192947388
-0.8057698607444763 0.28680726885795593 0.1314924657344818
-0.9115228652954102 0.2855011820793152 -0.22162313759326935
-0.9461008310317993 0.8314540982246399 -0.5511500835418701
0.1379765123128891 0.9637331366539001 1.2794389724731445
-0.38951969146728516 1.0520867109298706 1.448468565940857
-0.4514007270336151 0.3033432364463806 0.03075813502073288
-0.848778486251831 0.6757096648216248 0.7267879843711853
0.4985513985157013 0.9776168465614319 0.6150593757629395
-0.06429414451122284 0.3616761267185211 0.5913816094398499
-0.3195631206035614 0.3048373758792877 0.1205013245344162
-0.0010017603635787964 0.532254695892334 1.0858978033065796
-0.6384112238883972 0.7820522785186768 -0.5973376631736755
-0.1469348520040512 0.6463185548782349 1.25438392162323
-0.5051825046539307 0.4389624297618866 -0.5468525886535645
-1.740640640258789 0.801110565662384 0.7106557488441467
-1.1479517221450806 0.9568439722061157 1.1838232278823853
-1.6975353956222534 0.6898424625396729 1.0273442268371582
-1.6182607412338257 0.8023990392684937 0.553459107875824
-1.203174352645874 0.815087080001831 1.5039924383163452
-0.1803981065750122 0.502599835395813 -0.6444308757781982
-1.4769808053970337 0.8911817073822021 1.0389751195907593
-0.9032386541366577 0.3399621248245239 0.9488968849182129
-0.8939135670661926 1.0276215076446533 -0.4529678523540497
-1.249677062034607 0.6267021298408508 1.2110148668289185
-0.13351225852966309 0.4578864872455597 -0.18212711811065674
0.008607068099081516 0.8758336901664734 -0.6304824352264404
-0.9508899450302124 0.5183179974555969 -0.1767040491104126
-1.4134541749954224 0.7795858979225159 1.5069979429244995
-0.5052137970924377 0.8836576342582703 1.5097383260726929
-1.5177682638168335 0.9126861691474915 0.3614644408226013
0.23837429285049438 0.43473517894744873 0.420003741979599
0.4050181806087494 0.8653317093849182 -0.0990593209862709
-0.38703233003616333 0.9324182271957397 -0.6044207811355591
-1.3132251501083374 0.7274037003517151 0.9509493708610535
-1.467596411705017 0.7151286602020264 0.09891176223754883
-0.9180585145950317 0.9375055432319641 1.4240387678146362
-0.8283969163894653 0.6977066397666931 1.0889768600463867
0.5656548142433167 0.6655533909797668 0.6212289333343506
0.34374210238456726 0.7905529141426086 -0.3256862461566925
-1.0275957584381104 0.47863584756851196 0.49161970615386963
-1.458321452140808 0.8722162842750549 1.2420358657836914
0.0234009250998497 0.8367193937301636 -0.510067880153656
-0.30674928426742554 0.5229467153549194 0.37845924496650696
0.4985205829143524 0.8939105868339539 0.18369674682617188
-1.0956043004989624 0.9239240288734436 1.3556885719299316
-0.6348652243614197 0.6179607510566711 1.5708709955215454
-0.11047470569610596 0.4233801066875458 0.8241904973983765
-1.5004762411117554 0.8036815524101257 0.7309871912002563
-0.726350724697113 0.6969133019447327 0.43136829137802124
0.2958417534828186 0.4535609781742096 -0.04576031491160393
-0.7068018317222595 0.6760939955711365 0.8749038577079773
-1.608747959136963 0.7395895719528198 1.366896629333496
-0.47650420665740967 0.45045799016952515 0.7388055920600891
-1.0147756338119507 0.6560171246528625 0.666770339012146
0.17472970485687256 0.3271239697933197 0.09751629084348679
0.21993479132652283 0.6909655332565308 0.9789661765098572
0.01732102409005165 0.8623360991477966 1.096411943435669
-0.5648682117462158 0.913240909576416 1.3040215969085693
-0.04697529971599579 0.5294220447540283 0.35589760541915894
-0.6955525279045105 0.4966891407966614 0.21201588213443756
-1.023929476737976 0.6520816683769226 -0.03569994866847992
-0.3904631733894348 0.7735069394111633 1.1043550968170166
-0.6269821524620056 0.3866400122642517 0.4173765778541565
-1.3423010110855103 0.9699194431304932 0.5717002749443054
0.2725861668586731 0.7589284181594849 -0.03580108657479286
-0.18912944197654724 0.7904664278030396 -0.17875055968761444
-0.6052734851837158 0.7113679051399231 0.1765439659357071
-0.6845731139183044 0.8703975677490234 -0.34065359830856323
0.1927802711725235 0.7250223755836487 0.4405285716056824
-0.5183148980140686 0.3504636287689209 -0.11971467733383179
-0.8485328555107117 0.8823277950286865 1.0849246978759766
-1.350907325744629 0.7134495377540588 0.40838488936424255
-1.2117972373962402 0.9344326853752136 0.878403902053833
-0.4733840823173523 0.8481829166412354 -0.30487093329429626
-0.07569435983896255 0.7462307214736938 0.04054834693670273
0.3528546690940857 0.6489811539649963 0.6764172911643982
-1.0272157192230225 0.2903633117675781 1.5990701913833618
-0.21226143836975098 0.8153828978538513 -0.44801896810531616
-0.006998154334723949 1.4626617431640625 0.7635263204574585
0.19167286157608032 0.819700300693512 0.17602455615997314
-1.1838653087615967 0.8428006768226624 -0.03495610132813454
-0.3812953233718872 1.3050328493118286 0.5521789193153381
-0.5112422704696655 0.7072718739509583 0.8083629012107849
-1.014070749282837 0.8542462587356567 0.6370839476585388
-1.0971542596817017 0.8389262557029724 0.2746906280517578
-0.9185231924057007 0.7324486970901489 -0.31409579515457153
-0.6751699447631836 0.7039217352867126 -0.04426860064268112
-0.9115678668022156 0.7252416610717773 0.22709211707115173
-0.1044420599937439 1.3838399648666382 0.6036913394927979
-0.44863224029541016 1.5920565128326416 0.24448688328266144
-0.06836426258087158 1.5318233966827393 0.39599379897117615
-0.2548930048942566 0.6371785998344421 0.8909880518913269
-0.17365838587284088 0.7199078798294067 0.7434847950935364
-0.21038497984409332 1.413055658340454 0.4169920086860657
-0.3622490167617798 0.6960610151290894 0.06621041893959045
0.05143970251083374 0.7772108912467957 0.6227383613586426
-0.5971972942352295 1.4126189947128296 0.43707960844039917
-0.28226542472839355 1.2782622575759888 0.7395231127738953
-0.3444039821624756 1.3936065435409546 1.0725973844528198
-0.1557299643754959 0.6965815424919128 0.366969496011734
-0.4657408595085144 1.5204637050628662 1.1794354915618896
-0.39409035444259644 1.407362699508667 0.3481801748275757
-0.5650911331176758 1.3426870107650757 0.9861164093017578
-0.16595101356506348 1.3584349155426025 0.8900221586227417
-0.4294416010379791 1.2728075981140137 0.8644167184829712
-0.7928013801574707 1.498525619506836 0.9109929800033569
-0.2553068697452545 1.702690839767456 0.21823161840438843
-0.02718527987599373 1.635067105293274 0.9927030205726624
-0.6818756461143494 1.5122499465942383 1.0971665382385254
-0.1754142940044403 1.5199819803237915 1.0879559516906738
-0.38381603360176086 1.7189406156539917 1.2532423734664917
-0.5557100176811218 1.2888929843902588 0.6564701199531555
-0.444629967212677 0.6926361322402954 0.5149717330932617
-0.6915768384933472 1.622758388519287 0.4041541516780853
-0.6914175152778625 1.3568964004516602 0.8012471199035645
-0.6268620491027832 1.988771915435791 1.009860873222351
-0.5092179775238037 1.8364176750183105 0.26862990856170654
-0.05599747970700264 1.7598938941955566 0.295830637216568
0.08541901409626007 1.7180145978927612 0.5237662196159363
-0.6320495009422302 1.7873728275299072 1.1964387893676758
-0.42971232533454895 1.9703083038330078 0.6093416810035706
0.086301289498806 1.610395908355713 0.7146444916725159
0.0874265506863594 1.8449739217758179 0.8213946223258972
0.037571944296360016 1.9786078929901123 0.43658414483070374
-0.7520565390586853 1.4657024145126343 0.6150280833244324
-0.7951413989067078 1.7731637954711914 0.9956628084182739
-0.46119827032089233 3.7856502532958984 0.29251769185066223
-0.18804070353507996 2.2513480186462402 0.6529122591018677
0.07045470178127289 3.8085970878601074 0.6759320497512817
-0.12980183959007263 1.8280866146087646 1.1388225555419922
-0.027138516306877136 2.008821487426758 0.9886571168899536
-0.15444490313529968 3.7670326232910156 0.38502606749534607
-0.4141554534435272 2.1179165840148926 0.8115923404693604
-0.239033043384552 2.010669708251953 0.2769259810447693
-0.020184654742479324 3.811434268951416 0.5029717683792114
-0.3099135458469391 1.9817665815353394 1.1908349990844727
-0.43795567750930786 2.1344752311706543 1.0772098302841187
-0.24290259182453156 2.1752920150756836 0.4523693025112152
0.07179977744817734 2.0444934368133545 0.6709901690483093
-0.6448999047279358 1.867709755897522 0.5728985071182251
-0.12459097057580948 2.22219181060791 0.9174075126647949
-0.38124045729637146 3.5244381427764893 0.6765932440757751
-0.3067813217639923 3.6404833793640137 0.35147514939308167
-0.8050137162208557 1.7267738580703735 0.7382704019546509
-0.648470938205719 3.7519760131835938 0.4208633601665497
-0.5837147831916809 3.7219388484954834 0.9435335397720337
-0.5984862446784973 3.59733510017395 0.7656535506248474
-0.5545539855957031 3.5639584064483643 0.5900638103485107
-0.3607020974159241 3.601928949356079 0.9346886277198792
-0.7291285991668701 3.720815420150757 0.6592729687690735
-0.4065427780151367 3.789787769317627 1.0676933526992798
0.1619880199432373 4.152280807495117 0.7059838771820068
-0.45888280868530273 3.9733707904815674 0.2669501304626465
-0.2418397217988968 3.527926445007324 0.6956390142440796
-0.5699285268783569 3.9829390048980713 1.002332091331482
-0.05842624232172966 3.6170177459716797 0.6917243003845215
-0.3945715129375458 3.5362210273742676 0.46517395973205566
-0.5376208424568176 4.300779342651367 0.6331899166107178
0.2221069633960724 4.049510478973389 0.8366106152534485
-0.22677595913410187 3.9923977851867676 1.0768707990646362
-0.1296282857656479 3.6034767627716064 0.8733031153678894
-0.044782936573028564 4.0565948486328125 0.42373982071876526
0.055345192551612854 3.862428903579712 0.9403141736984253
-0.2796666622161865 4.09893274307251 0.28214848041534424
-0.03902004286646843 4.221468925476074 0.5436784625053406
-0.7828719615936279 3.906550884246826 0.5554579496383667
-0.15594545006752014 3.743729591369629 1.0279810428619385
-0.001079934067092836 4.046175479888916 1.0461302995681763
-0.591349184513092 4.198118209838867 0.9278658032417297
-0.2595142424106598 5.84907341003418 -0.03800253942608833
-0.7444204688072205 3.942150831222534 0.8244749307632446
-0.6434222459793091 5.745251655578613 0.435260146856308
-0.30780836939811707 4.242371559143066 0.9718683958053589
-0.6031211018562317 4.105435848236084 0.48370903730392456
-0.015343030914664268 4.494600772857666 0.4500753581523895
-0.47032439708709717 4.590100288391113 0.7825173735618591
-0.6381147503852844 4.390521049499512 0.546031653881073
0.009998506866395473 4.324263095855713 0.980063259601593
0.06856250017881393 4.419455051422119 0.5579236745834351
-0.44667282700538635 5.674336910247803 0.1362711787223816
0.22141121327877045 4.317923545837402 0.8378536105155945
-0.3917901813983917 5.627259731292725 0.34304919838905334
-0.16110725700855255 5.714749813079834 0.1562822163105011
-0.25172483921051025 4.466212749481201 0.41144949197769165
-0.22193896770477295 4.539426803588867 0.86521315574646
-0.3059668242931366 5.650463581085205 0.141767218708992
-0.4453572630882263 5.774527072906494 0.6113199591636658
-0.4614522457122803 5.9101433753967285 0.7147249579429626
-0.5630585551261902 5.709944725036621 0.11519299447536469
-0.3172553479671478 4.554210186004639 0.5866265296936035
-0.25020620226860046 5.984879493713379 0.6724395155906677
-0.7227655649185181 5.901268482208252 0.37123924493789673
-0.0015793964266777039 6.097855567932129 0.3083501160144806
-0.41032201051712036 6.005993366241455 -0.08286204934120178
-0.0035854768939316273 6.678582191467285 0.9183430075645447
-0.22496072947978973 5.733097553253174 0.5087937712669373
-0.5950415730476379 5.9184699058532715 0.013244198635220528
-0.057817183434963226 5.821545600891113 0.2550729513168335
0.26672446727752686 6.871659755706787 0.9394281506538391
-0.6498070359230042 6.243522644042969 0.1738785207271576
-0.5366543531417847 6.074375152587891 0.747894823551178
-0.5226361751556396 5.684512615203857 0.483032763004303
-0.6962719559669495 6.075625419616699 0.19861604273319244
-0.2475884109735489 6.144258499145508 -0.03962615132331848
-0.07094473391771317 5.9112348556518555 0.44444456696510315
0.10837554931640625 6.711267948150635 0.8005840182304382
-0.5261664986610413 6.358443260192871 0.5217486023902893
0.11090484261512756 6.922584056854248 0.7264978885650635
-0.09832808375358582 6.1151204109191895 0.1383500099182129
0.19355913996696472 6.782567501068115 1.028722882270813
0.08092956244945526 6.791006088256836 1.0914883613586426
-0.11256883293390274 6.0514702796936035 0.6870352625846863
-1.4885796308517456 6.71702766418457 1.1322615146636963
-0.6086322069168091 6.162109375 0.5760771632194519
-0.17564107477664948 6.866039276123047 0.8944165110588074
-0.4161706864833832 6.515191555023193 0.10318664461374283
-0.282476544380188 6.34793758392334 0.02618030458688736
-0.442625492811203 6.487147331237793 0.6747213006019592
-0.19047234952449799 6.262718200683594 0.8367972373962402
-1.4868135452270508 6.694704532623291 1.193735957145691
0.08990053087472916 7.139009475708008 0.724297046661377
-0.39016515016555786 7.306601524353027 0.30164456367492676
-0.4974529445171356 6.491612434387207 0.23109838366508484
-0.15013940632343292 7.008281230926514 1.1761455535888672
-0.21353429555892944 6.4879069328308105 0.22930216789245605
-0.42375823855400085 6.876595973968506 0.20051072537899017
-0.41550904512405396 7.258755207061768 0.2178984433412552
0.1380581557750702 7.095134258270264 1.222331166267395
-0.4429824650287628 7.084627628326416 0.25298386812210083
-0.1294550597667694 6.409765243530273 0.4742904007434845
-0.37342894077301025 7.843352794647217 0.20901399850845337
0.22622716426849365 7.2854461669921875 1.0471031665802002
-0.40048491954803467 7.430254936218262 0.08789727091789246
-0.648535966873169 7.429994583129883 0.3758663237094879
-0.5784766674041748 7.4924445152282715 0.49624326825141907
-0.11523470282554626 6.799700736999512 1.0475974082946777
0.020568078383803368 7.294666290283203 1.22254478931427
-0.6508825421333313 7.5790534019470215 0.05425940826535225
0.02281232923269272 7.423454284667969 0.9901881217956543
-0.663537859916687 7.455099105834961 0.23060935735702515
-0.3332846462726593 7.550921440124512 0.09664919972419739
-0.3447585999965668 7.891504287719727 0.44553467631340027
-0.06535114347934723 6.267173767089844 0.7510419487953186
-0.49940043687820435 7.735444068908691 0.01440860889852047
0.14955741167068481 8.915519714355469 0.13241860270500183
0.2317584902048111 8.845117568969727 0.5279204845428467
-0.4253518581390381 8.080031394958496 0.46729761362075806
-0.6760786175727844 7.926618576049805 0.0902436301112175
-0.0027812179177999496 7.438360214233398 0.6258891820907593
-0.1598227620124817 7.309200763702393 0.8881272077560425
-0.6916062831878662 8.475716590881348 0.2331678718328476
-0.5291455984115601 7.694541931152344 0.5290914177894592
-0.6684259176254272 8.066689491271973 0.3540245592594147
-0.632908284664154 8.11109447479248 0.07989370822906494
-0.6332216262817383 8.340879440307617 0.38086938858032227
-0.1449318528175354 7.2361345291137695 0.9097247123718262
0.34728702902793884 8.852498054504395 0.3358531594276428
0.13228215277194977 8.71866226196289 0.2779853641986847
-0.6163865923881531 7.686342716217041 0.5232828855514526
0.3128857910633087 8.898902893066406 0.15232177078723907
-0.1425081342458725 8.723268508911133 0.3657950460910797
-0.6055969595909119 8.771198272705078 0.4669839143753052
-0.6135846376419067 8.6585111618042 0.34740978479385376
-0.21001894772052765 8.838865280151367 0.2973025143146515
0.06209807097911835 8.7229585647583 0.3800833821296692
-0.6888701915740967 8.676239967346191 0.07203368842601776
-0.7698317170143127 9.212335586547852 -0.11675266921520233
-0.16981805860996246 9.102173805236816 0.5500271320343018
-0.8578383922576904 9.134374618530273 -0.06098448112607002
-0.6643391847610474 9.290251731872559 0.2828425467014313
0.17961694300174713 8.739227294921875 0.5141738653182983
-0.7377920746803284 8.922778129577637 0.36527425050735474
0.3340643644332886 9.155258178710938 0.3100053369998932
-0.806633710861206 8.745742797851562 0.13602659106254578
-0.8329086303710938 9.119482040405273 0.2346983551979065
0.15349477529525757 9.191288948059082 0.3568953275680542
0.05511502921581268 9.291259765625 0.42333006858825684
-0.10684256255626678 9.124786376953125 0.652266800403595
-0.4677421748638153 9.328402519226074 0.09591180086135864
-0.2068473845720291 9.20895004272461 0.7190294861793518
-0.43316951394081116 8.956210136413574 0.20118257403373718
-0.40820595622062683 8.99217414855957 0.4030113220214844
-0.6129157543182373 9.196573257446289 -0.16002653539180756
-0.17045249044895172 9.402026176452637 0.5615255236625671
-0.5837156176567078 8.914006233215332 0.0026869885623455048
-0.051693253219127655 9.338099479675293 0.7326523661613464
-1.2697372436523438 10.250997543334961 1.017675757408142
0.09572243690490723 9.72440242767334 0.9025445580482483
-0.9653304815292358 9.371927261352539 0.025927908718585968
0.02939264476299286 9.670284271240234 0.829413115978241
-0.9120209813117981 9.552899360656738 -0.16489577293395996
-0.8141017556190491 9.5526123046875 -0.14756152033805847
-0.05659857019782066 9.880152702331543 0.581182062625885
0.11923521012067795 9.7514009475708 0.6084817051887512
-0.7793672680854797 9.630728721618652 0.19972361624240875
0.09530487656593323 9.909662246704102 0.6209036707878113
0.37226682901382446 9.788150787353516 0.9440880417823792
-0.8523207306861877 9.892158508300781 -0.02760455384850502
-0.082334965467453 10.093411445617676 0.5479598045349121
-0.3727788031101227 10.315600395202637 -0.12457850575447083
-0.7977108955383301 9.64794921875 0.21381494402885437
0.26546433568000793 9.732132911682129 1.0268492698669434
-0.952727735042572 10.120654106140137 0.0270477756857872
0.09604451060295105 10.031617164611816 0.5039719939231873
0.2080971896648407 10.115553855895996 0.6521151661872864
-1.2319196462631226 10.339868545532227 0.8857621550559998
-1.0968436002731323 10.43972396850586 1.020650029182434
-0.8245420455932617 10.586502075195312 0.7597864866256714
-0.34800583124160767 10.389362335205078 -0.17911499738693237
-0.9992585778236389 10.342999458312988 0.08123057335615158
-0.9893995523452759 10.597688674926758 0.7605700492858887
-0.9434664249420166 10.303495407104492 0.13904426991939545
-0.6694176197052002 10.724393844604492 0.8524290919303894
-0.9638173580169678 10.490029335021973 0.7678760886192322
-0.28450092673301697 10.55029010772705 -0.09046441316604614
-0.2354242503643036 10.793787002563477 1.1631256341934204
-0.9238446354866028 10.491047859191895 0.42530930042266846
-1.0376296043395996 10.538619995117188 0.9493532180786133
-0.80476313829422 10.515268325805664 0.01958458498120308
-0.9069784283638 10.804314613342285 0.5942322611808777
-0.9652453660964966 10.773945808410645 0.4820843040943146
-0.7258754968643188 10.723844528198242 0.6690512895584106
-0.9179721474647522 10.605545997619629 0.15066565573215485
0.219572052359581 10.844074249267578 0.49650898575782776
-0.25032758712768555 10.690108299255371 -0.19148945808410645
-1.0412262678146362 10.65005874633789 0.34776002168655396
0.1964033842086792 10.848438262939453 0.5249937772750854
-0.2904438376426697 10.791393280029297 1.2303991317749023
-0.947856068611145 10.748052597045898 0.21300525963306427
0.4192972183227539 10.969972610473633 0.3796299695968628
-0.7036601901054382 10.884186744689941 0.6716434359550476
-1.2212843894958496 11.090121269226074 1.2102798223495483
0.03611518070101738 11.000523567199707 1.173822045326233
-0.8137810230255127 10.809502601623535 0.05029625818133354
-0.2116655856370926 10.933717727661133 -0.01076960377395153
0.1969357430934906 11.046126365661621 0.744236946105957
0.5056300163269043 11.063908576965332 0.20122390985488892
-0.9614874720573425 11.057160377502441 0.8627280592918396
-1.1748931407928467 11.228141784667969 1.259399652481079
-1.336411476135254 11.18415641784668 0.04908899590373039
-0.8654552698135376 11.071808815002441 0.785628080368042
0.18234041333198547 11.154267311096191 0.9539584517478943
0.47835153341293335 11.29179859161377 0.8445835709571838
-1.1936384439468384 11.275347709655762 -0.20673751831054688
-0.7625223398208618 11.275554656982422 0.7710633277893066
0.01032055914402008 11.2378511428833 1.1130897998809814
-0.2315927892923355 11.344799995422363 0.5874284505844116
-0.8314327597618103 11.325936317443848 0.46828746795654297
-1.2458215951919556 11.427019119262695 -0.2937740087509155
-0.4486182630062103 11.440237045288086 1.3477567434310913
-0.7573216557502747 11.358783721923828 0.7395156621932983
-0.13756631314754486 11.451091766357422 1.0503805875778198
-0.49030712246894836 11.461393356323242 0.02590879797935486
-1.0664498805999756 11.452617645263672 -0.2956354320049286
-0.7137315273284912 11.502408981323242 -0.06299521028995514
-0.08950000256299973 11.4597806930542 0.8660603761672974
-0.03915608674287796 11.494344711303711 1.039509654045105
-0.9819052815437317 11.522934913635254 -0.23662704229354858
-0.005326045211404562 11.521380424499512 1.013164758682251
-0.5381766557693481 11.559700965881348 1.0663546323776245
-0.7103510499000549 11.555380821228027 0.433705598115921
-1.2479002475738525 11.565260887145996 0.782842755317688
-1.0571391582489014 11.578781127929688 1.2462184429168701
