1246
-2.386474370956421 0.2846064567565918 1.5950284004211426
-2.3863744735717773 0.2845063805580139 -0.7608203887939453
-2.3863744735717773 0.5590255260467529 0.6343690752983093
0.9210299253463745 0.5325300097465515 -0.8876561522483826
-2.126230001449585 0.284606397151947 0.024632059037685394
-1.3405075073242188 0.2845063805580139 -1.2053003311157227
-0.42575591802597046 0.284606397151947 1.1852797269821167
-1.032871127128601 0.284606397151947 -0.9399462342262268
-0.9683894515037537 0.2845063805580139 -1.2052973508834839
0.9210302829742432 0.2845063805580139 -1.2053344249725342
-2.3863754272460938 0.2845063805580139 -0.26373767852783203
-2.3863744735717773 0.2845063805580139 0.27253150939941406
-2.3863744735717773 0.2845063805580139 -0.4938087463378906
-1.7959928512573242 0.2845063805580139 2.141207695007324
-2.3863754272460938 0.2845063805580139 -0.016778945922851562
-2.386474609375 0.2846064567565918 0.6764311790466309
0.6570566892623901 0.2846062183380127 -1.2053992748260498
-0.5583876371383667 0.2845063805580139 -1.2052971124649048
-2.0888116359710693 0.284606397151947 1.3482775688171387
0.12322521209716797 0.2845063805580139 2.141207695007324
0.921029806137085 0.2845063805580139 -0.8915700316429138
0.92103111743927 0.2845063805580139 -0.7462053298950195
-2.386373519897461 0.2845063805580139 0.12000751495361328
-1.5656585693359375 0.284606397151947 1.8652935028076172
-0.4361496567726135 0.2845063805580139 -1.2052979469299316
-2.371908187866211 0.2845063805580139 2.141207695007324
-2.3863754272460938 0.2845063805580139 -0.13629436492919922
0.9210313558578491 0.2845063805580139 -0.9984368085861206
-2.1668038368225098 0.284606397151947 1.7113523483276367
-1.095905065536499 0.2845063805580139 -1.2052983045578003
0.9210300445556641 0.2845063805580139 1.3653221130371094
0.9210300445556641 0.5469142198562622 1.5270960330963135
-1.918910026550293 0.284606397151947 1.7153030633926392
-2.3863744735717773 0.5195842981338501 1.7559720277786255
-2.181575298309326 0.28460991382598877 2.141308307647705
0.9211299419403076 0.2846064567565918 -0.6776087284088135
-2.3863754272460938 0.2845063805580139 -0.6390876770019531
0.9211055040359497 0.284606397151947 -1.2053993940353394
-2.3863754272460938 0.2845063805580139 -0.8747682571411133
-1.9490571022033691 0.2846062183380127 2.141308307647705
0.9211300611495972 0.28460633754730225 0.8815925121307373
-1.4514250755310059 0.2846064567565918 -1.2053985595703125
0.25416436791419983 0.284606397151947 1.516502022743225
-0.5995455384254456 0.284606397151947 -0.9816460609436035
0.38808155059814453 0.2845063805580139 -1.2052974700927734
-2.386474370956421 0.28458714485168457 2.1412086486816406
-2.2011184692382812 0.284606397151947 0.9680549502372742
-0.47266697883605957 0.284606397151947 -0.8208476305007935
-2.38637375831604 0.5829513072967529 -1.2053983211517334
-2.386474609375 0.284606397151947 -1.2053496837615967
-1.727609395980835 0.284606397151947 -0.5622591376304626
-1.51556396484375 0.284606397151947 -0.9303914308547974
-2.386474370956421 0.2846064567565918 1.6898109912872314
-2.0100479125976562 0.284606397151947 -0.7014305591583252
0.9211301207542419 0.2846064865589142 2.0366501808166504
-1.8827886581420898 0.284606397151947 1.3491506576538086
0.32401639223098755 0.284606397151947 -0.9198145270347595
-1.5390515327453613 0.2846064567565918 -1.2053985595703125
-2.38637638092041 0.2845063805580139 0.5217475891113281
-1.6790144443511963 0.284606397151947 -0.7444496750831604
-0.07979854196310043 0.284606397151947 -1.0563281774520874
-1.2709285020828247 0.284606397151947 -1.0094575881958008
-1.8763561248779297 0.2846062183380127 -1.205398440361023
-2.386439323425293 0.2845063805580139 -1.2052993774414062
0.9211300611495972 0.2846065163612366 1.7746596336364746
-2.3863754272460938 0.2845063805580139 1.7991046905517578
-2.041092872619629 0.284606397151947 1.885556697845459
0.9211300611495972 0.28460657596588135 1.1043213605880737
-0.11545521020889282 0.28460636734962463 2.141308307647705
-2.3863754272460938 0.2845063805580139 -0.37670040130615234
0.5556192398071289 0.2845063805580139 2.141207695007324
0.9210786819458008 0.2845063805580139 2.141207695007324
-2.3863754272460938 0.2845063805580139 1.4852495193481445
0.9211300611495972 0.2846064567565918 1.6776862144470215
0.6521161794662476 0.284606397151947 1.9339758157730103
-1.2220594882965088 0.2846062183380127 -1.205398678779602
-1.963866114616394 0.284606397151947 -0.15128712356090546
0.9211300611495972 0.2846065163612366 1.4655570983886719
0.9210281372070312 0.2845063805580139 1.5737190246582031
-1.8688457012176514 0.284606397151947 1.152357816696167
-2.124995470046997 0.284606397151947 0.7343775033950806
-1.3197389841079712 0.2846062183380127 2.141308307647705
0.9211299419403076 0.2846064567565918 -0.584383487701416
0.9211301207542419 0.28455814719200134 2.1412081718444824
-2.3863744735717773 0.2845063805580139 0.9375801086425781
-1.7717573642730713 0.2846066951751709 -1.2053985595703125
-1.3075625896453857 0.284606397151947 -0.8047304749488831
0.9210309982299805 0.2845063805580139 1.8792037963867188
0.2838720977306366 0.7349439263343811 2.1412081718444824
-0.3731698989868164 0.2846064567565918 2.141308307647705
-0.013772130012512207 0.28460657596588135 -1.2053990364074707
-1.6752488613128662 0.2846062183380127 -1.2053985595703125
-1.977768898010254 0.284606397151947 -0.9224569797515869
-1.8622723817825317 0.5601149797439575 -1.2052985429763794
0.5776805281639099 0.284606397151947 0.45670127868652344
-1.4501409530639648 0.2845063805580139 2.141206741333008
-1.9555139541625977 0.2845063805580139 -1.2052984237670898
-0.6623039245605469 0.2846062183380127 2.141308307647705
-2.386375665664673 0.6787824630737305 2.141308307647705
-2.3863744735717773 0.2845063805580139 1.308915138244629
-0.7722934484481812 0.2846059799194336 2.141308307647705
0.9211300015449524 0.2846064567565918 0.6528828144073486
-2.386474370956421 0.2846064567565918 1.9171974658966064
-2.0824708938598633 0.284606397151947 1.1609493494033813
0.9211300015449524 0.28460657596588135 0.040703535079956055
-2.3607892990112305 0.2845063805580139 -1.2052993774414062
-2.3863744735717773 0.5016787052154541 1.2417815923690796
-0.6951639652252197 0.28460633754730225 -1.2053987979888916
-0.8815281391143799 0.2846059799194336 2.141308307647705
-2.3863754272460938 0.2845063805580139 1.1815996170043945
-0.9589959979057312 0.284606397151947 1.6864053010940552
-2.386474609375 0.7975520491600037 -1.2052984237670898
0.9210283756256104 0.2845063805580139 0.128418430685997
-2.1492152214050293 0.284606397151947 0.4854757487773895
-1.689813256263733 0.28460609912872314 2.141308307647705
-2.3863725662231445 0.2845063805580139 -1.005326271057129
-2.1488962173461914 0.2845063805580139 -1.2052984237670898
-2.386474370956421 0.2846066951751709 1.0603361129760742
0.9210299849510193 0.5347883701324463 -0.5680150389671326
-0.6129952669143677 0.284606397151947 1.8728938102722168
-1.3058979511260986 0.284606397151947 1.8545410633087158
-1.7486457824707031 0.284606397151947 -0.9561273455619812
-2.1994681358337402 0.284606397151947 -0.8666905760765076
-2.2064521312713623 0.284606397151947 -0.21706163883209229
-1.7918825149536133 0.284606397151947 1.8584558963775635
-0.8955984115600586 0.2845063805580139 -1.2052963972091675
-2.024825096130371 0.2845063805580139 -1.2052984237670898
0.05925285816192627 0.582318127155304 -1.2052991390228271
0.40875720977783203 0.2845063805580139 2.141206741333008
0.9211299419403076 0.7680370807647705 -1.2052996158599854
-1.5718942880630493 0.2846062183380127 2.141308307647705
-2.386474609375 0.9075493216514587 -1.2053120136260986
-2.051121711730957 0.28461015224456787 2.141308307647705
-0.3508041501045227 0.2845063805580139 -1.2052979469299316
0.9210281372070312 0.2845063805580139 1.2155370712280273
0.5856508016586304 0.284606397151947 -0.12210524827241898
0.9211299419403076 0.5329575538635254 -1.2052991390228271
-1.9243654012680054 0.284606397151947 0.5986912846565247
0.9211300015449524 0.2846064567565918 -0.25562047958374023
0.26980841159820557 0.2845063805580139 -1.205297589302063
-0.8147209882736206 0.2845063805580139 -1.2053000926971436
-0.0069103240966796875 0.2845063805580139 2.141207695007324
-0.2692839503288269 0.2845063805580139 -1.2052968740463257
0.8255013227462769 0.2846064567565918 -1.2053992748260498
0.5475302934646606 0.284606397151947 -0.9257925152778625
-0.8435086607933044 0.284606397151947 1.9138981103897095
0.9211300015449524 0.2846064567565918 0.2505054473876953
-1.0815662145614624 0.2846062183380127 2.141308307647705
0.2856239080429077 0.28460633754730225 2.141308307647705
0.4182353913784027 0.284606397151947 1.1611511707305908
0.11168670654296875 0.2845063805580139 -1.2052996158599854
-2.386474370956421 0.8981533050537109 2.1412079334259033
-1.6360559463500977 0.5582490563392639 -1.2052985429763794
0.9210330247879028 0.2845063805580139 0.5534565448760986
-0.28957605361938477 0.284606397151947 1.6776515245437622
-1.870335578918457 0.2845063805580139 2.141206741333008
-0.6089420318603516 0.5020663142204285 -1.205298900604248
0.5383925437927246 0.2845063805580139 -1.2052974700927734
0.38827648758888245 0.284606397151947 1.889328122138977
-0.5815019607543945 0.2845063805580139 2.1412086486816406
-0.49059009552001953 0.28460636734962463 2.141308307647705
0.4688684940338135 0.2846062183380127 -1.2053991556167603
-0.13904263079166412 0.284606397151947 0.8760131597518921
0.6559223532676697 0.284606397151947 -0.3132783770561218
0.18687736988067627 0.2846064567565918 -1.2053991556167603
0.05404273420572281 0.284606397151947 0.1902175098657608
-1.2019388675689697 0.2846059799194336 2.141308307647705
-0.14911654591560364 0.284606397151947 1.8718522787094116
0.9211300015449524 0.2846064567565918 -0.05788874626159668
0.9211300611495972 0.2846064567565918 0.7833967208862305
0.0995611920952797 0.284606397151947 -0.8738420605659485
0.9211300015449524 0.2846064567565918 -0.48018574714660645
-1.8686443567276 0.284606397151947 0.24411550164222717
-2.386474609375 0.2846064567565918 0.40023183822631836
0.9210292100906372 0.2845063805580139 -0.36927530169487
0.2746554911136627 0.284606397151947 -0.5812376141548157
0.6003350615501404 0.284606397151947 1.388927698135376
0.9211301207542419 0.31889447569847107 2.1412081718444824
-0.2955888509750366 0.284606397151947 -0.6983948349952698
-1.481521487236023 0.284606397151947 -0.7321763634681702
-0.7996874451637268 0.284606397151947 -0.9072766304016113
0.12138351798057556 0.284606397151947 1.664326786994934
-0.07871764153242111 0.284606397151947 1.6963441371917725
0.6984764337539673 0.284606397151947 -0.7840572595596313
0.9211300015449524 0.2846064567565918 0.4258570671081543
-0.31234198808670044 0.284606397151947 -0.9184474349021912
-0.10547378659248352 0.284606397151947 -0.6528119444847107
0.6197978258132935 0.284606397151947 -0.5525683164596558
-1.3391178846359253 0.284606397151947 -0.6039918661117554
-2.0926191806793213 0.284606397151947 0.24535033106803894
-1.9052687883377075 0.284606397151947 0.7900142073631287
-1.0116112232208252 0.5458207130432129 2.1412081718444824
-2.0686957836151123 0.284606397151947 1.5368844270706177
0.6604884266853333 0.284606397151947 1.60867178440094
-2.386373519897461 0.2845063805580139 -0.5698528289794922
-2.1220178604125977 0.284606397151947 -0.5718985795974731
0.9210281372070312 0.2845063805580139 1.2845792770385742
0.03417673707008362 0.284606397151947 -0.5223327279090881
-1.877307415008545 0.284606397151947 1.5520339012145996
-2.386448621749878 0.2846043109893799 2.141308307647705
-1.7744371891021729 0.284606397151947 0.9499005079269409
0.48531976342201233 0.2846064269542694 2.141308307647705
0.9210301041603088 0.8353559374809265 2.141308307647705
-2.3863744735717773 0.6973299980163574 1.88029146194458
-2.386474370956421 0.2846064567565918 0.8547883033752441
-0.772085428237915 0.284606397151947 -0.40096259117126465
-0.26909857988357544 0.28460636734962463 2.141308307647705
-1.8514693975448608 0.284606397151947 -0.7612903118133545
-2.3863747119903564 0.44466352462768555 -1.2053983211517334
-1.702332854270935 0.284606397151947 1.6725496053695679
-2.3863744735717773 0.5586633682250977 -0.3878600001335144
-2.3863744735717773 0.5496198534965515 -0.8766140341758728
-1.4982364177703857 0.284606397151947 1.31298828125
-1.4317944049835205 0.284606397151947 1.1256159543991089
-2.3863744735717773 1.1345200538635254 -1.1349208354949951
-1.3580420017242432 0.5171850323677063 -1.205298662185669
-2.386474609375 0.2846064567565918 0.19284582138061523
-0.5513814687728882 0.7300191521644592 -1.205298900604248
-2.0342910289764404 0.284606397151947 -0.3805676996707916
-1.8550069332122803 0.284606397151947 -0.2858690023422241
-2.3863744735717773 0.5921958088874817 1.0611735582351685
-1.9150984287261963 0.284606397151947 0.048149894922971725
-1.88234281539917 0.284606397151947 -0.5240172147750854
-0.7827066779136658 0.284606397151947 1.714029312133789
0.49597057700157166 0.284606397151947 -0.7102094292640686
-1.5376181602478027 0.284606397151947 -0.536177933216095
0.9210299253463745 0.6501180529594421 -1.2053993940353394
-1.698136329650879 0.284606397151947 1.2574766874313354
-1.9429062604904175 0.284606397151947 0.41611799597740173
0.5578278303146362 0.5703621506690979 -1.2052992582321167
0.06497421860694885 0.284606397151947 -0.17856991291046143
0.20391082763671875 0.2845063805580139 2.141207695007324
0.9211300611495972 0.28460657596588135 0.9907896518707275
0.2687194049358368 0.284606397151947 0.5299935340881348
-2.3808088302612305 1.0222504138946533 -1.2052984237670898
-1.0776511430740356 0.5259325504302979 -1.2052987813949585
-0.984610378742218 0.2846062183380127 2.141308307647705
-0.9183188676834106 0.284606397151947 -0.7519444227218628
-1.2874557971954346 0.284606397151947 1.673962950706482
-2.3863744735717773 0.4897100031375885 -0.11473674327135086
0.9210295677185059 0.3948670029640198 -1.2053993940353394
-1.865128755569458 0.717200517654419 2.1412081718444824
-1.083343744277954 0.284606397151947 1.2580249309539795
-2.3863749504089355 0.5630799531936646 2.141308307647705
-1.6994911432266235 0.284606397151947 -0.3307243883609772
0.9210301041603088 0.48692476749420166 2.141308307647705
-1.4730995893478394 0.284606397151947 1.6992498636245728
0.05879144370555878 0.284606397151947 0.41772550344467163
-1.1151909828186035 0.284606397151947 0.87750244140625
-2.3863744735717773 0.7905871868133545 -0.9264513850212097
-0.9927864670753479 0.284606397151947 1.4779696464538574
-2.3863747119903564 0.6956272125244141 -1.2053983211517334
-2.386474370956421 0.45076465606689453 2.1412086486816406
-2.3849680423736572 1.105691909790039 2.1154677867889404
-2.3863754272460938 0.7896667718887329 2.141308307647705
-0.49118831753730774 0.6026847958564758 2.1412081718444824
-0.15950095653533936 0.5386297106742859 -1.2052990198135376
0.9210300445556641 0.537213146686554 0.9420392513275146
-2.3863773345947266 0.2845063805580139 0.6208839416503906
0.9210300445556641 0.6146031618118286 2.141308307647705
0.6606422662734985 0.7575698494911194 -1.2052992582321167
-0.18948154151439667 0.2846064567565918 2.141308307647705
0.9210300445556641 0.5398619771003723 1.761566400527954
0.9210304617881775 0.2845063805580139 0.3446525037288666
0.9211300015449524 0.2846064567565918 -0.16339635848999023
-2.3863744735717773 0.6616557240486145 0.025847388431429863
-0.9188205599784851 0.284606397151947 0.08381567150354385
-1.9222311973571777 0.7555556297302246 -1.2052985429763794
-2.3863744735717773 0.575995147228241 -0.6556496620178223
-1.1882731914520264 0.284606397151947 1.4428775310516357
-1.3366440534591675 0.284606397151947 -0.41082343459129333
-2.3863754272460938 0.2845063805580139 1.3941516876220703
-0.030316142365336418 0.284606397151947 -0.3349810838699341
0.46232858300209045 0.284606397151947 -0.3271140456199646
0.09341607987880707 0.284606397151947 1.8689299821853638
-0.509260356426239 0.284606397151947 -0.6479541063308716
-1.7689279317855835 0.284606397151947 -0.09044483304023743
0.9210301637649536 0.9350687265396118 2.141308307647705
-0.821563720703125 0.5828335285186768 -1.205298900604248
0.9210300445556641 0.5177911520004272 0.6708589196205139
-1.651841163635254 0.284606397151947 1.0792008638381958
-2.028754234313965 0.5444180369377136 2.1412081718444824
-2.3863744735717773 0.5343149900436401 0.8514896035194397
-1.3840150833129883 0.2846059799194336 2.141308307647705
-2.3863744735717773 0.7089052796363831 -0.24617639183998108
-1.3560963869094849 0.284606397151947 1.4800467491149902
-2.1020991802215576 0.595845103263855 -1.2052984237670898
-0.743541419506073 0.607405960559845 2.1412081718444824
-0.6575871706008911 0.284606397151947 1.5633814334869385
-0.3025117814540863 0.284606397151947 -0.044195279479026794
0.667077362537384 0.5838817954063416 2.1412081718444824
0.9211299419403076 0.8857813477516174 -1.2052948474884033
0.9211299419403076 0.9913167953491211 -1.2052993774414062
0.9210299849510193 0.5883783102035522 -0.3574364185333252
0.9210300445556641 0.7039446830749512 1.884700894355774
-2.3863744735717773 0.6001588106155396 0.40770578384399414
0.9210299253463745 0.6677055954933167 -0.7356159687042236
0.9210300445556641 0.7306366562843323 1.624252200126648
0.9210299849510193 0.540858805179596 0.19734622538089752
-1.19495689868927 0.284606397151947 -0.27746373414993286
0.4250795841217041 0.284606397151947 -0.08531215041875839
-2.3863744735717773 0.7619516849517822 1.7112380266189575
0.6067361235618591 0.284606397151947 1.1623398065567017
0.01633063703775406 0.284606397151947 1.51690673828125
0.48181286454200745 0.5329435467720032 2.1412081718444824
0.9210299253463745 0.7803679704666138 -0.9487424492835999
-2.073551654815674 0.7383704781532288 2.1412081718444824
-1.2765041589736938 0.5875550508499146 2.1412081718444824
0.9211301207542419 0.7333611249923706 2.1412081718444824
-0.14937268197536469 0.2884976267814636 2.6925244331359863
-1.7522141933441162 0.284606397151947 0.40387049317359924
0.5072776079177856 0.284606397151947 1.7209919691085815
0.9210300445556641 0.5778948068618774 1.1937602758407593
0.9210299849510193 0.7306913137435913 0.2659725844860077
0.9210300445556641 0.8860031962394714 1.7665408849716187
-2.027374267578125 0.9381517171859741 2.1412081718444824
-2.3863744735717773 0.5519132614135742 1.5298758745193481
-1.2819591760635376 0.284606397151947 1.2410544157028198
-0.8090178966522217 0.284606397151947 1.4860403537750244
-2.3863744735717773 0.7086539268493652 1.3130921125411987
-2.3863744735717773 0.743412971496582 1.5191630125045776
-2.3863744735717773 0.7675599455833435 -0.7429810166358948
-1.083764672279358 0.284606397151947 1.8670382499694824
0.24232885241508484 0.5594350695610046 2.1412081718444824
-0.6780728101730347 0.284606397151947 -0.7462692856788635
-1.7092292308807373 0.284606397151947 1.476862907409668
-2.3863744735717773 0.767853856086731 0.946922779083252
-1.7366974353790283 0.284606397151947 0.13617870211601257
-1.4905563592910767 0.5789667367935181 2.1412081718444824
-0.3821538984775543 0.284606397151947 1.8507850170135498
-0.8542590737342834 0.7497397065162659 2.5566906929016113
-1.4163941144943237 0.284606397151947 0.29621070623397827
-1.1260221004486084 0.284606397151947 -0.7600238919258118
-1.2994637489318848 1.040043830871582 2.1412081718444824
-0.3883388340473175 0.5834223031997681 -1.2052990198135376
-1.2091118097305298 0.6932387948036194 -1.2052987813949585
-2.3863744735717773 0.9269593358039856 1.3839844465255737
-2.0864317417144775 0.8457701802253723 -1.2052984237670898
-2.3863744735717773 1.0437381267547607 1.810705304145813
0.685483992099762 0.284606397151947 0.6191498041152954
-0.022137753665447235 0.6005498766899109 2.1412081718444824
0.09378846734762192 0.284606397151947 -0.7029355764389038
-0.010890334844589233 0.7497397065162659 2.575788736343384
0.29434001445770264 0.5664529204368591 -1.2052991390228271
-2.3863744735717773 0.7551953792572021 0.5675742626190186
0.9210299849510193 0.5300171971321106 -0.11642744392156601
0.40339794754981995 1.1199040412902832 2.1314048767089844
-2.0642712116241455 0.905026376247406 -0.04132496193051338
-1.454863429069519 0.6978621482849121 -1.205298662185669
0.6411430239677429 0.284606397151947 0.07231633365154266
-0.1403810977935791 0.28460657596588135 -1.2053990364074707
-0.6117449402809143 0.28729620575904846 2.6925244331359863
0.9210299849510193 0.5727551579475403 0.4303557872772217
-1.950443148612976 0.9027458429336548 1.7682437896728516
-1.0982003211975098 0.284606397151947 0.2796660363674164
-2.0535356998443604 0.8175519704818726 -0.3087908625602722
-1.6510732173919678 0.7432393431663513 2.1412081718444824
0.4043188989162445 0.284606397151947 1.3341790437698364
0.4821583330631256 0.8736154437065125 -1.2052992582321167
-1.9422086477279663 1.2659862041473389 -1.0109633207321167
-1.5818917751312256 0.284606397151947 0.5822115540504456
-1.7522176504135132 0.284606397151947 0.6393416523933411
-1.5998682975769043 0.284606397151947 -0.09856968373060226
-1.0755577087402344 0.7159799933433533 2.1412081718444824
-1.65702486038208 0.284606397151947 0.8126833438873291
-1.8047970533370972 0.9262208342552185 2.1412081718444824
-2.3863744735717773 0.8219631314277649 -0.07297155261039734
0.4385562837123871 0.284606397151947 -0.5237014293670654
-1.553452730178833 0.284606397151947 0.14177164435386658
-2.3863744735717773 1.1106702089309692 -0.8939400911331177
0.3824876844882965 0.7162726521492004 -1.2052992582321167
-1.7572932243347168 0.5530616641044617 2.1412081718444824
0.9210299849510193 0.6778097152709961 0.03420056402683258
0.9210299849510193 0.7248519659042358 -0.23075832426548004
-1.5273513793945312 0.284606397151947 1.5252195596694946
-1.9681659936904907 0.284606397151947 0.9813091158866882
0.4608129858970642 0.284606397151947 1.5316157341003418
-2.3863744735717773 0.7800092101097107 0.7550411820411682
-0.8550713658332825 0.7497397065162659 2.494274616241455
-0.463961124420166 0.284606397151947 2.6939480304718018
-0.7993015050888062 0.284606397151947 1.1069170236587524
0.41639581322669983 0.284606397151947 0.35190993547439575
-2.0450732707977295 0.707662045955658 -0.630457878112793
-1.7451552152633667 0.7609221339225769 -1.2052985429763794
-2.3863744735717773 0.7380554676055908 -0.5120564103126526
-1.3871535062789917 0.7706355452537537 2.1412081718444824
-2.3863744735717773 0.5655826330184937 0.21066176891326904
-1.2801450490951538 0.284606397151947 0.1591843217611313
-1.3378478288650513 0.8582633137702942 -1.205298662185669
-1.2761856317520142 0.284606397151947 0.404575914144516
-0.2625902593135834 0.6148462295532227 2.1412081718444824
-2.3863744735717773 0.8108093738555908 1.1489402055740356
-1.4513300657272339 0.284606397151947 0.7574701905250549
-2.0658905506134033 0.8675405979156494 0.9440791010856628
0.3179289996623993 0.284606397151947 1.7008219957351685
0.5207779407501221 1.1181237697601318 -1.2052992582321167
-1.4836996793746948 0.284606397151947 0.955703854560852
-1.3717678785324097 0.7509974241256714 1.8063828945159912
-0.5342391133308411 0.284606397151947 1.6927696466445923
-2.0787532329559326 0.849747896194458 -0.8305177092552185
-2.2387959957122803 1.1515072584152222 -1.2052984237670898
-0.8764634132385254 0.3232056498527527 3.2076284885406494
-0.37281081080436707 0.2931695878505707 3.443101406097412
-1.1748714447021484 0.864611804485321 2.124661445617676
-2.026768684387207 0.8181335926055908 1.4627230167388916
-1.850595474243164 0.6557778120040894 1.7686363458633423
-1.5765749216079712 0.284606397151947 0.3766341209411621
0.5551975965499878 0.7739852070808411 2.1412081718444824
-0.3232835531234741 0.284606397151947 2.6976277828216553
0.8607060313224792 1.1481733322143555 2.1412081718444824
0.30285677313804626 0.284606397151947 0.9715340733528137
-1.3937989473342896 0.284606397151947 -0.18046683073043823
0.42379534244537354 0.8881182074546814 2.1412081718444824
-0.502240002155304 0.284606397151947 -0.3152081370353699
0.6553924679756165 0.284606397151947 0.9303513765335083
0.9210300445556641 0.692787766456604 1.3830736875534058
-0.9579547047615051 1.073225975036621 2.1412081718444824
-2.3863744735717773 0.9470316767692566 1.6304700374603271
0.5802079439163208 1.1357347965240479 2.138822317123413
-0.20272688567638397 0.284606397151947 1.5301792621612549
-0.7022722363471985 0.30107173323631287 3.488421678543091
-0.22550725936889648 0.7368044853210449 -1.2052990198135376
0.9210300445556641 1.0610185861587524 1.5976557731628418
0.9210300445556641 0.7194026112556458 0.6499665379524231
0.9171369671821594 1.0438240766525269 2.140953540802002
0.9210299849510193 0.9025905728340149 0.1248205229640007
-2.3863744735717773 0.9647292494773865 0.08505181968212128
-0.3312641382217407 0.284606397151947 1.3251839876174927
0.9210300445556641 0.7135751247406006 0.8453009128570557
0.012817551381886005 0.752695620059967 -1.2052991390228271
-1.7350132465362549 0.8171934485435486 -0.8761469125747681
0.9210299253463745 1.1611437797546387 -1.16157066822052
-0.04997575283050537 0.31482383608818054 2.8081791400909424
0.9210299849510193 0.8256087899208069 -0.43491387367248535
-2.385356903076172 1.0073856115341187 2.1412081718444824
0.9210299849510193 0.7916784286499023 0.4912690818309784
-2.3863744735717773 0.9089277386665344 -0.6169412136077881
-2.04235577583313 1.1636953353881836 -1.1928409337997437
0.9210300445556641 0.9366554617881775 1.0777482986450195
0.915671169757843 1.1921031475067139 1.9676698446273804
0.5406140089035034 0.7517412900924683 1.7080825567245483
-1.5942187309265137 0.8657146692276001 -1.205298662185669
-0.7251113057136536 0.774825394153595 -1.205298900604248
-2.3863744735717773 0.7854193449020386 0.22171719372272491
0.45715761184692383 0.796135425567627 -0.9526335000991821
-0.11433620005846024 0.9127247333526611 -1.2052990198135376
-1.884040117263794 0.9800962805747986 -1.2052985429763794
-2.3863744735717773 0.8579977750778198 0.4152725338935852
-2.1752145290374756 1.1311917304992676 2.1220953464508057
-1.3886665105819702 0.284606397151947 0.5739887356758118
-1.8924485445022583 0.6631826758384705 -0.8181453943252563
-1.8050224781036377 0.6636821031570435 -0.60598224401474
0.21006464958190918 0.284606397151947 1.1221493482589722
-0.8808826804161072 0.284606397151947 1.283060073852539
0.9210300445556641 0.7276772260665894 1.0705516338348389
0.14286769926548004 0.3787142336368561 3.088034152984619
-1.4144859313964844 0.284606397151947 0.01705331727862358
0.9210299253463745 0.7757617831230164 -0.5976876616477966
-2.3863744735717773 0.8842699527740479 -0.31183555722236633
-0.7740164995193481 0.284606397151947 0.569084107875824
-1.7952524423599243 1.1603111028671265 -1.2032078504562378
-1.228891134262085 0.284606397151947 -0.06872421503067017
-2.3863744735717773 1.03263258934021 0.9656882882118225
0.8643447160720825 1.1881811618804932 -1.2052993774414062
-1.1657519340515137 0.284606397151947 -0.5680360198020935
-0.9755261540412903 0.7153538465499878 -1.2052987813949585
-2.3803746700286865 1.147607684135437 -0.27547475695610046
-2.3850600719451904 1.1261266469955444 -0.7122341990470886
0.22052332758903503 0.284606397151947 -0.39978358149528503
-2.375735282897949 1.106799602508545 -0.46885576844215393
-0.5966172218322754 0.922755241394043 -0.9167737364768982
-0.39590615034103394 0.8425126075744629 -1.2052990198135376
-0.6198174357414246 0.4615190923213959 3.185821056365967
-1.8522396087646484 0.9921017289161682 -0.7878775000572205
0.8895594477653503 1.1741617918014526 1.7506263256072998
-1.557814359664917 1.0826733112335205 -1.205298662185669
-0.9251902103424072 0.284606397151947 0.3942548930644989
0.9210300445556641 1.0991322994232178 1.3407549858093262
-2.3798086643218994 1.1440423727035522 -0.07895924150943756
0.2207133024930954 0.284606397151947 -0.05701014772057533
-0.3768920302391052 0.284606397151947 -0.5162032842636108
0.9210299253463745 0.8909506797790527 -0.7658600211143494
-1.5147931575775146 0.284606397151947 -0.32095491886138916
0.9210300445556641 0.9058409333229065 0.863147497177124
-0.03602728247642517 0.30605316162109375 3.461643934249878
-0.979711651802063 0.284606397151947 -0.5810863971710205
0.853787362575531 1.295013427734375 -0.9007826447486877
-0.1174725666642189 0.284606397151947 -0.8260805010795593
-2.3794443607330322 1.1197495460510254 1.1982489824295044
-2.2306463718414307 1.2651292085647583 -0.8412039875984192
-0.1417156159877777 1.0403772592544556 2.342473268508911
-1.0181074142456055 0.284606397151947 1.096737027168274
0.0682763159275055 0.30160531401634216 3.1903634071350098
-0.8803743124008179 0.9065870642662048 -1.2052987813949585
0.6253057718276978 0.8192018866539001 -0.7657639384269714
0.9210300445556641 0.8706738948822021 1.495869755744934
0.9210299849510193 0.8427117466926575 -0.10391699522733688
0.47671881318092346 1.2294672727584839 1.8122609853744507
0.3145732581615448 0.284606397151947 -0.7531307339668274
-0.7931016683578491 0.284606397151947 -0.5993096232414246
-1.1088333129882812 0.8887514472007751 -1.2052987813949585
0.3647395074367523 1.292797565460205 -1.1106423139572144
-2.0511767864227295 0.9655837416648865 -0.5392584204673767
-0.8446013331413269 0.284606397151947 -0.08461860567331314
-1.0528602600097656 0.284606397151947 -0.3917958736419678
-1.4644544124603271 0.8167121410369873 -0.8819066882133484
0.09012620151042938 1.1235146522521973 2.1309444904327393
-0.1267666071653366 0.31555888056755066 3.482365369796753
-0.6727762818336487 0.284606397151947 -0.2309619039297104
-2.3756015300750732 1.193508505821228 1.0360398292541504
0.9210300445556641 1.017196536064148 0.6829899549484253
-0.08490312844514847 0.284606397151947 0.5220255255699158
-0.314583420753479 0.284606397151947 -0.2952842116355896
0.3601036071777344 0.8201065063476562 1.9085073471069336
-1.2748072147369385 1.13782799243927 -0.8936473727226257
0.07287868857383728 0.3385034203529358 2.9730427265167236
-0.860624372959137 0.7944180369377136 -0.8733077645301819
-2.3863744735717773 1.0313183069229126 0.7749784588813782
-2.0758614540100098 1.2199751138687134 1.8463811874389648
-2.0294110774993896 0.7363176345825195 1.20012629032135
-2.0538229942321777 0.8682423233985901 0.5445722937583923
-1.5425167083740234 0.9273087382316589 2.1412081718444824
0.008255720138549805 1.012355923652649 -0.9849010109901428
-2.3540360927581787 1.1667295694351196 1.5627793073654175
-1.2335889339447021 0.284606397151947 1.0577428340911865
-1.3449153900146484 1.1251773834228516 -1.205298662185669
-1.8015168905258179 0.6782260537147522 1.5615073442459106
-0.2770572304725647 0.8060198426246643 -0.9193111062049866
0.2223670929670334 0.8230992555618286 -1.2052991390228271
-1.5585163831710815 0.6850900650024414 -0.7090961933135986
-1.9381866455078125 1.1280511617660522 2.116929292678833
-0.7402598857879639 0.3133835196495056 2.6944761276245117
-2.381739377975464 1.120827317237854 0.37091735005378723
0.6026908159255981 0.284606397151947 0.27150967717170715
0.9135944247245789 1.1553678512573242 -0.7481077313423157
-0.5869166254997253 1.0228766202926636 -1.205298900604248
-1.9161221981048584 0.6747459769248962 0.9518869519233704
-1.9732552766799927 0.6712175011634827 -0.10233622044324875
-1.463936448097229 1.1182602643966675 2.1372299194335938
-1.684446096420288 0.8287599086761475 1.8015236854553223
0.9210299849510193 1.1697425842285156 0.28498271107673645
0.915932834148407 1.1725707054138184 -0.95734703540802
-1.8780144453048706 0.6749057173728943 0.14174863696098328
-2.3675262928009033 1.1698819398880005 1.8554043769836426
0.11171100288629532 1.0714191198349 -1.2052991390228271
-0.9617783427238464 1.2932283878326416 -0.8748312592506409
0.9140505790710449 1.1600703001022339 -0.2515110373497009
-1.7211782932281494 1.117809772491455 2.1327054500579834
-0.9293497800827026 0.3877703547477722 3.0721707344055176
0.22816221415996552 0.284606397151947 1.329363465309143
-2.284358263015747 1.320960283279419 -0.13272245228290558
0.3716762959957123 0.6280235052108765 -0.793840765953064
-1.553707242012024 0.6864275932312012 1.6186567544937134
-2.0423924922943115 0.7072104811668396 1.6543320417404175
-1.2971068620681763 0.284606397151947 0.8679648041725159
-1.946393370628357 0.6636340618133545 0.6935803294181824
0.2998773455619812 0.284606397151947 -0.23976483941078186
0.35168206691741943 1.1605703830718994 1.6834537982940674
0.2503223419189453 1.071118950843811 2.1348860263824463
-0.8714494109153748 0.2892214059829712 2.938103437423706
0.6246544718742371 1.1717959642410278 -0.6056679487228394
-1.7459876537322998 0.9026586413383484 -0.5875388383865356
-1.9869214296340942 1.2887648344039917 -0.7407227158546448
-0.8837474584579468 0.38680338859558105 3.3985822200775146
-1.8778059482574463 0.694045901298523 -0.3556506931781769
-2.3826801776885986 1.0932892560958862 0.6163344383239746
0.6466472744941711 1.2460963726043701 -1.183354377746582
-0.14130143821239471 1.1893523931503296 -1.1959421634674072
-1.3974003791809082 1.3188000917434692 -0.9883070588111877
-1.135887622833252 1.1329314708709717 -1.2052987813949585
0.9210299849510193 1.0366100072860718 -0.4386428892612457
-1.2853678464889526 0.7111924290657043 -0.8001394867897034
-1.8565282821655273 1.2218103408813477 1.7922636270523071
-2.078274726867676 0.8154045939445496 0.27047619223594666
-2.3662145137786865 1.164686679840088 1.360640525817871
-0.841139554977417 1.1138908863067627 -1.205298900604248
0.3343190550804138 1.1274899244308472 -1.1949259042739868
0.5504356622695923 0.914186954498291 1.5434987545013428
-1.121226191520691 0.284606397151947 1.6265677213668823
-0.3374362587928772 1.102665662765503 -1.2052990198135376
0.34375664591789246 0.284606397151947 0.7853959798812866
0.8981475830078125 1.2115167379379272 -0.5978062152862549
-2.324225425720215 1.2684903144836426 -0.5164459943771362
-0.6832326650619507 0.284606397151947 0.4003787338733673
-1.4640228748321533 1.2174229621887207 1.942859411239624
-2.385225534439087 1.220659852027893 0.5635930299758911
-2.3733291625976562 1.1749085187911987 0.18642456829547882
-1.6719999313354492 1.3394038677215576 -0.9012088179588318
-1.5747134685516357 1.2305630445480347 -1.1774100065231323
-1.9895200729370117 1.306441307067871 -0.5039304494857788
0.4593220353126526 0.284606397151947 0.12615349888801575
-1.098580241203308 1.2842389345169067 -1.17539644241333
0.49195370078086853 0.6914908289909363 -0.661851704120636
-0.23663946986198425 0.4243863821029663 3.630743980407715
0.4839394688606262 0.284606397151947 0.9718479514122009
-0.16269750893115997 0.284606397151947 -0.18322037160396576
-0.7902929186820984 1.234853744506836 -1.1942386627197266
0.5338644981384277 0.284606397151947 0.7581725120544434
-1.1045876741409302 0.284606397151947 0.0737505629658699
-0.28223153948783875 0.284606397151947 1.0568419694900513
-0.41952601075172424 0.284606397151947 1.5322082042694092
0.03213648870587349 1.3368383646011353 -0.9420377016067505
-0.7657037377357483 0.6196525692939758 2.892744779586792
-1.4298603534698486 0.9693014621734619 -0.6797864437103271
-1.3233486413955688 0.6543152928352356 1.5994341373443604
-0.12525343894958496 0.284606397151947 1.157973051071167
-0.7541722655296326 0.284606397151947 0.9194685816764832
-2.097346544265747 1.2496278285980225 1.3131579160690308
-0.5169286131858826 1.2089219093322754 -1.1812880039215088
0.7185608744621277 1.2448118925094604 1.9916208982467651
-1.6593332290649414 1.2716981172561646 1.7692406177520752
-0.01012615580111742 0.7535692453384399 2.7047696113586426
-0.647965669631958 0.4130769371986389 3.638803482055664
-1.895534873008728 0.6890602111816406 0.43838801980018616
-1.7431223392486572 1.306649088859558 -0.6857172846794128
-1.7953823804855347 1.3176915645599365 -0.3006599247455597
-1.206244945526123 0.284606397151947 0.6856769919395447
-1.7807505130767822 0.6939252614974976 1.3581336736679077
-1.5924761295318604 1.32474684715271 -0.41743311285972595
0.11154208332300186 1.2361431121826172 -1.1716185808181763
0.9135500192642212 1.1381957530975342 0.06234996020793915
-1.1283483505249023 1.1326614618301392 2.1393818855285645
-1.6663602590560913 0.6854645013809204 -0.29721778631210327
0.8799229860305786 1.172070860862732 0.7804909944534302
0.9128410220146179 1.1400001049041748 1.1113711595535278
0.5473257303237915 1.3416355848312378 -0.8703470826148987
-2.1384153366088867 1.3381704092025757 0.5709936618804932
-1.8174561262130737 1.2399134635925293 1.450673222541809
-1.095836877822876 0.8294362425804138 -0.8274756073951721
0.5856614708900452 0.7166833281517029 -0.4447261393070221
0.6956413984298706 1.2273709774017334 1.3082565069198608
0.1042010486125946 0.4119173586368561 3.365187168121338
0.2513186037540436 0.6561441421508789 1.739233374595642
0.29683995246887207 0.9066026210784912 -0.8539016842842102
-0.9423061609268188 0.8508686423301697 1.9290183782577515
-0.30324575304985046 1.2924245595932007 -1.1135708093643188
0.914944589138031 1.1548465490341187 0.5292609930038452
-0.47948595881462097 0.39180904626846313 3.6011760234832764
-0.8550745248794556 0.7607152462005615 2.494032621383667
0.0676993802189827 0.6984198689460754 -0.8432745337486267
0.9161651134490967 1.1711041927337646 -0.07385657727718353
-2.2964510917663574 1.3326404094696045 0.1655542254447937
-0.16087403893470764 0.46336784958839417 3.1161856651306152
-1.712321162223816 0.7259603142738342 0.9113350510597229
-0.6010032892227173 0.676025390625 -0.8131025433540344
-2.229912519454956 1.2664556503295898 0.8992446660995483
-2.0704479217529297 1.3721065521240234 -0.2868831753730774
-1.2143911123275757 1.1295112371444702 1.7839505672454834
-1.7759512662887573 0.9765684604644775 1.5629597902297974
-1.8703147172927856 0.8675440549850464 0.7035961151123047
-0.5468294024467468 0.284606397151947 1.3962345123291016
-1.9479326009750366 1.2784298658370972 1.1415834426879883
-0.7862206697463989 0.323322594165802 3.337035894393921
0.6566900610923767 1.2615222930908203 0.6316550374031067
-1.0434132814407349 0.284606397151947 -0.13639141619205475
-0.5009052157402039 0.284606397151947 0.4063570201396942
-0.7648367881774902 1.0917526483535767 2.3439297676086426
0.11705967783927917 0.284606397151947 0.8705263733863831
-0.6613758206367493 0.284606397151947 -0.02003365382552147
-1.3269213438034058 1.252872347831726 1.6781162023544312
0.8678344488143921 1.2111891508102417 1.532087802886963
-0.4134490489959717 0.38977476954460144 3.37483549118042
-0.007167251780629158 0.284606397151947 1.028031587600708
0.5609017610549927 1.3523386716842651 -0.5864711403846741
0.03275959938764572 0.8373012542724609 2.1403021812438965
-0.6092218160629272 0.284606397151947 -0.5121477842330933
0.8718549609184265 1.2831417322158813 -0.38523852825164795
-2.045921564102173 1.336654543876648 0.8085973858833313
-0.366840124130249 0.42728301882743835 3.1137969493865967
-0.1582546830177307 0.809078574180603 2.7297918796539307
-0.919747531414032 1.2035248279571533 1.947129726409912
-0.11580762267112732 0.9350982904434204 -0.7745694518089294
-1.5110098123550415 1.2538844347000122 1.5095094442367554
-2.1478002071380615 1.3569871187210083 0.3581125736236572
-0.6504064202308655 1.1667940616607666 2.1258606910705566
0.14906814694404602 0.284606397151947 0.6731652617454529
-0.611253023147583 0.5522862672805786 3.036003351211548
-1.8070393800735474 0.684734582901001 1.1470304727554321
-0.38371437788009644 0.7313834428787231 2.895902633666992
0.9154073596000671 0.8585852384567261 1.2571265697479248
-0.8770597577095032 0.6537181735038757 -0.6807646751403809
0.050072334706783295 1.2145296335220337 1.9420315027236938
-0.6801689267158508 0.284606397151947 0.17932544648647308
0.3628835380077362 1.1685235500335693 -0.744339644908905
-1.460599422454834 0.6941804885864258 -0.5322064757347107
-0.07178115099668503 0.7558515667915344 2.6381995677948
-0.47443240880966187 0.284606397151947 -0.11344381421804428
-0.9540764689445496 0.284606397151947 0.7413206100463867
-1.4265681505203247 0.9633552432060242 1.6012897491455078
-1.4862489700317383 1.3160218000411987 -0.6466689705848694
-0.6912980079650879 0.284606397151947 1.283381462097168
-0.5516855716705322 0.7396044731140137 2.768993854522705
-2.011019229888916 1.2950620651245117 -0.06834369152784348
0.7248844504356384 1.2857763767242432 0.29163455963134766
-0.8561974167823792 1.365761160850525 -0.9120224714279175
-0.13416257500648499 0.7961229085922241 2.007671356201172
-0.2920621931552887 0.284606397151947 0.7107469439506531
-1.1953004598617554 1.3588457107543945 -0.7606692314147949
0.7019966840744019 0.9164385199546814 -0.21703742444515228
0.566741943359375 1.3287936449050903 1.0481418371200562
-1.7828514575958252 1.0227673053741455 -0.3550269305706024
-1.0387670993804932 1.2558646202087402 1.7048081159591675
-1.8241311311721802 0.8621246218681335 -0.09229804575443268
-1.4520539045333862 1.2946834564208984 -0.23162847757339478
0.24188107252120972 1.3629997968673706 -0.7973430156707764
0.44047844409942627 0.284606397151947 0.5985130667686462
-0.9401227831840515 0.284606397151947 0.9233862161636353
-1.8414736986160278 1.3380661010742188 0.7743488550186157
0.24593916535377502 0.284606397151947 0.3176935017108917
0.6223580837249756 1.3162152767181396 -0.27354156970977783
0.41877686977386475 0.6373446583747864 1.57779860496521
-0.28144872188568115 0.9888306856155396 2.5314347743988037
-0.12894843518733978 0.284606397151947 1.3515331745147705
-2.1052017211914062 1.1999768018722534 1.5806303024291992
-1.6012358665466309 1.2566418647766113 1.2820062637329102
-1.6472713947296143 0.8910590410232544 1.1715372800827026
-1.1277514696121216 0.6679059863090515 -0.6599919199943542
-0.2673886716365814 1.3307172060012817 -0.8504941463470459
-1.8179489374160767 1.013576865196228 1.0074293613433838
-0.5336901545524597 0.9889074563980103 2.504267454147339
-1.9076288938522339 1.012861728668213 1.2763510942459106
0.9126276969909668 0.9756214022636414 0.39196670055389404
0.8673074841499329 1.2215670347213745 0.9749981760978699
-1.840296745300293 0.898139476776123 0.2406470775604248
-0.5964808464050293 1.1816227436065674 1.8772194385528564
-0.29245084524154663 0.6333657503128052 -0.7282577157020569
-0.5339609384536743 0.284606397151947 0.9512802362442017
0.5687617659568787 0.7508827447891235 1.039795994758606
0.4830537438392639 1.2163158655166626 1.52476966381073
0.5166707038879395 0.6988994479179382 1.3574544191360474
-0.13877250254154205 0.284606397151947 0.3088761568069458
0.27598142623901367 0.284606397151947 0.12061966210603714
0.3894253671169281 1.2528363466262817 0.9943188428878784
0.4135742783546448 0.8623600006103516 -0.5340614318847656
-0.6441241502761841 0.8450761437416077 2.235145330429077
-0.3830733895301819 1.157669186592102 2.0473995208740234
-0.7363153696060181 0.8277831077575684 2.71431565284729
-0.1709923893213272 1.2180980443954468 1.7237423658370972
-0.9009568095207214 0.284606397151947 -0.2841811776161194
0.16526784002780914 1.2166154384613037 1.6605937480926514
-1.1380696296691895 0.284606397151947 0.5119527578353882
0.6522831916809082 0.9424120783805847 0.2243855744600296
0.40057113766670227 1.2558698654174805 1.3105943202972412
-0.30913981795310974 0.5645444393157959 3.0140602588653564
-0.1888584941625595 0.284606397151947 -0.47797277569770813
-0.5185277462005615 1.3579468727111816 -0.8130434155464172
0.6370091438293457 0.7357493042945862 0.5047342777252197
0.27728357911109924 0.8023340106010437 1.4852828979492188
-1.6861872673034668 0.6810532808303833 0.020816953852772713
-0.0185997374355793 0.284606397151947 -0.00019917299505323172
-0.17773522436618805 1.1636396646499634 2.0586752891540527
0.04129065200686455 0.28960761427879333 1.288912057876587
0.1647326946258545 0.8728086948394775 1.6972278356552124
-0.41695767641067505 0.7831122279167175 2.4501099586486816
-0.8561710715293884 0.284606397151947 0.2442837655544281
-0.045895207673311234 0.284606397151947 0.7184361815452576
-0.9642769694328308 0.673825204372406 1.7453070878982544
0.27187201380729675 1.2963659763336182 -0.4422426223754883
-0.6478781700134277 1.3007516860961914 -0.8094442486763
-1.4482663869857788 0.8530614972114563 1.407994270324707
0.2502422630786896 0.7160056829452515 -0.6410553455352783
0.4559367895126343 0.7449048161506653 1.1732797622680664
-0.3633364140987396 0.8626916408538818 2.1387863159179688
-1.4902242422103882 0.6528724431991577 1.2444888353347778
-0.5092440843582153 0.284606397151947 0.14666667580604553
-0.4259304702281952 0.7923291325569153 -0.7267659306526184
-1.3454617261886597 0.6460891962051392 -0.21645879745483398
-0.82231205701828 1.334166407585144 -0.6068539619445801
-0.1521596759557724 1.026882529258728 1.6974397897720337
-1.4112143516540527 0.9426254034042358 -0.40075013041496277
-0.5873648524284363 0.284606397151947 1.1192083358764648
-0.043792933225631714 0.639413595199585 -0.6975183486938477
-1.1140620708465576 0.7252370715141296 1.606751561164856
0.5135394930839539 0.7487602829933167 -0.21808885037899017
-1.7156507968902588 0.7527331113815308 0.3663261830806732
-1.7017322778701782 0.7291523218154907 0.6270601749420166
-0.02898366004228592 1.3699049949645996 -0.6358799338340759
0.2646920084953308 1.3744909763336182 -0.5752832293510437
0.08760365843772888 1.250368356704712 1.160368800163269
-0.788305938243866 1.336017370223999 -0.3644423186779022
-1.0789070129394531 0.9480148553848267 -0.6272115111351013
-0.28184762597084045 1.2112101316452026 1.3125818967819214
-1.2391327619552612 1.312042236328125 -0.5841750502586365
-0.42375126481056213 1.3549319505691528 -0.581153154373169
-1.245240330696106 0.7431357502937317 -0.482353538274765
0.2620876431465149 1.189994215965271 0.928155243396759
-0.8134728074073792 1.3312937021255493 1.1289153099060059
-0.1756662130355835 0.6969590187072754 -0.5671854019165039
-1.6020784378051758 1.0142853260040283 -0.06446141749620438
-0.18951252102851868 1.2891813516616821 -0.7006133198738098
-1.2825820446014404 1.337347149848938 -0.31224653124809265
-1.0196812152862549 1.363486409187317 -0.440490186214447
0.6107445955276489 0.7011821866035461 0.09291604161262512
-0.10822484642267227 1.1276222467422485 -0.5383691787719727
-0.81777423620224 0.9033834338188171 -0.6799618005752563
0.548909604549408 1.3107845783233643 0.4562835991382599
0.5151119232177734 1.324663519859314 -0.17072591185569763
-1.1526679992675781 0.9754858016967773 -0.34780898690223694
0.5755423307418823 1.0307337045669556 0.8599144816398621
-1.1357927322387695 1.3183248043060303 -0.05925820395350456
-1.5185502767562866 0.8483473658561707 -0.19266358017921448
0.6512037515640259 1.320716381072998 0.055721964687108994
-1.4552276134490967 0.7115470767021179 0.7887215614318848
0.41025134921073914 0.5974854230880737 -0.3235135078430176
0.4569324851036072 1.2577096223831177 0.7120193839073181
-0.49652037024497986 0.708359956741333 1.7582699060440063
-0.6503756046295166 1.2077999114990234 1.545527458190918
-0.6394234895706177 0.6818270087242126 -0.6276017427444458
-1.1993696689605713 1.2598778009414673 0.5973466038703918
-1.0902528762817383 1.2661370038986206 1.1716135740280151
-1.1135380268096924 1.310762643814087 0.9811068177223206
-1.3057444095611572 1.2159415483474731 1.3430694341659546
0.42744460701942444 1.077430009841919 -0.3651683032512665
-0.7002690434455872 1.2786177396774292 1.379167079925537
-1.1245259046554565 1.3022434711456299 0.22514879703521729
-0.35096117854118347 0.284606397151947 0.8924292922019958
-0.9753357768058777 0.28455978631973267 0.5787421464920044
0.0816812589764595 0.6968802213668823 1.3535583019256592
-1.4697797298431396 1.280684471130371 0.9156142473220825
-1.0714576244354248 1.30398428440094 0.8165577054023743
-1.0899330377578735 1.2241134643554688 0.6174992322921753
-0.996425211429596 1.3729255199432373 -0.24712114036083221
-1.732324242591858 1.0481841564178467 0.6140132546424866
0.3899381756782532 0.6570231914520264 0.9869215488433838
-1.4684807062149048 1.313743233680725 1.118425726890564
-1.727226972579956 1.3093005418777466 0.9812859296798706
-0.9077779650688171 0.6866348385810852 1.421091914176941
-0.17046242952346802 0.284606397151947 0.10264044255018234
-1.071435570716858 1.0109516382217407 0.4769582748413086
-1.4515315294265747 0.670924961566925 0.274325966835022
-0.6351252198219299 1.222392201423645 -0.47092404961586
-1.506481647491455 0.8405854105949402 0.1942257434129715
-0.9890254139900208 0.6979606747627258 -0.429497629404068
-1.049631118774414 1.192535161972046 0.14856015145778656
-0.9842537641525269 1.2157719135284424 1.5057965517044067
-0.045855116099119186 0.6646812558174133 1.7040132284164429
-1.4847607612609863 0.8325379490852356 0.5195715427398682
-1.273340106010437 0.7333042621612549 1.2416828870773315
-0.9607491493225098 1.2122548818588257 -0.11795874685049057
-1.1830745935440063 0.8849177360534668 -0.10963574051856995
-0.2584032118320465 0.2995130717754364 0.5478624701499939
-0.43574774265289307 1.2553614377975464 1.6782881021499634
0.4523743689060211 0.6219430565834045 -0.00362223107367754
-0.5456998348236084 0.3076708912849426 0.7856823801994324
-1.113189935684204 0.6699898838996887 -0.16404731571674347
-1.4467891454696655 0.7076550126075745 0.9978452920913696
-0.7261410355567932 0.7022687196731567 1.7551392316818237
-0.5035606026649475 1.0238001346588135 -0.6707397699356079
-0.6323952078819275 0.6382644176483154 -0.4242667853832245
-1.3626329898834229 0.7533661127090454 0.0014731273986399174
-0.48933902382850647 0.284606397151947 0.5831086039543152
0.07430335879325867 1.19249427318573 1.4356749057769775
-1.3329259157180786 0.923691987991333 1.0674673318862915
-1.0686452388763428 0.6890816688537598 1.1993190050125122
-0.6999939680099487 0.284606397151947 0.7243658900260925
0.05226198956370354 0.8812594413757324 -0.6312549710273743
-0.026915986090898514 1.0642284154891968 1.0916376113891602
-1.3786300420761108 0.6730269193649292 0.5329744815826416
0.5200324654579163 0.8441326022148132 0.4526658356189728
-0.27771806716918945 0.7412296533584595 1.7372825145721436
-0.5759877562522888 0.9112730026245117 1.896500825881958
0.05714338272809982 0.8377711176872253 -0.42061057686805725
-0.38444826006889343 0.7973683476448059 -0.48967331647872925
-0.8013452887535095 0.9343380331993103 -0.4615653455257416
-0.026194646954536438 1.086441993713379 1.3333382606506348
0.5074110627174377 1.0366859436035156 0.08673247694969177
-1.12613046169281 0.8521533608436584 1.4273948669433594
-1.3568224906921387 0.9556720852851868 0.7995403409004211
-0.45362743735313416 0.6563424468040466 1.5149116516113281
0.2544125020503998 0.707668662071228 -0.3419993221759796
-1.2435048818588257 0.6747284531593323 0.22600729763507843
-0.220533087849617 1.0858566761016846 1.1896724700927734
-1.1042686700820923 1.0635570287704468 1.2349687814712524
0.383228600025177 0.7762993574142456 -0.10492534935474396
0.3450152277946472 0.8743571043014526 1.2804286479949951
-0.9123801589012146 0.9728375673294067 1.6874250173568726
0.5328352451324463 0.7002753615379333 0.7522282004356384
-0.04672675579786301 0.7908784747123718 1.548110008239746
-0.907514750957489 0.7925906777381897 -0.26673465967178345
-0.5725930333137512 0.835300624370575 1.5437660217285156
0.3757488429546356 0.8915343284606934 0.8816097378730774
-0.7828229665756226 0.8776872158050537 1.5498251914978027
0.0075074550695717335 0.5949995517730713 -0.3412272334098816
-0.9101417064666748 0.6058017015457153 -0.09905672073364258
-0.7226468920707703 1.2169477939605713 1.2384064197540283
-1.2190459966659546 0.8459529280662537 0.42735642194747925
-0.2820150852203369 0.5881924033164978 -0.3438863456249237
-1.2020901441574097 0.7678835391998291 0.7576128840446472
-0.8680349588394165 1.178478479385376 0.9301449656486511
-1.1649134159088135 0.8296515345573425 0.18454235792160034
0.2649362087249756 1.0350208282470703 1.123476266860962
-0.45616090297698975 1.2705166339874268 1.1751701831817627
-0.35331711173057556 1.1179465055465698 1.4781060218811035
0.37993124127388 0.560465931892395 0.20267604291439056
0.45366889238357544 0.6092475652694702 0.43513721227645874
-0.8082246780395508 0.8295133113861084 1.1610257625579834
0.36475688219070435 0.6126524806022644 0.7574704885482788
-0.6556742787361145 0.7015748620033264 1.358633279800415
0.11135520040988922 0.5050763487815857 0.6464367508888245
-1.047832727432251 0.8100888133049011 1.020277976989746
0.008943252265453339 0.5071927309036255 0.2887062430381775
-0.2461542785167694 0.6962742209434509 1.5041446685791016
-0.3491117060184479 0.30301201343536377 0.17184357345104218
-1.1422151327133179 0.6695992350578308 0.9325116872787476
-0.8895955085754395 0.5529576539993286 0.2718449532985687
0.12646612524986267 0.5902459621429443 1.1338893175125122
-0.5371426939964294 0.533356249332428 -0.04513903707265854
-0.36500486731529236 0.591465413570404 0.042710497975349426
-0.5218942165374756 0.5197561979293823 0.7819802165031433
0.321699857711792 0.6914482116699219 0.18895846605300903
-0.2033441960811615 0.5701073408126831 1.0830693244934082
-0.3346189260482788 0.35139432549476624 0.35707172751426697
-0.8801016807556152 0.6804060935974121 0.9724064469337463
-0.7449524402618408 0.7952307462692261 -0.18548935651779175
-0.098111592233181 0.5416173934936523 -0.09024600684642792
0.04824954643845558 0.6349902153015137 0.06952673196792603
-1.0134996175765991 0.7132671475410461 0.5263583064079285
-0.2190994769334793 0.6957740783691406 1.3032275438308716
-0.6856011152267456 0.613002359867096 -0.20465877652168274
-0.5758979320526123 0.8391291499137878 1.189269781112671
0.0666755810379982 0.6550751328468323 0.8665686845779419
0.05244429409503937 0.6106390357017517 0.5244446992874146
0.07331355661153793 0.7401440739631653 1.1173837184906006
0.3639443814754486 0.732244074344635 0.5868344306945801
-1.1282055377960205 0.6365812420845032 0.600392758846283
-0.7100183963775635 0.6374128460884094 1.191937804222107
-0.6615231037139893 0.552667498588562 0.2624184191226959
-0.2068820595741272 0.7134056091308594 1.0791491270065308
-0.3618423640727997 0.8238667845726013 1.2453776597976685
0.0753539651632309 0.6856730580329895 -0.181003600358963
-0.8977003693580627 0.7013969421386719 0.3134791851043701
-0.17824327945709229 0.7206250429153442 0.3092191815376282
-0.9878848791122437 0.7333769798278809 0.06461051851511002
-0.8655998110771179 0.625516414642334 0.7158075571060181
-1.3853927850723267 1.1693296432495117 0.6941786408424377
-0.39330166578292847 0.7242231369018555 -0.2953697443008423
-1.2746068239212036 1.1222931146621704 0.15654771029949188
-1.8120518922805786 1.1255780458450317 0.3662330210208893
-0.041142962872982025 0.8048653602600098 0.13198579847812653
-0.23081111907958984 0.5745766758918762 0.8291462659835815
-0.2939809560775757 0.5134376883506775 0.41154205799102783
-0.6084549427032471 0.5601486563682556 0.5846827030181885
0.1397884488105774 0.8780708909034729 0.5244506001472473
0.07690225541591644 0.9229227304458618 0.7309049963951111
-0.7865216135978699 0.7503114938735962 0.7432625889778137
-1.5798603296279907 1.2021092176437378 0.5816831588745117
-0.4821545481681824 0.7051758170127869 1.009691596031189
0.27725255489349365 1.0537303686141968 0.03768356144428253
-1.520686149597168 1.1354964971542358 0.02774718962609768
-0.738847553730011 1.1138209104537964 0.6446488499641418
-0.5464869737625122 1.0990076065063477 0.8182374835014343
-0.38689640164375305 1.1327697038650513 0.9453356862068176
-0.29800230264663696 1.2002525329589844 0.8174662590026855
-0.18147671222686768 0.706131637096405 0.5681554675102234
0.16728812456130981 0.8506040573120117 0.2992967665195465
-1.9061895608901978 1.1972218751907349 0.1198432445526123
0.37143006920814514 1.1604467630386353 0.3086560368537903
-0.23991478979587555 1.0517534017562866 0.7996612787246704
-0.161993145942688 0.8320344090461731 0.8042753338813782
-0.4204956591129303 0.6860429644584656 0.37463533878326416
-0.7197438478469849 0.7399159073829651 0.9688465595245361
0.22791481018066406 1.1299418210983276 0.4607912003993988
-0.18925824761390686 0.762572705745697 -0.04649565368890762
-0.5715306997299194 0.8684326410293579 0.6723528504371643
-0.8261734843254089 1.1569041013717651 0.47223755717277527
0.08007033169269562 1.0631773471832275 -0.24124157428741455
-0.08007600158452988 1.2157305479049683 -0.30288657546043396
0.24934381246566772 1.1988433599472046 -0.13482382893562317
-0.4047713279724121 0.762876033782959 0.12907317280769348
-0.2641672194004059 1.0435497760772705 -0.3026517331600189
-0.6373223066329956 0.8376338481903076 0.22401465475559235
-0.8302040696144104 1.1263463497161865 0.27401003241539
-0.6703893542289734 1.2151473760604858 0.7431040406227112
-0.4644661545753479 1.0999592542648315 0.07139334827661514
-0.6130015850067139 1.1299548149108887 0.28339457511901855
0.14412526786327362 1.1443259716033936 0.11033403873443604
-0.5260984897613525 1.1737715005874634 -0.25560417771339417
0.09887048602104187 1.0850942134857178 0.6398963332176208
-0.044564418494701385 1.0916856527328491 0.7496782541275024
-0.08669392764568329 1.0861022472381592 0.023943737149238586
-0.6414339542388916 0.8083564639091492 0.43010902404785156
-0.5174458026885986 0.9299406409263611 -0.15493977069854736
-0.16557718813419342 1.4285544157028198 0.7347703576087952
-0.42283034324645996 1.239079236984253 0.34323549270629883
-0.23457510769367218 1.0004645586013794 0.3339567482471466
-0.3852919042110443 0.767353892326355 0.6895598769187927
-0.20884576439857483 1.152429223060608 0.21307772397994995
-0.3815675675868988 1.517790675163269 0.6964128613471985
-0.44179853796958923 1.7168152332305908 0.6357867121696472
-0.6807736158370972 0.928031325340271 0.023699142038822174
-0.46848562359809875 1.4538545608520508 0.4620668590068817
-0.06326071918010712 1.1393499374389648 0.4622431695461273
-0.3243618309497833 1.173696756362915 -0.15533483028411865
-0.7108718156814575 1.160658359527588 0.03579627722501755
-0.32275301218032837 1.2632732391357422 0.622234046459198
-0.21761108934879303 1.3885488510131836 0.2032822072505951
-0.18488140404224396 1.696488618850708 0.7883147597312927
-0.43547940254211426 1.7007168531417847 0.3436465561389923
-0.04225435107946396 1.6589977741241455 0.23477429151535034
-0.3938915729522705 1.9169292449951172 0.293066143989563
-0.06733699887990952 2.28043532371521 0.6601374745368958
-0.44980090856552124 1.9964096546173096 0.5945706963539124
-0.2072807401418686 2.3056232929229736 0.1930420696735382
0.11310001462697983 1.792435646057129 0.46979081630706787
-0.018730605021119118 1.3078628778457642 0.35839709639549255
0.0007064947858452797 2.1675267219543457 0.27303606271743774
0.007139279972761869 1.842773199081421 0.7242722511291504
-0.23733356595039368 1.9770525693893433 0.7557257413864136
0.06256356835365295 2.094616174697876 0.5793006420135498
-0.009042986668646336 1.392441987991333 0.5949277281761169
0.04900804162025452 1.5937392711639404 0.6434811353683472
0.05118250101804733 1.9192109107971191 0.310047447681427
-0.3264765739440918 2.511777400970459 0.1933015137910843
-0.423313707113266 2.191335678100586 0.36511027812957764
-0.2133454829454422 2.004627227783203 0.20952534675598145
-0.14453871548175812 2.7350966930389404 0.6314669251441956
0.05505802482366562 1.5222253799438477 0.3776230216026306
-0.29255059361457825 1.5774565935134888 0.21523715555667877
-0.7920188903808594 4.088554382324219 0.5249473452568054
-0.5910260081291199 4.049479007720947 0.4767986536026001
-0.3379368185997009 2.2281334400177 0.6817535161972046
-0.5879248976707458 4.02216100692749 0.33310842514038086
-0.14186890423297882 2.533550500869751 0.6636456251144409
-0.41194629669189453 4.158837795257568 0.3029114007949829
-0.4817327857017517 2.3999147415161133 0.3984284996986389
-0.0012301753740757704 2.4624552726745605 0.40982457995414734
-0.36143115162849426 2.9197797775268555 0.34650254249572754
-0.503442108631134 2.639233112335205 0.4075769782066345
-0.41203993558883667 2.53714656829834 0.6169729232788086
-0.22617143392562866 2.8843863010406494 0.5012797713279724
-0.42223113775253296 2.7868807315826416 0.25404828786849976
-0.35289597511291504 4.344085216522217 0.27178332209587097
-0.8484060764312744 4.210094451904297 0.633592963218689
-0.564352810382843 4.149149417877197 0.13486158847808838
-0.44789355993270874 4.147268295288086 0.530146062374115
-0.10236828029155731 2.627835512161255 0.2587859034538269
-0.9087041020393372 4.142711162567139 0.28598934412002563
-0.11116590350866318 5.262744903564453 0.6973245143890381
-0.7463377714157104 4.047943592071533 0.29914674162864685
-0.7402859330177307 4.413088321685791 0.691111147403717
-1.007946491241455 4.811971187591553 0.5724173784255981
-0.2945941686630249 5.151641845703125 0.6747279763221741
-0.5034881234169006 5.267942428588867 0.829480767250061
-1.0062693357467651 4.272243976593018 0.41174572706222534
-0.043413370847702026 5.20792293548584 0.3971933126449585
-0.39632490277290344 4.462774276733398 0.502672016620636
-0.44633689522743225 5.038503646850586 0.714815616607666
-0.7092467546463013 4.210529804229736 0.08393119275569916
-0.5534228682518005 4.2718024253845215 0.6662213206291199
-0.3753196895122528 5.257032871246338 0.2196752429008484
-1.0431033372879028 4.420060634613037 0.4063795804977417
-0.1942780464887619 5.17734956741333 0.3541450798511505
-0.35286760330200195 5.083033561706543 0.4321822226047516
-0.9890962839126587 4.593883037567139 0.28516608476638794
-0.46952471137046814 5.526413917541504 0.7912324666976929
-0.47597894072532654 4.631260395050049 0.43400976061820984
-0.6997956037521362 4.380441188812256 0.031677745282649994
-0.7238574624061584 5.078895568847656 0.7893791794776917
-0.7904683351516724 4.534926414489746 0.10302756726741791
0.04401050880551338 5.271965503692627 0.5220791101455688
-0.5827364921569824 4.912476062774658 0.6304603219032288
0.16555486619472504 5.512083530426025 0.6592088341712952
0.025628279894590378 5.358206272125244 0.28307226300239563
-0.7281022667884827 4.790957927703857 0.6038053035736084
-0.4184425175189972 5.815802574157715 0.46141910552978516
-0.7916382551193237 5.288860321044922 0.8184511065483093
-0.9985986948013306 4.753230094909668 0.439346045255661
-0.6756434440612793 4.760621547698975 0.1854299157857895
-0.6302591562271118 5.631918430328369 0.7095851302146912
-0.7226311564445496 4.981387138366699 0.22402186691761017
-0.19365788996219635 5.490286827087402 0.7711111903190613
-0.9018518328666687 5.037895679473877 0.7083200812339783
-1.0001095533370972 5.134428977966309 0.546328067779541
-0.5549988150596619 5.080390930175781 0.2427682876586914
-0.9554131031036377 5.141077518463135 0.3237379789352417
-0.1903151571750641 5.404437065124512 0.16964665055274963
-0.6552333831787109 5.349274635314941 0.28789985179901123
0.09014903008937836 5.655336856842041 0.2650768756866455
0.20777831971645355 5.502730369567871 0.35097575187683105
0.14109571278095245 5.352444171905518 0.5811896324157715
-0.2598096430301666 5.7843194007873535 0.34810033440589905
-0.09946118295192719 7.142306327819824 0.49118277430534363
-0.5199320316314697 5.774592876434326 0.33852818608283997
-1.039475917816162 5.323783874511719 0.6333345770835876
-0.0993797704577446 5.730113506317139 0.22451935708522797
-0.9052304029464722 5.521563529968262 0.45203548669815063
0.08880061656236649 7.048497676849365 0.4104538559913635
-0.6894639134407043 5.546645641326904 0.1416388899087906
-0.7877008318901062 5.297059535980225 0.15049636363983154
-0.002321029081940651 5.565470218658447 0.7550257444381714
-1.0491331815719604 5.465360641479492 0.39011672139167786
-1.0087970495224 5.614964962005615 0.5045021176338196
-0.30647334456443787 7.103805065155029 0.7955546379089355
-0.2602130174636841 7.06535530090332 0.3611502945423126
-0.4095894396305084 7.042563438415527 0.5609562993049622
0.1762295365333557 7.175838947296143 0.29703035950660706
-0.6001723408699036 7.597376823425293 0.27170348167419434
-0.7922986149787903 7.807429790496826 0.5980854034423828
-0.05605653300881386 7.041792392730713 0.6754483580589294
0.0005407690769061446 7.16963529586792 0.8218082785606384
0.054794348776340485 7.04953145980835 0.5937732458114624
0.2510663866996765 7.167098522186279 0.5946164727210999
0.04196131229400635 7.079594135284424 0.2881777882575989
-0.5294070839881897 7.268828392028809 0.8475085496902466
-0.3308371901512146 7.341611385345459 0.9064642190933228
-0.5531096458435059 7.097604274749756 0.47730061411857605
-0.10789235681295395 7.244980335235596 0.17443549633026123
-0.8025627136230469 7.380627155303955 0.5180454850196838
-0.6562553644180298 7.30521821975708 0.7426493167877197
0.2934844195842743 7.323977470397949 0.6142163872718811
-0.5068564414978027 7.190204620361328 0.34143128991127014
-0.6977536678314209 7.255429267883301 0.6730249524116516
-0.7986301183700562 7.464376926422119 0.7062065601348877
-0.2684243619441986 7.4979143142700195 0.20069704949855804
-0.04414932802319527 7.495372295379639 0.15346269309520721
-0.11377817392349243 7.361567497253418 0.9321605563163757
-0.5357071161270142 7.427680015563965 0.3115026354789734
0.29567426443099976 7.48153018951416 0.6355493068695068
-0.3011285960674286 7.605077743530273 0.941441535949707
-0.12437209486961365 7.698366165161133 0.18516862392425537
-0.09501195698976517 7.861017227172852 0.41006049513816833
-0.8696630597114563 7.610805988311768 0.3851875066757202
0.13067319989204407 7.519161224365234 0.27279114723205566
-0.42267629504203796 7.791725158691406 0.7986698746681213
0.04441094398498535 7.557702541351318 0.773084819316864
-0.7902479767799377 7.690119743347168 0.647427499294281
-0.405443012714386 7.6170454025268555 0.14049939811229706
0.4697359502315521 8.76325511932373 0.02112746238708496
-0.18393445014953613 8.121257781982422 0.8510902523994446
-0.1258045881986618 7.648139953613281 0.8423048257827759
0.10302988439798355 7.700529098510742 0.7163047194480896
-0.45745497941970825 8.273868560791016 0.6030774116516113
-0.5199342966079712 7.419776916503906 0.9424193501472473
0.05268387869000435 7.8611955642700195 0.6802543997764587
-0.42885226011276245 8.017545700073242 0.5086000561714172
-0.49095025658607483 7.870960235595703 0.43801063299179077
-0.48429208993911743 8.482625961303711 0.7095034718513489
-1.1272528171539307 9.48316478729248 1.1538904905319214
-0.38918083906173706 7.949561595916748 0.8922997713088989
-0.32070642709732056 8.256827354431152 0.8587126731872559
0.5042386651039124 8.771656036376953 0.03560183197259903
-0.5939574241638184 8.815428733825684 0.718819260597229
-0.09231002628803253 8.05759334564209 0.6050665378570557
-0.6673319935798645 9.52405834197998 -0.363772988319397
-0.2907980680465698 8.496759414672852 0.8682072162628174
0.3419879376888275 8.68761157989502 0.06188662722706795
-0.06989645212888718 8.717860221862793 0.6535922884941101
-0.40264853835105896 8.447267532348633 0.5150615572929382
-0.1307029128074646 8.483416557312012 0.5231014490127563
-0.6153863072395325 9.500106811523438 -0.23428620398044586
-0.43689319491386414 9.198664665222168 0.6454916000366211
0.44378525018692017 8.638216018676758 0.006934646517038345
-0.4453968107700348 8.722801208496094 0.8458251357078552
-1.121523380279541 9.301684379577637 1.1918317079544067
-0.8717249631881714 9.526772499084473 -0.3935545086860657
-0.14153125882148743 8.40216064453125 0.6651906371116638
-0.5432107448577881 9.104832649230957 0.7142705321311951
0.26158714294433594 8.892128944396973 -0.10475720465183258
-0.9657856822013855 9.507824897766113 -0.29095104336738586
-0.9171827435493469 9.590697288513184 -0.5388302803039551
-0.534436047077179 8.95794677734375 0.8842779994010925
-0.233631893992424 8.901748657226562 0.6462208032608032
-0.05558791011571884 10.008601188659668 1.0298271179199219
-1.1465303897857666 9.310060501098633 1.215076208114624
-0.7738379836082458 9.471020698547363 -0.16197127103805542
-1.1989715099334717 9.23141860961914 1.2655110359191895
-0.12842904031276703 9.904448509216309 1.001788854598999
-0.3582015931606293 9.149273872375488 0.8227880597114563
-0.4195942282676697 9.768216133117676 0.9426169991493225
-0.21990185976028442 9.738032341003418 0.9239210486412048
-0.8219634890556335 9.870413780212402 -0.4887180030345917
-0.21992501616477966 9.201895713806152 0.6874569654464722
-0.41755378246307373 9.617252349853516 0.918268620967865
-0.8709411025047302 9.554788589477539 -0.11288227140903473
-0.3905782699584961 9.298688888549805 0.6367233395576477
-0.5167953372001648 10.023465156555176 -0.15939772129058838
0.27437153458595276 9.88361930847168 0.364774227142334
0.3758770525455475 10.26253604888916 0.15591861307621002
-0.692704439163208 9.786613464355469 -0.40493059158325195
-0.4780409038066864 9.85687255859375 0.9882833361625671
-0.8621081709861755 9.792977333068848 -0.10858222097158432
-0.7850810289382935 10.41696548461914 0.6983177661895752
-0.02292679063975811 10.048246383666992 0.04603658616542816
-0.2190413475036621 9.945136070251465 0.7720276713371277
-0.5747766494750977 10.040935516357422 0.9081388115882874
-0.2810831665992737 10.077079772949219 0.8270535469055176
0.3605276942253113 10.241978645324707 0.23543690145015717
-0.07420049607753754 9.807181358337402 1.008285403251648
-0.9061539769172668 9.904166221618652 -0.27834799885749817
-0.5061840415000916 10.363337516784668 -0.24067194759845734
-0.9683824777603149 10.516362190246582 0.6135247349739075
-0.41136690974235535 10.163405418395996 1.0898427963256836
-0.9084452390670776 10.428671836853027 -0.3406531810760498
-0.34776315093040466 10.235081672668457 1.0322209596633911
0.3178349733352661 10.52851676940918 0.04542766511440277
-0.43509799242019653 10.292244911193848 1.1256191730499268
-1.0280756950378418 10.631438255310059 0.5031338930130005
-0.8573343753814697 10.646718978881836 0.465745210647583
-0.9052048325538635 10.632524490356445 0.7072000503540039
-0.47231993079185486 10.593859672546387 -0.20846949517726898
0.11527614295482635 10.566128730773926 0.30916380882263184
-1.0424822568893433 10.580430030822754 -0.14209511876106262
0.47186562418937683 10.554303169250488 0.06575697660446167
0.44280996918678284 10.612695693969727 0.1548280268907547
-1.0158979892730713 10.783082008361816 0.35757914185523987
-0.630577027797699 10.769397735595703 1.1825212240219116
-1.1457048654556274 10.65099811553955 -0.1553121656179428
-1.0634845495224 10.667391777038574 -0.1680217981338501
-0.8073311448097229 10.821898460388184 0.5129045248031616
-1.0332931280136108 11.093128204345703 1.0370607376098633
-0.6931489706039429 10.880030632019043 1.1471275091171265
-0.3766113221645355 10.969806671142578 -0.29969510436058044
-0.6305079460144043 10.963428497314453 0.5149533152580261
-0.8920083045959473 10.920095443725586 0.47714337706565857
-0.4267660677433014 10.956528663635254 1.2336760759353638
-0.9524970650672913 10.99425220489502 0.7119009494781494
-0.4303523898124695 11.010223388671875 -0.31075024604797363
-1.1797984838485718 10.896149635314941 -0.22725056111812592
-0.42319050431251526 10.97381591796875 1.2429906129837036
0.29542505741119385 11.215816497802734 0.5012785792350769
-1.1786199808120728 11.208166122436523 1.0557881593704224
-0.6925339102745056 11.209636688232422 0.14067351818084717
0.33655697107315063 11.100909233093262 0.21753503382205963
-0.7309669852256775 11.164167404174805 0.0655975267291069
0.2878914475440979 11.2057523727417 0.03475616127252579
0.505361020565033 11.244912147521973 1.1169382333755493
0.2766842842102051 11.223856925964355 0.5577699542045593
0.25773128867149353 11.364876747131348 0.9902635812759399
-0.581929087638855 11.287128448486328 -0.037973277270793915
-1.2272510528564453 11.38317584991455 1.042381763458252
-0.7010281682014465 11.308527946472168 0.8552317023277283
0.002578006125986576 11.36901569366455 -0.3282996416091919
0.2027696818113327 11.44687271118164 -0.0382433757185936
-0.32862389087677 11.439176559448242 1.2287445068359375
-1.1458736658096313 11.401958465576172 0.0020336536690592766
-0.2471265196800232 11.441351890563965 0.3324931263923645
0.06468238681554794 11.480635643005371 0.5938307642936707
-0.25599804520606995 11.458619117736816 0.6121707558631897
-1.0196112394332886 11.516426086425781 0.2745228409767151
-0.8787017464637756 11.524636268615723 -0.11761586368083954
-0.7407089471817017 11.536419868469238 0.4555096924304962
0.47137004137039185 11.525308609008789 0.9802767038345337
0.21348783373832703 11.539290428161621 0.5559184551239014
0.5895419120788574 11.567182540893555 0.8533889055252075
-0.7972357273101807 11.56923770904541 0.34115010499954224
0.03999518230557442 11.579533576965332 0.5853951573371887
