960
-2.3863744735717773 0.2845063805580139 1.5964069366455078
-2.386474609375 0.28460633754730225 -0.7572661638259888
-2.3863744735717773 0.5826988220214844 0.6286095380783081
0.9210299253463745 0.5735229253768921 -0.8107591271400452
-2.112203598022461 0.284606397151947 0.06810937076807022
-1.3421988487243652 0.2846066951751709 -1.205398678779602
-0.3388356864452362 0.284606397151947 0.8556894659996033
-0.8903399109840393 0.284606397151947 -0.8893886804580688
-0.9562945365905762 0.2846064567565918 -1.2053987979888916
0.921032190322876 0.2845063805580139 -1.2053306102752686
-2.386474609375 0.2846064567565918 -0.26633453369140625
-2.386474609375 0.2846064567565918 0.2643930912017822
-2.386474609375 0.28460657596588135 -0.502226710319519
-1.8031713962554932 0.28460800647735596 2.141308307647705
-2.386474609375 0.28460657596588135 -0.016229987144470215
-2.3863773345947266 0.2845063805580139 0.678410530090332
0.6494402885437012 0.2845063805580139 -1.2052973508834839
-0.5550894737243652 0.2846064567565918 -1.2053989171981812
-2.1587016582489014 0.284606397151947 1.3323585987091064
0.13405799865722656 0.28460636734962463 2.141308307647705
0.9211299419403076 0.2846064567565918 -0.8921825885772705
0.9211299419403076 0.2846064567565918 -0.7318768501281738
-2.386474609375 0.2846064567565918 0.13243579864501953
-1.5245709419250488 0.284606397151947 1.8457598686218262
-0.4280524253845215 0.2846064567565918 -1.2053989171981812
-2.3690290451049805 0.28460609912872314 2.141308307647705
-2.386474609375 0.28460633754730225 -0.1359959840774536
0.9211299419403076 0.2846064567565918 -0.9938583374023438
-2.1148180961608887 0.284606397151947 1.6752536296844482
-1.093299150466919 0.2846064567565918 -1.205398678779602
0.9211300611495972 0.28460657596588135 1.3602973222732544
0.9210300445556641 0.5343949794769287 1.5338799953460693
-1.8852251768112183 0.284606397151947 1.6820261478424072
-2.3863744735717773 0.5970785617828369 1.737762451171875
-2.1787452697753906 0.2845063805580139 2.141206741333008
0.9129083156585693 0.32228928804397583 -0.6802129149436951
-2.386474609375 0.2846064567565918 -0.6285382509231567
0.9211161732673645 0.28460627794265747 -1.2053993940353394
-2.386474609375 0.28460657596588135 -0.8710119128227234
-1.9430427551269531 0.2845063805580139 2.141206741333008
0.9210289120674133 0.2845063805580139 0.8816490173339844
-1.4453970193862915 0.284606397151947 -1.1915374994277954
0.22957360744476318 0.284606397151947 1.468971610069275
-0.5534451603889465 0.284606397151947 -0.8983885645866394
0.39508140087127686 0.2846064567565918 -1.2053991556167603
-2.3863744735717773 0.2845315933227539 2.141308307647705
-2.0675981044769287 0.284606397151947 0.9210635423660278
-0.40969979763031006 0.284606397151947 -0.7092130184173584
-2.386474609375 0.5931722521781921 -1.2052984237670898
-2.3863742351531982 0.3146553039550781 -1.2053983211517334
-1.6534141302108765 0.284606397151947 -0.4758361876010895
-1.4509085416793823 0.284606397151947 -0.8642847537994385
-2.3863754272460938 0.2845063805580139 1.6858415603637695
-1.9566766023635864 0.284606397151947 -0.6342583298683167
0.9210300445556641 0.2845063805580139 2.04183292388916
-1.9178191423416138 0.284606397151947 1.3199105262756348
0.3206466734409332 0.284606397151947 -0.8667387962341309
-1.5339250564575195 0.2845063805580139 -1.2053003311157227
-2.386474609375 0.2846064567565918 0.5190792083740234
-1.6321407556533813 0.284606397151947 -0.6892645359039307
-0.08791989833116531 0.284606397151947 -0.971805989742279
-1.159737229347229 0.284606397151947 -0.8959099054336548
-1.8801212310791016 0.2845063805580139 -1.2052984237670898
-2.386474609375 0.284606397151947 -1.2053368091583252
0.9210300445556641 0.2845063805580139 1.7728424072265625
-2.386474370956421 0.2846064567565918 1.7936201095581055
-2.009221076965332 0.284606397151947 1.853227972984314
0.9210329055786133 0.2845063805580139 1.1095199584960938
-0.12787151336669922 0.2845063805580139 2.141207695007324
-2.386474609375 0.28460657596588135 -0.3804556131362915
0.5386853218078613 0.2846064269542694 2.141308307647705
0.9211301207542419 0.284547358751297 2.1412084102630615
-2.386474370956421 0.2846064567565918 1.486208438873291
0.9210329055786133 0.2845063805580139 1.6785430908203125
0.600227952003479 0.284606397151947 1.7588750123977661
-1.2235126495361328 0.2845063805580139 -1.205301284790039
-1.9301544427871704 0.284606397151947 -0.11073805391788483
0.9210309982299805 0.2845063805580139 1.4608783721923828
0.9211300611495972 0.2846065163612366 1.5726460218429565
-1.8133667707443237 0.284606397151947 1.1740636825561523
-2.067800521850586 0.284606397151947 0.6773177981376648
-1.3288965225219727 0.2845063805580139 2.141207695007324
0.9210313558578491 0.2845063805580139 -0.5884276032447815
0.919141948223114 0.28460636734962463 2.141308307647705
-2.386474370956421 0.2846062183380127 0.9289295673370361
-1.7742061614990234 0.2845063805580139 -1.2053003311157227
-1.2784056663513184 0.284606397151947 -0.7636244893074036
0.9211300611495972 0.284606397151947 1.8760457038879395
0.27771955728530884 0.7899507880210876 2.1412081718444824
-0.36822509765625 0.2845063805580139 2.141207695007324
-0.009758591651916504 0.2845063805580139 -1.2052967548370361
-1.6810417175292969 0.2845063805580139 -1.205301284790039
-1.92140793800354 0.284606397151947 -0.9338751435279846
-2.3863773345947266 0.2845063805580139 0.7859792709350586
-1.7621194124221802 0.5463916659355164 -1.2052985429763794
0.5883713364601135 0.284606397151947 0.37472718954086304
-1.441867470741272 0.2846081256866455 2.141308307647705
-1.9918900728225708 0.4718443751335144 -1.2052985429763794
-0.6532821655273438 0.2845063805580139 2.141207695007324
-2.3863742351531982 0.7059922814369202 2.127533197402954
-2.386474370956421 0.2846066951751709 1.3134360313415527
-0.7686777114868164 0.2845063805580139 2.141206741333008
0.9210333228111267 0.2845063805580139 0.6489707827568054
-2.3863744735717773 0.2845063805580139 1.9123945236206055
-2.066150188446045 0.284606397151947 1.1380289793014526
0.9210322499275208 0.2845063805580139 0.04109814763069153
-2.3575809001922607 0.2846064567565918 -1.2053983211517334
-2.3863744735717773 0.5332809090614319 1.2646206617355347
-0.6989797949790955 0.2845063805580139 -1.2053000926971436
-0.8814182281494141 0.2845063805580139 2.141206741333008
0.6689357757568359 0.2845063805580139 2.141207695007324
-2.386474370956421 0.2846064567565918 1.1826040744781494
-0.9027392268180847 0.284606397151947 1.7445588111877441
-2.3863744735717773 0.8460471034049988 -1.1291617155075073
0.9211300015449524 0.2846064567565918 0.12262558937072754
-2.110888719558716 0.284606397151947 0.46161919832229614
-1.6939096450805664 0.2845063805580139 2.141207695007324
-2.386474609375 0.2846066355705261 -1.002563714981079
-2.1404736042022705 0.2846062183380127 -1.205398440361023
-2.386474370956421 0.2846066951751709 1.0569415092468262
0.9210299849510193 0.5294100642204285 -0.46802106499671936
-0.5088318586349487 0.284606397151947 1.8515903949737549
-1.2793059349060059 0.284606397151947 1.8565706014633179
-1.6817232370376587 0.284606397151947 -0.9006400108337402
-2.099775552749634 0.284606397151947 -0.8258821368217468
-2.1200976371765137 0.284606397151947 -0.1922028511762619
-1.765770673751831 0.284606397151947 1.8576416969299316
-0.8969964981079102 0.2846064567565918 -1.2053987979888916
-2.013256549835205 0.2846062183380127 -1.205398440361023
0.11660171300172806 0.5238305926322937 -1.2052991390228271
0.4163714647293091 0.2846064567565918 2.141308307647705
0.9210302233695984 0.7774357199668884 -1.2053993940353394
-1.5698776245117188 0.2845063805580139 2.141207695007324
-2.219959020614624 0.7816912531852722 -1.2052984237670898
-2.042353630065918 0.2845063805580139 2.141207695007324
-0.35051703453063965 0.2846064567565918 -1.2053989171981812
0.9211300611495972 0.2846064567565918 1.2252459526062012
0.5489396452903748 0.284606397151947 -0.06532503664493561
0.9210302233695984 0.5383502840995789 -1.2053993940353394
-1.8733701705932617 0.284606397151947 0.6038800477981567
0.9210294485092163 0.2845063805580139 -0.25139740109443665
0.2637629508972168 0.2846062183380127 -1.2053991556167603
-0.8258812427520752 0.2846064567565918 -1.2053987979888916
-0.012402042746543884 0.2846064567565918 2.141308307647705
-0.2789781093597412 0.2846064567565918 -1.2053989171981812
0.8264594078063965 0.2845063805580139 -1.2052972316741943
0.517850399017334 0.284606397151947 -0.8837210536003113
-0.7403891086578369 0.284606397151947 1.8542083501815796
0.9210308790206909 0.2845063805580139 0.2542976438999176
-1.0769500732421875 0.2845063805580139 2.141207695007324
0.27869701385498047 0.2845063805580139 2.1412057876586914
0.45153477787971497 0.284606397151947 1.0933605432510376
0.12455034255981445 0.28460657596588135 -1.2053991556167603
-2.150296211242676 0.7734155058860779 2.1412081718444824
-1.5169357061386108 0.5521177053451538 -1.205298662185669
0.9211300015449524 0.2846064567565918 0.5550363063812256
-0.2526940703392029 0.284606397151947 1.5517631769180298
-1.9290467500686646 0.4237440526485443 2.1412081718444824
-0.5568317770957947 0.44856956601142883 -1.205298900604248
0.5242823362350464 0.28460633754730225 -1.2053992748260498
0.40269824862480164 0.284606397151947 1.8078205585479736
-0.5832059383392334 0.28460636734962463 2.141308307647705
-0.4979362487792969 0.2845063805580139 2.141207695007324
0.4798942804336548 0.30238819122314453 -1.2052992582321167
-0.023893602192401886 0.284606397151947 0.7004846930503845
0.5977100133895874 0.284606397151947 -0.27488285303115845
0.18726789951324463 0.2845063805580139 -1.2052994966506958
-0.007254093885421753 0.284606397151947 0.1867065131664276
-1.2051153182983398 0.2845063805580139 2.141207695007324
-0.15432754158973694 0.284606397151947 1.8531495332717896
0.9210304021835327 0.2845063805580139 -0.05608502775430679
0.9210286736488342 0.2845063805580139 0.7870741486549377
0.11105865240097046 0.284606397151947 -0.8663209080696106
0.9210318326950073 0.2845063805580139 -0.48336997628211975
-1.7991809844970703 0.284606397151947 0.2427341789007187
-2.386373519897461 0.2845063805580139 0.3989839553833008
0.9211300015449524 0.2846064567565918 -0.3706381320953369
0.21387706696987152 0.284606397151947 -0.44702717661857605
0.6034701466560364 0.284606397151947 1.2445417642593384
0.9210302233695984 0.332229346036911 2.141308307647705
-0.29567909240722656 0.284606397151947 -0.5434919595718384
-1.4340147972106934 0.284606397151947 -0.6250672936439514
-0.7191382050514221 0.284606397151947 -0.8157204985618591
0.02677171118557453 0.284606397151947 1.555301308631897
-0.02279474586248398 0.284606397151947 1.7249419689178467
0.6300964951515198 0.284606397151947 -0.7321525812149048
0.9210293889045715 0.2845063805580139 0.4180462956428528
-0.33370742201805115 0.284606397151947 -0.910917341709137
-0.1092580184340477 0.284606397151947 -0.6109722256660461
0.5797654390335083 0.284606397151947 -0.5301076769828796
-1.2252668142318726 0.284606397151947 -0.5781509280204773
-2.0326900482177734 0.284606397151947 0.2628176808357239
-1.8638403415679932 0.284606397151947 0.796252429485321
-1.0638848543167114 0.5424228310585022 2.1412081718444824
-2.0232744216918945 0.284606397151947 1.514615774154663
0.633585512638092 0.284606397151947 1.5100041627883911
-2.3863744735717773 0.4541058838367462 -0.575028657913208
-2.1256909370422363 0.284606397151947 -0.5613532066345215
0.9210300445556641 0.46220728754997253 1.2347309589385986
-0.03747323527932167 0.284606397151947 -0.4238874316215515
-1.8047343492507935 0.284606397151947 1.4992750883102417
-2.386474370956421 0.2846064567565918 2.1412744522094727
-1.6897609233856201 0.284606397151947 0.9305433630943298
0.48278331756591797 0.2845063805580139 2.141207695007324
0.8627176284790039 0.8773254752159119 2.1412081718444824
-2.3863744735717773 0.8217353224754333 1.911585807800293
-2.3815903663635254 0.284606397151947 0.8561216592788696
-0.6679438948631287 0.284606397151947 -0.21508562564849854
-0.26015663146972656 0.2845063805580139 2.141206741333008
-1.8294700384140015 0.284606397151947 -0.7481418251991272
-2.386474609375 0.4522787928581238 -1.2052984237670898
-1.6763705015182495 0.284606397151947 1.6708933115005493
-2.3863744735717773 0.6144790649414062 -0.37341973185539246
-2.3863744735717773 0.549518346786499 -0.8210769295692444
-1.3932414054870605 0.284606397151947 1.2690916061401367
-1.338204026222229 0.284606397151947 1.0093098878860474
-2.221374750137329 0.9287062287330627 -0.8452464938163757
-1.2414008378982544 0.4210297763347626 -1.205298662185669
-2.3863744735717773 0.40158993005752563 0.14868715405464172
-0.5193378925323486 0.7284321784973145 -1.205298900604248
-2.0010323524475098 0.284606397151947 -0.3415537476539612
-1.793278455734253 0.284606397151947 -0.24745771288871765
-2.3863744735717773 0.5555707216262817 1.0250316858291626
-1.8907060623168945 0.284606397151947 0.07405655831098557
-1.8425730466842651 0.284606397151947 -0.4766620397567749
-0.7198752760887146 0.284606397151947 1.5789402723312378
0.4283449947834015 0.284606397151947 -0.6787860989570618
-1.4497709274291992 0.284606397151947 -0.4022446274757385
0.9211299419403076 0.6562376022338867 -1.2052991390228271
-1.6244571208953857 0.284606397151947 1.2005724906921387
-1.8983172178268433 0.284606397151947 0.42918747663497925
0.4794614911079407 0.7238343358039856 -1.2052992582321167
-0.07744039595127106 0.284606397151947 -0.03223535791039467
0.20437462627887726 0.2846064567565918 2.141308307647705
0.9210300445556641 0.2845063805580139 0.9912805557250977
0.28985846042633057 0.284606397151947 0.5214120745658875
-2.181612968444824 0.8982493281364441 -1.1709345579147339
-1.0267727375030518 0.5984516143798828 -1.2052987813949585
-0.9846220016479492 0.2845063805580139 2.141207695007324
-0.8295532464981079 0.284606397151947 -0.6390708684921265
-1.2161659002304077 0.284606397151947 1.654555082321167
-2.3863744735717773 0.4986180365085602 -0.12554404139518738
0.9211299419403076 0.40498971939086914 -1.2052996158599854
-1.662169337272644 0.7502463459968567 2.1412081718444824
-0.9831783175468445 0.284606397151947 1.1205103397369385
-2.3765780925750732 0.5783367156982422 2.1412081718444824
-1.6094086170196533 0.284606397151947 -0.21981586515903473
0.9211301207542419 0.49119189381599426 2.1412084102630615
-1.404536247253418 0.284606397151947 1.6857932806015015
0.08170928061008453 0.284606397151947 0.41959047317504883
-0.7439849376678467 0.284606397151947 0.6191200017929077
-2.3863744735717773 0.8172051906585693 -0.8830035924911499
-0.9294023513793945 0.284606397151947 1.4906965494155884
-2.3777313232421875 0.7175646424293518 -1.2052984237670898
-2.3863744735717773 0.462130069732666 2.141308307647705
-2.2621195316314697 0.9636179804801941 1.8665436506271362
-2.3806264400482178 0.7975711822509766 2.1243607997894287
-0.4312206208705902 0.5475971698760986 2.1412081718444824
-0.06780929863452911 0.6488980650901794 -1.2052991390228271
0.9210300445556641 0.5566626787185669 0.9989756941795349
-2.3863744735717773 0.46735382080078125 0.4353959858417511
0.9211301207542419 0.6226409673690796 2.1412081718444824
0.6268100738525391 0.8122422099113464 -1.2052992582321167
-0.18961048126220703 0.2845063805580139 2.141206741333008
0.9210300445556641 0.5740496516227722 1.7584621906280518
0.9211300015449524 0.28460657596588135 0.34612202644348145
0.9210319519042969 0.2845063805580139 -0.16328081488609314
-2.3863744735717773 0.7498724460601807 -0.01951763406395912
-0.6006199717521667 0.284606397151947 0.17405392229557037
-1.781718134880066 0.8059266805648804 -1.2052985429763794
-2.3863744735717773 0.7120104432106018 -0.6504570245742798
-1.125894546508789 0.284606397151947 1.3459748029708862
-1.2450649738311768 0.284606397151947 -0.3717716634273529
-2.3863744735717773 0.4821915924549103 1.496598482131958
-0.05940372124314308 0.284606397151947 -0.2130429446697235
0.39984026551246643 0.284606397151947 -0.2068956196308136
0.15736016631126404 0.284606397151947 1.8223007917404175
-0.4789081811904907 0.284606397151947 -0.44406557083129883
-1.704450011253357 0.284606397151947 -0.009731708094477654
0.9210301041603088 0.9023763537406921 2.0613577365875244
-0.7768436670303345 0.601906418800354 -1.205298900604248
0.9210300445556641 0.488415002822876 0.7437037825584412
-1.5009511709213257 0.284606397151947 1.0591764450073242
-1.8872805833816528 0.6656116843223572 2.1412081718444824
-2.3863744735717773 0.7380685806274414 0.7907735705375671
-1.358994722366333 0.4842230975627899 2.1412081718444824
-2.3863744735717773 0.7684075832366943 -0.2050301730632782
-1.289546012878418 0.284606397151947 1.4535422325134277
-1.9548652172088623 0.7580885887145996 -1.2052985429763794
-0.787168025970459 0.5735518336296082 2.1412081718444824
-0.4953376054763794 0.284606397151947 1.4536139965057373
-0.31528931856155396 0.284606397151947 0.13500431180000305
0.6201116442680359 0.7064779996871948 2.1412081718444824
0.8461179733276367 0.8577172756195068 -1.1676013469696045
0.917172372341156 0.8440470695495605 -0.9763163924217224
0.9210299849510193 0.6915926337242126 -0.3164232075214386
0.9210300445556641 0.8035856485366821 1.7934445142745972
-2.3751659393310547 0.7188664078712463 0.3931639492511749
0.9210299253463745 0.7522406578063965 -0.6165735125541687
0.9210300445556641 0.7572771906852722 1.5905170440673828
0.9210299849510193 0.5430073738098145 0.13360852003097534
-1.070304274559021 0.284606397151947 -0.2716478109359741
0.2902093827724457 0.284606397151947 -0.0015126256039366126
-2.374396800994873 0.8369699716567993 1.6999424695968628
0.647534191608429 0.284606397151947 1.0202747583389282
0.07503512501716614 0.284606397151947 1.2895466089248657
0.4427811801433563 0.5623319149017334 2.1412081718444824
0.9200188517570496 0.817760169506073 -0.771911084651947
-2.0245583057403564 0.8585759997367859 2.139559507369995
-1.2784454822540283 0.694749116897583 2.1412081718444824
0.9210301041603088 0.7462702989578247 2.141308307647705
-0.17879618704319 0.749839723110199 2.5378079414367676
-1.6828242540359497 0.284606397151947 0.45442867279052734
0.4575401246547699 0.284606397151947 1.6187999248504639
0.9210300445556641 0.7257190942764282 1.1667762994766235
0.9210299849510193 0.7131557464599609 0.3071340024471283
0.9016779661178589 0.9753226041793823 1.715197205543518
-1.8109002113342285 0.866115391254425 2.1202902793884277
-2.3863744735717773 0.7293698191642761 1.538050651550293
-1.182080626487732 0.284606397151947 1.1381499767303467
-0.8115872740745544 0.284606397151947 1.3429512977600098
-2.3863744735717773 0.7626159191131592 1.2378442287445068
-2.3822154998779297 0.8596023321151733 1.4300020933151245
-2.37235164642334 0.8475147485733032 -0.6273518800735474
-1.0514971017837524 0.284606397151947 1.8459652662277222
0.19681860506534576 0.5482922792434692 2.1412081718444824
-0.626576840877533 0.284606397151947 -0.6304117441177368
-1.6259151697158813 0.284606397151947 1.4118914604187012
-2.3703811168670654 0.7963137626647949 0.947699785232544
-1.603553295135498 0.284606397151947 0.21723642945289612
-1.461480736732483 0.7550949454307556 2.1412081718444824
-0.3159005045890808 0.284606397151947 1.7443451881408691
-0.8544009327888489 0.749839723110199 2.483484983444214
-1.2208396196365356 0.284606397151947 0.33136218786239624
-1.0199408531188965 0.284606397151947 -0.7548081278800964
-0.9491806626319885 0.9843892455101013 1.8879733085632324
-0.46944084763526917 0.284606397151947 1.142142653465271
-0.3137415945529938 0.6980583667755127 -1.2040635347366333
-1.179342269897461 0.7949789762496948 -1.2052987813949585
-2.270369529724121 0.9703271985054016 1.2956665754318237
-1.9692423343658447 0.9361146092414856 -1.109611988067627
-2.085397243499756 0.8616814017295837 1.601773977279663
0.6693307757377625 0.284606397151947 0.5781148672103882
0.04269237071275711 0.7339189052581787 2.1412081718444824
0.052653148770332336 0.284606397151947 -0.6842424869537354
-0.012838700786232948 0.7597742080688477 2.4401674270629883
0.27915871143341064 0.6796408891677856 -1.2052991390228271
-2.298816680908203 0.980505108833313 0.5454668998718262
0.9210299849510193 0.5608207583427429 -0.12159372866153717
0.4689083695411682 0.6792710423469543 1.8001283407211304
-1.8786298036575317 0.6009557247161865 0.28048643469810486
-1.37223482131958 0.7249427437782288 -1.205298662185669
0.6012341380119324 0.284606397151947 0.10426200181245804
-0.17922820150852203 0.37595900893211365 -1.2052990198135376
-0.6594956517219543 0.764833390712738 2.529691696166992
0.9210299849510193 0.5192521810531616 0.44512277841567993
-1.8768036365509033 0.6050184369087219 1.6654328107833862
-0.9064149856567383 0.284606397151947 0.30708521604537964
-1.8685882091522217 0.6184259057044983 -0.07357736676931381
-1.4996918439865112 0.90729159116745 2.1213865280151367
0.32980209589004517 0.284606397151947 1.2540827989578247
0.49244311451911926 0.9572436809539795 -1.0928651094436646
-1.3856089115142822 0.9275718331336975 -0.4955156445503235
-1.4822874069213867 0.284606397151947 0.5483770966529846
-1.673960566520691 0.284606397151947 0.6819718480110168
-1.487321376800537 0.284606397151947 -0.023495936766266823
-1.0865615606307983 0.7881905436515808 2.1354823112487793
-1.5137494802474976 0.284606397151947 0.8227651715278625
-1.647775411605835 0.8903849124908447 1.872125506401062
-2.3833141326904297 0.8928328156471252 -0.011254968121647835
0.4241253733634949 0.284606397151947 -0.4234118163585663
-1.4181891679763794 0.284606397151947 0.1674097180366516
-2.0756096839904785 0.9130339622497559 -0.6429570913314819
0.304699182510376 0.8657320737838745 -1.1899242401123047
-1.6698821783065796 0.5149956941604614 2.1412081718444824
0.9176754355430603 0.7540523409843445 0.029294466599822044
0.9173864722251892 0.8342234492301941 -0.17289113998413086
-1.48795485496521 0.284606397151947 1.5341784954071045
-1.8904531002044678 0.284606397151947 0.9917754530906677
0.45524799823760986 0.284606397151947 1.4218456745147705
-2.3684349060058594 0.8403266072273254 0.6343324780464172
-0.8394941091537476 0.7877283096313477 2.462949514389038
-0.536978542804718 0.8105710744857788 2.5530176162719727
-0.6221538782119751 0.284606397151947 0.8457129001617432
0.33088356256484985 0.284606397151947 0.3770366907119751
-1.8827600479125977 0.6182609796524048 -0.3568185567855835
-1.6136350631713867 0.8262341618537903 -1.205298662185669
-2.3621888160705566 0.8399940133094788 -0.402482271194458
-1.2178770303726196 0.8997049927711487 2.123805284500122
-2.3739941120147705 0.732803225517273 0.16110706329345703
-1.08693265914917 0.284606397151947 0.16274872422218323
-1.0915627479553223 0.884695827960968 -1.154269814491272
-1.0141886472702026 0.284606397151947 0.48833709955215454
-0.1556245982646942 0.6511538028717041 2.038545608520508
-2.3439414501190186 0.8679950833320618 1.0584856271743774
-1.3728606700897217 0.284606397151947 0.7072552442550659
-1.892581820487976 0.6011923551559448 0.728182315826416
0.2569863796234131 0.284606397151947 1.6572929620742798
0.3363632261753082 0.9913062453269958 -0.5780949592590332
-1.244945764541626 0.284606397151947 0.8292685747146606
-1.2111482620239258 0.588782548904419 1.6442092657089233
-0.5009793639183044 0.284606397151947 1.6404907703399658
-1.9628846645355225 0.6379554867744446 -0.7500886917114258
-1.8442853689193726 0.9333302974700928 -0.916654646396637
-0.5920553803443909 0.8535144925117493 2.263347864151001
-0.41282954812049866 0.749839723110199 2.538367509841919
-1.1371880769729614 0.7065672874450684 1.8366490602493286
-1.9999936819076538 0.7438575029373169 1.198504090309143
-1.5234107971191406 0.6599327921867371 1.6899493932724
-1.4255813360214233 0.284606397151947 0.3669661283493042
0.45728302001953125 0.7868359088897705 2.1412081718444824
-0.20448283851146698 0.8069921135902405 2.5569145679473877
0.6597662568092346 0.9654085040092468 2.141019821166992
0.34522294998168945 0.284606397151947 0.9002843499183655
-1.2126482725143433 0.284606397151947 -0.13037826120853424
0.38505175709724426 1.03831946849823 2.001429557800293
-0.48372000455856323 0.284606397151947 -0.23488351702690125
0.5763466954231262 0.284606397151947 0.8627141118049622
0.9210300445556641 0.7166280746459961 1.3855639696121216
-0.9047268629074097 0.8923376202583313 2.109551191329956
-2.020559072494507 0.971731424331665 1.4372422695159912
0.5017172694206238 1.117440104484558 1.8534140586853027
-0.1288318783044815 0.284606397151947 1.4136172533035278
-0.34707605838775635 0.9354806542396545 2.2013590335845947
-0.18631140887737274 0.8558196425437927 -1.1819117069244385
0.8995585441589355 0.9176794290542603 1.467677354812622
0.9210299849510193 0.702733039855957 0.6000664234161377
0.8690347075462341 1.0539259910583496 1.995647668838501
0.909490704536438 0.8937476277351379 0.18920287489891052
-2.1187846660614014 0.9110724925994873 0.13286226987838745
-0.13839296996593475 0.284606397151947 1.1934564113616943
0.9210300445556641 0.7196140885353088 0.8279284238815308
0.061238404363393784 0.8477650880813599 -1.1920976638793945
-1.360985279083252 0.6125428080558777 -0.7237006425857544
0.8170401453971863 0.9625729918479919 -0.9155491590499878
-0.0142909474670887 0.8061182498931885 2.346710681915283
0.8534252643585205 0.9596942067146301 -0.28823956847190857
-2.0334253311157227 0.9493163228034973 1.8757187128067017
0.8967443108558655 0.916398286819458 0.48703089356422424
-2.1807658672332764 0.9281163215637207 -0.35297465324401855
-1.67266845703125 0.9258062839508057 -0.7635003328323364
0.9029209613800049 0.8896673917770386 0.9223693609237671
0.6862092018127441 1.0563952922821045 1.6749649047851562
0.5449942350387573 0.6471777558326721 1.596699595451355
-1.4125044345855713 0.8774527907371521 -1.1573172807693481
-0.6887319684028625 0.834489107131958 -1.199972152709961
-2.360593557357788 0.8588054180145264 0.3171328902244568
0.2763841450214386 0.5981114506721497 -0.7918779253959656
-0.19427374005317688 0.9111276268959045 -0.9294091463088989
-1.577217698097229 0.9332588315010071 -1.0002573728561401
-2.0808756351470947 0.9452784657478333 0.38126036524772644
-1.8645821809768677 0.9913517236709595 1.8111367225646973
-1.2623469829559326 0.284606397151947 0.5479781031608582
-1.795732021331787 0.6575981378555298 -0.6785469055175781
-1.4375444650650024 0.615186870098114 -0.2579406201839447
0.22089534997940063 0.284606397151947 1.011007308959961
-0.6598919034004211 0.284606397151947 1.2213401794433594
0.8990597724914551 0.8892479538917542 1.1741223335266113
0.11025644093751907 0.9316852688789368 1.928625464439392
-1.2646019458770752 0.284606397151947 0.061770688742399216
0.9035024642944336 0.872177243232727 -0.4657972753047943
-2.0462605953216553 0.9103679656982422 -0.16227856278419495
-0.3718528151512146 0.284606397151947 0.40990275144577026
-1.3851068019866943 0.9378396272659302 -0.7807998657226562
-1.010754942893982 0.284606397151947 -0.0399048812687397
-2.171868324279785 0.957060694694519 0.9342356324195862
0.5793583989143372 0.9684320092201233 -0.8029079437255859
-1.0252634286880493 0.284606397151947 -0.5605908036231995
-0.8822189569473267 0.8262671828269958 -1.1982334852218628
-1.7096798419952393 0.9100762009620667 0.04788379743695259
-1.9042119979858398 0.9119805097579956 -0.5335281491279602
0.14458012580871582 0.284606397151947 -0.2694828510284424
-1.85137939453125 0.9158345460891724 -0.2813267409801483
-0.45835888385772705 0.6607702970504761 -0.7902793884277344
-0.4535161554813385 0.895983099937439 -1.1956862211227417
-0.727348804473877 0.43823590874671936 1.7241904735565186
-1.5726999044418335 0.5942031741142273 -0.6075111627578735
0.5861585140228271 1.0451302528381348 1.4456857442855835
-1.220470905303955 0.8537632822990417 -0.8885670900344849
-0.7603989243507385 0.284606397151947 0.4300687909126282
0.5802428722381592 1.0071370601654053 0.9855482578277588
-1.9299108982086182 0.920712411403656 0.06243886426091194
0.19772060215473175 0.284606397151947 0.1612003892660141
0.3195333480834961 0.9665205478668213 -0.8787646889686584
-0.2530425488948822 0.284606397151947 -0.3248179852962494
0.7359206676483154 0.9603558778762817 -0.5682089328765869
-1.3929026126861572 0.284606397151947 -0.19520322978496552
0.8996341824531555 0.9252709746360779 0.7241296172142029
-0.09686075150966644 1.044283390045166 1.7003659009933472
0.7706785798072815 1.0078014135360718 0.3202126920223236
-0.9064214825630188 0.284606397151947 -0.40150725841522217
0.5278792381286621 0.5821645855903625 -0.2765718400478363
-0.18678146600723267 0.284606397151947 -0.788812518119812
-1.9202631711959839 0.9370126724243164 0.9818130135536194
-1.6251319646835327 0.9088348150253296 -0.5420165061950684
0.2201070338487625 1.0616564750671387 1.9454466104507446
-0.8229433298110962 0.284606397151947 0.8995350003242493
-0.16017137467861176 0.9768137335777283 2.0203700065612793
-0.7271443009376526 0.9598347544670105 -0.9568718671798706
0.4728124439716339 0.5956049561500549 -0.6658890843391418
0.7773468494415283 1.005462884902954 1.1879464387893677
0.8621670603752136 0.9676561951637268 -0.01966843754053116
0.4357277750968933 1.0339219570159912 1.2558225393295288
0.25077545642852783 0.29046064615249634 -0.6327510476112366
-0.6947828531265259 0.284606397151947 -0.4162178039550781
-0.9308039546012878 0.8932409286499023 -0.9361506104469299
0.13202913105487823 0.7671483159065247 -0.6443466544151306
-1.6523302793502808 0.8531996011734009 -0.2543985843658447
-0.7456257343292236 0.284606397151947 -0.012215489521622658
-0.8736835718154907 0.284606397151947 -0.19189970195293427
-1.0078755617141724 0.5961909294128418 -0.6659396886825562
0.22796331346035004 1.0405945777893066 1.5156763792037964
-0.39674651622772217 0.97939133644104 1.9158436059951782
-0.5309175848960876 0.284606397151947 -0.018241530284285545
-1.511748194694519 1.0261343717575073 0.8334412574768066
0.5868990421295166 1.016101598739624 0.6012506484985352
-0.1646377146244049 0.284606397151947 0.41183561086654663
-0.3279864192008972 0.30279940366744995 -0.12495455890893936
0.31042617559432983 0.6064473986625671 1.7062805891036987
-0.7254431843757629 0.6653445959091187 -0.692290186882019
-0.06804686039686203 0.7486010789871216 1.8001067638397217
-0.512029767036438 0.5298483967781067 -0.6295667290687561
-2.0841774940490723 0.96466463804245 0.7217841744422913
-1.578111171722412 0.9673703908920288 1.3510633707046509
-1.8765240907669067 0.5869678854942322 1.0580437183380127
-1.9176757335662842 0.751754641532898 0.5074124336242676
-1.3573764562606812 0.9698360562324524 1.8515968322753906
-0.11289104074239731 0.5757267475128174 -0.7254567742347717
-1.8427464962005615 0.8946661353111267 1.2134370803833008
-1.0388224124908447 0.284606397151947 0.9537697434425354
-1.0805020332336426 0.9617312550544739 -0.7756550312042236
-1.5950257778167725 0.6538739204406738 1.356671690940857
-0.1064148023724556 0.6080543398857117 -0.5138043761253357
0.061378058046102524 0.9364511370658875 -0.9857571125030518
-1.1476924419403076 0.6164542436599731 -0.32259631156921387
-1.6259924173355103 0.9798989295959473 1.6841222047805786
-0.6477240324020386 0.9516850709915161 1.9808135032653809
-1.8170047998428345 0.9560563564300537 0.3243573307991028
0.4863889515399933 0.31138861179351807 0.2146146148443222
0.5386415123939514 0.9256514310836792 -0.285188764333725
-0.4595590829849243 0.9683013558387756 -0.8787151575088501
-1.6530795097351074 0.6516711711883545 1.0311130285263062
-1.5909276008605957 0.6151523590087891 0.011925825849175453
-1.0800310373306274 0.9797183871269226 1.6854521036148071
-1.3697103261947632 0.7817527055740356 1.5876754522323608
0.6933020949363708 0.843755304813385 0.4655876159667969
0.4923520088195801 0.8958232402801514 -0.6011210680007935
-1.4313132762908936 0.6329042315483093 0.34047526121139526
-1.7772701978683472 0.9054689407348633 1.4854786396026611
0.02269808016717434 0.9740657806396484 -0.7729721069335938
-0.4680829346179962 0.6770279407501221 -0.3708038032054901
0.4431300461292267 1.0223307609558105 0.10956250876188278
-1.292185664176941 1.0057029724121094 1.5290768146514893
-0.7784469127655029 0.6730079054832458 1.90098237991333
0.12631745636463165 0.4045836925506592 1.0498228073120117
-1.8214064836502075 0.8776967525482178 0.8086904883384705
-1.3570070266723633 1.0621240139007568 0.19184884428977966
0.3360132873058319 0.6386690139770508 -0.429007351398468
-1.3688273429870605 0.5383263826370239 1.2485111951828003
-1.808243989944458 0.6373850703239441 1.491463303565979
-1.071745753288269 0.3786926567554474 0.7723618745803833
-1.6166024208068848 0.6208181977272034 0.6775830388069153
0.1875673532485962 0.3504176139831543 -0.12813210487365723
0.5515751242637634 0.5732003450393677 1.2116565704345703
0.35389256477355957 0.9056102633476257 1.604655146598816
-0.7872495055198669 0.9529989957809448 1.7690540552139282
0.4898489713668823 0.6231976747512817 -0.06843163818120956
-1.128714919090271 0.7198385000228882 -0.1403791755437851
-1.3134396076202393 0.8926064968109131 -0.267007440328598
-0.46366754174232483 0.7063599824905396 1.947400689125061
-1.2324563264846802 0.6745981574058533 0.07401622086763382
-1.7610704898834229 0.9709895849227905 0.5934224724769592
0.23453599214553833 1.0110626220703125 -0.3378697633743286
-0.22361408174037933 0.920187771320343 -0.5443746447563171
-0.8736066818237305 1.0603876113891602 -0.32206034660339355
-0.8690556287765503 0.9658539891242981 -0.6707509756088257
0.5787897706031799 0.7835148572921753 0.1107044368982315
-0.7984930872917175 0.6145399808883667 -0.4441211521625519
-1.320446491241455 1.021073341369629 1.20302414894104
-1.6594558954238892 0.6471366882324219 0.34119653701782227
-1.587716817855835 0.9788348078727722 1.079676628112793
-0.6125711798667908 1.0020511150360107 -0.6594935655593872
-0.016207782551646233 1.083686351776123 -0.47738292813301086
0.6116935610771179 0.7034216523170471 0.9821316003799438
-1.0587674379348755 0.284606397151947 1.5863651037216187
-0.2946752607822418 0.9584636688232422 -0.7311914563179016
0.4216219186782837 0.321064293384552 0.676850438117981
0.33526360988616943 1.045813798904419 -0.10858509689569473
-1.5354338884353638 0.9674789905548096 -0.15037722885608673
-0.6227264404296875 0.31299397349357605 0.3114331364631653
-1.0495929718017578 0.9685695171356201 1.3217363357543945
-1.4931188821792603 0.9773696064949036 0.5999614000320435
-1.587048053741455 1.0199295282363892 0.2810080647468567
-1.2011029720306396 0.7656484246253967 -0.5539723634719849
-1.0229406356811523 1.0321346521377563 -0.48239055275917053
-1.3114399909973145 1.0465939044952393 -0.07044205069541931
0.3734261989593506 0.38781943917274475 0.15682697296142578
-0.6860296726226807 0.8814883232116699 -0.3661902844905853
0.3111276626586914 0.7181150317192078 -0.14649923145771027
-0.1842091977596283 0.5198422074317932 1.7501760721206665
0.2710265815258026 0.41346684098243713 0.7516378164291382
-0.1402280032634735 0.40755772590637207 0.07987230271100998
-0.5171656012535095 1.082942247390747 -0.44209498167037964
0.5450644493103027 0.28534579277038574 0.6452028751373291
-0.8634941577911377 0.31850752234458923 0.12628339231014252
-0.26418232917785645 0.5108526349067688 0.6981405019760132
-0.3827170133590698 0.3652758300304413 1.3302080631256104
-0.05137461796402931 0.7718279361724854 -0.3412090241909027
-0.7192834615707397 0.9302352070808411 1.5992954969406128
-0.7611289620399475 0.7215331792831421 -0.22935523092746735
-0.8914675712585449 0.4120051860809326 1.2202047109603882
-0.14451614022254944 0.30760669708251953 0.9380374550819397
-0.4502544105052948 0.3575185239315033 0.7047180533409119
-1.3983640670776367 0.863832950592041 0.8884852528572083
-0.33860427141189575 1.0798513889312744 -0.3262426257133484
0.488969624042511 0.8143637180328369 1.3620936870574951
-1.1922779083251953 0.7833061218261719 1.4218525886535645
0.10789498686790466 0.7104707956314087 1.632658839225769
-0.47759026288986206 1.017824649810791 1.6837546825408936
-1.1329832077026367 0.4696512818336487 0.37874817848205566
-0.9107222557067871 1.053945779800415 -0.16528549790382385
-1.1052906513214111 0.9945783615112305 0.04719448834657669
-1.0152643918991089 0.284606397151947 0.640569806098938
-1.2750599384307861 0.6596680283546448 1.0469412803649902
-0.8823944330215454 0.8918378949165344 -0.12216785550117493
-0.021884871646761894 1.0517807006835938 -0.25094127655029297
0.43832382559776306 0.9542401432991028 0.18340729176998138
-0.9347488880157471 1.021619439125061 1.4858061075210571
-0.9223805665969849 0.6192911863327026 0.043421097099781036
0.5625132918357849 0.7113681435585022 0.5711479783058167
0.5699731111526489 0.8782052397727966 0.8856258988380432
0.16487501561641693 0.9334573745727539 -0.12243399024009705
-1.3375060558319092 1.0075701475143433 0.40003806352615356
-1.281510353088379 0.9064390063285828 1.0816041231155396
-0.6103402972221375 0.7467547655105591 -0.04114040732383728
0.006088145077228546 0.5441761016845703 0.32680580019950867
0.2531123161315918 0.6898148059844971 0.6843087673187256
-0.05060964822769165 1.037285327911377 1.5464844703674316
0.36896848678588867 0.6666303873062134 1.3935227394104004
-0.12387649714946747 0.7513278722763062 0.06530380994081497
-0.6958244442939758 0.5229520797729492 1.0365245342254639
-0.31763631105422974 0.8945544362068176 -0.2583988606929779
0.17596435546875 0.740179717540741 0.340774267911911
-0.3679978847503662 0.8051168322563171 1.7299048900604248
-0.7295086979866028 0.5064433813095093 1.5494685173034668
-0.11074766516685486 0.6109504699707031 -0.26065507531166077
0.5464295148849487 0.6018877029418945 0.29802533984184265
-1.2850013971328735 0.8030311465263367 0.2740042209625244
-0.12328546494245529 0.5096859335899353 1.1423882246017456
-0.6301124095916748 0.3786751329898834 0.5798217058181763
-0.35149648785591125 0.750980794429779 -0.07088746875524521
-1.366880178451538 0.803550660610199 0.6512486934661865
-0.966198205947876 0.7999862432479858 0.18899905681610107
-0.9244958758354187 0.7125728130340576 1.2405606508255005
-0.9473780989646912 0.5964106321334839 0.8764802813529968
-0.8119468092918396 0.6779915690422058 0.4700682759284973
-0.4679640233516693 0.32327306270599365 1.0735163688659668
-1.1721550226211548 0.7461889982223511 0.7289085388183594
-0.577217698097229 0.7503312826156616 1.4599453210830688
0.38739845156669617 0.8211140036582947 0.5863412022590637
-0.5815591216087341 0.8664476871490479 0.09400124102830887
-0.27102169394493103 0.3620148003101349 0.4399521052837372
-0.71953284740448 0.9135724306106567 1.3455973863601685
0.023689206689596176 0.4134812355041504 0.5822609066963196
-0.48831188678741455 0.31510114669799805 0.15668320655822754
-0.7278519868850708 0.7708997130393982 0.8591161370277405
0.31847041845321655 0.785800039768219 1.0400185585021973
-0.3463019132614136 0.9137352705001831 1.4448726177215576
-0.12188098579645157 0.43791642785072327 0.8564011454582214
0.036586880683898926 0.8414800763130188 0.07147675007581711
0.14942488074302673 0.6490750312805176 1.116024374961853
-0.3187400698661804 0.8665899038314819 0.14011988043785095
0.09267618507146835 0.8931593298912048 0.28106096386909485
-1.0965356826782227 0.8608585596084595 0.6160826086997986
-0.18461240828037262 0.5412452816963196 1.413362979888916
-0.03718696907162666 0.841655433177948 1.4101338386535645
-0.7592131495475769 0.8322470188140869 1.0790287256240845
-0.2087835669517517 1.5385335683822632 0.021035458892583847
-1.0453053712844849 0.8869912624359131 0.9653307795524597
-0.7164344191551208 1.486661434173584 0.3380088806152344
-0.47271788120269775 0.8468120694160461 1.2021323442459106
-0.8442668318748474 0.8069188594818115 0.4014064073562622
-0.12119415402412415 0.786544680595398 0.5439379215240479
-0.44285157322883606 0.7366147637367249 0.9254279732704163
-0.7194615602493286 0.7613953351974487 0.6028855443000793
-0.12961265444755554 0.8525533676147461 1.1962071657180786
0.13691075146198273 0.8484398126602173 0.6888267397880554
-0.41686365008354187 1.4146742820739746 0.11660265177488327
0.1785949170589447 0.9004764556884766 1.028106451034546
-0.4028377830982208 1.3523322343826294 0.35089612007141113
-0.12514348328113556 1.447503924369812 0.23343786597251892
-0.4488828778266907 0.7737727761268616 0.4036521911621094
-0.16990138590335846 0.7642477750778198 0.9472818374633789
-0.26717305183410645 1.3812286853790283 0.21008779108524323
-0.5087922811508179 1.4050507545471191 0.5718115568161011
-0.5885117053985596 1.5268354415893555 0.6773243546485901
-0.5787045359611511 1.477787971496582 0.10691772401332855
-0.39889398217201233 0.7512320280075073 0.6794869303703308
-0.35509243607521057 1.528085708618164 0.7235310673713684
-0.8197242617607117 1.6351643800735474 0.34281957149505615
0.01774130016565323 1.7934054136276245 0.42592868208885193
-0.43102338910102844 1.6961495876312256 -0.08315403759479523
-0.12233860790729523 2.435591697692871 0.8091831803321838
-0.27120718359947205 1.39351487159729 0.521639883518219
-0.6005885004997253 1.6361113786697388 -0.01473245769739151
-0.02334766276180744 1.541534185409546 0.34221160411834717
0.221746563911438 2.637174129486084 0.7526813745498657
-0.7153034806251526 1.9251092672348022 0.11155170202255249
-0.6574118137359619 1.693769931793213 0.7153592705726624
-0.5968987345695496 1.3890012502670288 0.3985646963119507
-0.7809520959854126 1.7331331968307495 0.14936207234859467
-0.18704885244369507 1.7344050407409668 -0.051168061792850494
-0.06735216826200485 1.5455164909362793 0.5411814451217651
-0.12682901322841644 2.4166581630706787 0.6699851155281067
-0.6736770868301392 1.9857864379882812 0.5504727959632874
0.025390470400452614 2.540193796157837 0.5945894718170166
-0.015332343056797981 1.7771934270858765 0.16827544569969177
0.12144649773836136 2.5436902046203613 0.8602233529090881
-0.02920318767428398 2.577986240386963 1.006543755531311
-0.1689724177122116 1.5894558429718018 0.6908973455429077
-1.5320124626159668 2.1788973808288574 1.1177228689193726
-0.7847588658332825 1.789029836654663 0.5297744870185852
-0.29553136229515076 2.554133176803589 0.7343533039093018
-0.4381347596645355 2.024596929550171 0.11393937468528748
-0.22975890338420868 1.9343457221984863 -0.01822107657790184
-0.4163808822631836 2.0510334968566895 0.6880486011505127
-0.4299159348011017 1.7958379983901978 0.8056111931800842
-1.552582025527954 2.213345527648926 1.1581966876983643
0.13101400434970856 2.785064697265625 0.5498251914978027
-0.08941489458084106 3.307589292526245 0.4401762783527374
-0.5745179653167725 2.0684401988983154 0.35027289390563965
-0.19380328059196472 2.774447441101074 1.055529236793518
-0.1839662492275238 2.0471231937408447 0.33447107672691345
-0.2019995152950287 2.9390738010406494 0.635106086730957
-0.3009897470474243 3.211977005004883 0.3256615698337555
0.15154851973056793 2.6917145252227783 1.0123108625411987
-0.18878790736198425 3.1839404106140137 0.49299710988998413
-0.11194292455911636 2.0117034912109375 0.5555047988891602
-0.19210650026798248 3.6406805515289307 0.09440344572067261
0.2811538875102997 2.805290937423706 0.7513604760169983
-0.29543548822402954 3.3038370609283447 0.16307102143764496
-0.5015841126441956 3.257784128189087 0.4188789129257202
-0.4149984121322632 3.328082323074341 0.6166258454322815
-0.2238953709602356 2.566450834274292 0.9403226375579834
-0.011430526152253151 2.889770746231079 1.0865041017532349
-0.5424442291259766 3.397613763809204 0.12167927622795105
0.14465810358524323 3.0353024005889893 0.8546128869056702
-0.533610999584198 3.287189245223999 0.2533901333808899
-0.1182403638958931 3.4507761001586914 0.18009310960769653
-0.10072597861289978 3.63873291015625 0.4068508446216583
-0.17645709216594696 1.825506329536438 0.7442581057548523
-0.3685286045074463 3.503533363342285 0.027126437053084373
-0.1265120804309845 5.382070064544678 -0.16046074032783508
-0.010432769544422626 5.092409133911133 0.30889326333999634
-0.2920530438423157 3.8100006580352783 0.35371747612953186
-0.6503100395202637 3.537229299545288 0.160513773560524
-0.10186819732189178 2.7158474922180176 0.5104162096977234
-0.1945248544216156 3.125558853149414 0.7997921705245972
-0.47628429532051086 4.902924537658691 0.465686172246933
-0.2175399214029312 3.531531572341919 0.612682044506073
-0.5750051736831665 3.6531269550323486 0.5115568041801453
-0.5690296292304993 3.76363468170166 0.23832179605960846
-0.5692349672317505 5.001393795013428 0.3342834413051605
-0.3318914473056793 2.8399457931518555 0.7806971073150635
0.030446317046880722 5.076610565185547 0.17898355424404144
-0.14545172452926636 5.186732769012451 -0.13333959877490997
-0.6285755634307861 3.455350875854492 0.4578383266925812
0.06536620110273361 5.138604164123535 0.03732427582144737
-0.2551386058330536 5.034368991851807 0.4414069354534149
-0.5484178066253662 5.002871513366699 0.6060097217559814
-0.6864830255508423 4.912213325500488 0.4627280533313751
-0.3676895201206207 4.909741401672363 0.19386838376522064
-0.24989019334316254 5.004220962524414 0.008939207531511784
-0.6645126938819885 4.859745025634766 0.2025737762451172
-0.5155537724494934 5.2953410148620605 -0.1700335294008255
-0.31636303663253784 5.482893466949463 0.4430578649044037
-0.8165199160575867 5.070174217224121 0.008823184296488762
-0.4874104857444763 5.4013447761535645 0.48213714361190796
-0.1359831988811493 5.014073848724365 0.07337958365678787
-0.8222332000732422 5.085949897766113 0.5372985005378723
0.17161130905151367 5.267188549041748 0.21099485456943512
-0.849274218082428 4.984999179840088 0.30012714862823486
-0.8435067534446716 5.283976078033447 0.4546906054019928
0.11152578890323639 5.402980327606201 -0.040035076439380646
0.17416726052761078 5.559557914733887 0.046428222209215164
-0.0492597259581089 5.192458152770996 0.4073987603187561
-0.3480537533760071 5.558643341064453 0.04848101735115051
-0.41807422041893005 5.013064861297607 -0.09027712047100067
-0.41685566306114197 5.162258148193359 0.612575352191925
-0.5626380443572998 5.089629173278809 -0.14538352191448212
-0.2032099962234497 5.723421573638916 0.10209926962852478
-0.6866801977157593 4.935824394226074 0.07419814169406891
0.11200927942991257 5.520555019378662 0.3279346227645874
-0.9799765944480896 7.55386209487915 0.7672195434570312
-0.1389339566230774 5.826671123504639 0.4978362023830414
-0.9156529903411865 5.235342979431152 0.10986364632844925
-0.27787384390830994 5.910674571990967 0.31890180706977844
-0.7779849767684937 5.388398170471191 -0.04634973034262657
-0.5288136005401611 5.466403007507324 -0.14309397339820862
-0.2475704699754715 6.040843486785889 0.5463817715644836
0.017536219209432602 5.899925708770752 0.09811165928840637
-0.44619980454444885 5.721405506134033 0.1700378656387329
0.09855067729949951 6.083580493927002 0.4847866892814636
0.17286033928394318 5.899571418762207 0.32207801938056946
-0.6721640229225159 5.5886945724487305 0.16662898659706116
-0.09091340005397797 5.965305805206299 0.6499229073524475
-0.8624300360679626 7.496883869171143 0.10198606550693512
-0.8725748658180237 5.40162992477417 0.2290174663066864
0.05704766511917114 5.692259788513184 0.28237950801849365
-0.6877222061157227 7.084754467010498 0.40230974555015564
-0.0851212590932846 6.204087257385254 0.40132835507392883
-0.0004435814917087555 5.930361270904541 0.5938636064529419
-0.6293453574180603 7.160312175750732 0.6746622920036316
-0.7794873714447021 7.373424530029297 0.8035925626754761
-0.45856985449790955 7.315852165222168 0.5540755987167358
-0.8883220553398132 7.31150484085083 0.08549831807613373
-0.9274067282676697 7.059861660003662 0.47225677967071533
-1.0714024305343628 7.555815696716309 0.5848698616027832
-1.064719796180725 7.157325744628906 0.5194650888442993
-0.4694337844848633 7.6083269119262695 0.5319097638130188
-0.8649682402610779 7.175234317779541 0.6759490966796875
-0.634307861328125 7.208552360534668 0.21644365787506104
-0.27327805757522583 8.279165267944336 0.49129074811935425
-0.5891276597976685 7.134636878967285 0.50648432970047
-0.53319251537323 7.399227142333984 0.7309148907661438
-0.9879528284072876 7.191531181335449 0.2314307987689972
-0.9554805755615234 7.834133148193359 0.5534688830375671
-1.1097888946533203 7.6593403816223145 0.4370286464691162
-0.5052744746208191 7.490461349487305 0.3584707975387573
-1.152962565422058 7.491627216339111 0.10317292809486389
0.04374014958739281 8.195332527160645 0.6692367196083069
-0.7252150774002075 7.030189514160156 0.31197816133499146
-1.1282401084899902 7.313056468963623 0.5174760818481445
0.02857084572315216 8.129753112792969 0.8023794889450073
-0.1273554563522339 8.3306303024292 0.444882333278656
-1.058571696281433 7.651855945587158 0.21771332621574402
-0.05166112259030342 8.114301681518555 0.7657833695411682
-0.5492534041404724 7.755742073059082 0.3578714430332184
-0.7851094007492065 8.063517570495605 0.6162059903144836
-0.290416955947876 8.424065589904785 0.4465254843235016
-0.8045694231987 7.734470367431641 0.18110334873199463
-1.0302839279174805 7.030311584472656 0.4148402214050293
0.0781116858124733 8.252498626708984 0.9188174605369568
-0.1664944887161255 8.240175247192383 0.8412520885467529
-0.7935375571250916 7.656848907470703 0.7835285663604736
-0.7262911796569824 7.9786057472229 0.3354179561138153
-0.9566230773925781 9.244668960571289 -0.08422074466943741
-0.5439468026161194 7.771491050720215 0.7210302352905273
-0.009687081910669804 8.353108406066895 1.0000070333480835
-0.06994646042585373 8.5325288772583 0.44771796464920044
-1.032294511795044 8.91874885559082 0.013158860616385937
-0.4935685396194458 8.066752433776855 0.7036152482032776
-0.2145659178495407 8.42399787902832 0.9332437515258789
-0.2041049301624298 8.623690605163574 0.9468176364898682
-0.5798768401145935 8.054110527038574 0.47817254066467285
-0.9827768206596375 8.974902153015137 0.07857660949230194
-0.3784606456756592 8.70317268371582 0.7706090211868286
-0.5302838087081909 8.277647018432617 0.6910052299499512
-0.04896080866456032 8.6765775680542 0.9271596074104309
-1.165990948677063 9.093433380126953 0.281329870223999
-1.1606990098953247 8.990262031555176 0.117638498544693
-0.8912264704704285 9.025516510009766 0.22218948602676392
-0.07574791461229324 8.689935684204102 0.5236932039260864
0.01636127568781376 8.783682823181152 0.9080944061279297
-1.0734769105911255 8.93837833404541 -0.06000813841819763
0.0019497573375701904 9.083470344543457 0.8166306018829346
-0.3516559302806854 9.215311050415039 1.0733197927474976
-0.5765294432640076 9.305987358093262 0.789872944355011
-0.35124844312667847 9.048322677612305 0.6940159201622009
-0.48539143800735474 9.145245552062988 0.6084714531898499
-0.2936941683292389 8.909342765808105 0.5614327192306519
0.03981040045619011 9.582275390625 0.8587682843208313
-0.01723499968647957 8.884512901306152 0.6290189623832703
-0.284013569355011 9.048436164855957 1.0329524278640747
-1.0657812356948853 9.317995071411133 0.08486900478601456
-0.7025606632232666 9.522293090820312 0.5774728655815125
-0.16080044209957123 9.428439140319824 0.9363200664520264
-0.40566205978393555 9.27229118347168 0.477359414100647
-0.9749625325202942 9.055118560791016 -0.18751533329486847
-0.05012034997344017 9.042495727539062 1.0461770296096802
-0.8516538739204407 9.424698829650879 0.5328879952430725
-0.3747654855251312 9.523809432983398 0.7127018570899963
0.04338403791189194 9.314711570739746 0.9791980385780334
-0.9080029129981995 9.165668487548828 0.327584832906723
-0.10389245301485062 9.481828689575195 0.6460290551185608
0.1265910416841507 9.67735481262207 0.8834041953086853
-0.895899772644043 9.623132705688477 0.46235376596450806
-0.28022074699401855 9.632323265075684 1.008986473083496
0.10835783183574677 9.800082206726074 0.720413327217102
-0.5982956290245056 9.450469970703125 0.7638245224952698
-0.35023218393325806 9.785147666931152 0.6457203030586243
-0.03457501903176308 10.113340377807617 0.572058916091919
-0.6578506827354431 9.72948932647705 0.8456159830093384
-0.9224221110343933 9.743501663208008 0.52134770154953
-0.33269190788269043 10.003019332885742 0.5518509149551392
-0.667006254196167 9.898543357849121 0.5914592742919922
-0.9512025117874146 9.811232566833496 0.605510950088501
-0.8499312400817871 9.953927040100098 0.4870227873325348
0.17544150352478027 10.019441604614258 0.624522864818573
-0.0817812979221344 9.98503589630127 0.8675248026847839
-0.14736393094062805 10.148128509521484 0.9246835708618164
0.06724876165390015 10.22019100189209 0.8487310409545898
0.06544700264930725 10.064214706420898 0.5393694639205933
-0.38244348764419556 10.166561126708984 0.8154854774475098
-0.0064395456574857235 10.685787200927734 -0.03707803785800934
-0.7614985108375549 10.284667015075684 0.23212337493896484
0.046603791415691376 10.589849472045898 0.08747059106826782
-0.45228901505470276 10.195094108581543 0.6581172943115234
0.09656983613967896 10.630885124206543 -0.14378462731838226
-0.3042922616004944 10.412513732910156 0.7910216450691223
-0.30485689640045166 10.510963439941406 0.41824275255203247
-0.037603504955768585 10.345202445983887 0.4812963604927063
-0.4026835262775421 10.719544410705566 0.058339059352874756
-0.28351038694381714 10.507672309875488 0.7910063862800598
0.034113310277462006 10.604257583618164 -0.16759777069091797
0.34504830837249756 10.73301887512207 1.297882080078125
-0.25236260890960693 10.59384822845459 0.24803763628005981
-0.14522124826908112 10.764466285705566 -0.055473290383815765
0.07057841867208481 10.627714157104492 0.06352672725915909
-0.45250773429870605 10.556835174560547 0.6604840159416199
-0.7058032751083374 10.808680534362793 0.7267642021179199
-0.837459921836853 11.020906448364258 0.8773179650306702
-0.1908205896615982 10.756351470947266 -0.19140145182609558
-0.6469860076904297 11.025031089782715 1.0005601644515991
-1.0741947889328003 10.946493148803711 0.7241523861885071
-1.0144565105438232 10.956671714782715 0.7643797993659973
-0.337350457906723 10.815335273742676 -0.1120690330862999
0.08267191052436829 11.005971908569336 0.9629299640655518
-0.976220428943634 11.083320617675781 -0.29970961809158325
-1.0782305002212524 11.077640533447266 0.648171603679657
0.10538051277399063 11.00644588470459 1.213288426399231
0.3164339065551758 10.984637260437012 0.10551514476537704
-0.605787992477417 11.033063888549805 0.6754147410392761
-0.36142444610595703 10.975507736206055 0.12608222663402557
-0.0494970977306366 11.005684852600098 0.5759381651878357
-0.5112213492393494 11.20509147644043 1.028823971748352
0.009292619302868843 11.119912147521973 1.1184557676315308
-0.4691346287727356 11.151591300964355 1.1394712924957275
-0.48803916573524475 11.112722396850586 -0.12012311071157455
-0.9165900349617004 11.234615325927734 0.9628827571868896
0.42956969141960144 11.33342170715332 0.4667856991291046
-0.2566174268722534 11.1785888671875 0.1001683846116066
-0.3891865611076355 11.321961402893066 0.9548882842063904
-1.1503469944000244 11.305472373962402 -0.15610651671886444
-0.058065302670001984 11.332845687866211 -0.007136048749089241
-1.2370914220809937 11.35607624053955 -0.284529447555542
-1.315774917602539 11.439821243286133 -0.1376853734254837
0.49583911895751953 11.42225456237793 0.4675627648830414
0.31889089941978455 11.453771591186523 1.384829044342041
-0.08089251816272736 11.435855865478516 1.4539614915847778
0.4041869044303894 11.448751449584961 1.20962393283844
-0.1271389275789261 11.48130989074707 0.10582418739795685
-0.31444981694221497 11.470046043395996 0.13238900899887085
-0.5337276458740234 11.527267456054688 1.207216501235962
-1.222936987876892 11.515640258789062 0.27818989753723145
0.4833160936832428 11.536133766174316 0.8921862244606018
0.21621385216712952 11.560256958007812 0.32952573895454407
-1.3027251958847046 11.564701080322266 -0.42126333713531494
-1.0674927234649658 11.563433647155762 0.7774442434310913
-1.1012516021728516 11.577125549316406 1.4212679862976074
