161
-0.7442086935043335 7.429854393005371 0.6740369200706482
-0.7920404076576233 7.326763153076172 0.3060453534126282
-0.6113218069076538 7.2315754890441895 0.7069528698921204
-0.07588768750429153 7.476898670196533 0.39108383655548096
-0.6742241978645325 7.15578556060791 0.2970261871814728
-0.19044040143489838 7.1078410148620605 0.044711850583553314
-0.2713976204395294 7.209961414337158 0.6499030590057373
-0.5350778698921204 7.326780796051025 0.8821419477462769
-0.2241073101758957 7.132870674133301 -0.030069831758737564
-0.4828490912914276 7.286066055297852 -0.12149734050035477
-0.15583422780036926 7.320270538330078 0.4695703983306885
-0.5507645606994629 7.117656707763672 0.18742334842681885
-0.7939987182617188 7.327568054199219 0.5444793701171875
-0.6554373502731323 7.225300312042236 0.06627263128757477
-0.413293719291687 7.195864677429199 0.5978745818138123
-0.3459337651729584 7.084375381469727 0.2719438076019287
-0.49019548296928406 7.141452312469482 0.37934401631355286
-0.23077011108398438 7.103366374969482 0.1957787573337555
-0.28484511375427246 7.422346115112305 -0.2256830334663391
-0.9945244789123535 8.155773162841797 0.5992313623428345
-0.6898043751716614 8.15837287902832 0.6043004989624023
-0.08475854992866516 7.251501083374023 -0.059725843369960785
-0.1582862287759781 7.656369686126709 0.2972458302974701
-0.831163763999939 7.539102077484131 0.29838746786117554
-0.5504480004310608 7.716238021850586 0.427548348903656
-0.02567312866449356 7.3949809074401855 0.04853973910212517
-0.35083699226379395 7.1929850578308105 0.8159285187721252
-0.6467328667640686 7.387510299682617 -0.06869806349277496
-0.1842121183872223 7.65359354019165 -0.07069310545921326
-0.3761645555496216 7.7577290534973145 0.9064728021621704
-0.516707181930542 7.588291168212891 -0.16021716594696045
-0.43176671862602234 7.736858367919922 0.6641654372215271
-0.4420485198497772 7.877444744110107 0.37779882550239563
-0.755887508392334 7.870636940002441 0.6780741810798645
-0.39986005425453186 7.352292537689209 0.9647628664970398
-0.41217154264450073 7.502720832824707 1.0265339612960815
-0.32522812485694885 7.904463768005371 0.05287179723381996
-0.7626822590827942 7.616124153137207 0.12293358892202377
-0.37730351090431213 7.904897689819336 -0.13188567757606506
-0.6259752511978149 7.7140631675720215 -0.07083772122859955
-1.0070345401763916 7.962370872497559 0.5615015029907227
-0.1725265383720398 7.347883224487305 0.9324708580970764
-0.24912799894809723 7.776144981384277 0.6513481736183167
-0.152902290225029 8.978264808654785 -0.0008861273527145386
-0.4332609176635742 7.9614386558532715 0.27698326110839844
-0.5831775665283203 8.078287124633789 -0.04207197204232216
-0.37942877411842346 8.10772705078125 -0.14677922427654266
-0.9225945472717285 8.01168441772461 0.8856619596481323
-0.876706063747406 7.82058048248291 0.6523382067680359
-0.12759555876255035 7.329263687133789 0.8229168057441711
-0.3462303578853607 8.322691917419434 0.10146298259496689
-0.4242705702781677 8.781905174255371 0.08729411661624908
-0.3027559518814087 8.840633392333984 0.19476225972175598
-0.6006258726119995 8.559210777282715 -0.01700253039598465
-0.5415145754814148 8.349457740783691 -0.10657785832881927
-0.9154477119445801 7.913848876953125 0.7474768161773682
-0.0463135652244091 8.980508804321289 0.1623922437429428
-0.7466694116592407 8.098037719726562 0.8544788360595703
-0.4782489538192749 8.227211952209473 0.11479784548282623
-0.3664700388908386 8.531354904174805 -0.004366373643279076
-0.7717578411102295 9.103846549987793 -0.029087651520967484
-0.6102243065834045 8.881733894348145 0.1613292545080185
-0.11315689980983734 8.901407241821289 0.23784416913986206
-0.11444558948278427 9.27673053741455 0.02767024375498295
-0.3590482473373413 9.202760696411133 0.010859556496143341
-0.6777018904685974 8.937599182128906 -0.05382653698325157
-0.2877868711948395 9.048849105834961 0.3360557556152344
-0.7172502875328064 9.018461227416992 0.21481752395629883
0.2242984175682068 9.683408737182617 1.2133811712265015
-1.161780595779419 9.145073890686035 1.0053662061691284
-0.6412385702133179 9.168851852416992 0.33596861362457275
0.10670994222164154 9.053881645202637 0.23652639985084534
-1.168462872505188 9.963601112365723 0.1395290046930313
-0.8609804511070251 9.265514373779297 0.2508842647075653
-0.9344985485076904 9.404271125793457 0.010289913043379784
-0.03876645863056183 9.172516822814941 0.4143916070461273
0.2520222067832947 9.639083862304688 1.0585196018218994
-1.1646562814712524 9.099668502807617 0.9967562556266785
0.07048264890909195 9.672699928283691 1.2839012145996094
0.15762796998023987 9.572218894958496 1.1254115104675293
-0.7712786197662354 9.235761642456055 -0.034372057765722275
-0.8879638314247131 9.699840545654297 0.22101444005966187
0.1686941236257553 9.582121849060059 1.2832471132278442
0.09650668501853943 9.203756332397461 0.3804154396057129
-0.8629192113876343 9.843072891235352 -0.040304627269506454
-0.842311680316925 9.485912322998047 0.27765780687332153
-1.066462755203247 9.917242050170898 0.29457148909568787
-0.5682043433189392 9.352466583251953 0.19286231696605682
0.1841907650232315 9.895147323608398 1.181520938873291
-1.2348438501358032 9.955619812011719 0.11500012874603271
-0.40166789293289185 10.307463645935059 0.03521868959069252
-0.8507605195045471 9.547836303710938 0.307034969329834
0.2542610764503479 9.807107925415039 1.3960671424865723
0.030059605836868286 9.238490104675293 0.07604893296957016
-0.6937981843948364 10.328412055969238 0.9336272478103638
-0.804772138595581 10.3391695022583 0.8428724408149719
-1.1034398078918457 9.971616744995117 -0.09758724272251129
-0.6858440041542053 10.369585990905762 0.7020286917686462
-1.1845715045928955 10.226438522338867 0.07390186190605164
-0.8378061652183533 9.92208194732666 0.0965116024017334
-0.8575443029403687 10.241291046142578 0.2612380385398865
-0.49736711382865906 10.343812942504883 0.9045052528381348
-0.8408822417259216 10.358345985412598 0.9605067372322083
-0.9533730149269104 10.165833473205566 0.018329305574297905
-0.40040281414985657 10.3982572555542 1.0571339130401611
-0.4950580298900604 10.321603775024414 0.8115900158882141
-0.8005179166793823 10.616351127624512 0.7698890566825867
-0.4590957760810852 10.243498802185059 -0.08562517166137695
-0.12983965873718262 10.612387657165527 -0.1251726597547531
-0.9969587922096252 10.37801456451416 0.4451294243335724
-0.6825754642486572 10.532541275024414 1.1613787412643433
0.2098899483680725 9.927116394042969 1.184713363647461
-1.0227487087249756 10.409539222717285 0.1370955854654312
-0.7072919607162476 10.837825775146484 0.954018771648407
-0.050437651574611664 10.824920654296875 -0.19487439095973969
-0.4076756536960602 10.644655227661133 1.1042101383209229
-0.3553794026374817 10.818154335021973 0.9272391200065613
-1.0007569789886475 10.688251495361328 0.40104547142982483
-0.44359076023101807 10.754984855651855 0.7074014544487
-0.9592357873916626 10.749422073364258 0.48390671610832214
-0.11175059527158737 10.888136863708496 -0.31668201088905334
-0.5548866391181946 10.964631080627441 0.36002349853515625
-0.4581502676010132 10.792011260986328 1.0708967447280884
-1.0824230909347534 10.707876205444336 0.23390085995197296
-0.8852816224098206 10.711877822875977 0.11143489181995392
-0.9875151515007019 10.739596366882324 0.6171379089355469
0.052543167024850845 10.949955940246582 -0.30611640214920044
-0.28262922167778015 10.954591751098633 0.8125849962234497
-0.23274189233779907 10.961615562438965 0.511013925075531
-0.4901978373527527 11.028372764587402 0.3518149256706238
-0.5712286829948425 11.091423034667969 0.24327406287193298
-1.2251636981964111 11.078909873962402 0.7991825342178345
-0.2971828579902649 11.023785591125488 1.2165844440460205
-0.9497750401496887 11.223762512207031 -0.2378104329109192
-0.9061370491981506 11.022083282470703 0.34456774592399597
-0.09949865937232971 11.148796081542969 -0.10686792433261871
-0.7610536813735962 11.110118865966797 1.2514567375183105
-0.02607387863099575 11.191612243652344 0.32627755403518677
-0.7201417684555054 11.221573829650879 1.2470616102218628
-1.1070315837860107 11.233450889587402 -0.2258388251066208
0.4499278664588928 11.248287200927734 1.3138208389282227
0.4236622154712677 11.335809707641602 -0.19577838480472565
-0.37549889087677 11.345808029174805 -0.3175937533378601
0.36757421493530273 11.399801254272461 0.0986432358622551
0.32800543308258057 11.335634231567383 -0.1511402130126953
-1.0860061645507812 11.270365715026855 0.2035827934741974
0.38426995277404785 11.367073059082031 0.332296222448349
-0.2581237554550171 11.356816291809082 1.3403488397598267
0.10977531969547272 11.447089195251465 -0.28724366426467896
-0.05498788505792618 11.454249382019043 0.6738100051879883
0.13196732103824615 11.44596004486084 -0.2970355153083801
0.3605146110057831 11.4590482711792 -0.31544730067253113
0.4253289997577667 11.487552642822266 -0.11037392169237137
-0.9182159900665283 11.477189064025879 -0.18329587578773499
-0.0900750607252121 11.504902839660645 1.2675740718841553
-0.830631673336029 11.517526626586914 -0.12568336725234985
0.2895103693008423 11.559898376464844 1.2473514080047607
-0.7478469610214233 11.54183578491211 -0.010204553604125977
-1.2560912370681763 11.562154769897461 0.1593528687953949
-1.1262893676757812 11.568592071533203 0.6683853268623352
-0.9402775168418884 11.581644058227539 1.0257768630981445
