611
-2.376192092895508 0.36269888281822205 1.5106807947158813
-2.328486680984497 0.3027001917362213 -0.5963588356971741
-2.0533158779144287 0.6225007176399231 0.6067505478858948
0.8918696641921997 0.5291533470153809 -0.42543721199035645
-2.055769443511963 0.3057500422000885 0.12411034107208252
-1.2656497955322266 0.2853417694568634 -1.2002520561218262
-0.18267080187797546 0.284606397151947 0.8537258505821228
-2.185027837753296 0.3037109971046448 1.8037183284759521
-0.728374719619751 0.284606397151947 -0.9155328273773193
-0.8575499057769775 0.2916190028190613 -1.1993745565414429
0.8797096014022827 0.34892481565475464 -1.1263195276260376
-2.2944955825805664 0.4191787838935852 -0.107791006565094
-2.3381640911102295 0.37611910700798035 0.33965635299682617
-2.3821775913238525 0.3269614577293396 -0.2799908220767975
-1.5776216983795166 0.31371963024139404 2.1052448749542236
-2.3381075859069824 0.284606397151947 0.07326129078865051
-2.3852975368499756 0.32353144884109497 0.6367741823196411
0.6909949779510498 0.35396918654441833 -1.1922801733016968
-0.5078694224357605 0.2997361123561859 -1.163496494293213
-2.0830202102661133 0.284606397151947 1.113950490951538
0.17101600766181946 0.2981725037097931 2.0910446643829346
0.9119994044303894 0.31210580468177795 -0.7819405198097229
0.903633713722229 0.35916638374328613 -0.7507517337799072
-2.3848187923431396 0.3091092109680176 0.20301206409931183
-1.2766515016555786 0.30744466185569763 1.7052761316299438
-0.34210583567619324 0.32504573464393616 -1.1739157438278198
-1.9380086660385132 0.31390517950057983 1.9826794862747192
-2.3773553371429443 0.2865092158317566 -0.07781313359737396
0.8848463296890259 0.35454261302948 -0.9553117752075195
-1.8686540126800537 0.29207107424736023 1.4039125442504883
-0.9731692671775818 0.3261970579624176 -1.1879942417144775
0.9038395285606384 0.29554471373558044 1.2858370542526245
0.9107190370559692 0.6445250511169434 1.4680143594741821
-1.628307819366455 0.32008427381515503 1.493189811706543
-2.095757246017456 0.42975956201553345 1.3342292308807373
-1.825945258140564 0.29221704602241516 2.069580316543579
0.8954936265945435 0.6290287971496582 -0.18105287849903107
-2.3642842769622803 0.31411314010620117 -0.4327518939971924
0.8727405071258545 0.30527493357658386 -1.1967458724975586
-2.1760072708129883 0.3146172761917114 -0.74468594789505
-1.68094801902771 0.3420591652393341 2.1302168369293213
0.8775783777236938 0.3277859687805176 0.869464635848999
-1.2637808322906494 0.285698801279068 -0.9792142510414124
0.43670496344566345 0.284606397151947 1.516466736793518
-0.4201158583164215 0.284606397151947 -0.8828259706497192
0.3463122546672821 0.3141907751560211 -1.1969515085220337
-1.9478329420089722 0.3621126413345337 1.6982922554016113
-2.07163405418396 0.29526546597480774 0.7265183329582214
-0.3497786521911621 0.2981538772583008 -0.6544171571731567
-1.8028194904327393 0.46416011452674866 -0.8535550236701965
-2.1149089336395264 0.3870293200016022 -1.0354810953140259
-1.077407956123352 0.30464309453964233 -0.30337798595428467
-1.0862623453140259 0.284606397151947 -0.6883354783058167
-2.0754687786102295 0.3309851288795471 1.5129379034042358
-1.7930055856704712 0.2911156713962555 -0.5171161890029907
0.8551561236381531 0.3235088288784027 2.080660343170166
-1.7129594087600708 0.3716755211353302 1.0569734573364258
0.41392600536346436 0.284606397151947 -0.9850077033042908
-1.432668924331665 0.3133305013179779 -1.1856619119644165
-2.371347427368164 0.2916128933429718 0.5016840696334839
-1.2454979419708252 0.29530125856399536 -0.5571205019950867
0.06940624862909317 0.28994807600975037 -1.0180224180221558
-1.041033387184143 0.32704123854637146 -0.8828799724578857
-1.721814751625061 0.284606397151947 -1.2024998664855957
-2.0752336978912354 0.31814321875572205 1.9215528964996338
-2.204477071762085 0.3082049489021301 -0.968772828578949
0.9085654616355896 0.4588475227355957 1.7846680879592896
-2.351738691329956 0.3435416519641876 1.6161692142486572
-1.7468572854995728 0.284606397151947 1.7277663946151733
0.9181313514709473 0.3179425597190857 1.04252028465271
-0.1505877524614334 0.29236140847206116 2.114410638809204
-2.116973400115967 0.2906578481197357 -0.2389172464609146
-0.07135891914367676 0.299999475479126 -1.1832325458526611
0.5959305763244629 0.29602208733558655 2.075745105743408
0.8963208794593811 0.29596731066703796 2.007452964782715
-2.382986307144165 0.3107852041721344 1.3441554307937622
0.9210300445556641 0.5162234902381897 1.6073776483535767
0.6844676733016968 0.30441558361053467 1.786395788192749
-1.1048283576965332 0.3749767243862152 -1.199873685836792
-1.5750101804733276 0.2851404547691345 -0.13904675841331482
0.8951413631439209 0.34111297130584717 1.4482444524765015
0.8471937775611877 0.3019911050796509 1.6318833827972412
-1.7723662853240967 0.30539506673812866 0.8423768877983093
-1.9690073728561401 0.284606397151947 0.5271449089050293
-1.0648967027664185 0.2986571192741394 2.0033512115478516
0.9081903100013733 0.28711870312690735 -0.5524258017539978
0.7346081733703613 0.3111720085144043 2.0982275009155273
-2.365952730178833 0.3019696772098541 0.8577314615249634
-1.5994659662246704 0.35552090406417847 -1.0412148237228394
-0.8650227785110474 0.284606397151947 -0.6159273386001587
0.8971083760261536 0.3682539761066437 1.8842499256134033
0.09114783257246017 0.7776986956596375 1.641453742980957
-0.3325973451137543 0.39159300923347473 2.1320111751556396
-0.07845477014780045 0.4638410210609436 -1.15224289894104
-1.5862367153167725 0.31666985154151917 -1.1702111959457397
-1.6760271787643433 0.2934982180595398 -0.7323510646820068
-2.3685505390167236 0.3104076087474823 0.7396140098571777
-1.1791119575500488 0.5868988633155823 -0.843941867351532
0.8730189204216003 0.36356332898139954 0.49078693985939026
0.04169730097055435 0.3244917094707489 2.0863020420074463
-1.2189984321594238 0.293390154838562 2.126861810684204
-1.3602147102355957 0.5149813294410706 -1.0843884944915771
-0.48657798767089844 0.32053709030151367 2.12153697013855
-1.6539160013198853 0.6816828846931458 1.2941806316375732
-2.373607635498047 0.45081037282943726 1.232340931892395
-0.65643709897995 0.31762591004371643 2.1341755390167236
0.8277629017829895 0.7163195013999939 0.6922132968902588
-2.268810749053955 0.3632517158985138 1.7575076818466187
-1.950295090675354 0.3015987277030945 0.890593945980072
0.8870242834091187 0.3059365451335907 0.15437284111976624
-2.0462887287139893 0.33989644050598145 -1.1628015041351318
-2.0864899158477783 0.5286763906478882 0.9649575352668762
-0.5764588713645935 0.45258450508117676 -1.1805479526519775
-0.7730015516281128 0.43808624148368835 2.1340012550354004
0.5700528621673584 0.36792898178100586 2.129504919052124
-2.379101037979126 0.32712313532829285 1.0720864534378052
-0.5692903399467468 0.34826236963272095 1.7226831912994385
-2.185696601867676 0.44419121742248535 -0.4903466999530792
0.9127432703971863 0.6211534142494202 0.26874223351478577
-1.8727413415908813 0.33079707622528076 0.32257112860679626
-1.4215978384017944 0.3565705418586731 2.126171350479126
-2.2801918983459473 0.3285754323005676 -0.8098279237747192
-1.9197063446044922 0.34190505743026733 -1.1933871507644653
-2.3813507556915283 0.3932265043258667 1.040692687034607
0.6538214683532715 0.7800027132034302 0.07117921859025955
-0.17942047119140625 0.284606397151947 2.127000093460083
-0.9116465449333191 0.39749646186828613 1.764126181602478
-1.455248236656189 0.3204178214073181 -0.776333749294281
-1.9043720960617065 0.3261226415634155 -0.618205189704895
-1.8782607316970825 0.3053971230983734 -0.07092733681201935
-1.5589901208877563 0.34428632259368896 1.6918352842330933
-0.5377156734466553 0.5793209671974182 -1.0667110681533813
-1.8566350936889648 0.42227524518966675 -1.1214159727096558
0.12693195044994354 0.44028690457344055 -0.7263725996017456
0.47225621342658997 0.4021580219268799 2.096217155456543
0.44107291102409363 0.7885718941688538 -0.20407894253730774
-1.3201316595077515 0.30634862184524536 1.9693546295166016
-1.3999568223953247 0.5702264904975891 -0.7052648663520813
-1.663175106048584 0.3128269910812378 1.9232747554779053
-0.09898434579372406 0.6174501776695251 -0.9588589072227478
0.9090126156806946 0.4693979024887085 1.216944694519043
0.6539894938468933 0.3522270917892456 0.05595788359642029
0.6626888513565063 0.5456907749176025 -1.0984060764312744
-1.5412073135375977 0.3016005754470825 0.4997556507587433
0.89723801612854 0.49948906898498535 -0.11547894775867462
0.2830055356025696 0.4285740852355957 -1.1986445188522339
-0.7189452648162842 0.3932892978191376 -1.2013522386550903
0.005098515190184116 0.5478639006614685 2.1154074668884277
-0.22853028774261475 0.3519552946090698 -1.1860013008117676
0.8267150521278381 0.46893152594566345 -1.2023588418960571
0.5795019268989563 0.29806163907051086 -0.8070337772369385
-0.4512108862400055 0.2928762137889862 1.9682763814926147
0.8480128645896912 0.3822462856769562 0.29958632588386536
-0.8166752457618713 0.3197472095489502 2.1339409351348877
0.3127821385860443 0.31403905153274536 2.107091188430786
0.6738569140434265 0.2899884879589081 0.9645556211471558
0.12336355447769165 0.2885235846042633 -1.2016065120697021
-1.2172973155975342 0.6969237327575684 1.6385107040405273
-0.9287173748016357 0.5995429158210754 -0.9780962467193604
0.889939546585083 0.33550769090652466 0.6138926148414612
0.03120001032948494 0.3328404724597931 1.6203198432922363
-1.2227122783660889 0.5550283789634705 2.134127616882324
-0.4224971532821655 0.6661013960838318 -0.8570734262466431
0.5255816578865051 0.3073764443397522 -1.1972384452819824
0.3987102210521698 0.3540441691875458 1.6834468841552734
-0.49920010566711426 0.7651575207710266 1.8645515441894531
-0.4365021288394928 0.6402972936630249 2.128873586654663
0.4175862669944763 0.6111037135124207 -0.8332488536834717
0.6192588806152344 0.39037251472473145 0.26411542296409607
0.7302049994468689 0.284606397151947 -0.2272227555513382
0.29589754343032837 0.6119530200958252 -1.0474772453308105
0.47482553124427795 0.29156458377838135 0.3915773630142212
-0.9519601464271545 0.37336480617523193 2.1085422039031982
0.01279759593307972 0.29604166746139526 1.8275225162506104
0.8550506234169006 0.3216452896595001 -0.0032120337709784508
0.9019339084625244 0.3571937680244446 0.8035773038864136
0.3064734935760498 0.3101889491081238 -0.7516940832138062
0.8387739062309265 0.3807891309261322 -0.38417571783065796
-1.4329763650894165 0.2895542085170746 0.19694742560386658
-2.1566147804260254 0.3074050545692444 0.369761198759079
0.9057791233062744 0.43787655234336853 -0.21751415729522705
0.4641736149787903 0.2975667417049408 -0.31210437417030334
0.6448383927345276 0.2945253849029541 1.2374893426895142
0.6643416285514832 0.7058680653572083 1.7597988843917847
-0.1843056082725525 0.30064260959625244 -0.5238118767738342
-1.0383466482162476 0.3702140748500824 -0.4905328154563904
-0.6152955293655396 0.3233494162559509 -0.7174469232559204
0.24013245105743408 0.3476244807243347 1.481650948524475
0.2746342718601227 0.3267331123352051 1.8446778059005737
0.7502765655517578 0.29880017042160034 -0.5804256796836853
0.913729727268219 0.39286407828330994 0.43016210198402405
-0.15849032998085022 0.29857873916625977 -0.8621790409088135
-0.054356981068849564 0.32179275155067444 -0.6924170255661011
0.4685855507850647 0.2899435758590698 -0.5678889751434326
-0.7308518290519714 0.33834728598594666 -0.4884564280509949
-1.8650158643722534 0.35274574160575867 0.2354961335659027
-1.7084699869155884 0.36234891414642334 0.6550315022468567
-0.6060389280319214 0.7259888648986816 1.7827259302139282
-1.8603898286819458 0.322986364364624 1.1998677253723145
0.5700349807739258 0.3670799136161804 1.4326070547103882
-2.0462558269500732 0.4707145094871521 -0.022283412516117096
-1.9848130941390991 0.36233583092689514 -0.35571855306625366
0.7088068723678589 0.8760581612586975 1.0524135828018188
0.11451122909784317 0.3590327203273773 -0.4834602177143097
-1.553130030632019 0.3350194990634918 1.3386564254760742
-1.4649972915649414 0.5829029083251953 1.806386113166809
-1.3883452415466309 0.310293585062027 0.5644422769546509
0.28674307465553284 0.7065402269363403 1.8883836269378662
0.4269842207431793 0.6104065775871277 2.073305368423462
-1.4874582290649414 0.6497834920883179 1.3130643367767334
-1.9145622253417969 0.6669765114784241 0.6246170997619629
-0.12836191058158875 0.28526535630226135 -0.35768797993659973
-0.15813638269901276 0.6779423952102661 2.002703905105591
-1.5631541013717651 0.3151763379573822 -0.5739344358444214
-1.99155592918396 0.540910005569458 -0.6805040836334229
-1.2202695608139038 0.49206283688545227 1.5064219236373901
-1.7367157936096191 0.7249517440795898 0.07380320131778717
-1.6925112009048462 0.6756978034973145 -0.11657555401325226
0.025961056351661682 0.6963884234428406 -0.7497614622116089
-1.1895115375518799 0.3393731117248535 1.2724217176437378
-1.3733500242233276 0.418655127286911 1.1957203149795532
-1.339976191520691 0.6961315870285034 -0.1415639966726303
-0.8401166200637817 0.6448979377746582 -0.762939453125
-1.8570661544799805 0.7205241918563843 0.40975669026374817
-0.24799342453479767 0.6972774863243103 -0.5536733865737915
-1.8150572776794434 0.3553350567817688 -0.2501407563686371
-1.3129912614822388 0.32617413997650146 -0.21315035223960876
-1.6574773788452148 0.6396927237510681 0.7940629720687866
-1.6897157430648804 0.31049707531929016 0.08768150210380554
-1.410387635231018 0.3365429639816284 -0.4203821122646332
-0.3116426467895508 0.3246861696243286 1.7594244480133057
0.31213364005088806 0.39363524317741394 -0.5290201306343079
-0.9413149952888489 0.3117978274822235 -0.08493521064519882
0.5367928147315979 0.6607536673545837 -0.5789135098457336
-1.508715033531189 0.35991209745407104 0.9911351203918457
-1.6381539106369019 0.37368935346603394 0.3354828655719757
0.2867302894592285 0.6931920051574707 -0.34117236733436584
0.26944807171821594 0.32127076387405396 -0.2344529926776886
0.0716601237654686 0.7299046516418457 1.8734499216079712
0.7985025644302368 0.6243348121643066 1.018431305885315
0.4473523795604706 0.36046648025512695 0.7390599846839905
-1.1207187175750732 0.6106334924697876 -0.3520609140396118
-0.5962136387825012 0.6963700652122498 -0.687203586101532
-0.8086771368980408 0.6821019053459167 2.0446934700012207
-0.5322375297546387 0.3127131760120392 -0.5190951228141785
-0.8184658885002136 0.3850003778934479 1.650209665298462
-1.6820893287658691 0.8353660702705383 0.3439149558544159
0.7626092433929443 0.5194859504699707 -0.7066095471382141
-1.0512841939926147 0.6242418885231018 1.983201026916504
-0.7195106744766235 0.589074432849884 0.7972739934921265
-1.3241199254989624 0.621291995048523 1.9661839008331299
-1.1722331047058105 0.3542424142360687 -0.08943302184343338
0.4873816967010498 0.752460777759552 1.6495803594589233
-1.2175102233886719 0.30246981978416443 1.5595506429672241
0.1921980381011963 0.34282833337783813 0.5206228494644165
-0.4377453625202179 0.41364097595214844 0.5953966379165649
-1.6463770866394043 0.6175655722618103 -0.29847514629364014
-0.5182300806045532 0.4343389570713043 1.434088110923767
-1.5778698921203613 0.553708553314209 -0.44006314873695374
-1.7234220504760742 0.5020864605903625 1.4744054079055786
-1.1359963417053223 0.6405850648880005 1.2221993207931519
-1.0063291788101196 0.7509452700614929 1.7174732685089111
-0.1917705088853836 0.7260913252830505 1.5499109029769897
0.013526953756809235 0.8937815427780151 -0.5023908615112305
0.5719122290611267 0.41217949986457825 -0.2269771695137024
0.5998470187187195 0.7815955877304077 0.7643262147903442
-1.677093744277954 0.8645421862602234 0.4810033142566681
0.6148868203163147 0.9248866438865662 1.448878288269043
-0.7739415168762207 0.7725562453269958 -0.5481517910957336
0.2297632396221161 0.8791945576667786 -0.30589425563812256
-0.00822419859468937 0.948695719242096 1.7762278318405151
0.6803983449935913 0.794277548789978 1.3127856254577637
0.7169763445854187 0.8636247515678406 0.3504233956336975
0.6425170302391052 0.9306647181510925 0.24322837591171265
-1.4585297107696533 0.7947405576705933 0.3014165461063385
0.011532355099916458 0.4410110116004944 -0.12904255092144012
-1.0508217811584473 0.7930276989936829 -0.4130409359931946
-1.5283615589141846 0.8141788244247437 0.06909908354282379
-0.7977954745292664 0.5307755470275879 1.545359492301941
-0.6270259618759155 0.4544789791107178 -0.3934118449687958
-1.387355923652649 0.7616202235221863 1.035187005996704
0.0776558369398117 0.4958462417125702 -0.32367271184921265
0.4106156826019287 0.5814539194107056 -0.01199980080127716
0.2822592258453369 0.648666501045227 1.4532958269119263
-0.340434730052948 0.2856484055519104 -0.2841264009475708
-1.3163537979125977 0.3413396179676056 0.10347265005111694
0.3535446524620056 0.8496850728988647 0.14272743463516235
0.4124661087989807 0.8762047290802002 1.3152451515197754
-0.24754564464092255 0.5270935297012329 -0.35964450240135193
0.5737322568893433 0.6558675169944763 0.47662556171417236
-1.4301892518997192 0.41342541575431824 0.8154216408729553
-1.0023666620254517 0.8955825567245483 1.6823382377624512
-1.4223666191101074 0.7233296036720276 0.6939055323600769
-0.7828896045684814 0.9672070145606995 1.5525305271148682
-1.309083342552185 0.5147531628608704 0.1481320858001709
-1.0388597249984741 0.38958001136779785 1.442250370979309
-0.9503753185272217 0.6631240248680115 -0.2853624224662781
-0.43348428606987 0.5714854001998901 1.602819800376892
-0.24979999661445618 0.3947680592536926 1.6577887535095215
0.35709866881370544 0.4839912950992584 0.13326482474803925
0.14967742562294006 0.8152520060539246 1.3465023040771484
0.09296591579914093 0.8466654419898987 -0.17470544576644897
0.17213033139705658 0.8310814499855042 0.0398235023021698
0.1759377121925354 0.7740535736083984 0.2653798460960388
0.15405172109603882 0.6313093304634094 0.8611074090003967
-1.3693039417266846 0.680780827999115 0.41725170612335205
-0.20595459640026093 0.6766564846038818 0.21881473064422607
0.5171520709991455 0.6199836730957031 1.0511094331741333
0.1462138146162033 0.5216236114501953 0.3412696123123169
-0.6266787052154541 0.7592285871505737 0.19661056995391846
-0.3504347503185272 0.9219976663589478 0.3159295618534088
-1.2936620712280273 0.6992133855819702 1.017898440361023
0.36370110511779785 0.5813961029052734 0.8030726313591003
0.3730028569698334 0.40424981713294983 1.0935086011886597
0.04468964785337448 0.7123057842254639 1.3171664476394653
-0.16739672422409058 0.5619056820869446 0.09357014298439026
-0.8044770956039429 0.9182744026184082 1.2091245651245117
-0.7509956955909729 0.8516062498092651 1.4040337800979614
0.12199638783931732 0.7005024552345276 1.1323479413986206
-0.2890826463699341 0.6712603569030762 1.3344089984893799
-0.9547311663627625 0.48695170879364014 0.41975143551826477
0.013876449316740036 0.48413437604904175 0.9585736989974976
0.34958192706108093 0.6824180483818054 0.5535185933113098
-0.02246156893670559 0.39706966280937195 0.31792813539505005
-0.7565628886222839 0.8002598881721497 0.2230493277311325
-0.027330156415700912 0.36952629685401917 0.6507038474082947
-0.8399108648300171 0.6355071067810059 1.1715946197509766
-1.1290109157562256 0.7706102132797241 0.8732963800430298
-0.8251795172691345 0.551049530506134 0.6782151460647583
-0.42704007029533386 0.3792992830276489 0.7381252646446228
-1.0341631174087524 0.7277231216430664 0.5878543853759766
-1.059629201889038 0.5249269604682922 0.706680417060852
-1.0165116786956787 0.36414438486099243 0.17261365056037903
-0.6660213470458984 0.29538291692733765 0.9436101913452148
-0.23787300288677216 0.5769867300987244 1.2170591354370117
-0.5884496569633484 0.571569561958313 -0.031032945960760117
-0.9496819376945496 0.6217600107192993 0.9738210439682007
-1.056513786315918 0.3378964066505432 0.47103869915008545
-0.9234755635261536 0.6112526059150696 0.2950848937034607
-0.4712894856929779 1.6884561777114868 0.7318755388259888
-0.29460862278938293 0.45399975776672363 1.0569612979888916
-0.5681731104850769 0.48383012413978577 1.077321171760559
-0.7542658448219299 2.192996025085449 0.4326028525829315
-0.7555023431777954 2.3223886489868164 0.2511906623840332
-0.39764726161956787 1.645002841949463 0.4821763038635254
-0.5286358594894409 0.5393952131271362 0.5387235879898071
-0.390189528465271 0.5781010389328003 0.045920539647340775
-0.6433669328689575 0.3496728539466858 -0.1649802178144455
-0.6004854440689087 1.7286041975021362 0.625994861125946
-0.8440272212028503 0.5266411304473877 -0.04746245592832565
-1.0070165395736694 2.4387786388397217 0.6185967326164246
-0.21004775166511536 0.3938390016555786 0.5342268943786621
-0.26292896270751953 0.3420960605144501 0.7871300578117371
-0.33242174983024597 0.32324159145355225 -0.10142133384943008
-0.5156247615814209 2.1230709552764893 0.6732041239738464
-0.48384925723075867 2.2625222206115723 0.3184220790863037
-0.6549013257026672 1.9600520133972168 0.5100359320640564
-0.31180763244628906 1.6583892107009888 0.5702872276306152
-0.3508855998516083 1.6888542175292969 0.7039445042610168
-0.9459083080291748 2.380396842956543 0.3092361390590668
-0.6487740874290466 0.6456600427627563 0.10254653543233871
-0.10702002048492432 0.47032803297042847 0.18822433054447174
-0.63313889503479 2.4423959255218506 0.1710892766714096
-0.5114182829856873 2.353280544281006 0.7626656293869019
-0.35643723607063293 2.369525909423828 0.5610842704772949
-0.9178534150123596 2.302734375 0.506877601146698
-0.47554734349250793 1.6389963626861572 0.5942724943161011
-0.5550146698951721 1.8007314205169678 0.4105437397956848
-0.8717784881591797 2.6891026496887207 0.8471618890762329
-0.3802301585674286 2.575655937194824 0.7361195683479309
-0.45305076241493225 2.5285115242004395 0.23405414819717407
-0.3316115140914917 3.2468738555908203 0.40685248374938965
-1.0661907196044922 2.5176239013671875 0.26047343015670776
-1.174627423286438 2.940415382385254 0.5089802145957947
-1.0619266033172607 2.630678176879883 0.11436222493648529
-0.6479371786117554 2.5693798065185547 0.8560368418693542
-1.097619891166687 2.7286489009857178 0.6736910343170166
-1.230352759361267 3.149235248565674 0.41984331607818604
-0.8479562997817993 2.4415338039398193 0.7780764102935791
-1.197927713394165 2.744462013244629 0.3147617280483246
-0.3611485958099365 1.9261423349380493 0.38463982939720154
-0.8064774870872498 2.6071579456329346 0.06140926107764244
-1.025916576385498 2.8342344760894775 0.024578172713518143
-0.41043218970298767 2.749598979949951 0.23518605530261993
-0.7287405133247375 2.2733263969421387 0.7190937399864197
-0.32391849160194397 2.561523675918579 0.43139487504959106
-0.28286099433898926 2.7939882278442383 0.5855051875114441
-0.9184866547584534 2.892345428466797 0.8345180749893188
-1.0387285947799683 3.08011531829834 0.6548591256141663
0.2604844570159912 4.919760227203369 0.9855026006698608
-1.1378337144851685 2.604092836380005 0.49535056948661804
-0.4472986161708832 2.742380142211914 0.8485147953033447
-0.20027035474777222 5.029868125915527 1.1472771167755127
-0.32665202021598816 3.3601226806640625 0.5600573420524597
-0.3676210343837738 2.96370792388916 0.3774688243865967
-1.1727862358093262 2.9633028507232666 0.08469299226999283
-0.8310116529464722 3.0942656993865967 0.05452243238687515
-1.2097924947738647 3.0984349250793457 0.19197238981723785
-0.6127689480781555 2.9039883613586426 0.8864505887031555
-1.0904673337936401 3.3785898685455322 0.3398889899253845
-0.560782253742218 3.1380221843719482 0.2825808823108673
-0.6272345781326294 3.3434619903564453 0.2311020940542221
-0.780770480632782 3.570425510406494 0.5477086901664734
0.10270889848470688 4.920970439910889 1.120841383934021
-0.8916448950767517 3.305203914642334 0.6149759292602539
-0.5774938464164734 3.5238113403320312 0.661043107509613
-0.7874208092689514 3.167881965637207 0.7799345254898071
-0.3222106993198395 3.023529291152954 0.6554957628250122
-0.6259046196937561 2.912062168121338 0.19464761018753052
-0.23837803304195404 5.049757957458496 0.9403297305107117
-0.5675960779190063 3.5617215633392334 0.34022781252861023
-0.07474283128976822 4.922199249267578 1.0915278196334839
-0.9019919633865356 3.275789260864258 0.0945129320025444
-0.7940770983695984 2.8104088306427 0.015948200598359108
-0.08696890622377396 4.904376983642578 0.8759452700614929
-0.025776617228984833 5.139966011047363 1.3179683685302734
-0.44410574436187744 3.2941863536834717 0.7646453380584717
-0.2875036597251892 5.2682785987854 0.9374878406524658
-0.520312488079071 3.1079533100128174 0.8478654623031616
-0.9024162888526917 3.4897964000701904 0.3192654550075531
0.12859831750392914 5.047108173370361 1.2659391164779663
-0.2027030885219574 5.278980731964111 1.219658613204956
0.33181944489479065 5.086783409118652 1.1340599060058594
0.01822361908853054 4.934920787811279 0.7270674705505371
-0.5151450634002686 5.937058448791504 0.18027453124523163
0.07762665301561356 5.401326656341553 1.2520437240600586
-0.2895922064781189 5.894899845123291 0.13289211690425873
0.17797847092151642 4.9290900230407715 0.8366609811782837
0.4147002398967743 5.1327009201049805 0.9199110269546509
-0.4148302376270294 6.006051063537598 0.41140103340148926
-0.3756900727748871 5.872320175170898 0.2988494634628296
0.28139370679855347 5.488951683044434 0.9180781841278076
0.017041640356183052 5.532654762268066 0.9727410078048706
-0.20044651627540588 5.42329216003418 0.8235250115394592
-0.36411288380622864 6.007787227630615 -0.026066824793815613
0.3656640648841858 5.349672317504883 0.7116463780403137
0.3396225869655609 5.085307598114014 0.7091673612594604
0.33101874589920044 5.337194442749023 1.138059377670288
-0.1386484056711197 5.8914313316345215 0.24059297144412994
-0.10634245723485947 5.037325859069824 0.6545203924179077
-0.12650319933891296 5.884540557861328 0.3389585018157959
0.21393485367298126 5.279600620269775 0.5824549794197083
-0.22652922570705414 6.230999946594238 -0.07292729616165161
-0.5205411911010742 6.234270095825195 -0.04025941342115402
-0.1257970929145813 6.1138763427734375 0.03815651312470436
-0.286069393157959 5.9671759605407715 0.5064606666564941
0.020586451515555382 5.158484935760498 0.5496416687965393
-1.2370624542236328 6.160191059112549 1.5245615243911743
-0.008834663778543472 6.087881088256836 0.3413645625114441
-0.6404540538787842 6.490278720855713 0.1523604840040207
-0.6518149375915527 6.108705043792725 0.19870948791503906
-0.10792779922485352 6.438913345336914 0.22775793075561523
-0.3162184953689575 6.386081218719482 0.40920597314834595
-0.03770677000284195 5.274528503417969 0.5818413496017456
-0.37633010745048523 6.793637752532959 -0.14346130192279816
-0.3752916753292084 6.575706958770752 -0.12057572603225708
-0.5893877148628235 6.266831398010254 0.33352789282798767
-0.1581418663263321 6.565698146820068 0.08938024193048477
-0.2376406043767929 7.021247863769531 -0.16126592457294464
-0.5700708031654358 6.405751705169678 -0.03608016297221184
-0.5663511753082275 6.767491340637207 0.26360002160072327
-1.1661816835403442 6.166278839111328 1.471271276473999
-0.3782772123813629 7.7354207038879395 1.003944993019104
-0.6091036796569824 6.713705062866211 -0.03133677318692207
-0.5328244566917419 7.753076076507568 0.633486807346344
-0.21856948733329773 7.091890335083008 0.2607317566871643
-0.34659716486930847 6.941850662231445 0.3147335350513458
0.012379568070173264 6.222850799560547 0.3771745264530182
-0.3764429986476898 6.651429176330566 0.31601110100746155
-0.46467456221580505 7.649035453796387 0.7927597761154175
-0.17623615264892578 6.880566120147705 0.023764729499816895
-0.6128425002098083 6.9569501876831055 0.12067190557718277
-0.30431491136550903 7.643515110015869 0.6726334691047668
-0.5205792188644409 7.8904709815979 0.4626772403717041
-0.40933138132095337 7.580235481262207 0.5028790831565857
-0.46770912408828735 7.224384307861328 0.3281272351741791
-0.10400915145874023 7.182705402374268 0.05167591944336891
-0.49774545431137085 7.0989766120910645 -0.10453786700963974
-0.32569989562034607 7.231823921203613 -0.1970476359128952
-0.35405200719833374 7.663295269012451 0.8667330145835876
-0.5690658688545227 7.304195880889893 0.08405360579490662
-0.06782689690589905 7.411698341369629 0.023099541664123535
-0.60752934217453 7.987241268157959 0.7826284170150757
-0.22096334397792816 7.471433162689209 -0.17467553913593292
-0.3045063316822052 7.762092590332031 -0.13135717809200287
-0.3563082814216614 7.8698344230651855 1.0692943334579468
-0.5350375175476074 7.702017784118652 0.05438710004091263
-0.1953245997428894 7.5102739334106445 0.31078630685806274
-0.45137032866477966 7.483298301696777 -0.14381949603557587
-0.12129394710063934 7.794407844543457 0.9893255233764648
-0.08910919725894928 7.854347229003906 0.9516021013259888
-0.5684474110603333 7.469354629516602 0.27361422777175903
-0.07066356390714645 7.5612406730651855 0.09404440224170685
-0.5366740226745605 8.176379203796387 0.6786725521087646
-0.2533056139945984 7.976768970489502 -0.18488633632659912
-0.1962001621723175 8.320110321044922 0.21167203783988953
-0.15068423748016357 8.022035598754883 0.3045453131198883
-0.47225844860076904 7.858053207397461 0.30194276571273804
-0.09306163340806961 7.765600204467773 0.18154865503311157
-0.20033591985702515 8.20095157623291 1.0413684844970703
-0.05377321317791939 8.000121116638184 0.7328383326530457
-0.43433451652526855 8.253501892089844 0.35914140939712524
-0.06496071815490723 8.17431640625 0.6474422216415405
-0.34053274989128113 8.100107192993164 -0.06557472050189972
-0.5370489954948425 8.382372856140137 0.8306546211242676
-0.40775734186172485 8.26480770111084 0.5158132314682007
-0.2834396958351135 8.440116882324219 1.0864657163619995
-0.39498183131217957 8.199143409729004 0.9911759495735168
-0.48436641693115234 8.502861022949219 1.0594966411590576
-0.4926120936870575 8.25105094909668 0.028526797890663147
-0.14451009035110474 7.977330207824707 0.06281482428312302
-0.03743436560034752 8.318621635437012 0.8059603571891785
0.06458758562803268 8.551730155944824 0.7147096991539001
-0.10095611214637756 8.616510391235352 0.9546578526496887
-0.06425123661756516 8.387615203857422 0.5287225842475891
-0.28423139452934265 8.57132625579834 0.4181334376335144
-0.5078095197677612 8.116868019104004 -0.08265122026205063
0.02509896270930767 8.694907188415527 0.6287540197372437
-0.418882817029953 8.588891983032227 0.7226372957229614
-0.1867194026708603 9.095903396606445 0.6907307505607605
-0.27969011664390564 8.747418403625488 0.47661253809928894
-0.5651892423629761 8.048874855041504 0.013027057982981205
-0.10070482641458511 8.870706558227539 0.8658170700073242
-0.46078625321388245 8.719293594360352 1.01128351688385
-0.300026535987854 9.237677574157715 0.7063680291175842
-0.37723982334136963 8.863361358642578 0.8329241871833801
0.029821215197443962 8.899643898010254 0.5597637891769409
0.0068264976143836975 9.102163314819336 0.6188310384750366
0.09369508922100067 9.87582778930664 0.008960051462054253
-0.18382248282432556 9.227218627929688 0.7607178688049316
-0.1431034505367279 9.769813537597656 -0.0888110026717186
-1.1890074014663696 10.032785415649414 0.4898458421230316
-0.33448725938796997 9.979471206665039 -0.14432191848754883
-1.057240605354309 9.841156005859375 1.1586791276931763
-1.2159898281097412 9.973898887634277 0.35181567072868347
-1.0023375749588013 9.83740234375 1.3083559274673462
-0.9737957715988159 9.84572982788086 1.1687307357788086
-1.0023268461227417 10.086417198181152 1.4087579250335693
-0.04821767285466194 9.804736137390137 -0.22054456174373627
-1.1701151132583618 10.022377967834473 1.3119744062423706
-0.15549762547016144 9.779977798461914 1.0839256048202515
-0.2339438945055008 9.811185836791992 -0.042142607271671295
0.05147309973835945 9.62561321258545 0.9531584978103638
0.08561579138040543 9.850496292114258 -0.20070898532867432
-0.09722741693258286 10.066703796386719 -0.38995108008384705
-0.11826446652412415 9.900717735290527 0.02542789652943611
-0.8490184545516968 9.942736625671387 1.260796308517456
-0.0003918558359146118 9.901177406311035 0.9970259070396423
-0.9570432305335999 10.027509689331055 1.1251667737960815
0.19934925436973572 10.134841918945312 -0.0614749938249588
-0.45037445425987244 10.459529876708984 0.013831467367708683
-0.22595864534378052 10.228967666625977 -0.24097566306591034
-1.1057276725769043 10.40261459350586 0.4320310950279236
-0.0727735161781311 10.003158569335938 1.228514552116394
-0.9447283744812012 10.243728637695312 1.0595027208328247
-1.2608187198638916 10.317975044250488 0.4114654064178467
-0.10523919761180878 10.25598430633545 0.04629422724246979
0.08857384324073792 10.119946479797363 -0.25655943155288696
-0.9730759263038635 10.278759956359863 0.8767194151878357
-0.2127847522497177 10.460868835449219 1.1279385089874268
-0.2936509847640991 10.434781074523926 -0.11361134052276611
-0.12488529831171036 10.27333927154541 0.1273270696401596
0.05215545743703842 10.371599197387695 0.041761018335819244
-0.6887350678443909 10.277284622192383 1.108705759048462
-0.18477223813533783 10.373700141906738 1.0687636137008667
-1.0894514322280884 10.696372985839844 0.4543893039226532
-1.0460827350616455 10.243340492248535 1.0124155282974243
0.2554830312728882 10.865568161010742 0.39246928691864014
-0.19752536714076996 10.481884002685547 -0.12853175401687622
0.2518906593322754 10.907475471496582 0.3990306854248047
-0.2234954535961151 10.781511306762695 1.336536169052124
-1.202027440071106 10.766786575317383 0.35410353541374207
-1.1727030277252197 10.85091495513916 0.40158146619796753
-0.6996086835861206 10.951152801513672 -0.06293278187513351
-0.6260173320770264 10.839244842529297 -0.016744418069720268
-0.8701339364051819 10.822482109069824 0.14336450397968292
-1.1021984815597534 10.86340618133545 0.498371958732605
-0.3873254954814911 10.885958671569824 -0.20467153191566467
-0.8532919883728027 10.972380638122559 0.09718102961778641
-0.7038754224777222 11.087348937988281 0.1354554444551468
0.27164867520332336 11.066747665405273 0.40119484066963196
-1.2524086236953735 10.982352256774902 0.6629201173782349
-0.778166651725769 11.135187149047852 0.13986530900001526
0.26766541600227356 11.050681114196777 0.5712935924530029
0.4323897063732147 11.129977226257324 0.6919052004814148
0.3237384557723999 11.275923728942871 -0.4583079218864441
-0.5508231520652771 11.268714904785156 0.734900712966919
0.37536197900772095 11.246309280395508 0.7956781983375549
-0.48987945914268494 11.221935272216797 -0.2807345986366272
-0.37994104623794556 11.259417533874512 0.23966827988624573
-1.280213713645935 11.238425254821777 0.6976521611213684
-1.2577327489852905 11.154840469360352 0.22169074416160583
-0.1708560585975647 11.305603981018066 0.8548256754875183
0.3078530430793762 11.362106323242188 -0.13884887099266052
-0.1923917531967163 11.309955596923828 0.36638343334198
-1.133458137512207 11.335843086242676 1.4305013418197632
-0.390463650226593 11.334993362426758 0.3189169466495514
0.2450236678123474 11.45152759552002 1.1984635591506958
-0.08119717240333557 11.42491340637207 -0.34499356150627136
-0.6799124479293823 11.392005920410156 0.09297946095466614
-1.3219809532165527 11.4542236328125 -0.28155043721199036
0.41265642642974854 11.494707107543945 0.11266039311885834
-1.0218467712402344 11.493123054504395 0.40533265471458435
-0.9751431345939636 11.504384994506836 0.46300646662712097
-0.5523940324783325 11.517645835876465 -0.16505447030067444
-0.045002471655607224 11.53478717803955 0.34612831473350525
-1.268728494644165 11.526189804077148 0.30241528153419495
0.5721476674079895 11.53967571258545 1.10209059715271
-0.5557047128677368 11.55530834197998 1.0202784538269043
-0.09101970493793488 11.570984840393066 1.3852810859680176
0.31062600016593933 11.574580192565918 0.2584099769592285
