1025
-2.386474370956421 0.2846064567565918 1.5954487323760986
-2.3863744735717773 0.2845063805580139 -0.7577419281005859
-2.3863744735717773 0.5505574345588684 0.6397294402122498
0.9210299253463745 0.5647966861724854 -0.8448089957237244
-2.113032817840576 0.284606397151947 0.02131078578531742
-1.3422470092773438 0.2845063805580139 -1.2053003311157227
-0.40328603982925415 0.284606397151947 0.8918975591659546
-0.9428988695144653 0.284606397151947 -0.919876754283905
-0.95951247215271 0.2845063805580139 -1.2052973508834839
0.9210305213928223 0.2845063805580139 -1.2053391933441162
-2.3863773345947266 0.2845063805580139 -0.2659034729003906
-2.3863754272460938 0.2845063805580139 0.26575183868408203
-2.3863744735717773 0.2845063805580139 -0.5015687942504883
-1.8028020858764648 0.2845063805580139 2.141206741333008
-2.386373519897461 0.2845063805580139 -0.016620635986328125
-2.386474609375 0.28460657596588135 0.6762378215789795
0.6511373519897461 0.2846062183380127 -1.2053992748260498
-0.5561041831970215 0.2845063805580139 -1.2052980661392212
-2.1644842624664307 0.284606397151947 1.3331161737442017
0.1305990219116211 0.2845063805580139 2.1412086486816406
0.9210296869277954 0.2845063805580139 -0.8918275237083435
0.9210300445556641 0.2845063805580139 -0.7355451583862305
-2.3863754272460938 0.2845063805580139 0.13004398345947266
-1.5372579097747803 0.284606397151947 1.8603371381759644
-0.4298972487449646 0.2845063805580139 -1.2053008079528809
-2.3690528869628906 0.2845063805580139 2.141206741333008
-2.3863773345947266 0.2845063805580139 -0.13640499114990234
0.9210306406021118 0.2845063805580139 -0.99467933177948
-2.1275229454040527 0.284606397151947 1.6863826513290405
-1.093747854232788 0.2845063805580139 -1.2052983045578003
0.9210281372070312 0.2845063805580139 1.3600072860717773
0.9210300445556641 0.5142487287521362 1.5262935161590576
-1.8888084888458252 0.284606397151947 1.6942764520645142
-2.3863744735717773 0.5695315003395081 1.7510526180267334
-2.1790151596069336 0.28460800647735596 2.141308307647705
0.9211299419403076 0.2846064567565918 -0.6783075332641602
-2.3863744735717773 0.2845063805580139 -0.6295232772827148
0.9211101531982422 0.2846064567565918 -1.2053993940353394
-2.3863744735717773 0.2845063805580139 -0.8715362548828125
-1.9422028064727783 0.28460609912872314 2.141308307647705
0.9211300611495972 0.2846064567565918 0.8820751905441284
-1.453559160232544 0.2846064567565918 -1.2053985595703125
0.23364132642745972 0.284606397151947 1.5149197578430176
-0.5787515640258789 0.284606397151947 -0.9306116104125977
0.3933831453323364 0.2845063805580139 -1.2052974700927734
-2.386474370956421 0.2845947742462158 2.1412088871002197
-2.084568500518799 0.284606397151947 0.9199580550193787
-0.4190575182437897 0.284606397151947 -0.7439749836921692
-2.3863751888275146 0.591294527053833 -1.2053983211517334
-2.386474609375 0.307858407497406 -1.2052984237670898
-1.6980783939361572 0.284606397151947 -0.5360404253005981
-1.4897669553756714 0.284606397151947 -0.910275936126709
-2.386474370956421 0.2846064567565918 1.6866140365600586
-1.982978343963623 0.284606397151947 -0.6818636059761047
0.9211301207542419 0.28460657596588135 2.0400798320770264
-1.9333744049072266 0.284606397151947 1.3303402662277222
0.34281185269355774 0.284606397151947 -0.8992005586624146
-1.5356643199920654 0.2846064567565918 -1.2053985595703125
-2.38637638092041 0.2845063805580139 0.5201816558837891
-1.6643575429916382 0.284606397151947 -0.7233066558837891
-0.07677661627531052 0.284606397151947 -1.0075639486312866
-1.2103058099746704 0.284606397151947 -0.9389504194259644
-1.8807454109191895 0.2846064567565918 -1.205398440361023
-2.3863754272460938 0.2845063805580139 -1.205352783203125
0.9211300611495972 0.28460627794265747 1.77314031124115
-2.3863754272460938 0.2845063805580139 1.7946157455444336
-2.0077638626098633 0.284606397151947 1.8510940074920654
0.9211300611495972 0.2846066951751709 1.1090036630630493
-0.12453582882881165 0.28460636734962463 2.141308307647705
-2.3863754272460938 0.2845063805580139 -0.3800201416015625
0.5430727005004883 0.2845063805580139 2.141207695007324
0.9210300445556641 0.2845419943332672 2.141308307647705
-2.3863754272460938 0.2845063805580139 1.4844799041748047
0.9211300611495972 0.2846064567565918 1.6781419515609741
0.617404043674469 0.284606397151947 1.8020280599594116
-1.2232861518859863 0.2846064567565918 -1.205398678779602
-1.9538699388504028 0.284606397151947 -0.15188144147396088
0.9211300611495972 0.28460633754730225 1.4612181186676025
0.9210300445556641 0.2845063805580139 1.5726079940795898
-1.834378957748413 0.284606397151947 1.1808513402938843
-2.095024585723877 0.284606397151947 0.687728762626648
-1.3283417224884033 0.2846081256866455 2.141308307647705
0.9211299419403076 0.2846062183380127 -0.5876386165618896
0.9210329055786133 0.2845063805580139 2.141254425048828
-2.3863754272460938 0.2845063805580139 0.9319372177124023
-1.7745695114135742 0.2846064567565918 -1.2053985595703125
-1.327867865562439 0.284606397151947 -0.7953547835350037
0.9210309982299805 0.2845063805580139 1.8766489028930664
0.24059483408927917 0.8086286187171936 2.1412081718444824
-0.36928725242614746 0.28460636734962463 2.141308307647705
-0.011186480522155762 0.2846064567565918 -1.2053990364074707
-1.6800472736358643 0.2846064567565918 -1.2053985595703125
-1.9464564323425293 0.284606397151947 -0.9505569338798523
-2.386474370956421 0.28460657596588135 0.7835903167724609
-1.7817919254302979 0.5826731324195862 -1.2052985429763794
0.6006261110305786 0.284606397151947 0.38889408111572266
-1.4424924850463867 0.2845063805580139 2.141207695007324
-2.003748655319214 0.38575732707977295 -1.2052984237670898
-0.6557010412216187 0.2846062183380127 2.141308307647705
-2.386373281478882 0.6829172372817993 2.141308307647705
-2.386474370956421 0.2846064567565918 1.313807725906372
-0.7695633172988892 0.2846043109893799 2.141308307647705
0.9211300015449524 0.28460657596588135 0.6500964164733887
-2.386474370956421 0.2846064567565918 1.9130899906158447
-2.076685905456543 0.284606397151947 1.1373673677444458
0.9211300015449524 0.28460633754730225 0.04085540771484375
-2.358119010925293 0.2845063805580139 -1.2052984237670898
-2.3863744735717773 0.5060685873031616 1.2375388145446777
-0.698051929473877 0.28460657596588135 -1.2053987979888916
-0.8812807202339172 0.2846059799194336 2.141308307647705
0.6708757877349854 0.2846064567565918 2.141308307647705
-2.3863754272460938 0.2845063805580139 1.1829872131347656
-0.9028668403625488 0.284606397151947 1.7520557641983032
-2.3863744735717773 0.8315017223358154 -1.1895242929458618
0.9210309982299805 0.2845063805580139 0.12409637123346329
-2.1107163429260254 0.284606397151947 0.46786805987358093
-1.693361759185791 0.28460633754730225 2.141308307647705
-2.3863744735717773 0.2845063805580139 -1.0025672912597656
-2.141554832458496 0.2845063805580139 -1.2052984237670898
-2.386474370956421 0.2846066951751709 1.0582795143127441
0.9210299849510193 0.5614593029022217 -0.5571006536483765
-0.5205736756324768 0.284606397151947 1.8676352500915527
-1.280073881149292 0.284606397151947 1.8854230642318726
-1.7106435298919678 0.284606397151947 -0.9423494935035706
-2.1312413215637207 0.284606397151947 -0.8502846956253052
-2.156158208847046 0.284606397151947 -0.22339138388633728
-1.7676199674606323 0.284606397151947 1.862817406654358
-0.8966004848480225 0.2845063805580139 -1.2052983045578003
-2.013805389404297 0.2845063805580139 -1.2052993774414062
0.09273552149534225 0.6116415858268738 -1.2052991390228271
0.4141101837158203 0.2845063805580139 2.141206741333008
0.9211299419403076 0.7758100032806396 -1.2052991390228271
-1.5699936151504517 0.2846081256866455 2.141308307647705
-2.2869486808776855 0.8719862103462219 -1.2052984237670898
-2.0439822673797607 0.28461015224456787 2.141308307647705
-0.3500472903251648 0.2845063805580139 -1.2052979469299316
0.9210309982299805 0.2845063805580139 1.2251996994018555
0.6020898818969727 0.284606397151947 -0.16947141289710999
0.9211299419403076 0.5372409820556641 -1.205298900604248
-1.8987841606140137 0.284606397151947 0.5937811136245728
0.9211300015449524 0.2846064567565918 -0.2525782585144043
0.26561498641967773 0.2845063805580139 -1.205297589302063
-0.8229238390922546 0.2845063805580139 -1.2052981853485107
-0.011383056640625 0.2845063805580139 2.141207695007324
-0.27577513456344604 0.2845063805580139 -1.2052979469299316
0.8256974220275879 0.284606397151947 -1.2053992748260498
0.557564914226532 0.284606397151947 -0.9381459355354309
-0.7507036924362183 0.284606397151947 1.8707867860794067
0.9211300015449524 0.2846064567565918 0.2531697750091553
-1.0783402919769287 0.2846078872680664 2.141308307647705
0.2803490161895752 0.28460636734962463 2.141308307647705
0.45156925916671753 0.284606397151947 1.1820533275604248
0.12107932567596436 0.2845063805580139 -1.2053005695343018
-2.253873586654663 0.8810640573501587 2.1412081718444824
-1.5609194040298462 0.5851137042045593 -1.205298662185669
0.9210318326950073 0.2845063805580139 0.5547611713409424
-0.27892816066741943 0.284606397151947 1.6113252639770508
-1.9302691221237183 0.3374803364276886 2.1412081718444824
-0.5619244575500488 0.50468510389328 -1.205298900604248
0.5277509689331055 0.2845063805580139 -1.2052993774414062
0.40371784567832947 0.284606397151947 1.8486332893371582
-0.5828018188476562 0.2845063805580139 2.141207695007324
-0.4960740804672241 0.28460636734962463 2.141308307647705
0.46854734420776367 0.28460633754730225 -1.2053991556167603
-0.06007300317287445 0.284606397151947 0.7650136947631836
0.6550612449645996 0.284606397151947 -0.3468533754348755
0.1872248649597168 0.2846062183380127 -1.2053991556167603
-0.0050656842067837715 0.284606397151947 0.12420600652694702
-1.2050844430923462 0.2846059799194336 2.141308307647705
-0.1251569390296936 0.284606397151947 1.8767210245132446
0.9211300015449524 0.2846062183380127 -0.056784868240356445
0.9211300611495972 0.28460657596588135 0.7864464521408081
0.13035619258880615 0.284606397151947 -0.8983238935470581
0.9211300015449524 0.2846064567565918 -0.4827291965484619
-1.8370956182479858 0.284606397151947 0.220877006649971
-2.386474609375 0.28460657596588135 0.3992342948913574
0.9210319519042969 0.2845063805580139 -0.37031862139701843
0.2556849420070648 0.284606397151947 -0.5518970489501953
0.6071621775627136 0.284606397151947 1.3380600214004517
0.9211301207542419 0.3293958604335785 2.1412081718444824
-0.2956451177597046 0.284606397151947 -0.6086107492446899
-1.4700475931167603 0.284606397151947 -0.6654588580131531
-0.7613047957420349 0.284606397151947 -0.8469961881637573
0.0036012157797813416 0.284606397151947 1.5829256772994995
-0.032939232885837555 0.284606397151947 1.7302652597427368
0.6626589894294739 0.284606397151947 -0.7802956104278564
0.9211300015449524 0.28460657596588135 0.4199953079223633
-0.33568546175956726 0.284606397151947 -0.9124171137809753
-0.09771281480789185 0.284606397151947 -0.6576744318008423
0.6289263963699341 0.284606397151947 -0.572204053401947
-1.2700486183166504 0.284606397151947 -0.6067513227462769
-2.06472110748291 0.284606397151947 0.2446078509092331
-1.8839107751846313 0.284606397151947 0.7907420992851257
-1.0964772701263428 0.5202367305755615 2.1412081718444824
-2.0268094539642334 0.284606397151947 1.5222023725509644
0.6468452215194702 0.284606397151947 1.577048420906067
-2.3863744735717773 0.30920255184173584 -0.5818261504173279
-2.136249542236328 0.284606397151947 -0.5848617553710938
0.9210300445556641 0.31083881855010986 1.2425203323364258
0.0007945334655232728 0.284606397151947 -0.5191391706466675
-1.8160237073898315 0.284606397151947 1.511049747467041
-2.386467933654785 0.28460609912872314 2.141308307647705
-1.7260397672653198 0.284606397151947 0.9256032705307007
0.4832860827445984 0.28460636734962463 2.141308307647705
0.9116020202636719 0.8314660787582397 2.1412081718444824
-2.3863744735717773 0.7881861329078674 1.9205398559570312
-2.386474370956421 0.28460657596588135 0.8571786880493164
-0.7029815912246704 0.284606397151947 -0.32724809646606445
-0.2622391879558563 0.2846064269542694 2.141308307647705
-1.8429933786392212 0.284606397151947 -0.778696596622467
-2.3863747119903564 0.450728178024292 -1.2053983211517334
-1.6700416803359985 0.284606397151947 1.6642919778823853
-2.3863744735717773 0.6016938090324402 -0.3789876699447632
-2.3863744735717773 0.5655907988548279 -0.8365482687950134
-1.425718069076538 0.284606397151947 1.2850522994995117
-1.3591238260269165 0.284606397151947 1.0633193254470825
-2.355365753173828 0.9312516450881958 -0.8815068602561951
-1.2437673807144165 0.487273246049881 -1.205298662185669
-2.3863744735717773 0.28660106658935547 0.1928497552871704
-0.5277733206748962 0.6925164461135864 -1.205298900604248
-2.025439739227295 0.284606397151947 -0.38975316286087036
-1.8320688009262085 0.284606397151947 -0.29185378551483154
-2.3863744735717773 0.5699227452278137 1.0105242729187012
-1.9139742851257324 0.284606397151947 0.05179208517074585
-1.8691625595092773 0.284606397151947 -0.5238540172576904
-0.7434579133987427 0.284606397151947 1.609551191329956
0.4641874134540558 0.284606397151947 -0.7123932242393494
-1.4951525926589966 0.284606397151947 -0.4662940502166748
0.9210302233695984 0.6551045775413513 -1.2053993940353394
-1.6630386114120483 0.284606397151947 1.2178072929382324
-1.9154794216156006 0.284606397151947 0.4013851284980774
0.5237118005752563 0.6104248762130737 -1.2052992582321167
0.07058145850896835 0.284606397151947 -0.15171408653259277
0.2038278579711914 0.2845063805580139 2.141204833984375
0.9211300611495972 0.2846066951751709 0.9916269779205322
0.3426732122898102 0.284606397151947 0.4634253978729248
-2.2038865089416504 0.9456243515014648 -1.1899347305297852
-1.038324236869812 0.6174070835113525 -1.2052987813949585
-0.9846113324165344 0.2846081256866455 2.141308307647705
-0.8584227561950684 0.284606397151947 -0.6746584177017212
-1.2276077270507812 0.284606397151947 1.6870659589767456
-2.3863744735717773 0.5058460235595703 -0.15063688158988953
0.9210302233695984 0.402732789516449 -1.2053993940353394
-1.7487602233886719 0.742064356803894 2.1412081718444824
-0.9927921295166016 0.284606397151947 1.1950361728668213
-2.386373519897461 0.5665613412857056 2.141308307647705
-1.6612787246704102 0.284606397151947 -0.27117013931274414
0.9210300445556641 0.4903721809387207 2.141308307647705
-1.418784499168396 0.284606397151947 1.7125458717346191
0.1472301483154297 0.284606397151947 0.33374953269958496
-0.8881934285163879 0.284606397151947 0.8098247051239014
-2.3863744735717773 0.7899618148803711 -0.8976659774780273
-0.9404070973396301 0.284606397151947 1.5119739770889282
-2.3863751888275146 0.7032837867736816 -1.2053983211517334
-2.386474370956421 0.4596889019012451 2.1412081718444824
-2.3538060188293457 0.9454087018966675 1.8729935884475708
-2.3863742351531982 0.8064805865287781 2.135371685028076
-0.4531781077384949 0.5051583647727966 2.1412081718444824
-0.10954830795526505 0.6267185211181641 -1.2052990198135376
0.9210300445556641 0.5677715539932251 0.9903984665870667
-2.3863744735717773 0.4456412196159363 0.4098842442035675
0.9210301041603088 0.6209770441055298 2.141308307647705
0.6671623587608337 0.8432292938232422 -1.2052992582321167
-0.18944191932678223 0.28460636734962463 2.141308307647705
0.9210300445556641 0.5451481938362122 1.7636603116989136
0.9210304021835327 0.2845063805580139 0.3455861508846283
0.9211300015449524 0.2846066951751709 -0.16342759132385254
-2.3863744735717773 0.6571918725967407 -0.03089894726872444
-0.7395167350769043 0.284606397151947 0.15156900882720947
-1.8209726810455322 0.8360369801521301 -1.2052985429763794
-2.3863744735717773 0.6482582688331604 -0.6405137777328491
-1.133253574371338 0.284606397151947 1.3605351448059082
-1.3001264333724976 0.284606397151947 -0.39683616161346436
-2.3863744735717773 0.4447250962257385 1.4901671409606934
-0.04755578190088272 0.284606397151947 -0.32683122158050537
0.4268348813056946 0.284606397151947 -0.31698858737945557
0.14051729440689087 0.284606397151947 1.8545551300048828
-0.4997454285621643 0.284606397151947 -0.551221489906311
-1.7509437799453735 0.284606397151947 -0.054417725652456284
0.9210301041603088 0.9170559048652649 2.13936448097229
-0.8109380006790161 0.5998358726501465 -1.205298900604248
0.9210300445556641 0.5160437822341919 0.7108747959136963
-1.5398805141448975 0.284606397151947 1.0755202770233154
-1.9712119102478027 0.6393663883209229 2.1412081718444824
-2.3863744735717773 0.6822301149368286 0.7932848334312439
-1.4007270336151123 0.4236830770969391 2.1412081718444824
-2.3863744735717773 0.7934924960136414 -0.24449849128723145
-1.3022594451904297 0.284606397151947 1.475626826286316
-1.9809458255767822 0.6752780079841614 -1.2052985429763794
-0.8064194917678833 0.5427123308181763 2.1412081718444824
-0.5692886710166931 0.284606397151947 1.505837082862854
-0.3416820764541626 0.284606397151947 0.08965107053518295
0.6232718825340271 0.6636684536933899 2.1412081718444824
0.9050817489624023 0.9156818389892578 -1.194668173789978
0.9210299253463745 0.8929980397224426 -1.0728853940963745
0.9210299849510193 0.6595401763916016 -0.37219202518463135
0.9210300445556641 0.7578992247581482 1.8014591932296753
-2.3863744735717773 0.67690110206604 0.3816778361797333
0.9210299253463745 0.7011334896087646 -0.6598405241966248
0.9210300445556641 0.7368456125259399 1.588775873184204
0.9210299849510193 0.582078218460083 0.11541467905044556
-1.135315179824829 0.284606397151947 -0.31435999274253845
0.35469916462898254 0.284606397151947 -0.11295969039201736
-2.3863744735717773 0.8532862067222595 1.6741900444030762
0.6645748019218445 0.284606397151947 1.1252291202545166
0.04494889825582504 0.284606397151947 1.3986502885818481
0.43280789256095886 0.559696614742279 2.1412081718444824
0.9210299253463745 0.8784700632095337 -0.8027862906455994
-2.051734685897827 0.8771357536315918 2.1412081718444824
-1.3093681335449219 0.6487776637077332 2.1412081718444824
0.9211301207542419 0.7436883449554443 2.1412084102630615
-0.12571494281291962 0.749839723110199 2.6578009128570557
-1.719990611076355 0.284606397151947 0.43392065167427063
0.4621092975139618 0.284606397151947 1.6576392650604248
0.9210300445556641 0.6913539171218872 1.1561094522476196
0.9210299849510193 0.7550044059753418 0.29773545265197754
0.907952070236206 0.9441595673561096 1.6821802854537964
-1.8738396167755127 0.8860626220703125 2.1378211975097656
-2.3863744735717773 0.6637986898422241 1.5386309623718262
-1.2260419130325317 0.284606397151947 1.193980097770691
-0.8050498962402344 0.284606397151947 1.4043662548065186
-2.3863744735717773 0.70992511510849 1.2442957162857056
-2.3863744735717773 0.8812718987464905 1.4898796081542969
-2.3830947875976562 0.8575568199157715 -0.6562588214874268
-1.0421030521392822 0.284606397151947 1.8796825408935547
0.18145501613616943 0.5378105640411377 2.1412081718444824
-0.6280558705329895 0.284606397151947 -0.6910220980644226
-1.6429636478424072 0.284606397151947 1.4294135570526123
-2.3863744735717773 0.8320338726043701 0.906072735786438
-1.6717889308929443 0.284606397151947 0.17367465794086456
-1.5127931833267212 0.6923702955245972 2.1412081718444824
-0.31187769770622253 0.284606397151947 1.7804813385009766
-0.8548492789268494 0.7497397065162659 2.5113377571105957
-1.2952178716659546 0.284606397151947 0.31406107544898987
-1.0653983354568481 0.284606397151947 -0.7720396518707275
-1.0782979726791382 0.9834121465682983 2.124922513961792
-0.414436936378479 0.284606397151947 1.18317711353302
-0.3002597987651825 0.6141167879104614 -1.2052990198135376
-1.2265706062316895 0.7678779363632202 -1.2052987813949585
-2.370584011077881 0.910994291305542 1.2993755340576172
-1.9936354160308838 0.8913429975509644 -1.1952654123306274
-2.168520450592041 0.9901886582374573 1.6698884963989258
0.7272275686264038 0.284606397151947 0.550125777721405
0.007834221236407757 0.687483012676239 2.1412081718444824
0.07984062284231186 0.284606397151947 -0.7168683409690857
-0.01105692982673645 0.7497397065162659 2.5476179122924805
0.3161222040653229 0.6236426830291748 -1.2052992582321167
-2.3789944648742676 0.8779809474945068 0.4779373109340668
0.9210299849510193 0.57182377576828 -0.1841425746679306
0.4094466269016266 0.7996842861175537 1.8329370021820068
-2.003655433654785 0.6870790123939514 0.13442327082157135
-1.3904550075531006 0.6760357618331909 -1.205298662185669
0.680305540561676 0.284606397151947 0.03710409253835678
-0.13965842127799988 0.2916147708892822 -1.1972863674163818
-0.7323800921440125 0.7535505294799805 2.683375120162964
0.9210299849510193 0.5695539116859436 0.4225659966468811
-1.8950074911117554 0.6668977737426758 1.7579905986785889
-0.9768452644348145 0.284606397151947 0.26323339343070984
-1.9703646898269653 0.6637100577354431 -0.14030614495277405
-1.5630162954330444 0.8884928226470947 2.1357474327087402
0.3249219059944153 0.284606397151947 1.2996852397918701
0.5138444304466248 0.9096496105194092 -1.185943841934204
-1.5494662523269653 1.1064971685409546 -0.6531539559364319
-1.5310009717941284 0.284606397151947 0.5290586948394775
-1.7101410627365112 0.284606397151947 0.662257730960846
-1.5488035678863525 0.284606397151947 -0.059916816651821136
-1.1348739862442017 0.784623384475708 2.1412081718444824
-1.5562570095062256 0.284606397151947 0.8305512070655823
-1.7024263143539429 1.0210225582122803 2.0612688064575195
-2.3775687217712402 0.8640488386154175 -0.04978318512439728
0.44336235523223877 0.284606397151947 -0.504240870475769
-1.481132984161377 0.284606397151947 0.13245350122451782
-2.1994998455047607 1.00862717628479 -0.7301545143127441
0.34715214371681213 0.8875752091407776 -1.2052992582321167
-1.7230448722839355 0.5457958579063416 2.1412081718444824
0.9210299849510193 0.7297994494438171 -0.03450920060276985
0.9210299849510193 0.8372140526771545 -0.25467678904533386
-1.4839129447937012 0.284606397151947 1.5367560386657715
-1.9017983675003052 0.284606397151947 1.0048654079437256
0.4424092471599579 0.284606397151947 1.4767094850540161
-2.3863744735717773 0.8442956209182739 0.651999831199646
-0.8545451760292053 0.7661983370780945 2.4703967571258545
-0.539150595664978 0.5058585405349731 2.7194199562072754
-0.6998947262763977 0.284606397151947 0.9051527976989746
0.3761399984359741 0.284606397151947 0.30547958612442017
-1.9426491260528564 0.6528459787368774 -0.419558584690094
-1.6411635875701904 0.8099439144134521 -1.2052985429763794
-2.3711047172546387 0.8228805065155029 -0.46497735381126404
-1.3196614980697632 0.887607753276825 2.1365461349487305
-2.3863744735717773 0.6550288200378418 0.1658938080072403
-1.1837568283081055 0.284606397151947 0.14871636033058167
-1.1224302053451538 0.9229688048362732 -1.1751776933670044
-1.1397483348846436 0.284606397151947 0.43724989891052246
-0.23480138182640076 0.6495712399482727 2.106311559677124
-2.3783600330352783 0.8922067284584045 1.1089932918548584
-1.4290939569473267 0.284606397151947 0.6867523789405823
-1.9691449403762817 0.6629074811935425 0.7452813386917114
0.25196897983551025 0.284606397151947 1.6854914426803589
0.40168866515159607 1.1134121417999268 -0.8606899976730347
-1.3374427556991577 0.284606397151947 0.8696300983428955
-1.2015217542648315 0.5931830406188965 1.644982933998108
-0.5417778491973877 0.284606397151947 1.6788562536239624
-1.9952688217163086 0.7111735939979553 -0.7342582941055298
-1.9886999130249023 0.9933229088783264 -0.964339017868042
-0.6572681665420532 0.7816607356071472 2.6128122806549072
-0.4101082682609558 0.6843022108078003 2.767883777618408
-1.12860107421875 0.7609063386917114 1.820067048072815
-1.9971873760223389 0.7284946441650391 1.2782062292099
-1.6499392986297607 0.6456471681594849 1.7138954401016235
-1.4818789958953857 0.284606397151947 0.34234216809272766
0.4551238417625427 0.8007153868675232 2.1412081718444824
-0.2808651030063629 0.7678302526473999 2.741170883178711
0.6230401396751404 0.9203400611877441 2.1286230087280273
0.3285730183124542 0.284606397151947 0.935366153717041
-1.2962961196899414 0.284606397151947 -0.1670995056629181
0.39094871282577515 0.9685145616531372 2.1325340270996094
-0.49368447065353394 0.284606397151947 -0.3590596616268158
0.6659271121025085 0.284606397151947 0.8968345522880554
0.9210300445556641 0.707942008972168 1.3859461545944214
-0.9179346561431885 0.894212543964386 2.1366491317749023
-2.1807472705841064 1.0488866567611694 1.4546257257461548
0.5201071500778198 1.0338014364242554 1.8914471864700317
-0.15306971967220306 0.284606397151947 1.4818105697631836
-0.38919275999069214 0.8115947842597961 2.5570812225341797
-0.1712803989648819 0.8622528314590454 -1.1966451406478882
0.9156041145324707 0.9428237676620483 1.4542148113250732
0.9210299849510193 0.7476624846458435 0.578224241733551
0.9176414012908936 0.964352011680603 1.9155611991882324
0.9210299849510193 0.9162296056747437 0.09092926979064941
-2.3789186477661133 0.9882926344871521 0.07263486087322235
-0.24379651248455048 0.284606397151947 1.276947021484375
0.9210300445556641 0.7548301815986633 0.8454436659812927
0.08391827344894409 0.8410853147506714 -1.2052991390228271
-1.483391284942627 0.6783720254898071 -0.8008328676223755
0.9065226912498474 1.0121394395828247 -0.9804745316505432
-0.011230680160224438 0.7801238894462585 2.5183489322662354
0.9195190072059631 0.9842588901519775 -0.3976125717163086
-2.1559107303619385 1.0242294073104858 1.9832193851470947
0.9121779203414917 0.954093873500824 0.4990015923976898
-2.359891653060913 0.9763891100883484 -0.4061383605003357
-1.814245343208313 1.029927372932434 -0.8679808974266052
0.9180337190628052 0.9630087614059448 0.9478453993797302
0.7567466497421265 1.056727647781372 1.7193317413330078
0.5691629648208618 0.6380212306976318 1.6500658988952637
-1.4454874992370605 0.9156593084335327 -1.1907495260238647
-0.7017276883125305 0.8150932788848877 -1.205298900604248
-2.3757591247558594 0.87461918592453 0.24829228222370148
0.38759803771972656 0.7239567041397095 -0.9043803811073303
-0.16761450469493866 1.0219202041625977 -1.1339560747146606
-1.6667664051055908 1.0081863403320312 -1.1939265727996826
-2.2786004543304443 1.0454992055892944 0.35676974058151245
-1.935972809791565 1.0350971221923828 1.847034215927124
-1.3024824857711792 0.284606397151947 0.5408968329429626
-1.8351579904556274 0.6546630263328552 -0.7211973667144775
-1.6262402534484863 0.6678146719932556 -0.3793010413646698
0.24652409553527832 0.284606397151947 1.0398470163345337
-0.7963041663169861 0.284606397151947 1.1912012100219727
0.9210300445556641 0.8996211290359497 1.1663670539855957
-0.06278951466083527 0.9403709769248962 2.2659358978271484
-1.327895998954773 0.284606397151947 0.03178849816322327
0.9208250641822815 0.9113402366638184 -0.5685145258903503
-2.22342586517334 1.022356629371643 -0.2247171550989151
-0.5878929495811462 0.284606397151947 0.5340951085090637
-1.5583131313323975 1.0840321779251099 -0.89215087890625
-1.120552897453308 0.284606397151947 -0.08239695429801941
-2.378906488418579 0.9960213899612427 0.9353785514831543
0.6032342910766602 1.0760844945907593 -1.0677390098571777
-1.0888715982437134 0.284606397151947 -0.5923776626586914
-0.9239599704742432 0.8126465678215027 -1.2052987813949585
-1.864288091659546 1.0085614919662476 -0.04786735773086548
-2.0262324810028076 1.0284597873687744 -0.6173426508903503
0.19820325076580048 0.284606397151947 -0.38199207186698914
-2.0257959365844727 1.072838306427002 -0.36214664578437805
-0.46139487624168396 0.8188726902008057 -0.9216246008872986
-0.41254326701164246 0.889673113822937 -1.2000242471694946
-0.7451866865158081 0.5793165564537048 1.7650487422943115
-1.6634525060653687 0.7114572525024414 -0.674333393573761
0.6725591421127319 1.10588538646698 1.5150800943374634
-1.3621315956115723 1.0885002613067627 -1.124350666999817
-0.9220364093780518 0.284606397151947 0.46271994709968567
0.7036576867103577 1.127962350845337 1.1083099842071533
-2.087596893310547 1.0600097179412842 -0.01032639853656292
0.23997527360916138 0.284606397151947 0.1073613166809082
-0.2438795119524002 0.284606397151947 -0.4327465295791626
0.9068081378936768 1.0485056638717651 -0.6927602291107178
-1.455800175666809 0.284606397151947 -0.23861746490001678
0.9123795032501221 0.9764909744262695 0.7416550517082214
-0.2006651908159256 1.0411988496780396 1.9754040241241455
0.9007322788238525 1.0114996433258057 0.21805733442306519
-0.9523947834968567 0.284606397151947 -0.48448142409324646
0.57623291015625 0.7323518991470337 -0.5382571220397949
-0.15262258052825928 0.284606397151947 -0.8125256299972534
-2.106189489364624 1.065700650215149 0.9935638904571533
-1.7970623970031738 1.0649436712265015 -0.610500156879425
0.13776467740535736 0.9772906303405762 2.12934947013855
-0.8925573825836182 0.284606397151947 1.0139570236206055
-0.21817725896835327 0.8674150109291077 2.406703233718872
-0.7489359974861145 1.004861831665039 -1.1197710037231445
0.5498285889625549 0.6947164535522461 -0.7526004314422607
0.9048309326171875 1.0114766359329224 1.2312378883361816
0.9157999753952026 1.0042780637741089 -0.12245336920022964
0.4120550751686096 1.1410770416259766 1.3352793455123901
0.28641149401664734 0.284606397151947 -0.7158810496330261
-0.7360771894454956 0.284606397151947 -0.5236526131629944
-1.008113145828247 1.0431171655654907 -1.1847683191299438
0.21502108871936798 0.8280101418495178 -0.8412116169929504
-1.823198676109314 0.8082439303398132 -0.3678063452243805
-0.7540602087974548 0.284606397151947 -0.07356007397174835
-0.9425530433654785 0.284606397151947 -0.30135518312454224
-1.1688528060913086 0.6946661472320557 -0.814253032207489
0.1722063422203064 1.1008648872375488 1.6079412698745728
-0.444670170545578 0.9408213496208191 2.262904167175293
-0.5723864436149597 0.284606397151947 -0.1563463807106018
-1.748793125152588 1.0385689735412598 0.7884511947631836
0.7989608645439148 1.1315624713897705 0.6626688241958618
-0.07506593316793442 0.284606397151947 0.439832866191864
-0.24913999438285828 0.284606397151947 -0.23723100125789642
0.3142929971218109 0.5674562454223633 1.7845704555511475
-0.8584095239639282 0.7636623382568359 -0.8750621676445007
-0.1418536901473999 0.8953628540039062 1.988425850868225
-0.630182683467865 0.6123747825622559 -0.7566153407096863
-2.2592523097991943 1.0429564714431763 0.6698856949806213
-1.7343672513961792 1.0170692205429077 1.481621503829956
-1.9574835300445557 0.6746287941932678 1.0497760772705078
-2.016592502593994 0.7267429232597351 0.48513901233673096
-1.4199310541152954 1.0045593976974487 1.9829728603363037
-0.1043987050652504 0.766352653503418 -0.9025641679763794
-2.025341272354126 1.0430545806884766 1.276865005493164
-1.0962587594985962 0.284606397151947 1.0115702152252197
-1.2409056425094604 1.1160920858383179 -0.91875159740448
-1.7658445835113525 0.6866088509559631 1.4430841207504272
-0.19019648432731628 0.6423506736755371 -0.7418730854988098
0.16111302375793457 0.980637788772583 -1.1978368759155273
-1.3026142120361328 0.6630573868751526 -0.5214884281158447
-1.6883238554000854 1.0229300260543823 1.7460601329803467
-0.6874193549156189 0.8897598385810852 2.3519885540008545
-2.0277600288391113 1.0739372968673706 0.28577062487602234
0.5555233359336853 0.284606397151947 0.21370312571525574
0.7302723526954651 1.138144850730896 -0.4663173258304596
-0.5165302157402039 1.0399506092071533 -1.1520620584487915
-1.7845289707183838 0.6940964460372925 0.975124180316925
-1.793541431427002 0.6817185282707214 -0.052733439952135086
-1.207380771636963 1.016799807548523 1.8192501068115234
-1.4887412786483765 0.7572427988052368 1.6890435218811035
0.7532655000686646 1.1139240264892578 0.3944908082485199
0.6120463013648987 1.0833314657211304 -0.7740686535835266
-1.703531265258789 0.711182713508606 0.3093559443950653
-1.9109560251235962 0.9486052989959717 1.5768351554870605
0.13698451220989227 1.1131893396377563 -1.0221668481826782
-0.5428677201271057 0.8015953302383423 -0.7019910216331482
0.5263261795043945 1.165988802909851 -0.08735959231853485
-1.4480671882629395 1.0137239694595337 1.6526118516921997
-0.8167997002601624 0.7881737947463989 1.933591365814209
0.13600440323352814 0.284606397151947 1.2049051523208618
-1.9542909860610962 0.9314114451408386 0.8114418983459473
-1.5927767753601074 1.1007030010223389 0.08136284351348877
0.3298580050468445 0.6528846025466919 -0.6594870090484619
-1.4264311790466309 0.6595075130462646 1.3548541069030762
-1.9358463287353516 0.6327000856399536 1.5665212869644165
-1.1848379373550415 0.2967287600040436 0.823520302772522
-1.7786792516708374 0.6647228598594666 0.6409731507301331
0.2327951341867447 0.284606397151947 -0.21891732513904572
0.4511326849460602 0.5934950113296509 1.3486402034759521
0.3039745092391968 1.0791267156600952 1.7774481773376465
-0.8079895973205566 1.002856969833374 1.9913389682769775
0.5515592098236084 0.6877415180206299 -0.24907374382019043
-1.4021021127700806 0.7478589415550232 -0.3032436668872833
-1.4999295473098755 1.1054649353027344 -0.442997008562088
-0.5755738019943237 0.8061608672142029 2.184051752090454
-1.5503759384155273 0.6848803758621216 -0.08585798740386963
-1.9772377014160156 1.0706254243850708 0.5638542175292969
0.3896174132823944 1.1121867895126343 -0.6160129308700562
-0.19866973161697388 1.1426141262054443 -0.7913828492164612
-0.9950175881385803 1.0878822803497314 -0.5507047176361084
-0.9703640937805176 1.1194218397140503 -0.8685138821601868
0.728186845779419 1.0885149240493774 -0.13941170275211334
-0.9704625010490417 0.6908040046691895 -0.7064082622528076
-1.4453097581863403 1.0128486156463623 1.365343689918518
-1.8792213201522827 0.7185906171798706 0.27783310413360596
-1.8841016292572021 1.0070077180862427 1.0887690782546997
-0.7015617489814758 1.1196107864379883 -0.9243337512016296
0.05681275203824043 1.1355009078979492 -0.7652332186698914
0.6224616169929504 0.7534921765327454 1.1609565019607544
-1.0856046676635742 0.284606397151947 1.5954664945602417
-0.31767359375953674 1.1200730800628662 -1.004751443862915
0.375647634267807 0.284606397151947 0.7096428275108337
0.5137544274330139 1.1369065046310425 -0.32705384492874146
-1.7653626203536987 1.0741864442825317 -0.243661031126976
-0.7223896980285645 0.284606397151947 0.3581007122993469
-1.2136014699935913 1.073045015335083 1.3715955018997192
-1.690072774887085 1.0736596584320068 0.5247876048088074
-1.8166898488998413 1.0710691213607788 0.22627240419387817
-1.3388808965682983 0.7639403939247131 -0.696941614151001
-1.2596677541732788 1.0830904245376587 -0.656066358089447
-1.5076565742492676 1.0762094259262085 -0.21282079815864563
0.4496679902076721 0.284606397151947 0.03076830320060253
-0.7906954288482666 1.0362530946731567 -0.5771135687828064
0.3982028365135193 0.7399364709854126 -0.45381107926368713
-0.27477535605430603 0.6279537677764893 1.8695130348205566
0.48804527521133423 0.36181384325027466 0.9433565735816956
-0.056633979082107544 0.29774585366249084 -0.09470856934785843
-0.6273186802864075 1.098013162612915 -0.6397022604942322
0.5776384472846985 0.284606397151947 0.6634201407432556
-0.9609906673431396 0.284606397151947 0.07804109156131744
-0.21096685528755188 0.35340237617492676 0.876196026802063
-0.38660651445388794 0.284606397151947 1.473416805267334
0.0697886049747467 0.9073458313941956 -0.6221967935562134
-0.7847884893417358 1.0866025686264038 1.7269846200942993
-1.0415565967559814 0.7791177034378052 -0.4991081655025482
-1.027673602104187 0.6015681028366089 1.3090832233428955
-0.14925910532474518 0.284606397151947 1.101186752319336
-0.585505485534668 0.31811925768852234 0.7780318260192871
-1.5633785724639893 1.0525691509246826 0.9031932950019836
-0.3724454343318939 1.0956873893737793 -0.618549108505249
0.5117043256759644 0.9713729619979858 1.5152229070663452
-1.334102749824524 0.7961803078651428 1.5321215391159058
0.03674943000078201 0.7636505365371704 1.7953768968582153
-0.532569169998169 1.0543253421783447 1.8944011926651
-1.4989022016525269 0.6109635829925537 0.3396143913269043
-1.198807716369629 1.0875266790390015 -0.3673743009567261
-1.2964329719543457 1.0746486186981201 -0.006655353121459484
-1.075265884399414 0.284606397151947 0.6568464636802673
-1.4340342283248901 0.655249297618866 1.0556317567825317
-1.094846487045288 0.9914117455482483 -0.22828230261802673
0.013989457860589027 1.111297845840454 -0.48969778418540955
0.4834614396095276 1.118676781654358 0.1981033980846405
-1.0631396770477295 1.0552122592926025 1.6357405185699463
-1.2258974313735962 0.6605631113052368 -0.17850829660892487
0.6794508099555969 0.755561888217926 0.5649682879447937
0.6491919159889221 1.107881784439087 0.8698839545249939
0.24163784086704254 1.1339781284332275 -0.326153963804245
-1.4151661396026611 1.0673155784606934 0.4289165735244751
-1.3187190294265747 1.0879276990890503 1.034822702407837
-0.8143364787101746 0.6473268866539001 -0.46841636300086975
0.38494324684143066 0.49705970287323 -0.05233385041356087
0.6180583834648132 0.8755245208740234 0.82418292760849
-0.10043977200984955 1.1134135723114014 1.7264235019683838
0.3543626666069031 0.6594613790512085 1.5896649360656738
0.11594686657190323 0.6562880277633667 -0.4180380403995514
-0.8875052332878113 0.8122137784957886 1.371790885925293
-0.30661267042160034 0.9811252355575562 -0.5146366357803345
0.6443452835083008 0.9215631484985352 0.3405627906322479
-0.48524242639541626 0.87742018699646 1.960351586341858
-0.9242148995399475 0.7274556756019592 1.6466039419174194
-0.053654059767723083 0.6699473261833191 -0.6135698556900024
0.6507236361503601 0.6669368147850037 0.12135029584169388
-1.5172520875930786 0.9690161347389221 0.26702797412872314
-0.25591686367988586 0.7689564228057861 1.5887625217437744
-1.1169272661209106 0.5322823524475098 0.7170261144638062
-0.4047746956348419 0.6809147596359253 -0.5663846135139465
-1.6136577129364014 0.812055230140686 0.6103268265724182
-1.3417681455612183 0.8936803936958313 0.01889771781861782
-1.150772213935852 0.8190755844116211 1.4206570386886597
-1.3115477561950684 0.8212201595306396 1.1024218797683716
-1.3985145092010498 0.6968024373054504 0.6000446081161499
-0.6322843432426453 0.3074811100959778 1.3065686225891113
-1.398461937904358 0.9153304100036621 0.7851597666740417
-0.6417221426963806 0.7833903431892395 1.6993999481201172
0.5141789317131042 1.1502783298492432 0.41238638758659363
-0.9337387084960938 0.33129802346229553 -0.14865173399448395
-0.35959866642951965 0.284606397151947 0.3778838813304901
-0.7828100323677063 1.1578296422958374 1.4201020002365112
0.21575474739074707 0.284606397151947 0.6900812387466431
-0.5538953542709351 0.29595044255256653 0.01069690752774477
-1.0743657350540161 1.0290350914001465 1.0990142822265625
0.522781252861023 0.9858405590057373 1.210389494895935
-0.4263792335987091 1.1392238140106201 1.6163599491119385
0.03837757557630539 0.284606397151947 0.940554678440094
0.31587985157966614 0.8771155476570129 -0.2812199592590332
0.1746138632297516 0.786159098148346 1.5396876335144043
-0.4059240520000458 0.43525537848472595 -0.3003999590873718
0.4422634243965149 1.0000834465026855 -0.030324289575219154
-1.2377904653549194 1.1143547296524048 0.5987936854362488
-0.35292404890060425 0.7127779722213745 1.711898922920227
-0.03867838904261589 1.0962334871292114 1.5762964487075806
-0.8597241640090942 1.1839441061019897 1.1705552339553833
-0.08703362196683884 0.819966197013855 -0.31796371936798096
-1.1112838983535767 1.1423009634017944 0.8882518410682678
-1.136009693145752 0.8262686729431152 0.26218143105506897
-0.5639493465423584 1.1771423816680908 1.3578721284866333
-1.3528766632080078 0.7044781446456909 0.18003401160240173
0.0296977199614048 0.31038591265678406 0.6185014843940735
-0.6382601857185364 0.8525815606117249 1.4132555723190308
-1.2576383352279663 0.6973415613174438 0.8758391737937927
-0.32397982478141785 1.145901083946228 1.4492387771606445
0.441267192363739 0.723323404788971 1.0381882190704346
-0.5483874678611755 0.820040762424469 -0.33790716528892517
0.23745882511138916 0.9616808295249939 1.358167290687561
-0.5743846297264099 0.3881146013736725 0.16439390182495117
0.15263111889362335 0.7198731899261475 -0.17771606147289276
-0.8291679620742798 0.5933551788330078 -0.0978962853550911
-0.06648547947406769 0.6827428936958313 1.4956001043319702
-0.23620092868804932 0.3943290412425995 -0.06978079676628113
-0.8069619536399841 0.3284400701522827 0.6022042632102966
-0.9860106110572815 0.7499809861183167 1.0428638458251953
-0.9187484383583069 0.8339288234710693 -0.17774268984794617
-0.6502780318260193 0.3231290280818939 1.1122843027114868
-0.575849175453186 0.6629182696342468 1.4200477600097656
-1.1482394933700562 1.0169737339019775 0.3706750273704529
0.40205657482147217 0.8813880681991577 0.18795916438102722
-0.5447033047676086 0.9604883193969727 -0.3737794756889343
-0.22792597115039825 0.4626430869102478 0.9717780947685242
-0.2598855495452881 0.37103140354156494 0.696208655834198
-0.8272708058357239 0.9571036696434021 -0.33263251185417175
0.4640311598777771 0.6857642531394958 0.06095145642757416
0.4326173663139343 0.6969954967498779 0.6113271117210388
-0.9001538753509521 0.9143519997596741 0.0223921537399292
-0.8812822699546814 1.0888463258743286 0.8602635860443115
-1.043609380722046 0.5219035148620605 0.23754486441612244
-1.0973434448242188 0.9311658143997192 0.04905599355697632
-0.01184485200792551 1.0010112524032593 -0.3277074694633484
0.4288797676563263 0.4270807206630707 0.6101533770561218
-0.4778672456741333 0.43718135356903076 0.42625388503074646
-1.001025676727295 0.9019148349761963 0.5447225570678711
0.18742357194423676 0.42140308022499084 0.19991493225097656
0.20994770526885986 0.9819886684417725 -0.0793875902891159
0.2208191156387329 0.5985615849494934 0.97704017162323
-0.13114619255065918 0.7482737898826599 1.2859764099121094
0.06519356369972229 0.3029954433441162 1.2172445058822632
-1.6898542642593384 0.8244591951370239 1.2785431146621704
-1.0954781770706177 0.956943690776825 0.6344760656356812
-0.8403624892234802 0.561642587184906 0.6905331015586853
-0.6637209057807922 0.7509891986846924 -0.17199023067951202
-0.23819319903850555 0.8335860967636108 -0.26286718249320984
-1.0434114933013916 0.71299809217453 0.6888396739959717
-0.792227029800415 0.9589110016822815 1.1157612800598145
-1.6140055656433105 0.7215219736099243 1.061521053314209
0.33787861466407776 0.6888671517372131 0.34412941336631775
0.18297478556632996 0.7588549256324768 0.6030795574188232
-0.9602735042572021 0.748507559299469 0.24752865731716156
-0.41552481055259705 0.8548147678375244 1.2042313814163208
-0.3143562376499176 0.5586944222450256 -0.1736932396888733
-0.397278368473053 0.4563453495502472 0.6999541521072388
-0.0789085328578949 0.6027563810348511 0.4514596164226532
0.28168702125549316 0.9106435775756836 1.1257716417312622
0.1539248824119568 0.6367570161819458 0.7646219730377197
-0.1881212294101715 0.4123234748840332 0.26456505060195923
-0.11461488157510757 0.8431300520896912 0.10792226344347
0.41127127408981323 0.908708930015564 0.724351167678833
-0.06096987426280975 0.6913021802902222 0.09605675935745239
-0.5427331924438477 0.6681318879127502 0.7005367279052734
-0.35405999422073364 0.7453781366348267 0.9246862530708313
-0.6690921783447266 0.7691292762756348 1.1357783079147339
-0.025330806151032448 0.8607134819030762 1.1982866525650024
-0.521905779838562 0.7588326930999756 0.0472676120698452
0.18238303065299988 0.7892600893974304 0.9507045149803162
-0.5535643100738525 0.620094358921051 0.3473361134529114
0.10955986380577087 0.794316291809082 0.23262012004852295
0.03872673958539963 0.7929022908210754 0.5351063013076782
-0.3588249683380127 0.44811001420021057 1.242767095565796
-0.3099464178085327 0.8354296684265137 -0.030527137219905853
-0.2170606553554535 2.2794065475463867 -0.26866257190704346
-0.07600988447666168 1.9157873392105103 0.2803178131580353
-0.22633641958236694 0.7807167768478394 0.4244181215763092
-0.7045149803161621 0.7963033318519592 0.22722379863262177
-0.15054203569889069 0.3701440691947937 0.19071006774902344
-0.1236785352230072 0.6930162310600281 1.0478222370147705
-0.38859114050865173 1.8325222730636597 0.42335355281829834
-0.14420513808727264 0.7346907258033752 0.7760046720504761
-0.48662227392196655 0.8025951385498047 0.6782758235931396
-0.5237233638763428 0.8271804451942444 0.2694225311279297
-0.5461511611938477 2.439631700515747 0.5393762588500977
-0.6616970896720886 0.6956653594970703 0.9971340894699097
-0.06293929368257523 1.883406400680542 0.09003233164548874
-0.2556716501712799 2.0257771015167236 -0.24957050383090973
-0.7076879739761353 0.7899684309959412 0.5833244323730469
-0.061888840049505234 1.9773582220077515 -0.11763082444667816
-0.22237060964107513 1.89372718334198 0.41813400387763977
-0.4960988461971283 1.943608283996582 0.5636453628540039
-0.6158424615859985 1.8471643924713135 0.4368133544921875
-0.36010855436325073 1.7532551288604736 0.19876007735729218
-0.3329475224018097 1.8030600547790527 -0.0560748316347599
-0.5846531987190247 1.739992380142212 0.24590405821800232
-0.526099443435669 2.0736076831817627 -0.25219419598579407
-0.3346611261367798 2.3770740032196045 0.5464037656784058
-0.7830153703689575 1.8875524997711182 0.03250864893198013
-0.6167235970497131 2.417670488357544 0.6128875017166138
-0.20785440504550934 1.8143787384033203 0.02517079748213291
-0.753189206123352 1.9836530685424805 0.5051206946372986
0.07949116080999374 2.050959825515747 0.1327335089445114
-0.7919247150421143 1.8825219869613647 0.31398624181747437
-0.8144683837890625 2.16808819770813 0.5107569694519043
-0.008598788641393185 2.1905932426452637 -0.17254453897476196
0.07698342204093933 2.334723711013794 -0.06889250129461288
-0.07235904037952423 2.1057987213134766 0.4620603621006012
-0.40116044878959656 2.4469246864318848 -0.17891184985637665
-0.46439892053604126 1.820324182510376 -0.13525697588920593
-0.341602623462677 2.0739669799804688 0.6050875782966614
-0.6217738389968872 1.9047486782073975 -0.14017939567565918
-0.22732748091220856 2.5958569049835205 -0.1363348364830017
-0.6381640434265137 1.7822396755218506 0.0924832746386528
0.11816955357789993 2.214535713195801 0.2769111096858978
-0.9133409261703491 4.722692966461182 0.8972633481025696
-0.27505746483802795 2.4062039852142334 0.3236536383628845
-0.877949595451355 1.9879429340362549 0.13943003118038177
-0.3895241916179657 2.7507762908935547 0.09949661791324615
-0.7827922105789185 2.1771280765533447 -0.061304640024900436
-0.5630581974983215 2.2839441299438477 -0.2120240330696106
-0.31412360072135925 2.729480504989624 0.3781087398529053
-0.044749945402145386 2.6595139503479004 -0.046000219881534576
-0.45215868949890137 2.593118667602539 0.08166827261447906
0.07803142070770264 2.723876714706421 0.33204740285873413
0.14947934448719025 2.6345887184143066 0.11609946191310883
-0.7154325842857361 2.4029574394226074 0.18330706655979156
-0.09845170378684998 2.570514678955078 0.5032762885093689
-0.8742470145225525 4.534462928771973 0.18398618698120117
-0.8754397630691528 2.2323901653289795 0.2729264497756958
0.17918004095554352 2.3813295364379883 0.15301993489265442
-0.744393527507782 4.255530834197998 0.5328646302223206
-0.138528972864151 2.8523685932159424 0.20909970998764038
0.0604965016245842 2.446272611618042 0.40055298805236816
-0.5927632451057434 4.325030326843262 0.7264291048049927
-0.6907609105110168 4.531956672668457 0.915501058101654
-0.4952654540538788 4.395296573638916 0.42608246207237244
-1.0220308303833008 4.3578925132751465 0.315775066614151
-0.8986577987670898 4.270687103271484 0.7275465726852417
-1.1840488910675049 4.714249134063721 0.7306240797042847
-1.1168348789215088 4.450384616851807 0.805934488773346
-0.37736624479293823 4.626716613769531 0.45620429515838623
-0.7860274314880371 4.366337776184082 0.8597736358642578
-0.7968072295188904 4.312191963195801 0.3218006491661072
-0.3327289819717407 5.40416145324707 0.5054178237915039
-0.6086353659629822 4.284135818481445 0.5309144854545593
-0.45623326301574707 4.517178535461426 0.6947820782661438
-1.0952835083007812 4.334477424621582 0.4795001745223999
-0.922622799873352 4.914173603057861 0.6062784790992737
-1.180596113204956 4.771481513977051 0.47561153769493103
-0.6118432879447937 4.487062931060791 0.24086718261241913
-1.1630576848983765 4.55965518951416 0.3087849020957947
-0.14491380751132965 5.548133850097656 0.6668044924736023
-0.9387033581733704 4.230528354644775 0.5510432124137878
-1.2216473817825317 4.528259754180908 0.646555483341217
-0.3456020951271057 5.513197422027588 0.8544802069664001
-0.16064667701721191 5.5687456130981445 0.49273067712783813
-1.0830912590026855 4.767281532287598 0.2823082208633423
-0.4758327603340149 5.478846549987793 0.7903909087181091
-0.5061194896697998 4.688845157623291 0.2331823855638504
-0.7165943384170532 4.991771697998047 0.5273936986923218
-0.41091713309288025 5.671076774597168 0.4638749063014984
-0.8197309970855713 4.779801368713379 0.17196102440357208
-1.0410866737365723 4.3650336265563965 0.8233106136322021
-0.15439285337924957 5.614291191101074 0.8521332740783691
-0.5354215502738953 5.606624126434326 0.8009467720985413
-0.6642244458198547 4.7866950035095215 0.8231019973754883
-0.6237249970436096 4.892321586608887 0.21829934418201447
-0.9740602374076843 6.6842241287231445 0.14517837762832642
-0.4576665163040161 4.786952972412109 0.6466249227523804
-0.21179534494876862 5.741992473602295 0.9679611921310425
-0.09344634413719177 5.717842102050781 0.44552913308143616
-0.8503014445304871 6.351423740386963 0.26353222131729126
-0.380232572555542 5.024061679840088 0.4908856451511383
-0.48865172266960144 5.78450870513916 0.9077707529067993
-0.4104606509208679 5.979245662689209 0.9301536083221436
-0.405679851770401 5.000565052032471 0.3434654176235199
-0.6760809421539307 6.483098030090332 0.2245166003704071
-0.49534571170806885 5.922577857971191 0.6087595224380493
-0.4891558587551117 5.260221481323242 0.5674046874046326
-0.032618068158626556 5.8866496086120605 0.8540879487991333
-1.0653432607650757 6.521039962768555 0.4426175057888031
-1.0264579057693481 6.377557277679443 0.33171945810317993
-0.781522274017334 6.393779754638672 0.43345093727111816
-0.06662694364786148 5.88477897644043 0.429103821516037
0.03177843987941742 5.978210926055908 0.7487936615943909
-1.013797640800476 6.371123790740967 0.21893560886383057
0.037886328995227814 6.343565940856934 0.6494101881980896
-0.30008867383003235 6.447262287139893 0.8897553086280823
-0.4358631372451782 6.636693477630615 0.8556921482086182
-0.23370955884456635 6.250848770141602 0.44884687662124634
-0.32915300130844116 6.382450580596924 0.4819161295890808
-0.2963199317455292 6.0417866706848145 0.4306827187538147
-0.0689956396818161 6.830265045166016 0.9422892928123474
0.034489020705223083 6.045831203460693 0.5260754227638245
-0.33683329820632935 6.205806255340576 0.8571048974990845
-1.0549064874649048 6.717391490936279 0.3452945351600647
-0.38399842381477356 6.762409210205078 0.33642420172691345
-0.18740570545196533 6.722014904022217 0.971629798412323
-0.21468737721443176 6.5953450202941895 0.47040295600891113
-0.911493718624115 6.362532615661621 0.16147656738758087
-0.08470801264047623 6.205729007720947 0.8960394263267517
-0.6207458972930908 6.677546501159668 0.5751248002052307
-0.16614538431167603 6.898828029632568 0.45675814151763916
-0.07586285471916199 6.481386661529541 0.8937031626701355
-0.7071861028671265 6.472899913787842 0.48440855741500854
-0.03378085047006607 6.740706920623779 0.6800879240036011
-0.08248759061098099 7.073426246643066 0.9576928615570068
-0.6386011242866516 6.8254547119140625 0.30869749188423157
-0.3433884084224701 6.9408793449401855 0.9839718341827393
-0.05400697514414787 7.122254371643066 0.7400915026664734
-0.5092711448669434 6.758492469787598 0.7677685022354126
-0.2241932898759842 7.064408779144287 0.38396069407463074
-0.2785267233848572 7.584374904632568 0.4385226368904114
-0.495252788066864 7.069858074188232 0.8326939940452576
-0.7272706031799316 6.957692623138428 0.4600129723548889
-0.3073992431163788 7.287459850311279 0.3800048828125
-0.5997750759124756 7.312870502471924 0.5897021293640137
-0.6313931345939636 7.058455467224121 0.6657887697219849
-0.5379239916801453 7.186100959777832 0.4021340608596802
-0.04459288343787193 7.355335235595703 0.7268776893615723
-0.21147063374519348 7.276558876037598 0.961467981338501
-0.23802228271961212 7.534802436828613 0.8799070715904236
-0.08219584822654724 7.7258687019348145 0.6070687770843506
-0.10577511787414551 7.370336532592773 0.5537427067756653
-0.43569862842559814 7.442562103271484 0.8573815822601318
0.05100667476654053 8.58033561706543 0.1556246429681778
-0.46743741631507874 7.730502605438232 0.8315616250038147
-0.10031351447105408 8.266144752502441 0.3433363735675812
-0.5756895542144775 7.5477070808410645 0.5985634326934814
-0.03597472235560417 8.429008483886719 0.14577080309391022
-0.2783537209033966 7.800164222717285 0.8698998093605042
-0.15918877720832825 8.124183654785156 0.5361868143081665
-0.3495747745037079 7.752177715301514 0.419402152299881
-0.43709421157836914 8.402578353881836 0.2716701030731201
-0.19725532829761505 7.980220317840576 0.7347036600112915
-0.2627102732658386 8.365010261535645 0.15536855161190033
-0.30607447028160095 9.159046173095703 0.7728946805000305
-0.26800426840782166 8.19727897644043 0.321537584066391
0.013187581673264503 8.85655403137207 -0.021359344944357872
-0.030392004176974297 8.397313117980957 0.3446248769760132
-0.32307374477386475 8.043242454528809 0.6610051989555359
-0.44632259011268616 8.86111831665039 0.6492106318473816
-0.5300276875495911 9.05385971069336 0.4991273283958435
-0.1886318475008011 8.490078926086426 0.019155312329530716
-0.30579498410224915 9.146638870239258 0.4814755916595459
-0.6517783999443054 8.949295043945312 0.9047612547874451
-0.5418823957443237 8.867471694946289 0.8421491980552673
-0.3532463312149048 8.553797721862793 0.0406973734498024
-0.3301096260547638 9.14903736114502 1.1565321683883667
-1.3584119081497192 9.780049324035645 -0.02866872027516365
-0.5412448048591614 8.923897743225098 1.0096726417541504
-0.1400269716978073 9.175393104553223 0.8278990983963013
-0.063873790204525 8.740890502929688 0.36693650484085083
-0.4158554971218109 8.787617683410645 0.7459890246391296
-0.46767231822013855 8.669602394104004 0.2465982437133789
-0.47424834966659546 8.439709663391113 0.4382912814617157
-0.536357045173645 9.495024681091309 0.7191903591156006
-0.2176382839679718 9.073113441467285 1.0613378286361694
-0.4981115460395813 9.056910514831543 1.00435209274292
-0.10961643606424332 8.803357124328613 -0.05840400606393814
-0.6197700500488281 9.260857582092285 0.6516492366790771
-0.09209191799163818 9.952042579650879 0.20331352949142456
-0.2956896722316742 8.866448402404785 0.20848427712917328
-0.5194875597953796 9.205076217651367 1.180115818977356
-1.2507766485214233 9.755420684814453 -0.1405397355556488
-0.2804211974143982 8.999268531799316 0.2007901519536972
-1.1972780227661133 9.694252967834473 -0.03752635791897774
-1.0633909702301025 9.756810188293457 -0.1251755952835083
-0.09095677733421326 9.915239334106445 0.09497340023517609
-0.09031662344932556 9.417390823364258 1.0464438199996948
-0.12273348867893219 9.352925300598145 0.8114667534828186
-0.15425363183021545 9.460155487060547 1.0482271909713745
-0.07864318788051605 9.775626182556152 0.03728451579809189
0.02105080708861351 9.753196716308594 0.08201785385608673
-0.49434882402420044 9.444889068603516 0.8734879493713379
-1.2899922132492065 10.0004243850708 -0.11993701010942459
0.10735239088535309 9.73303508758545 1.3298789262771606
0.11136988550424576 10.057438850402832 0.09681212157011032
-1.195495843887329 9.906689643859863 -0.01626138761639595
-1.0818824768066406 10.010927200317383 0.9734681844711304
-1.053720474243164 10.373315811157227 0.944299578666687
-1.0531283617019653 10.024919509887695 1.034600853919983
-1.1155825853347778 9.971475601196289 0.9805593490600586
-0.1532818078994751 10.21506404876709 0.22499731183052063
-0.12295031547546387 10.004183769226074 -0.015632230788469315
-1.0061241388320923 9.897330284118652 -0.017025083303451538
0.16163991391658783 10.181567192077637 0.12970715761184692
-0.9792097806930542 10.131453514099121 0.8998825550079346
-0.4101466238498688 10.413105010986328 0.1354190856218338
-0.9202893972396851 10.355337142944336 -0.19041316211223602
0.1343178004026413 9.71819019317627 1.1823124885559082
0.23575615882873535 10.56961441040039 0.10111439228057861
-0.1978483498096466 10.189058303833008 -0.0014163348823785782
-0.37602856755256653 10.570075035095215 1.2001718282699585
-0.37871691584587097 10.559887886047363 1.0895167589187622
0.01498505286872387 10.414031028747559 0.12509800493717194
-0.6561108827590942 10.620615005493164 -0.1365208774805069
0.12352669984102249 10.493896484375 0.09868017584085464
-0.6767622828483582 10.564376831054688 -0.10669020563364029
-0.9877421855926514 10.364543914794922 -0.009587213397026062
-0.5530709028244019 10.633216857910156 -0.07878334820270538
-0.5093174576759338 10.5927734375 1.0627803802490234
-1.138865351676941 10.497601509094238 1.1930660009384155
-0.04833580553531647 10.655111312866211 0.21241767704486847
-0.01142493262887001 10.713484764099121 0.3335529863834381
0.33376869559288025 10.667749404907227 0.008298162370920181
-0.7487255930900574 10.688611030578613 -0.15405713021755219
0.20651115477085114 10.678529739379883 0.322640985250473
0.45258456468582153 10.739327430725098 -0.08385474234819412
0.25894877314567566 10.860755920410156 0.15034639835357666
-1.1559220552444458 10.881750106811523 1.1676102876663208
-1.1487488746643066 10.735868453979492 -0.14191311597824097
-0.21104557812213898 10.978261947631836 0.627358078956604
-0.21550798416137695 11.027060508728027 0.581894040107727
0.1805151253938675 10.925616264343262 0.391652911901474
-1.068677306175232 10.987340927124023 1.2643227577209473
0.03605709597468376 11.03601360321045 0.26644450426101685
-0.12937277555465698 11.119364738464355 0.91343092918396
-0.6795409917831421 11.215821266174316 0.7359188199043274
0.12183986604213715 11.04092788696289 0.512873113155365
-0.5096294283866882 11.052155494689941 -0.23256243765354156
-0.49078741669654846 11.139408111572266 0.6652939915657043
0.1441574990749359 11.180444717407227 -0.047121092677116394
-0.8311123251914978 11.174498558044434 -0.12685570120811462
-0.635640025138855 11.11422348022461 -0.2929425537586212
0.10893532633781433 11.21420669555664 0.009012402966618538
-0.016640687361359596 11.24864673614502 0.26609212160110474
-0.2802426218986511 11.318346977233887 0.8572163581848145
-0.6991486549377441 11.233907699584961 0.9966380000114441
0.6277163028717041 11.360240936279297 -0.4476536214351654
-0.6425636410713196 11.376861572265625 0.25583416223526
0.4691196382045746 11.35643196105957 1.1008579730987549
-0.6092031002044678 11.36974811553955 0.7004649639129639
-1.2239148616790771 11.430282592773438 0.5673600435256958
0.09431101381778717 11.43589973449707 0.6202816963195801
0.0371059887111187 11.396993637084961 -0.16253416240215302
-0.25004842877388 11.485333442687988 0.5604305863380432
-0.053187623620033264 11.463580131530762 1.1458497047424316
-0.3859187960624695 11.477280616760254 1.3185151815414429
0.15887559950351715 11.491092681884766 1.1378560066223145
0.055558547377586365 11.493358612060547 -0.3617003560066223
0.01218391489237547 11.511303901672363 0.3070150315761566
0.06328016519546509 11.543737411499023 0.8825418949127197
-1.0624033212661743 11.552736282348633 0.9612914323806763
-0.8226497173309326 11.573173522949219 0.646291971206665
-0.4258905053138733 11.570061683654785 0.45056504011154175
0.5612455010414124 11.581998825073242 1.0775659084320068
