443
-1.6567670106887817 0.6274455189704895 1.0749599933624268
-1.5522685050964355 0.37888646125793457 -0.15704305469989777
-1.1053816080093384 0.5584455728530884 0.4545893371105194
0.36413830518722534 0.8943374156951904 0.1425875872373581
-1.6214916706085205 0.5637617707252502 0.17250756919384003
-0.9136386513710022 0.38421866297721863 -0.8372741341590881
-0.2813456058502197 0.29908058047294617 0.6009276509284973
-1.7125627994537354 0.3810333013534546 1.3427587747573853
-0.6103159189224243 0.319179505109787 -0.6827395558357239
-0.6016273498535156 0.7075002789497375 -0.8284982442855835
0.5523094534873962 0.6312976479530334 -0.29126107692718506
-1.9117032289505005 0.6153675317764282 -0.1761750727891922
-1.611548662185669 0.48087891936302185 0.42543157935142517
-1.9196425676345825 0.6359425783157349 -0.010218463838100433
-1.2352159023284912 0.5294312834739685 1.210213541984558
-1.9606879949569702 0.3623841404914856 0.19311416149139404
-1.946295142173767 0.6929399371147156 0.3467094898223877
0.09151085466146469 0.638502299785614 -0.290284126996994
-0.6249610185623169 0.7247864007949829 -0.7258077263832092
-1.5170395374298096 0.3617076873779297 0.7270945906639099
0.03810076043009758 0.3052383065223694 0.9421651363372803
0.753373920917511 0.29019585251808167 -0.33003175258636475
0.9160141944885254 0.7177029848098755 -0.0913035199046135
-2.1706089973449707 0.35315564274787903 0.15066805481910706
-0.7744662165641785 0.35340702533721924 0.7732937932014465
-0.03730398416519165 0.5349496006965637 -0.7525454163551331
-1.4525583982467651 0.4395163953304291 1.6406046152114868
-2.1286213397979736 0.5387231707572937 0.12430015206336975
0.7250860929489136 0.7071680426597595 -0.49751338362693787
-0.9705798029899597 0.3253300189971924 0.8830563426017761
-0.6940780282020569 0.43677476048469543 -0.8955278992652893
0.5621069073677063 0.595221221446991 0.8346276879310608
0.45227867364883423 0.7178975343704224 0.9087426662445068
-1.2434173822402954 0.5558228492736816 0.9036686420440674
-1.3129723072052002 0.5883264541625977 0.8853914737701416
-1.1030930280685425 0.35700640082359314 1.539904236793518
0.6069695949554443 0.8649917244911194 -0.04627460613846779
-1.888532280921936 0.4774404466152191 -0.20739352703094482
0.566658079624176 0.5722457766532898 -0.6445713639259338
-1.435097336769104 0.33334487676620483 -0.18379367887973785
-1.4219410419464111 0.4922477602958679 1.4719886779785156
0.5344980359077454 0.34092873334884644 0.8093865513801575
-0.8085034489631653 0.32727184891700745 -0.7276285290718079
0.2510260045528412 0.3809426426887512 0.9824197888374329
-0.4950495660305023 0.3191238343715668 -0.6615110039710999
0.127623051404953 0.700488805770874 -0.7920852899551392
-1.3177675008773804 0.7206730842590332 0.991639256477356
-1.6266698837280273 0.34045523405075073 0.5777769088745117
-0.3887394964694977 0.3807680904865265 0.12958617508411407
-1.017682671546936 0.43145111203193665 -0.08486927300691605
-1.2825721502304077 0.7385862469673157 -0.2522943913936615
-0.4233308434486389 0.4737899899482727 0.2511899173259735
-0.5636013746261597 0.33522069454193115 -0.2595084607601166
-1.4174160957336426 0.6726104021072388 1.251622200012207
-0.6888874173164368 0.5336413383483887 0.12176475673913956
0.6415926218032837 0.5498399138450623 1.5208152532577515
-0.7041926383972168 0.49961450695991516 0.6037424802780151
0.11537504196166992 0.28627005219459534 -0.06352850794792175
-1.0530669689178467 0.3309333920478821 -0.826744019985199
-2.129117727279663 0.3547450602054596 0.3239889442920685
-0.7312422394752502 0.6025243401527405 -0.11332311481237411
-0.24052180349826813 0.5391665101051331 -0.17448453605175018
-0.6310576796531677 0.8492804169654846 -0.5557312369346619
-1.103940486907959 0.29590028524398804 -0.6980071067810059
-1.4873113632202148 0.39467304944992065 1.5739309787750244
-1.4284074306488037 0.3378095030784607 -0.3759230077266693
0.7534402012825012 1.2038133144378662 1.3634594678878784
-1.7651792764663696 0.504829466342926 1.2758899927139282
-1.2603485584259033 0.3435298204421997 1.4155066013336182
0.5550697445869446 0.29985129833221436 0.5155289769172668
-0.13675111532211304 0.7681098580360413 1.6462196111679077
-1.483900547027588 0.40638378262519836 0.1121654137969017
-0.4415239989757538 0.6359474062919617 -0.5750676393508911
0.321615070104599 0.4806094169616699 1.0044523477554321
0.6805055737495422 0.9938231706619263 1.2015901803970337
-1.744513988494873 0.6052964925765991 1.0817700624465942
0.7831174731254578 1.2976740598678589 1.1565006971359253
0.6204599142074585 1.3646259307861328 1.2010972499847412
-0.8105623126029968 0.8397149443626404 -0.7495500445365906
-0.7491436004638672 0.4169510304927826 0.3131040036678314
0.7236831784248352 1.3496421575546265 1.0832279920578003
0.3185197710990906 0.5338562726974487 0.7127023339271545
-0.9895239472389221 0.3097255229949951 0.560395359992981
-1.401181697845459 0.31537187099456787 0.4264209568500519
-0.6661410927772522 0.8310913443565369 1.5805954933166504
0.2652175724506378 0.4280923008918762 0.14752566814422607
0.5849403142929077 1.1217585802078247 1.2634718418121338
-2.064391613006592 0.3566998243331909 0.5141924023628235
-1.0001393556594849 0.9762957692146301 -0.5694723725318909
-0.5315811634063721 0.36252015829086304 -0.0753144770860672
0.8318762183189392 1.0447230339050293 1.2496649026870728
-0.04255065321922302 0.5628610253334045 0.35337895154953003
0.05053586885333061 0.8227130174636841 1.6442569494247437
-0.34392470121383667 0.6997979879379272 -0.5237795114517212
-1.1007250547409058 0.681984007358551 -0.7339035272598267
-0.8029603958129883 0.6596614718437195 -0.4312690496444702
-1.743098497390747 0.588286280632019 0.5629756450653076
-0.5100597739219666 0.7891573905944824 -0.20002508163452148
0.04861987382173538 0.7486093044281006 0.4629732668399811
0.036594267934560776 0.9022424817085266 1.6837055683135986
-0.8345656991004944 0.799837589263916 1.57041335105896
-0.7942312955856323 0.9290036559104919 -0.5618197917938232
-0.7071831822395325 0.9929773807525635 1.592746376991272
-0.42524054646492004 1.1561588048934937 0.5512219667434692
-1.766950249671936 0.5638322830200195 0.9080541729927063
-0.3446716368198395 0.813777506351471 1.6481508016586304
0.8233098983764648 0.5854582190513611 0.5398279428482056
-1.675032377243042 0.389059454202652 1.5051850080490112
-1.3072521686553955 0.7974708080291748 0.7361301779747009
0.6778801679611206 1.0841244459152222 1.0933579206466675
-1.259799599647522 0.6642651557922363 -0.5533421635627747
-1.2267714738845825 0.6091088652610779 0.6775849461555481
-0.054343756288290024 0.7534047365188599 -0.4276370406150818
-0.5298007726669312 1.016552448272705 1.6762423515319824
0.21260225772857666 0.8758382797241211 1.365567922592163
-1.8638461828231812 0.6930621266365051 0.5367202758789062
-0.39479291439056396 0.3589016795158386 0.46632400155067444
-1.316282868385315 0.6165358424186707 0.09749589115381241
0.9000036716461182 0.9267136454582214 0.24226008355617523
-0.9045485258102417 0.4569876194000244 0.33993253111839294
-0.8653066158294678 0.7451783418655396 1.2091615200042725
-1.5583484172821045 0.6229432821273804 -0.3281872570514679
-1.1085337400436401 0.6786926984786987 -0.5593354105949402
-1.8418655395507812 0.6762059926986694 0.8183115124702454
0.817839503288269 0.7344534397125244 0.3814343810081482
-0.02199399098753929 0.34365135431289673 0.845324695110321
-0.5909271240234375 0.5962086319923401 0.805845320224762
-0.6584973335266113 0.38876432180404663 -0.20838354527950287
-1.102154016494751 0.4999995231628418 -0.01706194505095482
-1.163666009902954 0.5622825026512146 0.18382488191127777
-0.8124389052391052 0.735987663269043 1.13137948513031
-0.3527889549732208 0.3498012125492096 -0.25306037068367004
-1.2388451099395752 0.7848482728004456 -0.2969300448894501
0.8311744332313538 0.6017504334449768 -0.39055803418159485
-0.0036148466169834137 0.5989008545875549 0.8886237144470215
0.8927457332611084 0.6926133036613464 0.14011497795581818
-0.8951175808906555 0.6193518042564392 0.9675710797309875
-0.42106732726097107 0.5235136151313782 0.21171818673610687
-0.5055386424064636 1.0350500345230103 0.7333119511604309
0.3561100363731384 0.43407467007637024 -0.8286390900611877
0.868683397769928 0.4080868661403656 0.3990759253501892
0.02314206212759018 0.4665086567401886 0.2916885316371918
0.9082555174827576 0.3139844834804535 -0.3017617464065552
-0.5636637806892395 0.34839826822280884 0.43948689103126526
0.7825648188591003 0.39466220140457153 0.1300417184829712
0.25270089507102966 0.6260848641395569 -0.8928666114807129
-0.13490556180477142 0.4512397348880768 -0.7040032744407654
-0.05836773291230202 1.0195492506027222 0.9340105056762695
-0.2255021184682846 0.6633573174476624 -0.6183640360832214
0.32756099104881287 0.4051421880722046 -0.49083200097084045
0.35158801078796387 0.44675248861312866 -0.09757301956415176
-0.25044742226600647 0.45453500747680664 0.6258835196495056
0.2529403865337372 0.8956450819969177 0.5193624496459961
-0.3189298212528229 0.3439643085002899 0.783810555934906
0.12106673419475555 0.8749862909317017 0.7579966187477112
0.14046373963356018 0.5761235952377319 0.5811255574226379
-0.07789942622184753 0.5566971898078918 0.07833633571863174
-0.4666327238082886 1.2988489866256714 0.5629234910011292
-0.49451911449432373 1.2021818161010742 0.2946230173110962
0.27688249945640564 0.5534580945968628 0.6435976028442383
-0.05919189751148224 0.7632613182067871 0.7138226628303528
-0.35462331771850586 0.8567274212837219 0.806455671787262
-0.35752639174461365 0.8884091973304749 0.1977480798959732
-0.10725191235542297 0.5429791212081909 -0.29041990637779236
0.20373257994651794 1.0441268682479858 0.7793666124343872
-0.2712632417678833 0.7481898665428162 0.6617211699485779
-0.13273291289806366 0.8625741004943848 0.8762749433517456
0.04863438382744789 0.42691197991371155 -0.018980059772729874
0.10433471947908401 0.8095858097076416 0.5046518445014954
0.35801437497138977 0.4360542297363281 0.293384313583374
-0.08335690945386887 0.8404719233512878 0.1600504368543625
-0.26234936714172363 0.7568859457969666 0.34451401233673096
-0.3510685861110687 1.1448523998260498 0.8702079057693481
-0.14396345615386963 1.2848283052444458 0.8908399939537048
0.15228547155857086 0.893185019493103 0.2529395818710327
0.3239271640777588 1.0720263719558716 0.4915247857570648
-0.04559192806482315 1.1357619762420654 0.015632683411240578
0.1745796948671341 1.009782314300537 0.13227953016757965
-0.5403605699539185 1.035937786102295 0.3922519087791443
-1.202091097831726 2.6375765800476074 0.3815840184688568
0.2651596665382385 1.1699494123458862 0.20002546906471252
-0.43319520354270935 0.8272304534912109 0.4348653554916382
0.24166792631149292 1.286152958869934 0.6670032143592834
0.15190334618091583 1.5013314485549927 0.5641860365867615
-0.3077886700630188 1.3760809898376465 0.1264839917421341
-0.9359987378120422 2.5677859783172607 0.13874803483486176
-0.3157671093940735 1.1476893424987793 0.07581766694784164
-0.27615275979042053 1.4267876148223877 0.6225428581237793
0.06951811909675598 1.2942233085632324 0.8329744935035706
0.1910776048898697 1.40656578540802 0.1736668050289154
0.3167310357093811 1.3057094812393188 0.4117341935634613
-0.16301731765270233 0.9619981646537781 0.04520329087972641
-0.0280695091933012 1.341289758682251 0.027560945600271225
-0.031152699142694473 0.7455205917358398 0.3092540502548218
-0.7764869928359985 2.6380560398101807 0.1225246787071228
-1.0394498109817505 2.540977954864502 0.26452401280403137
-0.9955691695213318 2.6226818561553955 0.4734647572040558
-0.5493091344833374 2.769948959350586 1.0866830348968506
-1.1678953170776367 2.7830374240875244 0.5305111408233643
-0.0857536792755127 1.5577459335327148 0.5302170515060425
-1.3041930198669434 2.7598602771759033 0.21020585298538208
-1.1692675352096558 2.6086862087249756 0.151381716132164
-0.45448556542396545 2.8004000186920166 0.9740862846374512
-0.2637629508972168 1.5151736736297607 0.3153674602508545
-0.7168993949890137 2.8247687816619873 1.0581843852996826
-0.6052221655845642 2.93886137008667 1.317025899887085
-0.8707885146141052 2.748913526535034 0.5671135783195496
-0.3864888548851013 2.854828357696533 1.204614520072937
-0.31838926672935486 2.9265506267547607 1.0057919025421143
-0.725472092628479 3.1053171157836914 1.1600061655044556
-1.1607587337493896 3.0076377391815186 0.475210577249527
0.023908033967018127 1.5770392417907715 0.2603817880153656
-0.5646445751190186 2.8073291778564453 1.2238810062408447
-0.9802271127700806 2.683011770248413 -0.035451170057058334
-1.1676173210144043 2.7647976875305176 -0.021397825330495834
-0.30830201506614685 4.414369106292725 0.7273430228233337
-0.23542499542236328 4.114263534545898 0.5600458979606628
-0.40962183475494385 4.144914627075195 0.2876555025577545
-0.10612892359495163 4.409806728363037 -0.03585020452737808
-0.47211384773254395 3.1164729595184326 0.8776326179504395
-0.5952079892158508 2.8042073249816895 0.8824480175971985
-0.8010156750679016 3.06368088722229 0.21163032948970795
-0.28746411204338074 4.175883769989014 0.09938474744558334
-0.5609363317489624 4.381248474121094 0.44653621315956116
-0.7048670053482056 2.797567844390869 0.082870252430439
-1.224372148513794 3.003521680831909 0.08582334220409393
-0.45023855566978455 4.3156304359436035 0.1742154061794281
-0.4619278013706207 4.238039493560791 0.4968329966068268
-1.0346596240997314 3.1373510360717773 0.3034840226173401
-0.8981637358665466 2.9295504093170166 -0.056218553334474564
-0.36238202452659607 3.0892879962921143 1.2374411821365356
-0.0422745905816555 4.23523473739624 -0.0002337982878088951
-0.7226662039756775 2.796234607696533 0.4420105218887329
0.16893935203552246 4.195247650146484 0.15148420631885529
-0.7553704977035522 2.9013845920562744 0.8412665724754333
-0.8274792432785034 2.589327096939087 0.3254154324531555
0.0014111930504441261 4.118771553039551 0.1584007889032364
0.12271033227443695 4.109007358551025 0.3531605005264282
-0.05516599863767624 4.398984909057617 0.7074108719825745
0.23844297230243683 4.28338098526001 0.37071192264556885
0.0015302225947380066 4.084265232086182 0.4517163634300232
-0.2758514881134033 4.0693278312683105 0.2850418984889984
-0.15716443955898285 4.038418292999268 0.369737446308136
-0.797856867313385 5.272302627563477 1.2502046823501587
-0.2871699929237366 4.553928852081299 0.05499066784977913
-0.24753347039222717 4.220132827758789 0.6639845371246338
-0.5697311758995056 4.557166576385498 0.4283915162086487
0.166382297873497 4.398531436920166 0.05405781418085098
-0.9848120212554932 5.145834445953369 1.0784220695495605
-0.36495494842529297 5.658282279968262 0.47694191336631775
-0.8353666663169861 5.0727386474609375 1.1334600448608398
-0.44332775473594666 4.652907371520996 0.240122452378273
0.07964439690113068 4.4224138259887695 0.622470498085022
-0.7615107893943787 5.0860161781311035 1.1896363496780396
-0.2732308804988861 5.693470001220703 0.3748185336589813
-0.2623365819454193 4.708978652954102 0.4807540774345398
-1.291451334953308 5.1924662590026855 -0.3807604908943176
-0.32012003660202026 4.616739273071289 0.6662283539772034
-1.2698384523391724 5.179966449737549 -0.43893370032310486
-0.9048019051551819 5.138456344604492 1.1445047855377197
-0.4813671112060547 5.705224990844727 0.5421015620231628
-0.7901002168655396 5.103555679321289 1.1190181970596313
-0.3073611259460449 5.6793012619018555 0.5816677212715149
-0.25622665882110596 6.236029624938965 0.17268982529640198
0.10370854288339615 4.606568336486816 0.22833207249641418
-0.056734487414360046 6.1915764808654785 0.7099285125732422
-0.5881139636039734 5.8086395263671875 0.5467853546142578
-0.12410716712474823 5.757646560668945 0.5702323913574219
-0.076439768075943 5.989354133605957 0.7174390554428101
-0.26920512318611145 5.880614757537842 0.22268280386924744
-0.005972153041511774 5.988266468048096 0.28078219294548035
-0.2777392268180847 5.843588352203369 0.7584340572357178
0.18260474503040314 4.458633899688721 0.4935357868671417
0.05798798054456711 5.909511566162109 0.43314531445503235
0.05496735870838165 6.2111287117004395 0.39052674174308777
-0.589560329914093 6.243365287780762 0.4099891483783722
-0.15280434489250183 4.705945014953613 0.2291538119316101
-0.34589871764183044 6.068751335144043 0.1604359894990921
-0.5726522207260132 5.951735973358154 0.3177169859409332
-0.37982940673828125 6.177186489105225 0.8143693804740906
-0.45310330390930176 6.441412925720215 0.2986205220222473
-0.6135614514350891 6.078965663909912 0.5709705352783203
-0.20631545782089233 6.498120307922363 0.24149909615516663
-0.02983810007572174 6.401573181152344 0.3719036877155304
-0.12112876772880554 6.3510308265686035 0.8219227194786072
-0.23248134553432465 5.833624362945557 0.23354190587997437
-0.6796108484268188 6.430816650390625 0.1497572511434555
-0.12531955540180206 6.778461933135986 0.4766552150249481
-0.09139291197061539 6.640282154083252 0.8238543272018433
-0.398698091506958 6.745336532592773 0.3698682188987732
-0.04787657409906387 6.526776313781738 0.6415135860443115
-0.5635137557983398 6.4054388999938965 0.605964720249176
-0.42791134119033813 6.004156112670898 0.7872907519340515
-0.60459303855896 6.694581985473633 0.7136704921722412
-0.3926587402820587 6.7455644607543945 0.9709455370903015
-0.5737505555152893 6.7394208908081055 0.5376776456832886
-0.5006864070892334 6.573835372924805 0.8552279472351074
-0.48779231309890747 7.089193344116211 0.488898903131485
-0.3525182008743286 7.062572479248047 1.0063546895980835
-0.3567768931388855 6.430181503295898 0.8576508164405823
-0.14571450650691986 7.087057113647461 0.4965789318084717
-0.22545309364795685 6.8302836418151855 0.9969162344932556
-0.2965767979621887 6.881640911102295 0.3736830949783325
-0.39539802074432373 7.380002021789551 0.3940715789794922
-0.46444302797317505 7.599196434020996 0.27113181352615356
-0.26474320888519287 7.718482494354248 0.4065260887145996
-0.5803900361061096 7.180854797363281 0.6516008377075195
-0.5621322989463806 7.864978313446045 0.12455446273088455
-0.102369524538517 6.91659688949585 0.8373712301254272
-0.41965991258621216 7.864210605621338 0.16726051270961761
-0.713800847530365 7.792210578918457 0.21513716876506805
-0.604430615901947 7.551421165466309 0.39074501395225525
-0.5571566820144653 6.99462890625 0.843281090259552
-0.16322818398475647 7.356664180755615 0.6133319735527039
-0.09621116518974304 7.089233875274658 0.7452399134635925
-0.31848233938217163 7.301096439361572 0.9484778046607971
-0.40347930788993835 8.141312599182129 0.08287467062473297
-0.5804595351219177 7.473776817321777 0.8801952004432678
-0.5241045355796814 7.345168113708496 0.906197190284729
-0.284634530544281 7.666648864746094 0.7453171014785767
-0.4878237843513489 7.707477569580078 0.8910070061683655
-0.7186229825019836 7.658726215362549 0.42088887095451355
-0.31536978483200073 7.982123374938965 0.42215055227279663
-0.23336443305015564 7.483252048492432 0.5398129820823669
-0.33438944816589355 8.294486045837402 0.1297544240951538
-0.5711220502853394 8.178033828735352 0.009048787876963615
-0.35667112469673157 8.240090370178223 0.4619762897491455
-0.7645266652107239 7.8358893394470215 0.6942973732948303
-0.7576331496238708 7.700506687164307 0.6068539023399353
-0.6780773401260376 8.688785552978516 0.8383867144584656
-0.5770273208618164 8.595701217651367 0.9012659788131714
-0.808962881565094 7.950091361999512 0.258466899394989
-0.8196627497673035 8.201447486877441 0.39307141304016113
-0.4522227644920349 8.476387977600098 0.021688470616936684
-0.8519647717475891 8.293076515197754 0.5019413828849792
-0.4685920774936676 7.92309045791626 0.8021386861801147
-0.3091927170753479 8.484894752502441 0.037749335169792175
-0.779829740524292 8.052019119262695 0.7149294018745422
-0.7280740737915039 8.228837966918945 0.14428342878818512
-0.3680455684661865 8.784876823425293 0.11198610812425613
0.025823457166552544 9.374796867370605 0.6022951006889343
-0.5261890292167664 8.241249084472656 0.6908329725265503
-0.6522846221923828 8.174619674682617 0.8445962071418762
-0.965002179145813 9.354620933532715 0.41592368483543396
-0.9868110418319702 9.36992073059082 0.3413941264152527
0.0830458328127861 9.361549377441406 0.7552699446678162
-0.511503279209137 8.647353172302246 0.81028151512146
-0.09101054072380066 9.076922416687012 0.26343202590942383
-0.2424439638853073 8.61087417602539 -0.0006563649512827396
-0.11250794678926468 9.334115982055664 0.8782719969749451
-0.06214744225144386 8.793327331542969 -0.0021404633298516273
-1.1679288148880005 9.786469459533691 0.36675605177879333
-0.14155133068561554 8.717387199401855 0.08563921600580215
-0.651828944683075 8.480618476867676 0.8737135529518127
-0.8622966408729553 8.868915557861328 0.46628841757774353
-0.7991755604743958 9.423853874206543 0.42489248514175415
-0.8491364121437073 9.434770584106445 0.3474518954753876
-0.23917371034622192 9.493806838989258 0.8771681189537048
-0.06418117135763168 9.215658187866211 0.6682782173156738
-0.01793903484940529 9.335360527038574 0.9140084981918335
-1.0614055395126343 9.694282531738281 0.1602412462234497
-0.1618569791316986 8.948981285095215 0.03793825954198837
-0.035306088626384735 8.917167663574219 0.10772156715393066
-0.8273717164993286 9.732088088989258 0.06140369921922684
-0.7850106954574585 9.639780044555664 0.5196077227592468
-0.7370359301567078 9.668659210205078 0.10458946228027344
-1.102205514907837 9.545027732849121 0.39714038372039795
0.15645821392536163 9.51407527923584 0.6941598057746887
-0.14781996607780457 9.4027099609375 0.6853498220443726
-0.7366640567779541 10.085501670837402 0.9753214716911316
-0.5996467471122742 10.057902336120605 0.7551009058952332
-0.7710772752761841 9.856527328491211 0.08429313451051712
-0.18067367374897003 10.299287796020508 0.004780236631631851
-0.9588437080383301 10.06505298614502 0.1510690301656723
-0.6664240956306458 10.145182609558105 0.5437344908714294
-0.6076614856719971 10.179842948913574 0.1054665669798851
-0.6939810514450073 10.062773704528809 0.879696786403656
-0.840294361114502 10.125164985656738 0.8372597694396973
-0.7606026530265808 10.309367179870605 0.19578364491462708
-0.9317110180854797 9.960968017578125 0.5684694051742554
-0.786057710647583 10.122563362121582 0.23320801556110382
0.07816203683614731 9.76114559173584 0.9446649551391602
-0.46563589572906494 10.22531795501709 0.005781630054116249
-0.13010451197624207 10.334980010986328 -0.08913585543632507
-0.14075559377670288 10.217472076416016 -0.18795359134674072
-0.9373539686203003 9.828426361083984 0.5196142196655273
-0.5952147841453552 10.12512493133545 0.32476305961608887
-0.10681454092264175 10.191811561584473 -0.07306579500436783
-0.6882246732711792 10.2885160446167 0.9511774182319641
-0.7031493186950684 10.405085563659668 0.8889484405517578
0.23110142350196838 10.57024097442627 1.0085481405258179
-0.9562151432037354 10.052587509155273 0.5787019729614258
-0.5587723851203918 10.270593643188477 0.783428430557251
0.25422918796539307 10.804520606994629 1.0340150594711304
-0.9691011905670166 10.824756622314453 1.0268746614456177
0.012658212333917618 10.48905086517334 0.011592596769332886
-0.7270345091819763 10.576478958129883 -0.122869111597538
-0.6302462220191956 10.616898536682129 -0.14490456879138947
-0.7041047811508179 10.522363662719727 -0.0012875199317932129
-0.6520262360572815 10.578051567077637 0.8251745700836182
-0.7369990348815918 10.802899360656738 -0.19367408752441406
0.255252867937088 10.746543884277344 0.054450251162052155
0.247226744890213 10.662242889404297 0.15298107266426086
-0.7063156962394714 10.689950942993164 -0.034296415746212006
0.26288992166519165 10.945697784423828 0.8668116331100464
-0.8721405267715454 10.784849166870117 0.9434651136398315
-1.0213032960891724 10.814876556396484 1.085548996925354
-0.6720696687698364 10.736686706542969 0.8179001808166504
-0.6436970829963684 10.707412719726562 0.681891143321991
0.40210777521133423 10.823718070983887 0.08569776266813278
-0.10968636721372604 11.13200855255127 1.2176131010055542
-0.8433594107627869 10.983882904052734 -0.2662639021873474
0.3055509626865387 11.057557106018066 1.2051103115081787
-0.6195817589759827 10.903264045715332 -0.1548943817615509
0.3992463946342468 11.094907760620117 0.30735716223716736
0.01261908933520317 11.158148765563965 1.1358011960983276
0.13820475339889526 11.186663627624512 1.1536974906921387
-1.0482780933380127 11.131178855895996 1.0387425422668457
-0.19771187007427216 11.196998596191406 0.744861364364624
-0.886958658695221 11.1836576461792 0.9232599139213562
-0.7350491881370544 11.164141654968262 -0.219192236661911
0.42143017053604126 11.20711898803711 1.3332973718643188
-0.44878149032592773 11.173349380493164 0.6405118107795715
0.4825766682624817 11.306941986083984 1.081241250038147
-0.40797728300094604 11.322470664978027 0.8306580185890198
-0.8938621878623962 11.311247825622559 0.004427412524819374
0.30287840962409973 11.318514823913574 1.1027989387512207
-1.0477126836776733 11.431254386901855 0.0043549807742238045
0.09579740464687347 11.3681058883667 0.8639679551124573
0.31361523270606995 11.415721893310547 -0.03682703524827957
0.35374441742897034 11.429305076599121 -0.5140673518180847
-1.0177428722381592 11.472859382629395 -0.22322532534599304
0.0667511373758316 11.443743705749512 0.7667567133903503
-0.010043510235846043 11.465763092041016 0.6993035674095154
-0.3684873878955841 11.515283584594727 0.5340767502784729
-1.414351224899292 11.481858253479004 0.15715143084526062
0.29082879424095154 11.491639137268066 0.33634620904922485
-0.8725231885910034 11.508562088012695 1.2429085969924927
0.4450114965438843 11.529105186462402 0.8636332154273987
-1.273866891860962 11.556656837463379 0.3535865247249603
-0.3565938472747803 11.554344177246094 1.2052807807922363
-0.7663116455078125 11.563697814941406 0.002463320503011346
-0.5640950798988342 11.578310012817383 0.6178837418556213
