419
-1.4754785299301147 0.4331679046154022 1.1178768873214722
-1.5301238298416138 0.6421109437942505 -0.0499134287238121
-1.1719413995742798 0.4746207594871521 0.5232910513877869
0.2589564919471741 0.47856688499450684 0.06724601984024048
-1.6206244230270386 0.67122483253479 0.17952819168567657
-0.841780424118042 0.5841232538223267 -0.9147983193397522
-0.19225123524665833 0.360962837934494 0.5141977071762085
-1.483490228652954 0.7068004012107849 1.2491945028305054
-0.6242149472236633 0.4467930793762207 -0.7153530716896057
-0.5569767951965332 0.8061046004295349 -0.8594717383384705
0.4921116828918457 0.2933289408683777 -0.1841123253107071
-1.8516446352005005 0.517231822013855 -0.18044087290763855
-1.5752354860305786 0.5074737071990967 0.36660200357437134
-1.861647605895996 0.3482360243797302 -0.09643931686878204
-1.2312928438186646 0.3569815158843994 1.164910078048706
-1.8889206647872925 0.3496377766132355 0.11634811013936996
-1.8472540378570557 0.35694772005081177 0.27564212679862976
0.21251508593559265 0.36383330821990967 -0.21635940670967102
-0.4798523187637329 0.6380059719085693 -0.6872162222862244
-1.3751589059829712 0.34179186820983887 0.6612775325775146
0.060271214693784714 0.33937638998031616 0.7134782075881958
0.48864275217056274 0.3219563364982605 -0.3056090474128723
0.5575050115585327 0.5034503936767578 -0.10529918223619461
-1.9362871646881104 0.6234537363052368 0.10275553911924362
-0.7555950284004211 0.4425612986087799 0.7567247748374939
0.1451815813779831 0.4471387267112732 -0.36060255765914917
-1.3580560684204102 0.6078410744667053 1.4580355882644653
-1.9967851638793945 0.386612206697464 0.0346747562289238
0.5199238061904907 0.4414746165275574 -0.37347733974456787
-1.0186049938201904 0.6410503387451172 0.9674922227859497
-0.6517170667648315 0.6353607773780823 -0.9046206474304199
0.4350930452346802 0.4217236638069153 0.7401183247566223
0.3562723696231842 0.3885364234447479 0.7069785594940186
-1.1188671588897705 0.8299570083618164 1.0147109031677246
-1.2154268026351929 0.5430084466934204 1.0079997777938843
-1.0880063772201538 0.773167073726654 1.4183858633041382
0.32807648181915283 0.49206534028053284 -0.07635871320962906
-1.8307420015335083 0.5336294770240784 -0.13528364896774292
0.4114342927932739 0.4154781103134155 -0.4498847723007202
-1.4411206245422363 0.4374493360519409 -0.11656348407268524
-1.2711591720581055 0.8023141622543335 1.4251537322998047
0.41099509596824646 0.39144766330718994 0.7535040974617004
-0.7603721022605896 0.6295316219329834 -0.7201255559921265
0.5423147678375244 0.45866659283638 1.1472078561782837
-0.5938448309898376 0.3053727149963379 -0.647896945476532
0.1883489489555359 0.6220763921737671 -0.34345388412475586
-1.1956579685211182 0.9064105153083801 1.0809389352798462
-1.5851961374282837 0.6002559065818787 0.4528277516365051
-0.2689971923828125 0.40717262029647827 0.19311806559562683
-1.0208735466003418 0.7079223394393921 -0.04058615490794182
-1.1863975524902344 0.9622132778167725 0.004035741090774536
-0.2035287618637085 0.6533607840538025 0.2259346842765808
-0.43690061569213867 0.4821915626525879 -0.20116879045963287
-1.268727421760559 0.8815197944641113 1.1893781423568726
-0.5456992387771606 0.8443080186843872 0.054717518389225006
0.5104013085365295 0.4765915870666504 1.6431474685668945
-0.6909245848655701 0.34106630086898804 0.6081175804138184
0.18516679108142853 0.3958183228969574 -0.0246795192360878
-0.9545192122459412 0.6590795516967773 -0.7767475843429565
-1.9966238737106323 0.38016822934150696 0.2660144865512848
-0.6528357863426208 0.8499768376350403 -0.1000494733452797
-0.13462725281715393 0.6112868785858154 -0.04093748331069946
-0.6169579029083252 0.9223609566688538 -0.5163432955741882
-1.0255426168441772 0.6248975992202759 -0.6612712144851685
-1.3854964971542358 0.4311777949333191 1.45195734500885
-1.382770299911499 0.5437509417533875 -0.33810460567474365
0.6987801790237427 1.33975350856781 1.3110826015472412
-1.616721749305725 0.45784300565719604 1.2031513452529907
-1.0978699922561646 0.3501778841018677 1.3653260469436646
0.3127070963382721 0.3866673409938812 0.4132304787635803
-0.182431161403656 0.7814377546310425 1.594375491142273
-1.4388704299926758 0.43685516715049744 0.18411453068256378
-0.46460533142089844 0.8323531150817871 -0.44866329431533813
0.226246178150177 0.4487631022930145 0.6690822243690491
0.6184333562850952 1.1092348098754883 1.044369101524353
-1.7048989534378052 0.5779714584350586 1.0566309690475464
0.7023091316223145 1.395497441291809 1.1530510187149048
0.5862236022949219 1.471099615097046 1.258756399154663
-0.793301522731781 0.9846068024635315 -0.6592926383018494
-0.6975605487823486 0.43427467346191406 0.2985484302043915
0.6267720460891724 1.4639216661453247 1.1534175872802734
0.1998111456632614 0.5300875306129456 0.5652334094047546
-0.9584841132164001 0.5519362688064575 0.5762814283370972
-1.3297765254974365 0.3516533374786377 0.4521425664424896
-0.6911654472351074 0.9619846343994141 1.5223759412765503
0.2311498075723648 0.291414737701416 0.18681246042251587
0.4827307164669037 1.2459771633148193 1.2186119556427002
-1.9273666143417358 0.5005410313606262 0.47026529908180237
-1.0051381587982178 1.133293628692627 -0.4263790249824524
-0.5320964455604553 0.47133612632751465 -0.018134266138076782
0.7572448253631592 1.2020853757858276 1.185368299484253
-0.008110353723168373 0.6216966509819031 0.2678104341030121
0.05001983791589737 0.8496372103691101 1.3918616771697998
-0.32017067074775696 0.8283699154853821 -0.252020925283432
-1.1805391311645508 0.9604558348655701 -0.5843558311462402
-0.7075398564338684 0.7227044701576233 -0.3809128403663635
-1.7922383546829224 0.7667208313941956 0.6817408800125122
-0.38144561648368835 1.119515061378479 -0.051395121961832047
-0.14110398292541504 1.129038691520691 0.6573851108551025
-0.07351222634315491 0.9165002703666687 1.3904844522476196
-0.8396216630935669 0.7791805863380432 1.5466327667236328
-0.7596610188484192 1.2315007448196411 -0.4085047245025635
-0.7256893515586853 1.0158628225326538 1.3270423412322998
-0.5032238364219666 1.2044011354446411 0.5661745071411133
-1.510395884513855 0.5172115564346313 0.8647441864013672
-0.3822247385978699 0.9867253303527832 1.5210646390914917
0.32733842730522156 0.8185933232307434 0.36834630370140076
-1.538919448852539 0.5999245643615723 1.3981915712356567
-1.1586006879806519 0.8607288599014282 0.8353801369667053
0.6883400082588196 1.1239993572235107 1.0302172899246216
-1.3117016553878784 0.7653850317001343 -0.43899476528167725
-1.181683897972107 0.45427221059799194 0.7003495097160339
0.09291218221187592 0.7233140468597412 -0.1887783408164978
-0.529870331287384 0.8488564491271973 1.4343289136886597
-0.0033628344535827637 0.8021933436393738 1.0952283143997192
-1.9152039289474487 0.7340587377548218 0.6089566349983215
-0.23610961437225342 0.5095403790473938 0.32071855664253235
-1.3129750490188599 0.5346418023109436 0.18961061537265778
0.4530356824398041 0.7333740592002869 0.1121070608496666
-0.8612520694732666 0.47062188386917114 0.36871466040611267
-0.9103854298591614 0.6200618147850037 1.0862336158752441
-1.4393597841262817 0.4794776141643524 -0.2621315121650696
-1.0528833866119385 0.7210102677345276 -0.4259002208709717
-1.668893814086914 0.6288327574729919 0.7402692437171936
0.3049878776073456 0.6959006190299988 0.22357699275016785
-0.005779072642326355 0.352975457906723 0.6594957709312439
-0.5510926842689514 0.32670193910598755 0.7815345525741577
-0.6291725635528564 0.4014568328857422 -0.09168805181980133
-0.9842149019241333 0.32077673077583313 0.0303752813488245
-1.164097785949707 0.39959466457366943 0.25729596614837646
-0.6043791174888611 0.46426403522491455 1.126757264137268
-0.2111336588859558 0.9125152826309204 -0.11462894082069397
-1.152923583984375 0.6990994215011597 -0.11429044604301453
0.4600255489349365 0.8149958252906799 -0.19123253226280212
-0.1798248142004013 0.36375555396080017 0.9887096285820007
0.5270564556121826 0.8320369720458984 0.08424272388219833
-0.9180921912193298 0.3679606318473816 0.8762274980545044
-0.26842212677001953 1.0176702737808228 0.11115829646587372
-0.4776185154914856 2.2587344646453857 0.7292580604553223
0.23267468810081482 0.9092024564743042 -0.3907810151576996
0.4354500472545624 0.9559357762336731 0.30808964371681213
-0.012586759403347969 1.1733397245407104 0.29072320461273193
0.4972231388092041 0.9414617419242859 -0.18666201829910278
-0.47062966227531433 0.6267862319946289 0.4042469263076782
0.5157185196876526 1.0580518245697021 0.09705424308776855
0.2005792111158371 0.8157986402511597 -0.34340688586235046
-0.020610827952623367 0.9409083127975464 -0.34648117423057556
-0.07965101301670074 2.275141716003418 0.9332502484321594
-0.08330729603767395 0.7816882133483887 -0.22232022881507874
0.267344206571579 1.0955133438110352 -0.32652461528778076
0.3467777371406555 1.2213419675827026 -0.09236951917409897
-0.14360323548316956 0.9808989763259888 0.36246833205223083
0.18355272710323334 2.103450059890747 0.5236462950706482
-0.12849943339824677 0.827548086643219 0.3316030204296112
0.0635819062590599 2.069927215576172 0.7342235445976257
0.13318122923374176 0.7638939023017883 0.3976925313472748
-0.032045867294073105 0.7614113092422485 0.15927767753601074
-0.45207205414772034 2.5310311317443848 0.570746123790741
-0.4812164902687073 2.435056209564209 0.30778637528419495
0.1695868819952011 0.9281181693077087 0.4594145715236664
-0.1144917756319046 1.9480223655700684 0.6922457218170166
-0.3661193549633026 2.0755887031555176 0.7749490737915039
-0.3553500771522522 2.0985755920410156 0.2532740831375122
-0.12343184649944305 1.1017433404922485 -0.1833452582359314
0.1723923534154892 2.2803995609283447 0.7545415163040161
-0.29442083835601807 1.9503836631774902 0.6475784182548523
-0.16601033508777618 2.0850830078125 0.8665841221809387
0.027724869549274445 1.2406030893325806 -0.024449730291962624
0.018251650035381317 1.9562397003173828 0.5107560157775879
0.25846344232559204 1.1967612504959106 0.2749837338924408
-0.12330079823732376 2.0397748947143555 0.2038666158914566
-0.2914305031299591 1.9530965089797974 0.415547251701355
-0.36765792965888977 2.3970227241516113 0.8597546219825745
-0.1440170705318451 2.543867349624634 0.8821073770523071
0.10844933986663818 2.0982847213745117 0.27113738656044006
0.2695498764514923 2.319749355316162 0.4828949570655823
-0.055609531700611115 2.3948428630828857 0.0359160453081131
0.1359579712152481 2.2571475505828857 0.18066368997097015
-0.5147029757499695 2.2537739276885986 0.4192395508289337
-1.1775044202804565 3.8491578102111816 0.3907768428325653
0.242104634642601 2.432264804840088 0.21771487593650818
-0.41019415855407715 2.0035951137542725 0.49489787220954895
0.22482429444789886 2.544037103652954 0.6392029523849487
0.16077880561351776 2.7783050537109375 0.5512068271636963
-0.30520474910736084 2.6371002197265625 0.13136836886405945
-0.8946173787117004 3.7478907108306885 0.12929746508598328
-0.3080233037471771 2.413576126098633 0.08714867383241653
-0.260103702545166 2.690075159072876 0.597371518611908
0.07395351678133011 2.5605125427246094 0.8178191184997559
0.18636755645275116 2.6791129112243652 0.1625712364912033
0.29816290736198425 2.5605242252349854 0.4002505838871002
-0.17093351483345032 2.220644950866699 0.10054270923137665
-0.006210590712726116 2.6004507541656494 0.022036205977201462
-0.09954065084457397 1.9644640684127808 0.3977392613887787
-0.740050196647644 3.8460021018981934 0.0999748557806015
-1.011366844177246 3.740854501724243 0.2471962571144104
-0.9834582209587097 3.8202192783355713 0.4764626920223236
-0.5429824590682983 3.990687847137451 1.1085054874420166
-1.1605418920516968 3.985001564025879 0.5066521167755127
-0.08765648305416107 2.851459503173828 0.521086573600769
-1.2837610244750977 3.9419054985046387 0.19713149964809418
-1.1633352041244507 3.792823314666748 0.15168486535549164
-0.4492998421192169 3.998835563659668 0.9953439235687256
-0.2559206187725067 2.777880907058716 0.30859264731407166
-0.7114720940589905 4.047558307647705 1.0978195667266846
-0.6014773845672607 4.148231029510498 1.334733247756958
-0.8592028021812439 3.9419143199920654 0.5310574173927307
-0.37472841143608093 4.072510242462158 1.2342867851257324
-0.31671959161758423 4.134061813354492 1.0246098041534424
-0.7301151752471924 4.322789669036865 1.1735279560089111
-1.1630728244781494 4.1879167556762695 0.46423161029815674
0.045745231211185455 2.8565526008605957 0.2476181536912918
-0.5584467053413391 4.016765117645264 1.251046895980835
-0.9699636101722717 3.887871265411377 -0.0483219176530838
-1.1656358242034912 3.9644596576690674 -0.017282694578170776
-0.28208309412002563 5.627857685089111 0.7377811074256897
-0.20288513600826263 5.289182662963867 0.6044812202453613
-0.3573339283466339 5.251455307006836 0.3488193452358246
-0.11406511068344116 5.578187465667725 -0.06621085107326508
-0.4825636148452759 4.34168004989624 0.9031457304954529
-0.5733262300491333 4.028993606567383 0.8991786241531372
-0.8170635104179382 4.277715682983398 0.19919660687446594
-0.26636382937431335 5.286952972412109 0.21098102629184723
-0.5317820906639099 5.552962303161621 0.4638044536113739
-0.6975997686386108 3.983091115951538 0.06812789291143417
-1.2205438613891602 4.193424701690674 0.08735154569149017
-0.45102769136428833 5.422794342041016 0.1791071593761444
-0.4454563558101654 5.391876220703125 0.5341413021087646
-1.0582083463668823 4.324210166931152 0.3081202208995819
-0.8897498846054077 4.127556324005127 -0.06330755352973938
-0.3531446158885956 4.291977405548096 1.2590644359588623
-0.0230295080691576 5.406956195831299 -0.016606826335191727
-0.7073196172714233 3.9991345405578613 0.424346923828125
0.19594234228134155 5.364150047302246 0.13215069472789764
-0.736531138420105 4.174243927001953 0.877426028251648
-0.7847389578819275 3.8039557933807373 0.318902850151062
0.08145419508218765 5.224960803985596 0.10826794058084488
0.14499682188034058 5.290339469909668 0.32974717020988464
-0.33447548747062683 5.4641804695129395 0.03088688850402832
-0.02541315369307995 5.612343788146973 0.6938033699989319
0.2680988609790802 5.478649139404297 0.3411270081996918
0.04904735088348389 5.243267059326172 0.45071545243263245
-0.23688416182994843 5.192460536956787 0.3666537404060364
-0.1137225553393364 5.187697410583496 0.42917492985725403
-0.8232111930847168 6.341119766235352 1.1615955829620361
-0.277992308139801 5.7207770347595215 0.027097320184111595
-0.22323814034461975 5.401886940002441 0.7081377506256104
-0.5345449447631836 5.757359981536865 0.41984254121780396
0.17267413437366486 5.575758934020996 0.03989078104496002
-0.9687462449073792 6.301760673522949 1.0717846155166626
-0.36214616894721985 6.692449569702148 0.42517712712287903
-0.8837887644767761 6.1620049476623535 0.9906267523765564
-0.40258336067199707 5.828245162963867 0.25189849734306335
0.0929884985089302 5.621216297149658 0.5970907211303711
-0.7788344025611877 6.214832305908203 1.1182481050491333
-0.2872766852378845 6.735961437225342 0.3240661919116974
-0.24977627396583557 5.941007137298584 0.47881078720092773
-1.276836633682251 6.397322654724121 -0.45116400718688965
-0.3054349720478058 5.820180416107178 0.639488697052002
-1.3029775619506836 6.410099506378174 -0.38762691617012024
-0.8708734512329102 6.179675579071045 1.0900402069091797
-0.4778768718242645 6.752535820007324 0.48027893900871277
-0.7638662457466125 6.187499523162842 1.018680453300476
-0.3036603331565857 6.6941962242126465 0.46253982186317444
-0.20937883853912354 7.347618103027344 0.16348588466644287
0.11798696964979172 5.765905380249023 0.1860654503107071
-0.07215802371501923 7.296611309051514 0.740127444267273
-0.5664082169532776 6.881086826324463 0.50047767162323
-0.1554427146911621 6.7924089431762695 0.5286555290222168
-0.09885908663272858 7.087708473205566 0.6793969869613647
-0.23498348891735077 6.9722795486450195 0.18641571700572968
0.005659310147166252 7.088221549987793 0.3432518541812897
-0.3008149266242981 6.924412250518799 0.6982787251472473
0.20664584636688232 5.648329257965088 0.4751225411891937
-0.045836806297302246 7.064672946929932 0.4310821294784546
0.033689677715301514 7.280580043792725 0.4106944501399994
-0.5444273948669434 7.379242897033691 0.45718321204185486
-0.16630947589874268 5.914991855621338 0.19817690551280975
-0.30762776732444763 7.174267292022705 0.14838357269763947
-0.5575441718101501 7.026253700256348 0.3610403537750244
-0.34544920921325684 7.278017520904541 0.8025417923927307
-0.4472842216491699 7.558307647705078 0.3622885048389435
-0.584125816822052 7.168578147888184 0.5713865756988525
-0.18920034170150757 7.604018688201904 0.2855861783027649
-0.033889397978782654 7.490076541900635 0.3934674561023712
-0.1392069011926651 7.4759368896484375 0.819825291633606
-0.02696472778916359 6.938728332519531 -0.12553931772708893
-0.8815430998802185 7.587765216827393 -0.03028849884867668
-0.12642262876033783 7.893062591552734 0.4559086263179779
-0.10033907741308212 7.756877899169922 0.8419240713119507
-0.4318176209926605 7.866628646850586 0.3466387093067169
-0.03220561146736145 7.652451515197754 0.6901806592941284
-0.5252516865730286 7.565393924713135 0.6563225984573364
-0.4045542776584625 7.099076271057129 0.7501890659332275
-0.6226464509963989 7.808382034301758 0.7548081278800964
-0.4061627686023712 7.856533527374268 1.0020726919174194
-0.6028018593788147 7.848269939422607 0.5784621238708496
-0.5223637223243713 7.710494518280029 0.8725717663764954
-0.5304386615753174 8.168152809143066 0.5259871482849121
-0.3389354944229126 8.168281555175781 0.9988902807235718
-0.3717521131038666 7.571231842041016 0.8716922402381897
-0.23586708307266235 8.174409866333008 0.604053795337677
-0.24218058586120605 7.967737674713135 0.9809911847114563
-0.3107238709926605 7.969714164733887 0.34952330589294434
-0.4424786865711212 8.463640213012695 0.37179696559906006
-0.5370244979858398 8.60742473602295 0.19280803203582764
-0.2916414141654968 8.688261032104492 0.3222894072532654
-0.6315258145332336 8.264243125915527 0.684145987033844
-0.580085813999176 8.849102973937988 0.037179600447416306
-0.09148962795734406 8.046220779418945 0.8589575290679932
-0.42789384722709656 8.832511901855469 0.036173876374959946
-0.7218812704086304 8.821189880371094 0.1500779539346695
-0.6543403267860413 8.622912406921387 0.3156394064426422
-0.5938735604286194 8.125027656555176 0.898873507976532
-0.12879233062267303 8.46668529510498 0.5947577357292175
-0.04740137234330177 8.208134651184082 0.746138334274292
-0.325519323348999 8.419479370117188 1.020540475845337
-0.34781962633132935 9.15049934387207 0.005927284248173237
-0.5082001686096191 8.531780242919922 0.8234838247299194
-0.5291212201118469 8.472941398620605 0.9508189558982849
-0.22297249734401703 8.748148918151855 0.7514921426773071
-0.5000394582748413 8.78829574584961 0.8589960336685181
-0.7649821043014526 8.7127685546875 0.35653790831565857
-0.3190459609031677 8.982420921325684 0.3126506209373474
-0.38391321897506714 8.553842544555664 0.5167782306671143
-0.23848287761211395 9.275410652160645 0.037425074726343155
-0.5056663751602173 9.19210433959961 -0.08984292298555374
-0.40314409136772156 9.217024803161621 0.4133283197879791
-0.6891005039215088 8.8952054977417 0.6636301875114441
-0.7754601240158081 8.77379322052002 0.6022914052009583
-0.7180279493331909 9.700531005859375 1.1009376049041748
-0.7019296884536743 9.574376106262207 1.0376598834991455
-0.8336256146430969 8.997117042541504 0.15432213246822357
-0.7428960800170898 9.199469566345215 0.3443908989429474
-0.341032475233078 9.476776123046875 -0.07869424670934677
-0.6864798069000244 9.368772506713867 0.4799133539199829
-0.46737971901893616 9.035234451293945 0.7958869934082031
-0.17687883973121643 9.453887939453125 -0.06819480657577515
-0.6402496099472046 9.120182037353516 0.7096405625343323
-0.6795757412910461 9.188714027404785 0.09610886126756668
-0.24202749133110046 9.793328285217285 0.03707366809248924
0.0409182608127594 10.183869361877441 0.7847930788993835
-0.5136879682540894 9.281213760375977 0.7376859784126282
-0.5945671796798706 9.270196914672852 0.8314395546913147
-0.9965385794639587 10.096396446228027 0.40895313024520874
-1.0012106895446777 10.067458152770996 0.3990538716316223
0.08807630091905594 10.106648445129395 0.7934427857398987
-0.6303942799568176 9.553399085998535 1.137884259223938
-0.09970762580633163 10.038003921508789 0.31836482882499695
-0.16326090693473816 9.609792709350586 -0.04632634297013283
-0.023996585980057716 10.154568672180176 0.9592152237892151
0.14511758089065552 9.766965866088867 0.0636880025267601
-1.1807284355163574 10.324183464050293 0.04552881419658661
-0.014698952436447144 9.73486328125 0.01444145105779171
-0.860862672328949 9.642919540405273 1.029640793800354
-0.9039629101753235 9.725985527038574 0.5091695785522461
-0.8790622353553772 10.184051513671875 0.4443091154098511
-0.9782358407974243 10.23928451538086 0.37005865573883057
-0.07297027111053467 10.288656234741211 0.9025253057479858
-0.049203500151634216 10.0738525390625 0.5904460549354553
0.06406061351299286 10.196670532226562 1.0111202001571655
-1.04264235496521 10.45991325378418 0.11778318136930466
-0.043970122933387756 9.955883026123047 0.010095692239701748
0.05574875324964523 9.976963996887207 0.07901505380868912
-0.948506772518158 10.550026893615723 -0.07144881039857864
-1.0160104036331177 10.420564651489258 0.4126375913619995
-0.9331872463226318 10.523497581481934 -0.05561831593513489
-1.138452410697937 10.363919258117676 0.4063569903373718
0.1655861884355545 10.480709075927734 1.0102245807647705
-0.10191481560468674 10.314557075500488 0.7103808522224426
-0.6520865559577942 10.727327346801758 1.0226242542266846
-0.6850586533546448 10.583401679992676 0.9693794250488281
-0.8664605021476746 10.618888854980469 -0.006164431571960449
-0.11011611670255661 10.873957633972168 -0.15500082075595856
-0.8609734177589417 10.755779266357422 0.14401456713676453
-0.4759090840816498 10.774251937866211 0.5751546621322632
-0.4592442512512207 10.849964141845703 0.129450723528862
-0.649036705493927 10.808835983276367 0.9422091841697693
-0.8316394686698914 10.820324897766113 0.9267643094062805
-0.6897130012512207 10.92198657989502 0.1802837997674942
-0.9819384217262268 10.80534839630127 0.6004806160926819
-0.7294761538505554 10.842087745666504 0.21087417006492615
0.1801842898130417 10.758440971374512 1.155693531036377
-0.37398743629455566 10.88659381866455 -0.11252482235431671
0.09150923788547516 10.962122917175293 -0.13933318853378296
-0.04898232966661453 10.929482460021973 -0.22219888865947723
-1.0712577104568481 10.73130989074707 0.46901407837867737
-0.5461385250091553 10.900714874267578 0.3468538224697113
-0.05091773346066475 10.945216178894043 -0.31402042508125305
-0.6913180351257324 10.968198776245117 1.0153300762176514
-0.6141740083694458 11.074895858764648 1.1370714902877808
0.19712387025356293 11.134196281433105 1.0563181638717651
-1.1703624725341797 10.97800064086914 0.6050195693969727
-0.37843045592308044 11.020435333251953 0.8146246671676636
0.5086850523948669 11.273776054382324 0.916623592376709
-1.2399822473526 11.29970645904541 1.1826287508010864
0.24193081259727478 11.247793197631836 -0.16609244048595428
-0.732998788356781 11.251625061035156 -0.2370907962322235
-0.6239662766456604 11.267853736877441 -0.2916278839111328
-0.7383458018302917 11.238022804260254 -0.09556888043880463
-0.5651277899742126 11.310221672058105 0.8052712678909302
-0.6735448837280273 11.382657051086426 -0.4238749146461487
0.44148489832878113 11.320579528808594 0.10885129868984222
0.08339597284793854 11.320403099060059 0.2762107849121094
-0.813613772392273 11.340951919555664 -0.04891616106033325
0.20259281992912292 11.439912796020508 0.7773935794830322
-0.8394811153411865 11.424342155456543 1.0647846460342407
-1.094653844833374 11.408827781677246 1.2192941904067993
-0.8073158860206604 11.413108825683594 0.668452262878418
-0.6086685657501221 11.425143241882324 0.5735810995101929
0.5630987286567688 11.456779479980469 0.06576167047023773
-0.25494763255119324 11.5227689743042 1.407486081123352
-1.0547692775726318 11.52314567565918 -0.33087098598480225
0.4517476558685303 11.521437644958496 1.2556802034378052
-0.4876405894756317 11.521656036376953 -0.19922089576721191
0.42630258202552795 11.563360214233398 0.4017842710018158
0.005693231709301472 11.562947273254395 1.2661800384521484
0.122708760201931 11.57414722442627 1.087984561920166
-1.0827471017837524 11.580424308776855 1.0214289426803589
