458
-1.718705654144287 0.688044548034668 1.0763741731643677
-1.5758497714996338 0.4106593728065491 -0.1831250935792923
-1.1039791107177734 0.673273503780365 0.421581506729126
0.5005561709403992 0.9486482739448547 0.09396901726722717
-1.636763334274292 0.4078862965106964 0.1578889638185501
-0.9218213558197021 0.38002297282218933 -0.822116494178772
-0.3336898982524872 0.2909621298313141 0.6493459343910217
-1.7813657522201538 0.457114577293396 1.3837610483169556
-0.6050027012825012 0.3169309198856354 -0.6739950180053711
-0.6159534454345703 0.5193870663642883 -0.9275258779525757
0.5671799182891846 0.663817286491394 -0.3612701892852783
-1.8772815465927124 0.7202131748199463 -0.07567417621612549
-1.6037168502807617 0.5302724242210388 0.39447107911109924
-1.9204367399215698 0.5909931659698486 0.05246759578585625
-1.2116483449935913 0.39825284481048584 1.233666181564331
-1.9507064819335938 0.31102555990219116 0.20912161469459534
-1.962209701538086 0.6434697508811951 0.36293771862983704
0.10319510102272034 0.6479416489601135 -0.39817285537719727
-0.6256073117256165 0.6673864126205444 -0.8488202095031738
-1.5682886838912964 0.3510303199291229 0.7711488604545593
0.035559408366680145 0.2854434847831726 1.1244792938232422
0.85947185754776 0.46629899740219116 -0.3855052590370178
0.723750114440918 0.8567080497741699 -0.07802122831344604
-2.1888039112091064 0.41482385993003845 0.19588236510753632
-0.8419654965400696 0.33424514532089233 0.7882551550865173
-0.1148107722401619 0.5406373143196106 -0.9429115653038025
-1.5056575536727905 0.5736197233200073 1.6270664930343628
-2.138990879058838 0.5268546938896179 0.15749362111091614
0.7580837607383728 0.7868177890777588 -0.5111169219017029
-0.9974709153175354 0.47440358996391296 0.8491203188896179
-0.7138258814811707 0.36090371012687683 -0.8751608729362488
0.6663267016410828 0.49766814708709717 0.8971985578536987
0.5323635935783386 0.6381801962852478 1.0362544059753418
-1.2436954975128174 0.29153913259506226 0.8904032707214355
-1.382449746131897 0.6712473034858704 0.8460918068885803
-1.2304332256317139 0.4419761300086975 1.4815553426742554
0.7467142939567566 1.0561227798461914 -0.01881331577897072
-1.8779573440551758 0.5802581906318665 -0.1636044830083847
0.6170856356620789 0.5852321982383728 -0.7041447758674622
-1.4483976364135742 0.3714444041252136 -0.1794288456439972
-1.4800465106964111 0.3079499900341034 1.4653128385543823
0.617317259311676 0.353368878364563 0.8487831354141235
-0.8168045878410339 0.3755642771720886 -0.7334959506988525
0.2193419188261032 0.3318882882595062 0.9687126874923706
-0.4703404903411865 0.3301476240158081 -0.6703749299049377
0.08417411148548126 0.858616054058075 -0.9750213027000427
-1.3755147457122803 0.6197608113288879 1.006426453590393
-1.6519122123718262 0.39430713653564453 0.6262305974960327
-0.4322873651981354 0.3786551356315613 0.012416768819093704
-1.0347460508346558 0.3735864758491516 -0.1270594745874405
-1.3099075555801392 0.504321813583374 -0.34990689158439636
-0.6082050204277039 0.3371541202068329 0.2546229660511017
-0.6251426935195923 0.3717188835144043 -0.33642512559890747
-1.4802156686782837 0.530290424823761 1.2805241346359253
-0.8424963355064392 0.31455105543136597 0.08756694197654724
0.6505142450332642 0.4989234507083893 1.3807992935180664
-0.8242484927177429 0.3519454896450043 0.6433482766151428
0.10324523597955704 0.3316584527492523 -0.1632460206747055
-1.048511266708374 0.38374564051628113 -0.8258633017539978
-2.1079864501953125 0.34975138306617737 0.3186758756637573
-0.8355276584625244 0.4173997938632965 -0.1435098946094513
-0.2534550428390503 0.4774715006351471 -0.33253225684165955
-0.6229837536811829 0.780929684638977 -0.5412750244140625
-1.0961084365844727 0.323124498128891 -0.6925169825553894
-1.5428211688995361 0.3678379952907562 1.6051557064056396
-1.441787600517273 0.40756237506866455 -0.3375091850757599
0.7764322757720947 0.9848675727844238 1.3732832670211792
-1.8310412168502808 0.3592265546321869 1.2893892526626587
-1.3615227937698364 0.2915036082267761 1.3856678009033203
0.6984582543373108 0.38848185539245605 0.5988228917121887
-0.13591763377189636 0.6834585070610046 1.6345858573913574
-1.5075756311416626 0.3766876757144928 0.09147268533706665
-0.4014703631401062 0.4557543396949768 -0.679254949092865
0.3717122972011566 0.3434816300868988 1.1923820972442627
0.709090530872345 0.7828468084335327 1.2756294012069702
-1.8161001205444336 0.47726869583129883 1.0989710092544556
0.8611741065979004 1.0969083309173584 1.1549856662750244
0.630548894405365 1.1378473043441772 1.178966760635376
-0.8485317826271057 0.6783422231674194 -0.8566972017288208
-0.8653830885887146 0.3631640076637268 0.31059619784355164
0.7604677677154541 1.1253471374511719 1.047777533531189
0.5793158411979675 0.38996654748916626 0.8856316208839417
-1.039841890335083 0.4193464517593384 0.5518345832824707
-1.4160000085830688 0.3471047282218933 0.40612369775772095
-0.6390422582626343 0.6215163469314575 1.5845818519592285
0.39887911081314087 0.3238741457462311 0.0453282855451107
0.590896487236023 0.9157874584197998 1.309220790863037
-2.033017635345459 0.41508665680885315 0.45328137278556824
-0.9904279112815857 0.7073768377304077 -0.6261544227600098
-0.5743348598480225 0.32651668787002563 -0.12390715628862381
0.8350245356559753 0.8486515283584595 1.268358826637268
-0.05213405191898346 0.44190749526023865 0.36973461508750916
-0.01330576092004776 0.6799360513687134 1.740220308303833
-0.31449010968208313 0.6570876240730286 -0.6173235177993774
-1.1013104915618896 0.44513797760009766 -0.8120087385177612
-0.8822234869003296 0.4989430606365204 -0.3758073151111603
-1.744494080543518 0.3944118022918701 0.5512183904647827
-0.5967699885368347 0.5543363690376282 -0.2792816162109375
0.0865771621465683 0.3140098750591278 0.3945361375808716
0.023713435977697372 0.6594152450561523 1.7668085098266602
-0.7742975950241089 0.6470219492912292 1.5152941942214966
-0.8266171813011169 0.7289655804634094 -0.5898946523666382
-0.6571549773216248 0.7129243612289429 1.7117582559585571
-0.48369690775871277 0.8053902387619019 0.5730046033859253
-1.8843191862106323 0.399623841047287 0.9179285168647766
-0.34579765796661377 0.59599769115448 1.6758308410644531
0.7700482606887817 0.9190851449966431 0.589642345905304
-1.6870697736740112 0.39393991231918335 1.483660340309143
-1.392311453819275 0.5743061304092407 0.7298513650894165
0.6786998510360718 0.9020026922225952 1.0850722789764404
-1.261964201927185 0.44389674067497253 -0.5969337224960327
-1.2404617071151733 0.5489887595176697 0.6178584694862366
-0.09331679344177246 1.0153307914733887 -0.5677991509437561
-0.5372714996337891 0.8164087533950806 1.733351230621338
0.31687843799591064 0.7156602144241333 1.4689116477966309
-1.8300976753234863 0.5174781084060669 0.5286386609077454
-0.5057854652404785 0.34310829639434814 0.5410762429237366
-1.336376667022705 0.5457465648651123 0.068584144115448
0.7991572022438049 1.201000452041626 0.2636212706565857
-0.9914661645889282 0.4815336763858795 0.3239774703979492
-0.9098737239837646 0.6024489998817444 1.24326491355896
-1.5781773328781128 0.5117800235748291 -0.32364219427108765
-1.155242681503296 0.5200408101081848 -0.6018639802932739
-1.8797950744628906 0.5140027403831482 0.8320903778076172
0.7381418943405151 0.9606683254241943 0.4390280246734619
-0.07390660792589188 0.30557113885879517 1.0060220956802368
-0.7146168947219849 0.5046070218086243 0.8617056012153625
-0.7411485314369202 0.3336557149887085 -0.2608233094215393
-1.1454287767410278 0.42945918440818787 -0.03201119229197502
-1.178126573562622 0.49320828914642334 0.16862992942333221
-0.9599695205688477 0.6754682064056396 1.1306296586990356
-0.38627535104751587 0.4839434325695038 -0.36994972825050354
-1.2580134868621826 0.6550672054290771 -0.3810941278934479
0.51736980676651 0.9444055557250977 -0.4319913983345032
0.08968696743249893 0.31393933296203613 1.049450397491455
0.6940748691558838 1.0102436542510986 0.16180965304374695
-0.9161285758018494 0.5622763633728027 1.0024439096450806
-0.5528488159179688 0.4359724819660187 0.12395875155925751
-0.5643019080162048 0.52729332447052 0.7964335083961487
0.38477978110313416 0.7735719680786133 -0.9882016777992249
0.7195738554000854 0.7574394345283508 0.45066386461257935
0.08894805610179901 0.624993085861206 0.2648470401763916
0.6325019001960754 0.5793355107307434 -0.3482273817062378
-0.7429977059364319 0.3142528831958771 0.47304093837738037
0.8933023810386658 0.8101107478141785 0.15355701744556427
0.23106594383716583 0.9741187691688538 -1.0180184841156006
-0.21425479650497437 0.8420301079750061 -0.8779451847076416
-0.07517547160387039 0.4840543866157532 1.1158958673477173
-0.22804783284664154 0.9224976301193237 -0.8299130201339722
0.35949602723121643 0.4594179093837738 -0.5843936800956726
0.3573881983757019 0.41417962312698364 -0.13218055665493011
-0.3308606743812561 0.4695952534675598 0.8233002424240112
0.5069947242736816 0.4008737802505493 0.48055264353752136
-0.4694637060165405 0.3903389573097229 1.1216851472854614
0.20622238516807556 0.4630044102668762 0.9425568580627441
0.24182437360286713 0.3792518377304077 0.6476797461509705
-0.047648847103118896 0.5038332939147949 -0.23514726758003235
-0.5540894269943237 0.7198136448860168 0.5812979936599731
-0.5694872736930847 0.6300812363624573 0.23732250928878784
0.4921293258666992 0.38472825288772583 0.6700984239578247
-0.09834136813879013 0.3605005145072937 0.7811432480812073
-0.4286718964576721 0.3111662268638611 0.9827449321746826
-0.47712963819503784 0.4568893015384674 0.09443604946136475
-0.072983518242836 0.3148546814918518 -0.40012404322624207
0.29849010705947876 0.610259473323822 0.9117696285247803
-0.3558497130870819 0.3796129524707794 0.7548213005065918
-0.2148251235485077 0.3192705512046814 1.1060572862625122
0.0635099709033966 0.5107752084732056 -0.08250343799591064
0.2266538143157959 0.385850727558136 0.4774935245513916
0.4770825505256653 0.44917431473731995 0.309334397315979
-0.08242788910865784 0.34449055790901184 0.06355807930231094
-0.27923744916915894 0.3429456651210785 0.3256811797618866
-0.37427806854248047 0.5523902177810669 0.9675993323326111
-0.15494711697101593 0.6448346376419067 0.9481276869773865
0.3273262083530426 0.3630680739879608 0.17741398513317108
0.4935606122016907 0.5619961023330688 0.4922668933868408
-0.021751519292593002 0.6195791959762573 -0.10729493945837021
0.28685155510902405 0.48347222805023193 -0.019195836037397385
-0.6641655564308167 0.5541850328445435 0.3500446677207947
-1.2088395357131958 1.911983847618103 0.3753437399864197
0.3425976037979126 0.629378080368042 0.15093578398227692
-0.5491559505462646 0.4141366481781006 0.4384918212890625
0.3003544509410858 0.7101547718048096 0.712975263595581
0.15695416927337646 0.7973389029502869 0.5822532773017883
-0.33628517389297485 0.7171571254730225 0.09300721436738968
-0.9507907032966614 1.8254351615905762 0.13230298459529877
-0.39361411333084106 0.6015224456787109 0.008814841508865356
-0.2745906412601471 0.758274495601654 0.6649647355079651
0.07022245973348618 0.687833845615387 0.8978614211082458
0.1993512660264969 0.7724612951278687 0.1538541615009308
0.3725852072238922 0.7154725193977356 0.4318859875202179
-0.2248818576335907 0.48911052942276 -0.097475066781044
-0.03731390833854675 0.732184886932373 -0.013559925369918346
0.006150488741695881 0.4046737551689148 0.2213982194662094
-0.7953036427497864 1.9100780487060547 0.13841652870178223
-1.0577274560928345 1.8029392957687378 0.27427077293395996
-1.0018562078475952 1.8994852304458618 0.47764402627944946
-0.5567603707313538 2.0004045963287354 1.070842981338501
-1.1653704643249512 2.0517005920410156 0.5351974368095398
-0.07898838818073273 0.8150665760040283 0.5406498908996582
-1.3125765323638916 2.0427420139312744 0.2191568911075592
-1.1861952543258667 1.883824110031128 0.14658834040164948
-0.4559238851070404 2.066936492919922 0.9507089853286743
-0.2708815634250641 0.8042346239089966 0.3038405776023865
-0.7294993996620178 2.079254388809204 1.0372538566589355
-0.6090760827064514 2.1966440677642822 1.2980490922927856
-0.8783543109893799 2.0179169178009033 0.5803916454315186
-0.39589908719062805 2.1116116046905518 1.1842554807662964
-0.3261491060256958 2.18611478805542 0.9906496405601501
-0.7300639152526855 2.3649234771728516 1.14738929271698
-1.1603816747665405 2.2823305130004883 0.4836321175098419
0.012376585975289345 0.8420225381851196 0.265713632106781
-0.5721140503883362 2.0717833042144775 1.2029057741165161
-0.9849960207939148 1.9523062705993652 -0.02986687608063221
-1.1705471277236938 2.037869453430176 -0.020085973665118217
-0.32553109526634216 3.673417329788208 0.7216714024543762
-0.25689107179641724 3.390632152557373 0.5392098426818848
-0.44069260358810425 3.450878858566284 0.26248517632484436
-0.10561352223157883 3.7123756408691406 -0.034456394612789154
-0.4744783341884613 2.3690454959869385 0.8588184714317322
-0.6074050664901733 2.055316925048828 0.8664223551750183
-0.7878735661506653 2.3305041790008545 0.22378988564014435
-0.3011563718318939 3.483883857727051 0.05022012069821358
-0.5706632733345032 3.6585021018981934 0.43867483735084534
-0.7183722853660583 2.0729970932006836 0.10035642236471176
-1.225200891494751 2.2755560874938965 0.0877753272652626
-0.4765239357948303 3.637024402618408 0.1448158174753189
-0.4814196825027466 3.5177571773529053 0.4907918870449066
-1.0238900184631348 2.411609172821045 0.30367618799209595
-0.9052248597145081 2.200342893600464 -0.051087938249111176
-0.3728823661804199 2.3475399017333984 1.2203543186187744
-0.05039864405989647 3.523322343826294 0.00864260084927082
-0.7234500646591187 2.0674617290496826 0.4479549825191498
0.14796240627765656 3.48102068901062 0.16915035247802734
-0.7677367329597473 2.1341307163238525 0.8212380409240723
-0.8447363972663879 1.8615202903747559 0.33445724844932556
-0.023087531328201294 3.4216043949127197 0.16541382670402527
0.09470037370920181 3.391388177871704 0.3653583824634552
-0.07592657208442688 3.6579742431640625 0.7118611335754395
0.22476711869239807 3.554198980331421 0.38814952969551086
-0.023750439286231995 3.368151903152466 0.4628966748714447
-0.30033156275749207 3.3624846935272217 0.24784108996391296
-0.18053309619426727 3.323582410812378 0.34717103838920593
-0.7885761857032776 4.596320152282715 1.2973827123641968
-0.2892793118953705 3.8497347831726074 0.05858045443892479
-0.262752890586853 3.4928295612335205 0.6545018553733826
-0.5770342946052551 3.827463150024414 0.43324458599090576
0.16134445369243622 3.680933952331543 0.06838231533765793
-0.9457963109016418 4.418172836303711 1.1083505153656006
-0.36821332573890686 5.005168437957764 0.5097219347953796
-0.8313802480697632 4.411357402801514 1.2257708311080933
-0.46254393458366394 3.9355692863464355 0.2324017435312271
0.07183205336332321 3.6917738914489746 0.6382202506065369
-0.7863456606864929 4.399568557739258 1.2140469551086426
-0.262492299079895 5.014330863952637 0.4036552309989929
-0.251764178276062 4.01967716217041 0.4925802946090698
-1.300075650215149 4.418364524841309 -0.4126451015472412
-0.32814452052116394 3.8892018795013428 0.6865622401237488
-1.2507199048995972 4.443209171295166 -0.39509066939353943
-0.9332743287086487 4.483564853668213 1.1807267665863037
-0.48359739780426025 5.052494525909424 0.5824128985404968
-0.8013122081756592 4.432483196258545 1.163751482963562
-0.30026763677597046 5.029016971588135 0.6570209860801697
-0.25324901938438416 5.5507097244262695 0.14300967752933502
0.1115809977054596 3.916832208633423 0.24863046407699585
-0.01853938400745392 5.506719589233398 0.7066603302955627
-0.582570493221283 5.15278959274292 0.5713493824005127
-0.10858507454395294 5.10673713684082 0.5982024669647217
-0.05847710371017456 5.311405181884766 0.7397173643112183
-0.3086673617362976 5.206761360168457 0.1689576804637909
-0.026818856596946716 5.307922840118408 0.2667940855026245
-0.2652134895324707 5.181543350219727 0.7984600067138672
0.1840793639421463 3.749013662338257 0.5022879242897034
0.024333523586392403 5.216586589813232 0.4515891969203949
0.04331830143928528 5.523110389709473 0.3923110365867615
-0.6231265068054199 5.5376434326171875 0.40577206015586853
-0.13473424315452576 4.009339809417725 0.23896239697933197
-0.38113704323768616 5.38148832321167 0.1211085245013237
-0.5811198949813843 5.2681779861450195 0.31231001019477844
-0.4052547812461853 5.494342803955078 0.8518248796463013
-0.43779873847961426 5.753870487213135 0.2787253260612488
-0.6417406797409058 5.39915132522583 0.5892311334609985
-0.20182758569717407 5.803383827209473 0.2339593917131424
-0.016077078878879547 5.718203544616699 0.3596969544887543
-0.12082120031118393 5.654511451721191 0.8126562833786011
-0.26883843541145325 5.1374735832214355 0.3038429021835327
-0.5180653929710388 5.694162368774414 0.3013238310813904
-0.0985022783279419 6.08022403717041 0.4781971275806427
-0.08234438300132751 5.940791606903076 0.812961757183075
-0.3951753079891205 6.0475358963012695 0.3489251136779785
-0.030096665024757385 5.826730251312256 0.613216757774353
-0.5964677929878235 5.69114875793457 0.6049107909202576
-0.44820624589920044 5.326501369476318 0.8218268156051636
-0.5909118056297302 5.99634313583374 0.6962177753448486
-0.3883310854434967 6.049818992614746 0.9372649788856506
-0.5790323615074158 6.049041748046875 0.5135672688484192
-0.487039715051651 5.869593143463135 0.8375520706176758
-0.4805009365081787 6.4020676612854 0.4620495140552521
-0.3586319088935852 6.358883857727051 0.9953292608261108
-0.3520781397819519 5.719701290130615 0.8668316602706909
-0.10790383815765381 6.399016380310059 0.4503079950809479
-0.22793717682361603 6.119665145874023 0.9682047367095947
-0.2789977788925171 6.209773540496826 0.3548206388950348
-0.37950289249420166 6.692913055419922 0.4115277826786041
-0.42366647720336914 6.952104568481445 0.30938395857810974
-0.24917864799499512 7.086392402648926 0.45091673731803894
-0.5715935826301575 6.494043827056885 0.6343863606452942
-0.5629864931106567 7.215854644775391 0.13329482078552246
-0.08261926472187042 6.21018648147583 0.8273799419403076
-0.3837088346481323 7.228217124938965 0.21764478087425232
-0.7139530777931213 7.130984783172607 0.24576367437839508
-0.586394727230072 6.854101657867432 0.42245781421661377
-0.5470231771469116 6.28563117980957 0.8147974014282227
-0.15373452007770538 6.652303218841553 0.629974365234375
-0.09153030067682266 6.395176887512207 0.7458707094192505
-0.3022187352180481 6.597414016723633 0.9220118522644043
-0.4138539135456085 7.4837117195129395 0.11450587213039398
-0.6101220846176147 6.804605484008789 0.8801655173301697
-0.5187132954597473 6.6335320472717285 0.8755971789360046
-0.3035351634025574 6.978946208953857 0.7522624135017395
-0.4868221580982208 7.011004447937012 0.881743848323822
-0.7138185501098633 6.979393005371094 0.4438154995441437
-0.29907727241516113 7.339157581329346 0.476313978433609
-0.13844558596611023 6.820026397705078 0.5414910912513733
-0.3591296076774597 7.653168678283691 0.18566884100437164
-0.5963946580886841 7.519843101501465 0.07103358954191208
-0.37467697262763977 7.575231075286865 0.4667275846004486
-0.7813804745674133 7.15955924987793 0.7031196355819702
-0.7128632664680481 7.022765159606934 0.612591028213501
-0.6477348804473877 7.987680435180664 0.699863076210022
-0.5358604788780212 7.9190592765808105 0.7878569960594177
-0.8007979393005371 7.2824811935424805 0.3071647584438324
-0.8347958922386169 7.52657413482666 0.41080400347709656
-0.5290948748588562 7.829555034637451 0.07278719544410706
-0.8611809611320496 7.587920188903809 0.5236694812774658
-0.46671751141548157 7.228159427642822 0.8018680810928345
-0.36178624629974365 7.834883213043213 0.08882353454828262
-0.8288550972938538 7.366242408752441 0.7069882154464722
-0.7521603107452393 7.584588527679443 0.1843017339706421
-0.4150622487068176 8.119094848632812 0.14976640045642853
0.005422908812761307 8.802633285522461 0.5007650256156921
-0.5179590582847595 7.564664363861084 0.6659429669380188
-0.6678674817085266 7.4829254150390625 0.814207136631012
-0.9400404691696167 8.881871223449707 0.40048104524612427
-0.9667991995811462 8.909968376159668 0.3126618564128876
0.08699054270982742 8.815268516540527 0.7339162230491638
-0.5234999060630798 7.979471206665039 0.6417359709739685
-0.09391681104898453 8.396252632141113 0.24222329258918762
-0.28363850712776184 7.950448513031006 -0.0013280087150633335
-0.14876878261566162 8.784026145935059 0.8224265575408936
-0.18470445275306702 8.154618263244629 -0.030784420669078827
-1.1231898069381714 9.316988945007324 0.4819950759410858
-0.1959700584411621 8.047077178955078 0.14075060188770294
-0.5336218476295471 7.768793106079102 0.7738707661628723
-0.7810086011886597 8.332015037536621 0.49628302454948425
-0.7920413613319397 8.924946784973145 0.410291850566864
-0.7689744234085083 8.891464233398438 0.30759045481681824
-0.25489991903305054 8.909692764282227 0.8227767944335938
-0.054009780287742615 8.699846267700195 0.7022954821586609
-0.05583908408880234 8.767640113830566 0.8502339720726013
-1.069581151008606 9.176046371459961 0.16993488371372223
-0.24899525940418243 8.330497741699219 0.033385906368494034
-0.07949505001306534 8.24117660522461 0.132923886179924
-0.7844150066375732 9.197301864624023 0.10500195622444153
-0.6723917126655579 9.124921798706055 0.5797310471534729
-0.676777184009552 9.160896301269531 0.22823938727378845
-1.105322003364563 9.02200698852539 0.40295732021331787
0.12232418358325958 8.88237476348877 0.5679877996444702
-0.209605872631073 8.816904067993164 0.6321425437927246
-0.7771227359771729 9.616421699523926 0.9343448877334595
-0.5497394800186157 9.614911079406738 0.6589999794960022
-0.7017324566841125 9.342362403869629 0.08047684282064438
-0.25964751839637756 9.859335899353027 0.08213117718696594
-1.0398163795471191 9.58484172821045 0.13620202243328094
-0.6984748244285583 9.704988479614258 0.5003948211669922
-0.6689448356628418 9.67519474029541 0.08171363919973373
-0.6900021433830261 9.506914138793945 0.8680211901664734
-0.9412692189216614 9.637146949768066 0.8150418400764465
-0.8343731760978699 9.900554656982422 0.22689293324947357
-0.9545455574989319 9.393599510192871 0.6106332540512085
-0.8549909591674805 9.63927173614502 0.2239808440208435
0.007476558908820152 9.029631614685059 0.786919355392456
-0.5213650465011597 9.754985809326172 0.06534510105848312
-0.23314493894577026 9.893266677856445 -0.060633089393377304
-0.21840886771678925 9.757396697998047 -0.05826904997229576
-0.9140267968177795 9.229427337646484 0.6038683652877808
-0.5870707631111145 9.593003273010254 0.33375030755996704
-0.19490188360214233 9.739850997924805 0.061008110642433167
-0.6952029466629028 9.828999519348145 1.023819088935852
-0.7681817412376404 9.960020065307617 0.8549887537956238
0.2594912648200989 10.330991744995117 0.9942182302474976
-0.9820927977561951 9.536602020263672 0.5837216377258301
-0.5441489815711975 9.795412063598633 0.735678493976593
0.09978066384792328 10.534579277038574 1.0992457866668701
-0.8045096397399902 10.449150085449219 0.9558976292610168
-0.09751196950674057 9.944912910461426 0.10362832993268967
-0.7451788783073425 10.072080612182617 -0.08894612640142441
-0.5931660532951355 10.133593559265137 -0.1060863509774208
-0.701187252998352 10.01997184753418 0.057498037815093994
-0.674264132976532 10.062477111816406 0.8228307962417603
-0.7825935482978821 10.351229667663574 -0.09621699899435043
0.15105634927749634 10.277909278869629 0.05148924142122269
0.28961172699928284 10.186504364013672 0.019775990396738052
-0.6807876825332642 10.245465278625488 0.05738199129700661
0.25936564803123474 10.627388000488281 0.9824082255363464
-0.8621383309364319 10.302877426147461 0.8613317012786865
-0.9251126050949097 10.383854866027832 0.9378681778907776
-0.5921775102615356 10.251700401306152 0.894336998462677
-0.6589761972427368 10.181077003479004 0.7566233277320862
0.2304275780916214 10.337309837341309 0.11775927990674973
-0.012270060367882252 10.803900718688965 1.0692561864852905
-0.7053263783454895 10.53960132598877 -0.17010508477687836
0.2348414808511734 10.702725410461426 1.149768352508545
-0.683782696723938 10.427167892456055 -0.11374138295650482
0.3153804838657379 10.640190124511719 0.21299932897090912
0.02653636783361435 10.804874420166016 1.0369385480880737
0.12939369678497314 10.849698066711426 1.1772205829620361
-0.9350537061691284 10.6420259475708 1.0181164741516113
-0.21115949749946594 10.883944511413574 0.8459659814834595
-0.8295192718505859 10.70626449584961 1.0029762983322144
-0.8207382559776306 10.693191528320312 -0.13182638585567474
0.30461007356643677 10.82512092590332 1.2239017486572266
-0.41091975569725037 10.791688919067383 0.7922350168228149
0.37330904603004456 10.952302932739258 1.08078932762146
-0.3756016790866852 10.972471237182617 0.7700289487838745
-0.9293515086174011 10.955692291259766 -0.08337703347206116
0.2707041800022125 11.006064414978027 1.1335009336471558
-0.9483927488327026 11.142314910888672 -0.03695759177207947
0.06683754175901413 11.040821075439453 0.8692134618759155
0.3433542549610138 11.091165542602539 0.06253744661808014
0.2975209355354309 11.150825500488281 -0.4823482930660248
-0.9490158557891846 11.178605079650879 -0.11982208490371704
0.025600576773285866 11.135101318359375 0.8030079007148743
-0.02216743305325508 11.172266960144043 0.7782423496246338
-0.3257010877132416 11.25599479675293 0.6125038266181946
-1.3365774154663086 11.208520889282227 0.12442302703857422
0.2889297306537628 11.166765213012695 0.4153413772583008
-0.8251284956932068 11.188328742980957 1.1515904664993286
0.3824113607406616 11.192582130432129 0.8705543279647827
-1.2343257665634155 11.342580795288086 0.2167082130908966
-0.3589194715023041 11.249690055847168 1.0818018913269043
-0.774499237537384 11.268209457397461 0.015042154118418694
-0.45321589708328247 11.332839012145996 0.609560489654541
-0.39101797342300415 11.430609703063965 -0.022215500473976135
-0.3890277147293091 11.46611499786377 -0.19114333391189575
-0.42945075035095215 11.399415969848633 -0.052629001438617706
-1.1059341430664062 11.456783294677734 -0.3671253025531769
-0.43192213773727417 11.410886764526367 0.5316513776779175
-1.2198233604431152 11.453243255615234 1.452234148979187
-0.601393461227417 11.504685401916504 0.18418097496032715
-0.384782612323761 11.502988815307617 -0.025693140923976898
-1.2299484014511108 11.513437271118164 0.7323556542396545
-0.2252415418624878 11.547638893127441 -0.03029341995716095
-0.8047288060188293 11.55414867401123 0.8575388789176941
-0.011901752091944218 11.54332447052002 1.1883383989334106
0.33852124214172363 11.569295883178711 -0.08231000602245331
-0.11594556272029877 11.575313568115234 -0.15972454845905304
-0.8234544992446899 11.577789306640625 0.697268545627594
