1213
-2.3863744735717773 0.2845063805580139 1.5949897766113281
-2.386474609375 0.28460657596588135 -0.7604286670684814
-2.3863744735717773 0.5939901471138 0.6202413439750671
0.9210299253463745 0.5652015209197998 -0.859268307685852
-2.1224277019500732 0.284606397151947 0.03728340193629265
-1.3407456874847412 0.2846066951751709 -1.205398678779602
-0.42098724842071533 0.284606397151947 1.2307319641113281
-1.0337470769882202 0.284606397151947 -0.9450265765190125
-0.9673218727111816 0.2846064567565918 -1.2053987979888916
0.9210305213928223 0.2845063805580139 -1.2053391933441162
-2.386474609375 0.2846064567565918 -0.2639951705932617
-2.386474609375 0.2846064567565918 0.27159547805786133
-2.386474609375 0.2846064567565918 -0.4947476387023926
-1.7968074083328247 0.28460800647735596 2.141308307647705
-2.386474609375 0.2846064567565918 -0.016779661178588867
-2.3863754272460938 0.2845063805580139 0.6747837066650391
0.6562010049819946 0.2845063805580139 -1.205300211906433
-0.5580742359161377 0.28460633754730225 -1.2053989171981812
-2.082174301147461 0.284606397151947 1.3220561742782593
0.12401039898395538 0.28460633754730225 2.141308307647705
0.9211299419403076 0.2846066951751709 -0.8914527893066406
0.9211299419403076 0.2846064567565918 -0.7449526786804199
-2.386474609375 0.2846064567565918 0.12125980854034424
-1.5501517057418823 0.284606397151947 1.8470925092697144
-0.43531084060668945 0.28460633754730225 -1.2053989171981812
-2.3713059425354004 0.28460609912872314 2.141308307647705
-2.386474609375 0.28460657596588135 -0.13631212711334229
0.9211299419403076 0.2846064567565918 -0.9977171421051025
-2.158965826034546 0.284606397151947 1.6885244846343994
-1.095632791519165 0.2846066951751709 -1.205398678779602
0.9211300611495972 0.2846064567565918 1.364659070968628
0.9210300445556641 0.5515992641448975 1.5143870115280151
-1.913083553314209 0.284606397151947 1.701493263244629
-2.3863744735717773 0.5544586777687073 1.7316679954528809
-2.1810827255249023 0.2845063805580139 2.141207695007324
0.9210314750671387 0.2845063805580139 -0.6777878403663635
-2.386474609375 0.2846065163612366 -0.6378419399261475
0.9211075305938721 0.28460633754730225 -1.2053993940353394
-2.386474609375 0.28460657596588135 -0.8743010759353638
-1.9481201171875 0.2845063805580139 2.141207695007324
0.921029806137085 0.2845063805580139 0.8816299438476562
-1.4516429901123047 0.2845063805580139 -1.2053003311157227
0.26574477553367615 0.284606397151947 1.514681100845337
-0.5964800119400024 0.284606397151947 -0.9806954264640808
0.3886837959289551 0.2846062183380127 -1.2053991556167603
-2.386474370956421 0.2845895290374756 2.1412081718444824
-2.1786251068115234 0.284606397151947 0.9527925252914429
-0.45615512132644653 0.284606397151947 -0.8243892192840576
-2.386474609375 0.5841981768608093 -1.2052981853485107
-2.38637375831604 0.2857637405395508 -1.2053983211517334
-1.726138949394226 0.284606397151947 -0.5488488078117371
-1.5112159252166748 0.284606397151947 -0.9278249740600586
-2.3863744735717773 0.2845063805580139 1.6893272399902344
-2.0006210803985596 0.284606397151947 -0.6899720430374146
0.9210309982299805 0.2845063805580139 2.0367393493652344
-1.8818620443344116 0.284606397151947 1.330100417137146
0.3291913866996765 0.284606397151947 -0.9209009408950806
-1.5385704040527344 0.2845063805580139 -1.205301284790039
-2.386474609375 0.2846064567565918 0.5223348140716553
-1.675775408744812 0.284606397151947 -0.7396302223205566
-0.07488708198070526 0.284606397151947 -1.0390385389328003
-1.2671955823898315 0.284606397151947 -1.0009338855743408
-1.8769550323486328 0.2845063805580139 -1.2052984237670898
-2.386474609375 0.28460633754730225 -1.2053017616271973
0.9210329055786133 0.2845063805580139 1.7742137908935547
-2.386474370956421 0.2846064567565918 1.7983746528625488
-2.0263993740081787 0.284606397151947 1.8658273220062256
0.9210300445556641 0.2845063805580139 1.104914665222168
-0.11661052703857422 0.2845063805580139 2.141207695007324
-2.386474609375 0.2846066951751709 -0.3770705461502075
0.5530230402946472 0.28460636734962463 2.141308307647705
0.9210519790649414 0.2845063805580139 2.141207695007324
-2.386474370956421 0.2846064567565918 1.4848074913024902
0.9210300445556641 0.2845063805580139 1.677626609802246
0.6188037395477295 0.284606397151947 1.8374547958374023
-1.2222318649291992 0.2845063805580139 -1.205301284790039
-1.97282874584198 0.284606397151947 -0.14258317649364471
0.9210309982299805 0.2845063805580139 1.4650487899780273
0.9211300611495972 0.284606397151947 1.5735740661621094
-1.8733631372451782 0.284606397151947 1.1399521827697754
-2.120929479598999 0.284606397151947 0.7245278358459473
-1.321157455444336 0.2845063805580139 2.141206741333008
0.9210296869277954 0.2845063805580139 -0.5848389863967896
0.9211301207542419 0.284559041261673 2.1412084102630615
-2.386474370956421 0.2846064567565918 0.9372608661651611
-1.7721595764160156 0.2845063805580139 -1.2053022384643555
-1.3095625638961792 0.284606397151947 -0.8039097189903259
0.9211300611495972 0.2846064567565918 1.8785176277160645
0.27290013432502747 0.7471456527709961 2.1412081718444824
-0.37275218963623047 0.2845063805580139 2.141206741333008
-0.013573288917541504 0.2845063805580139 -1.2052977085113525
-1.6758270263671875 0.2845063805580139 -1.205301284790039
-1.966274380683899 0.284606397151947 -0.9117376804351807
-1.86093008518219 0.5634559988975525 -1.2052985429763794
0.6074764132499695 0.284606397151947 0.44405871629714966
-1.4488334655761719 0.2846059799194336 2.141308307647705
-1.9552745819091797 0.2846066951751709 -1.205398440361023
-0.6615829467773438 0.2845063805580139 2.141207695007324
-2.386474370956421 0.6797130107879639 2.1412081718444824
-2.386474370956421 0.2846064567565918 1.3098340034484863
-0.7719440460205078 0.2845063805580139 2.141206741333008
0.9210299849510193 0.2845063805580139 0.6525594592094421
-2.3863744735717773 0.2845063805580139 1.9164924621582031
-2.0829267501831055 0.284606397151947 1.141535997390747
0.9210318922996521 0.2845063805580139 0.04068902134895325
-2.3603804111480713 0.2846064567565918 -1.2053983211517334
-2.3863744735717773 0.5369225740432739 1.2389248609542847
-0.6955577731132507 0.2845063805580139 -1.2052981853485107
-0.8814182281494141 0.2845063805580139 2.141206741333008
0.6762189865112305 0.2845063805580139 2.141207695007324
-2.386474370956421 0.2846064567565918 1.1818056106567383
-0.9573794603347778 0.284606397151947 1.6942758560180664
-2.3863742351531982 0.7983505725860596 -1.2053983211517334
0.9211300015449524 0.28460657596588135 0.12786197662353516
-2.1342525482177734 0.284606397151947 0.48544174432754517
-1.6901931762695312 0.2845063805580139 2.141206741333008
-2.386474609375 0.284606397151947 -1.0048117637634277
-2.147857904434204 0.2846062183380127 -1.205398440361023
-2.3863744735717773 0.2845063805580139 1.0601139068603516
0.9210299849510193 0.5464348196983337 -0.5507527589797974
-0.5997095704078674 0.284606397151947 1.8684405088424683
-1.2965974807739258 0.284606397151947 1.8443834781646729
-1.740956425666809 0.284606397151947 -0.9480979442596436
-2.173074245452881 0.284606397151947 -0.8526065945625305
-2.1820602416992188 0.284606397151947 -0.20358408987522125
-1.7774198055267334 0.284606397151947 1.8397454023361206
-0.8957619667053223 0.2846064567565918 -1.2053987979888916
-2.0232341289520264 0.2846064567565918 -1.205398440361023
0.06843425333499908 0.5978569388389587 -1.2052991390228271
0.40887144207954407 0.2846064269542694 2.141308307647705
0.9210295677185059 0.769034206867218 -1.2053993940353394
-1.571554183959961 0.2845063805580139 2.141206741333008
-2.3863754272460938 0.9082065224647522 -1.2053983211517334
-2.050098419189453 0.2845063805580139 2.141206741333008
-0.35056090354919434 0.2846064567565918 -1.2053989171981812
0.9211300611495972 0.2846064567565918 1.2167630195617676
0.6189956665039062 0.284606397151947 -0.1431514173746109
0.9210302233695984 0.5335816740989685 -1.2053993940353394
-1.9297043085098267 0.284606397151947 0.5988302230834961
0.9210308790206909 0.2845063805580139 -0.255238801240921
0.2692534923553467 0.2846064567565918 -1.2053991556167603
-0.8157386779785156 0.2846066951751709 -1.2053987979888916
-0.00752606987953186 0.2846064269542694 2.141308307647705
-0.2699573040008545 0.28460657596588135 -1.2053989171981812
0.8253252506256104 0.2845063805580139 -1.2053000926971436
0.556575357913971 0.284606397151947 -0.9310184717178345
-0.8291265368461609 0.284606397151947 1.8975993394851685
0.9210298657417297 0.2845063805580139 0.2507385313510895
-1.0810308456420898 0.2845063805580139 2.141207695007324
0.2846860885620117 0.2845063805580139 2.141207695007324
0.4427804946899414 0.284606397151947 1.1688755750656128
0.11271142959594727 0.28460633754730225 -1.2053990364074707
-2.386375665664673 0.8990834951400757 2.141308307647705
-1.6282010078430176 0.5663676261901855 -1.2052985429763794
0.9211300015449524 0.28460657596588135 0.5536925792694092
-0.2819039523601532 0.284606397151947 1.684418797492981
-1.8701863288879395 0.28460800647735596 2.141308307647705
-0.6047493815422058 0.5263383388519287 -1.205298900604248
0.5370469093322754 0.2846064567565918 -1.2053992748260498
0.3708053529262543 0.284606397151947 1.858838438987732
-0.5817269086837769 0.2846064567565918 2.141308307647705
-0.4913501739501953 0.2845063805580139 2.141206741333008
0.46876633167266846 0.2845063805580139 -1.2053003311157227
-0.12282729148864746 0.284606397151947 0.8746265172958374
0.6777743101119995 0.284606397151947 -0.32477661967277527
0.1868520975112915 0.2845063805580139 -1.205297589302063
0.08343560993671417 0.284606397151947 0.17293088138103485
-1.2023839950561523 0.2845063805580139 2.141207695007324
-0.1506078839302063 0.284606397151947 1.8743113279342651
0.9210313558578491 0.2845063805580139 -0.05782357230782509
0.9210287928581238 0.2845063805580139 0.783724844455719
0.10255006700754166 0.284606397151947 -0.874556303024292
0.9210314750671387 0.2845063805580139 -0.48048511147499084
-1.8878604173660278 0.284606397151947 0.2505500614643097
-2.38637638092041 0.2845063805580139 0.40024852752685547
0.9211300015449524 0.2846066951751709 -0.36934566497802734
0.285861074924469 0.284606397151947 -0.586835503578186
0.602254331111908 0.284606397151947 1.3662275075912476
0.9210301041603088 0.32119104266166687 2.141308307647705
-0.2897298336029053 0.284606397151947 -0.7003260254859924
-1.482843041419983 0.284606397151947 -0.7282692790031433
-0.8020327687263489 0.284606397151947 -0.9195307493209839
0.11944688856601715 0.284606397151947 1.677184820175171
-0.0803716704249382 0.284606397151947 1.7118488550186157
0.7029364705085754 0.284606397151947 -0.7853609919548035
0.9210288524627686 0.2845063805580139 0.4250968098640442
-0.3107054531574249 0.284606397151947 -0.9452337622642517
-0.09701085835695267 0.284606397151947 -0.6596934795379639
0.6347731351852417 0.284606397151947 -0.5611312985420227
-1.3416368961334229 0.284606397151947 -0.6047616600990295
-2.101236581802368 0.284606397151947 0.25093525648117065
-1.9204182624816895 0.284606397151947 0.7843982577323914
-1.0444252490997314 0.5465887784957886 2.1412081718444824
-2.055091619491577 0.284606397151947 1.5230640172958374
0.6510109305381775 0.284606397151947 1.583980917930603
-2.386474609375 0.2846064567565918 -0.5698314905166626
-2.1190407276153564 0.284606397151947 -0.5600516200065613
0.9211300611495972 0.28460657596588135 1.2845920324325562
0.04175646975636482 0.284606397151947 -0.5331690311431885
-1.8671696186065674 0.284606397151947 1.539077639579773
-2.386458158493042 0.28460586071014404 2.141308307647705
-1.7809067964553833 0.284606397151947 0.9481391310691833
0.4842815399169922 0.2845063805580139 2.141206741333008
0.9211301207542419 0.8367371559143066 2.1412343978881836
-2.3863744735717773 0.7176101207733154 1.8631556034088135
-2.3863744735717773 0.2845063805580139 0.8556671142578125
-0.7606320977210999 0.284606397151947 -0.40407222509384155
-0.2682943344116211 0.2845063805580139 2.1412086486816406
-1.8441680669784546 0.284606397151947 -0.7546831369400024
-2.386474609375 0.44563430547714233 -1.2052984237670898
-1.6910823583602905 0.284606397151947 1.6615525484085083
-2.3863744735717773 0.5612360239028931 -0.3776465058326721
-2.3863744735717773 0.5411087274551392 -0.8573565483093262
-1.4936714172363281 0.284606397151947 1.2960883378982544
-1.4359511137008667 0.284606397151947 1.1228619813919067
-2.3863744735717773 1.117458462715149 -1.098129391670227
-1.3510215282440186 0.5236043930053711 -1.205298662185669
-2.386373519897461 0.2845063805580139 0.19280624389648438
-0.5599385499954224 0.7392198443412781 -1.205298900604248
-2.033660888671875 0.284606397151947 -0.3684605062007904
-1.8626749515533447 0.284606397151947 -0.27905377745628357
-2.3863744735717773 0.6137421727180481 1.0553925037384033
-1.924095869064331 0.284606397151947 0.055640365928411484
-1.8839391469955444 0.284606397151947 -0.513676643371582
-0.7772777676582336 0.284606397151947 1.718435525894165
0.49700552225112915 0.284606397151947 -0.7185789346694946
-1.5350855588912964 0.284606397151947 -0.5225384831428528
0.9211299419403076 0.6508009433746338 -1.205298900604248
-1.7057201862335205 0.284606397151947 1.244950294494629
-1.9654446840286255 0.284606397151947 0.4161217510700226
0.5392845273017883 0.5923157930374146 -1.2052992582321167
0.09011948108673096 0.284606397151947 -0.17988905310630798
0.20374295115470886 0.2846064269542694 2.141308307647705
0.9210300445556641 0.2845063805580139 0.9908685684204102
0.28431546688079834 0.284606397151947 0.5422917604446411
-2.3785181045532227 1.0282444953918457 -1.203200101852417
-1.0663113594055176 0.5400932431221008 -1.2052987813949585
-0.9844560623168945 0.2845063805580139 2.141206741333008
-0.9189962148666382 0.284606397151947 -0.7577276825904846
-1.280707597732544 0.284606397151947 1.6743018627166748
-2.3863744735717773 0.499478280544281 -0.1107526496052742
0.9211299419403076 0.3961021900177002 -1.2052991390228271
-1.8715465068817139 0.7266109585762024 2.1412081718444824
-1.079620122909546 0.284606397151947 1.262466549873352
-2.386474370956421 0.5638246536254883 2.141207695007324
-1.7033675909042358 0.284606397151947 -0.31718936562538147
0.9211301207542419 0.48805975914001465 2.1412086486816406
-1.4679516553878784 0.284606397151947 1.6964350938796997
0.08825141936540604 0.284606397151947 0.4176029860973358
-1.1150379180908203 0.284606397151947 0.8967458009719849
-2.3863744735717773 0.7700344324111938 -0.9154489636421204
-0.9842500686645508 0.284606397151947 1.4813730716705322
-2.386474609375 0.6968571543693542 -1.2052984237670898
-2.386373519897461 0.4521392583847046 2.141308307647705
-2.3863742351531982 1.1134933233261108 2.1093456745147705
-2.386474370956421 0.7907030582427979 2.1412086486816406
-0.4812385141849518 0.5884997844696045 2.1412081718444824
-0.15418151021003723 0.5524426698684692 -1.2052990198135376
0.9210300445556641 0.5450001358985901 0.9473729729652405
-2.372539520263672 0.29845473170280457 0.6251317262649536
0.9211301207542419 0.6158556938171387 2.1412084102630615
0.6413986086845398 0.7698361873626709 -1.2052992582321167
-0.18952369689941406 0.2845063805580139 2.141207695007324
0.9210300445556641 0.5691713094711304 1.7377656698226929
0.9211300015449524 0.2846064567565918 0.3446962833404541
0.9210293292999268 0.2845063805580139 -0.1634105145931244
-2.3863744735717773 0.649541974067688 0.026407327502965927
-0.9324049949645996 0.284606397151947 0.07483258843421936
-1.9150772094726562 0.761096179485321 -1.2052985429763794
-2.3863744735717773 0.5830496549606323 -0.6395634412765503
-1.1771644353866577 0.284606397151947 1.4267569780349731
-1.3436174392700195 0.284606397151947 -0.40357279777526855
-2.386474370956421 0.2846064567565918 1.3941521644592285
-0.0130546223372221 0.284606397151947 -0.3234228789806366
0.4736345708370209 0.284606397151947 -0.34054532647132874
0.0916784480214119 0.284606397151947 1.8654171228408813
-0.5092476606369019 0.284606397151947 -0.6581040620803833
-1.7804529666900635 0.284606397151947 -0.08240396529436111
0.9211301207542419 0.9360260963439941 2.141209602355957
-0.8181859254837036 0.5958160758018494 -1.205298900604248
0.9210300445556641 0.522035539150238 0.6780860424041748
-1.63798189163208 0.284606397151947 1.070674180984497
-2.0226693153381348 0.5679828524589539 2.1412081718444824
-2.3863744735717773 0.5449257493019104 0.8443827033042908
-1.3840436935424805 0.2845063805580139 2.1412057876586914
-2.3863744735717773 0.7097395658493042 -0.247296541929245
-1.3469345569610596 0.284606397151947 1.4745124578475952
-2.0861964225769043 0.6096056699752808 -1.2052984237670898
-0.7578868269920349 0.5759050846099854 2.1412081718444824
-0.6538593769073486 0.284606397151947 1.5737026929855347
-0.2825096845626831 0.284606397151947 -0.03299590200185776
0.6221111416816711 0.6592851281166077 2.1412081718444824
0.9210385084152222 0.8872225284576416 -1.2053992748260498
0.9210385084152222 0.9920257329940796 -1.2053993940353394
0.9210299849510193 0.6193091869354248 -0.34963029623031616
0.9210300445556641 0.7129054069519043 1.8510613441467285
-2.3863744735717773 0.6145994663238525 0.38700124621391296
0.9210299253463745 0.6815975308418274 -0.7177269458770752
0.9210300445556641 0.7313863635063171 1.6191987991333008
0.9210299849510193 0.5473057627677917 0.18703782558441162
-1.2063976526260376 0.284606397151947 -0.2899647355079651
0.44055429100990295 0.284606397151947 -0.10891290009021759
-2.3863744735717773 0.7984163165092468 1.7046066522598267
0.6231954097747803 0.284606397151947 1.1530061960220337
0.010686557739973068 0.284606397151947 1.543170690536499
0.44937455654144287 0.5839504599571228 2.1412081718444824
0.9210299253463745 0.7824147939682007 -0.906126856803894
-2.0798792839050293 0.7557169198989868 2.1412081718444824
-1.31399667263031 0.6017216444015503 2.1412081718444824
0.9210301041603088 0.7349532246589661 2.141308307647705
-0.10309386998414993 0.28721868991851807 2.6925244331359863
-1.769800066947937 0.284606397151947 0.4077148139476776
0.4965128004550934 0.284606397151947 1.6938507556915283
0.9210300445556641 0.5615942478179932 1.1954224109649658
0.9210299849510193 0.7502793669700623 0.24750618636608124
0.9210300445556641 0.8787010312080383 1.7657039165496826
-2.032050609588623 0.9699516296386719 2.1412081718444824
-2.3863744735717773 0.5782410502433777 1.5200775861740112
-1.2774889469146729 0.284606397151947 1.2350540161132812
-0.8081961870193481 0.284606397151947 1.49252450466156
-2.3863744735717773 0.7322061657905579 1.319395899772644
-2.3863744735717773 0.7757447957992554 1.511013388633728
-2.3863744735717773 0.7750713229179382 -0.7305247187614441
-1.070726752281189 0.284606397151947 1.8626086711883545
0.23762138187885284 0.5662460923194885 2.1412081718444824
-0.6774817109107971 0.284606397151947 -0.7562997937202454
-1.7033075094223022 0.284606397151947 1.4581401348114014
-2.3863744735717773 0.7773584723472595 0.9458984136581421
-1.746062994003296 0.284606397151947 0.14836302399635315
-1.5174392461776733 0.5909655690193176 2.1412081718444824
-0.38028624653816223 0.284606397151947 1.8359313011169434
-0.8544661402702332 0.749839723110199 2.5484659671783447
-1.4367419481277466 0.284606397151947 0.29707056283950806
-1.1216626167297363 0.284606397151947 -0.7612152695655823
-1.3120367527008057 1.03999924659729 2.1412081718444824
-0.3827272653579712 0.6058299541473389 -1.2052990198135376
-1.2015560865402222 0.7046374678611755 -1.2052987813949585
-2.3863744735717773 0.9932369589805603 1.3626753091812134
-2.0680794715881348 0.8608956336975098 -1.2052984237670898
-2.3863744735717773 1.089379906654358 1.8320717811584473
0.7323444485664368 0.284606397151947 0.6109851002693176
-0.023949187248945236 0.5960100889205933 2.1412081718444824
0.10221036523580551 0.284606397151947 -0.7079175114631653
-0.01080402359366417 0.749839723110199 2.573481559753418
0.2889946401119232 0.5724110007286072 -1.2052991390228271
-2.3863744735717773 0.7576199173927307 0.5488652586936951
0.9210299849510193 0.5367963314056396 -0.12138555198907852
0.4701879918575287 1.182166337966919 2.130246877670288
-2.054198980331421 0.8942564725875854 -0.013902216218411922
-1.4482344388961792 0.7005758285522461 -1.205298662185669
0.6755338907241821 0.284606397151947 0.05394527316093445
-0.14028894901275635 0.2845063805580139 -1.205297827720642
-0.6157371997833252 0.3114972710609436 2.6925244331359863
0.9210299849510193 0.5726252794265747 0.4242994487285614
-1.9782583713531494 0.9100842475891113 1.77101469039917
-1.1092664003372192 0.284606397151947 0.28514283895492554
-2.036689281463623 0.7674223780632019 -0.2849680781364441
-1.664093255996704 0.7628358006477356 2.1412081718444824
0.4070337414741516 0.284606397151947 1.3400540351867676
0.4738594591617584 0.9045364260673523 -1.2052992582321167
-1.8822829723358154 1.2443703413009644 -0.9678983092308044
-1.5878981351852417 0.284606397151947 0.5774261951446533
-1.7623478174209595 0.284606397151947 0.6412805914878845
-1.6071921586990356 0.284606397151947 -0.08822701871395111
-1.1253286600112915 0.7016732692718506 2.1412081718444824
-1.665850281715393 0.284606397151947 0.8126380443572998
-1.8169344663619995 0.9711686968803406 2.1412081718444824
-2.3863744735717773 0.8153748512268066 -0.05278530344367027
0.44763320684432983 0.284606397151947 -0.5276722311973572
-1.5691858530044556 0.284606397151947 0.14434316754341125
-2.3860561847686768 1.1005923748016357 -0.8888956308364868
0.38040509819984436 0.7300154566764832 -1.2052992582321167
-1.7600592374801636 0.5624489188194275 2.1412081718444824
0.9210299849510193 0.6956809163093567 0.0378270149230957
0.9210299849510193 0.7399997115135193 -0.21046443283557892
-1.5215622186660767 0.284606397151947 1.5148334503173828
-1.9685794115066528 0.284606397151947 0.9712038040161133
0.4625508785247803 0.284606397151947 1.523034930229187
-2.3863744735717773 0.7888121604919434 0.7557993531227112
-0.8552205562591553 0.749839723110199 2.4904956817626953
-0.45957204699516296 0.284606397151947 2.69739031791687
-0.802488386631012 0.284606397151947 1.097407341003418
0.43312621116638184 0.284606397151947 0.35407501459121704
-2.031700849533081 0.6909583806991577 -0.6117307543754578
-1.7439676523208618 0.7573708295822144 -1.2052985429763794
-2.3863744735717773 0.7451220154762268 -0.50086510181427
-1.4225859642028809 0.7776657938957214 2.1412081718444824
-2.3863744735717773 0.5643307566642761 0.21490538120269775
-1.300054669380188 0.284606397151947 0.15819749236106873
-1.3287485837936401 0.8640400767326355 -1.205298662185669
-1.2988872528076172 0.284606397151947 0.4028191864490509
-0.26691070199012756 0.6007623672485352 2.1412081718444824
-2.3863744735717773 0.8285850882530212 1.1527243852615356
-1.4783254861831665 0.284606397151947 0.7499125003814697
-2.0839293003082275 0.8754123449325562 0.9034698009490967
0.3075580894947052 0.284606397151947 1.7026041746139526
0.5247982144355774 1.1339786052703857 -1.199181318283081
-1.4812697172164917 0.284606397151947 0.9485146403312683
-1.3924732208251953 0.7189036011695862 1.7817251682281494
-0.535675585269928 0.284606397151947 1.699735164642334
-2.0687003135681152 0.8356145024299622 -0.8146288394927979
-2.2149832248687744 1.1378366947174072 -1.198673963546753
-0.8271240592002869 0.3220391273498535 3.088693857192993
-0.3486367464065552 0.30067092180252075 3.2874088287353516
-1.2098137140274048 0.8423982858657837 2.1234710216522217
-2.033104419708252 0.8030872941017151 1.4434983730316162
-1.853691577911377 0.658724308013916 1.7282181978225708
-1.59377920627594 0.284606397151947 0.3734402358531952
0.5272577404975891 0.8002881407737732 2.1412081718444824
-0.3152564764022827 0.2911938428878784 2.7066996097564697
0.8808173537254333 1.1623263359069824 2.1412081718444824
0.32719749212265015 0.284606397151947 0.9787477254867554
-1.4024301767349243 0.284606397151947 -0.175309419631958
0.42969608306884766 1.000433087348938 2.1412081718444824
-0.49437910318374634 0.284606397151947 -0.3347491919994354
0.691666305065155 0.284606397151947 0.9287697672843933
0.9210300445556641 0.6911899447441101 1.3862292766571045
-0.9890164732933044 1.0610575675964355 2.1412081718444824
-2.3863744735717773 0.9940872192382812 1.6360076665878296
0.6164637804031372 1.163138747215271 2.125762701034546
-0.20268937945365906 0.284606397151947 1.5356541872024536
-0.6202542185783386 0.3209080994129181 3.2941877841949463
-0.21712945401668549 0.7600785493850708 -1.2052990198135376
0.9210300445556641 1.1118793487548828 1.6012682914733887
0.9210299849510193 0.7222159504890442 0.6248733401298523
0.9210301041603088 1.041189193725586 2.1267755031585693
0.9210299849510193 0.9854539036750793 0.10654827207326889
-2.3863744735717773 1.0115015506744385 0.09802812337875366
-0.3010766804218292 0.284606397151947 1.3673325777053833
0.9210300445556641 0.7200408577919006 0.8413664698600769
0.0013995291665196419 0.7732154726982117 -1.2052991390228271
-1.69911527633667 0.7713617086410522 -0.8467828631401062
0.9210299253463745 1.1141327619552612 -1.1309638023376465
0.04030110687017441 0.34785595536231995 2.8060033321380615
0.9210299849510193 0.8623541593551636 -0.44165733456611633
-2.381953716278076 1.0020170211791992 2.1391794681549072
0.9210299849510193 0.8179660439491272 0.4946639835834503
-2.3863744735717773 0.9306138753890991 -0.6026806235313416
-2.029080867767334 1.1644243001937866 -1.17328679561615
0.9210300445556641 0.9641110301017761 1.0913879871368408
0.9126855731010437 1.2038722038269043 1.9963274002075195
0.5480765700340271 0.727985680103302 1.705687403678894
-1.59629225730896 0.8568705916404724 -1.205298662185669
-0.7268175482749939 0.8037656545639038 -1.205298900604248
-2.3863744735717773 0.792901873588562 0.21896149218082428
0.4554298222064972 0.7991070747375488 -0.9388068318367004
-0.08880915492773056 0.9679707288742065 -1.2052991390228271
-1.8897151947021484 1.0236543416976929 -1.2052985429763794
-2.3863744735717773 0.8922059535980225 0.4306224584579468
-2.1960816383361816 1.2020069360733032 2.1319801807403564
-1.4046050310134888 0.284606397151947 0.56584233045578
-1.8867249488830566 0.6554751992225647 -0.8004967570304871
-1.8057997226715088 0.6495857238769531 -0.5783308148384094
0.23905302584171295 0.284606397151947 1.1338684558868408
-0.8652600049972534 0.284606397151947 1.2806016206741333
0.9210300445556641 0.7120792865753174 1.084861397743225
0.047529611736536026 0.4453882575035095 2.981663703918457
-1.435062050819397 0.284606397151947 0.02420084923505783
0.9210299253463745 0.7773396372795105 -0.5769627690315247
-2.3863744735717773 0.8987739682197571 -0.3000471293926239
-0.7356874942779541 0.284606397151947 0.5736322999000549
-1.7557542324066162 1.1542237997055054 -1.195603609085083
-1.2521718740463257 0.284606397151947 -0.07386297732591629
-2.3863744735717773 1.068007230758667 0.9599442481994629
0.7770236730575562 1.1201293468475342 -1.2052993774414062
-1.166670560836792 0.284606397151947 -0.5724520683288574
-0.9796053767204285 0.7375411987304688 -1.2052987813949585
-2.3599138259887695 1.1462180614471436 -0.21504288911819458
-2.3760809898376465 1.116166114807129 -0.7069047689437866
0.21822290122509003 0.284606397151947 -0.41209840774536133
-2.3776659965515137 1.1134881973266602 -0.44889530539512634
-0.5511525273323059 0.8945780992507935 -0.9181837439537048
-0.4015309810638428 0.8598122000694275 -1.2052990198135376
-0.6260665059089661 0.768700897693634 2.841289520263672
-1.8466647863388062 0.9338688254356384 -0.7648296356201172
0.9012038111686707 1.1985905170440674 1.7601569890975952
-1.5539144277572632 1.1016737222671509 -1.205298662185669
-0.9412299990653992 0.284606397151947 0.39897421002388
0.9159321784973145 1.121099829673767 1.347484827041626
-2.368109703063965 1.093788504600525 -0.0847126767039299
0.24782058596611023 0.284606397151947 -0.0649246945977211
-0.34928789734840393 0.284606397151947 -0.5183684825897217
0.9210299253463745 0.9379873871803284 -0.7699940204620361
-1.5208362340927124 0.284606397151947 -0.3030048906803131
0.9210300445556641 0.8987280130386353 0.8480260968208313
-0.08046267926692963 0.32062193751335144 3.333078622817993
-0.981268584728241 0.284606397151947 -0.5759023427963257
0.754663348197937 1.3434507846832275 -0.863680899143219
-0.13028766214847565 0.284606397151947 -0.8195745944976807
-2.380338668823242 1.1022716760635376 1.1680934429168701
-2.1566784381866455 1.221484899520874 -0.7999892234802246
-0.05441691726446152 1.132753849029541 2.1514530181884766
-1.012874722480774 0.284606397151947 1.1130809783935547
-0.06606355309486389 0.29670384526252747 3.1052918434143066
-0.8622775077819824 0.9547345042228699 -1.205298900604248
0.6249708533287048 0.7864571809768677 -0.773184061050415
0.9210300445556641 0.8778436183929443 1.4609724283218384
0.9210299849510193 0.8717542290687561 -0.08394663780927658
0.5192053318023682 1.228721022605896 1.7870090007781982
0.31965941190719604 0.284606397151947 -0.7588180303573608
-0.7937148213386536 0.284606397151947 -0.6045668125152588
-1.0778056383132935 0.9224118590354919 -1.2052987813949585
0.3544171452522278 1.3429079055786133 -0.9843754172325134
-2.0260872840881348 0.9603426456451416 -0.5034471154212952
-0.8456336855888367 0.284606397151947 -0.09814588725566864
-1.052899956703186 0.284606397151947 -0.3899567723274231
-1.4346497058868408 0.7700806856155396 -0.8733380436897278
0.15019389986991882 1.1820957660675049 2.109792470932007
-0.16102051734924316 0.3322184979915619 3.3012537956237793
-0.6658146381378174 0.284606397151947 -0.2269243597984314
-2.3381831645965576 1.2281227111816406 1.0135371685028076
0.9210300445556641 1.0358163118362427 0.6634239554405212
-0.09915867447853088 0.284606397151947 0.5057894587516785
-0.29796573519706726 0.284606397151947 -0.30340707302093506
0.36545494198799133 0.7590998411178589 1.911006212234497
-1.2246259450912476 1.0485787391662598 -0.9134854674339294
0.01100529171526432 0.6225267052650452 2.886779546737671
-0.8489925861358643 0.7507127523422241 -0.8939254283905029
-2.3863744735717773 1.0419509410858154 0.7781140208244324
-2.0697693824768066 1.2608500719070435 1.80449378490448
-2.0343518257141113 0.7229318022727966 1.1584303379058838
-2.0583040714263916 0.8518157005310059 0.5296642184257507
-1.5811827182769775 0.9681262969970703 2.1412081718444824
-0.011295643635094166 0.9710805416107178 -0.953773021697998
-2.3665170669555664 1.1579490900039673 1.535875678062439
-1.2339423894882202 0.284606397151947 1.059333324432373
-1.3530254364013672 1.1136282682418823 -1.205298662185669
-1.8301317691802979 0.6937255859375 1.534491777420044
-0.27013465762138367 0.7778168320655823 -0.9187198877334595
0.2140790820121765 0.8396352529525757 -1.2052991390228271
-1.5423481464385986 0.685217559337616 -0.6869217753410339
-1.9398926496505737 1.1766057014465332 2.136709690093994
-0.7851645946502686 0.3550853729248047 2.6969003677368164
-2.372387647628784 1.0892528295516968 0.33697453141212463
0.6324766278266907 0.284606397151947 0.25731638073921204
0.8991652727127075 1.142969012260437 -0.6941536068916321
-0.5705111026763916 1.0727943181991577 -1.205298900604248
-1.9238684177398682 0.6833882331848145 0.9152909517288208
-1.968602180480957 0.6592329144477844 -0.06628737598657608
-1.4612053632736206 1.1947351694107056 2.116748809814453
-1.709198236465454 0.7718640565872192 1.804032564163208
0.9210299849510193 1.1416901350021362 0.301621675491333
0.8973801732063293 1.1483564376831055 -0.9377421736717224
-1.9004416465759277 0.6478698253631592 0.15796811878681183
-2.369877815246582 1.2216639518737793 1.8590738773345947
0.11418129503726959 1.1065192222595215 -1.2052991390228271
-0.8920392990112305 1.1540188789367676 -0.8395692706108093
0.9155551195144653 1.1628661155700684 -0.2413019835948944
-1.7067536115646362 1.1654287576675415 2.1024601459503174
-0.916704535484314 0.33145177364349365 2.9764151573181152
0.2081325799226761 0.284606397151947 1.3264955282211304
-2.0908968448638916 1.242865800857544 -0.09143393486738205
0.386555016040802 0.628706157207489 -0.7979137301445007
-1.563063383102417 0.6853482127189636 1.602688193321228
-2.0401647090911865 0.7285761833190918 1.6439664363861084
-1.3104125261306763 0.284606397151947 0.8623943328857422
-1.9494496583938599 0.6636093854904175 0.6602612137794495
0.3173881769180298 0.284606397151947 -0.25720328092575073
0.39324700832366943 1.0286468267440796 1.6623725891113281
0.24510614573955536 1.0979633331298828 2.1370933055877686
-0.901046097278595 0.3101685643196106 2.9271862506866455
0.615603506565094 1.038524866104126 -0.5079132318496704
-1.732715368270874 0.8823138475418091 -0.5423590540885925
-1.9086819887161255 1.2420768737792969 -0.6909343600273132
-0.7503878474235535 0.3937000334262848 3.2305564880371094
-1.8618508577346802 0.6828421354293823 -0.3114504814147949
-2.372298240661621 1.0861363410949707 0.5951066613197327
0.6256176829338074 1.2581337690353394 -1.1207975149154663
-0.15577295422554016 1.1641255617141724 -1.184523344039917
-1.3530383110046387 1.2912403345108032 -0.9230682253837585
-1.1432300806045532 1.1461427211761475 -1.2009141445159912
0.9210299849510193 1.0697529315948486 -0.38926610350608826
-1.2400723695755005 0.6826473474502563 -0.8040564060211182
-1.8066705465316772 1.2657197713851929 1.7495673894882202
-2.051950454711914 0.7991838455200195 0.2634371221065521
-2.358680486679077 1.2252142429351807 1.328552007675171
-0.7994025349617004 1.145629644393921 -1.1941887140274048
0.3167687952518463 1.1321533918380737 -1.1908107995986938
0.6155483722686768 0.8913794755935669 1.5293991565704346
-1.1192814111709595 0.284606397151947 1.6291552782058716
-0.3587680459022522 1.126878023147583 -1.2051434516906738
0.36554500460624695 0.284606397151947 0.7807847857475281
0.9196703433990479 1.2323412895202637 -0.5896729230880737
-2.1999621391296387 1.2246261835098267 -0.48269012570381165
-0.6815957427024841 0.284606397151947 0.3888583183288574
-1.4661563634872437 1.247348427772522 1.897674322128296
-2.322495937347412 1.2123879194259644 0.5633859038352966
-2.3808789253234863 1.184343934059143 0.20845669507980347
-1.6196931600570679 1.1668105125427246 -0.812138020992279
-1.5475413799285889 1.2690010070800781 -1.0810844898223877
-1.91703200340271 1.2502316236495972 -0.43733182549476624
0.47709718346595764 0.284606397151947 0.10728861391544342
-1.0945236682891846 1.2908316850662231 -1.0169942378997803
0.4898685812950134 0.7106375098228455 -0.6550812125205994
-0.2750329077243805 0.48374199867248535 3.2948977947235107
0.5053068995475769 0.284606397151947 0.9757316708564758
-0.14672772586345673 0.284606397151947 -0.1814154088497162
-0.7902812957763672 1.2583348751068115 -1.1548488140106201
0.5586268901824951 0.284606397151947 0.761156439781189
-1.115041971206665 0.284606397151947 0.068411685526371
-0.2772848904132843 0.284606397151947 1.0767828226089478
-0.4196111261844635 0.284606397151947 1.5400089025497437
0.018094148486852646 1.3106344938278198 -0.8456709384918213
-0.8498810529708862 0.8395567536354065 2.747279167175293
-1.3967056274414062 0.8947931528091431 -0.6547146439552307
-1.3177686929702759 0.6599776744842529 1.596114993095398
-0.13331365585327148 0.284606397151947 1.1830018758773804
-0.7465476393699646 0.284606397151947 0.899744987487793
-2.0420403480529785 1.2664358615875244 1.2893961668014526
-0.4841216206550598 1.2589324712753296 -1.1285040378570557
0.7705557346343994 1.2908623218536377 1.9908696413040161
-1.6771986484527588 1.1562957763671875 1.7494124174118042
-0.021074919030070305 0.7687538266181946 2.542288064956665
-0.592051088809967 0.4748176634311676 3.3081023693084717
-1.8956658840179443 0.6703282594680786 0.42078277468681335
-1.6484194993972778 1.2794618606567383 -0.6691018342971802
-1.7305352687835693 1.256621241569519 -0.21576297283172607
-1.2280758619308472 0.284606397151947 0.6911980509757996
-1.770254135131836 0.7025830149650574 1.3338733911514282
-1.5080939531326294 1.258955478668213 -0.36231017112731934
0.11708682775497437 1.2750346660614014 -1.1105403900146484
0.9034319519996643 1.1606065034866333 0.01527179405093193
-1.1484010219573975 1.1404457092285156 2.135589361190796
-1.63100004196167 0.6723891496658325 -0.27461519837379456
0.8638786673545837 1.1929666996002197 0.7533957958221436
0.920916736125946 1.135672688484192 1.0819920301437378
0.4981875419616699 1.3133152723312378 -0.8083893060684204
-1.9441728591918945 1.2401870489120483 0.49189865589141846
-1.7995139360427856 1.249423623085022 1.4143524169921875
-1.0692981481552124 0.7904718518257141 -0.8147882223129272
0.5896968841552734 0.6749271750450134 -0.4148579239845276
0.7187544107437134 1.2073167562484741 1.2897374629974365
-0.054852958768606186 0.5192480087280273 3.075449228286743
0.29601967334747314 0.6634817719459534 1.7574630975723267
0.29987645149230957 0.8926194906234741 -0.8329610824584961
-1.0032811164855957 0.812238335609436 1.8579267263412476
-0.2886107861995697 1.3131177425384521 -0.9842725396156311
0.9115532636642456 1.1565899848937988 0.47884589433670044
-0.5213288068771362 0.4101623594760895 3.4256515502929688
-0.8548246622085571 0.7710510492324829 2.163594961166382
0.06577246636152267 0.6731835603713989 -0.8466972708702087
0.8852612972259521 1.288206696510315 -0.03836160898208618
-2.0838310718536377 1.2389966249465942 0.1895855814218521
-0.2354556918144226 0.7995712161064148 2.7945563793182373
-1.718996524810791 0.7172210812568665 0.8553536534309387
-0.5746164321899414 0.6919592022895813 -0.8194916248321533
-2.1380786895751953 1.2803059816360474 0.8436752557754517
-1.9273608922958374 1.1945446729660034 -0.1986847221851349
-1.2837228775024414 1.0432437658309937 1.7309479713439941
-1.7664093971252441 0.9748976826667786 1.5041855573654175
-1.8634438514709473 0.8733106255531311 0.662400484085083
-0.5528494715690613 0.284606397151947 1.4162123203277588
-1.9024574756622314 1.2425156831741333 1.0869296789169312
-0.6861634254455566 0.5687564611434937 3.122844934463501
0.6448431611061096 1.2159266471862793 0.553264319896698
-1.0484119653701782 0.284606397151947 -0.1495514214038849
-0.47868314385414124 0.284606397151947 0.39850783348083496
-0.8232914805412292 1.0827276706695557 2.084324836730957
0.1573227047920227 0.284606397151947 0.8607043623924255
-0.6511471271514893 0.284606397151947 -0.02854537032544613
-1.3377385139465332 1.2350285053253174 1.664581060409546
0.8081921935081482 1.2325934171676636 1.5360645055770874
-0.40293702483177185 0.696654200553894 3.0648233890533447
0.0016324666794389486 0.284606397151947 1.044345736503601
0.5106173157691956 1.3028836250305176 -0.5471224784851074
0.08951718360185623 0.869209885597229 2.1074695587158203
-0.5948246717453003 0.284606397151947 -0.5167306065559387
0.7533087134361267 1.2776907682418823 -0.3555394411087036
-1.9369064569473267 1.2377755641937256 0.7197689414024353
-0.35731399059295654 0.6160420775413513 2.9299237728118896
-0.16100244224071503 1.0411312580108643 2.428290367126465
-0.9863297343254089 1.1698739528656006 1.8506814241409302
-0.06774941086769104 0.8990611433982849 -0.7565754652023315
-1.5249626636505127 1.212540864944458 1.4671152830123901
-1.8930771350860596 1.1940572261810303 0.30243343114852905
-0.7033518552780151 1.0961239337921143 1.937007188796997
0.1617259830236435 0.284606397151947 0.6622048616409302
-0.623907744884491 0.8759309649467468 2.6949923038482666
-1.8485177755355835 0.7116490602493286 1.1378366947174072
-0.39278262853622437 0.9897714257240295 2.528470039367676
0.9069402813911438 0.8465142846107483 1.2343831062316895
-0.8046233057975769 0.6319969296455383 -0.7135077714920044
0.08623148500919342 1.1990281343460083 1.8555957078933716
-0.6577273011207581 0.284606397151947 0.17158734798431396
0.36092036962509155 1.0491585731506348 -0.6519894599914551
-1.44974684715271 0.6966813802719116 -0.4955562353134155
-0.11076156049966812 0.7583320140838623 2.3717570304870605
-0.45620793104171753 0.284606397151947 -0.12462038546800613
-0.9686213135719299 0.284606397151947 0.7207964062690735
-1.4251776933670044 0.9335448741912842 1.5581544637680054
-1.4388858079910278 1.319162368774414 -0.5884705781936646
-0.6772561073303223 0.284606397151947 1.283711552619934
-0.5990045070648193 0.7756572961807251 2.4164509773254395
-1.8060033321380615 1.2045300006866455 0.06943295150995255
0.605125904083252 1.256942629814148 0.26258596777915955
-0.8540681004524231 1.324564814567566 -0.830211341381073
-0.10326504707336426 0.7262082099914551 1.8747344017028809
-0.2859937250614166 0.284606397151947 0.7167568802833557
-1.172221064567566 1.2973644733428955 -0.6833852529525757
0.6907587647438049 0.8867855072021484 -0.17152878642082214
0.5981223583221436 1.0828717947006226 0.9641423225402832
-1.682277798652649 0.9813473224639893 -0.2832653522491455
-1.079228401184082 1.1891710758209229 1.6364790201187134
-1.8023244142532349 0.8255811333656311 -0.06433131545782089
-1.4436016082763672 1.2087631225585938 -0.1342955380678177
0.22915920615196228 1.30018949508667 -0.7163310647010803
0.4636474549770355 0.284606397151947 0.6008385419845581
-0.9266434907913208 0.284606397151947 0.923953652381897
-1.7465962171554565 1.1370805501937866 0.5943130850791931
0.2729155719280243 0.284606397151947 0.30635878443717957
0.5172665119171143 1.2806464433670044 -0.24299542605876923
0.4249917268753052 0.6570805311203003 1.5588327646255493
-0.24832455813884735 0.9901875257492065 2.2697153091430664
-0.08431512117385864 0.284606397151947 1.3674390316009521
-2.069981336593628 1.325369119644165 1.5674868822097778
-1.5753979682922363 1.205081820487976 1.1939940452575684
-1.6308703422546387 0.828013002872467 1.1131000518798828
-1.1493362188339233 0.6677432656288147 -0.6358460187911987
-0.2392311841249466 1.3376743793487549 -0.7872229218482971
-1.8265247344970703 0.9967881441116333 0.9414137601852417
-0.49728599190711975 1.0655889511108398 2.2339930534362793
-1.9002339839935303 0.9828584790229797 1.2450230121612549
0.8813765048980713 0.9555051922798157 0.36719077825546265
0.7695671916007996 1.2128010988235474 0.9613115787506104
-1.8121848106384277 0.9105022549629211 0.24450582265853882
-0.5461474657058716 1.1750571727752686 1.7205334901809692
-0.25308212637901306 0.6731181740760803 -0.7378140687942505
-0.5128503441810608 0.284606397151947 0.9652267098426819
0.6098299026489258 0.6790855526924133 0.9914131164550781
0.4761189818382263 1.2025291919708252 1.5116167068481445
0.543516993522644 0.7026433348655701 1.3553889989852905
-0.1153687834739685 0.284606397151947 0.2796136736869812
0.300576776266098 0.284606397151947 0.10221392661333084
0.42618706822395325 1.2190147638320923 0.9558576941490173
0.433891236782074 0.8474393486976624 -0.44098326563835144
-0.6338235139846802 0.8090279698371887 1.9658317565917969
-0.3328305780887604 1.1645318269729614 1.792211651802063
-0.714130163192749 1.0298352241516113 2.4594647884368896
-0.12833857536315918 1.1959991455078125 1.6557433605194092
-0.8918067216873169 0.284606397151947 -0.30035313963890076
0.1948348730802536 1.2077809572219849 1.6229946613311768
-1.1674996614456177 0.284606397151947 0.5101088881492615
0.639717161655426 0.8834924697875977 0.17949265241622925
0.36466333270072937 1.1559354066848755 1.2333390712738037
-0.32980838418006897 0.7925170660018921 2.6774659156799316
-0.16546013951301575 0.284606397151947 -0.4647480845451355
-0.5157262682914734 1.3026807308197021 -0.7201047539710999
0.6381697058677673 0.705785870552063 0.4732538163661957
0.32800742983818054 0.7682834267616272 1.4187678098678589
-1.6292338371276855 0.6705262064933777 0.02451680600643158
-0.0025416850112378597 0.284606397151947 -0.00297580286860466
-0.020084282383322716 1.031825065612793 1.8312268257141113
0.052876610308885574 0.28540360927581787 1.3193897008895874
0.23083366453647614 0.8300626277923584 1.6602041721343994
-0.42768219113349915 0.8629696369171143 2.136611223220825
-0.8450710773468018 0.284606397151947 0.24137067794799805
-0.03241633623838425 0.284606397151947 0.7078856229782104
-0.999348521232605 0.6440538167953491 1.7329641580581665
0.1599024385213852 1.2811782360076904 -0.2662622630596161
-0.6069102883338928 1.1311309337615967 -0.728905975818634
-1.4504022598266602 0.8249598741531372 1.3835699558258057
0.23890656232833862 0.7660968899726868 -0.6340494751930237
0.4992483854293823 0.7530214190483093 1.1250288486480713
-0.33042898774147034 0.7526345252990723 1.916387677192688
-1.477156162261963 0.6661951541900635 1.2109143733978271
-0.46683400869369507 0.284606397151947 0.16971749067306519
-0.42700889706611633 0.8096110820770264 -0.6983779668807983
-1.359622836112976 0.6513386964797974 -0.17742182314395905
-0.7907068729400635 1.290343999862671 -0.5846450328826904
-0.05227193981409073 0.9489069581031799 1.5827816724777222
-1.410553216934204 0.9149236083030701 -0.3358224630355835
-0.5948594212532043 0.284606397151947 1.1236315965652466
-0.04914995655417442 0.6900186538696289 -0.6727336049079895
-1.1297463178634644 0.7007495760917664 1.5857014656066895
0.4956263303756714 0.7851794958114624 -0.1589249074459076
-1.6932371854782104 0.7446801662445068 0.35928887128829956
-1.6648030281066895 0.7172428965568542 0.5985226631164551
-0.0846305638551712 1.3225092887878418 -0.5403299331665039
0.2059953361749649 1.2638225555419922 -0.4586147367954254
0.181945338845253 1.1965950727462769 1.1422250270843506
-0.7263378500938416 1.2429099082946777 -0.29290202260017395
-1.005183219909668 0.8876245021820068 -0.6152040362358093
-0.25831174850463867 1.211220145225525 1.3311744928359985
-1.1863590478897095 1.1595925092697144 -0.5481572151184082
-0.4004903733730316 1.2455739974975586 -0.4513329863548279
-1.2287266254425049 0.7343677878379822 -0.4405677914619446
0.2497115582227707 1.1552283763885498 0.7360240817070007
-0.8848466873168945 1.1869027614593506 1.1551415920257568
-0.17333178222179413 0.7340465188026428 -0.4677738845348358
-1.5508861541748047 1.1765930652618408 0.10661772638559341
-0.14711204171180725 1.1657617092132568 -0.5704740881919861
-1.2414648532867432 1.2668710947036743 -0.30889588594436646
-0.9773350358009338 1.2946810722351074 -0.3868061900138855
0.5912507772445679 0.7255899310112 0.09603956341743469
-0.09792842715978622 1.1780120134353638 -0.30886831879615784
-0.7790998816490173 0.8445326685905457 -0.624221920967102
0.42937543988227844 1.190193772315979 0.30950912833213806
0.31901368498802185 1.2393347024917603 -0.09849857538938522
-1.1143180131912231 0.8881910443305969 -0.30367159843444824
0.5266181826591492 0.9271033406257629 0.7898339629173279
-1.1225684881210327 1.2379462718963623 0.0057573094964027405
-1.516530156135559 0.9281347393989563 -0.09302830696105957
0.4295382499694824 1.2389496564865112 0.06648486107587814
-1.4928016662597656 0.7232389450073242 0.736863911151886
0.3792775571346283 0.6370899677276611 -0.32079145312309265
0.35594943165779114 1.147584080696106 0.5513371229171753
-0.47522637248039246 0.6745340824127197 1.7121886014938354
-0.6505770087242126 1.220426321029663 1.4710661172866821
-0.6158405542373657 0.6745122671127319 -0.5474051833152771
-1.3323782682418823 1.2443448305130005 0.4055095314979553
-1.1106599569320679 1.2703845500946045 1.1191444396972656
-1.120119571685791 1.2036199569702148 0.9157722592353821
-1.295481562614441 1.2235064506530762 1.2689311504364014
0.3080283999443054 1.0304028987884521 -0.27626654505729675
-0.7379791140556335 1.1779580116271973 1.3380465507507324
-1.2193114757537842 1.184726357460022 0.20745249092578888
-0.3710331320762634 0.31622400879859924 0.9139022827148438
-0.9623650312423706 0.31875091791152954 0.5610401630401611
0.11557416617870331 0.6937755942344666 1.2618236541748047
-1.479750633239746 1.2026121616363525 0.7570103406906128
-1.104630470275879 1.2289071083068848 0.7281457781791687
-1.1398367881774902 1.169113039970398 0.5742355585098267
-0.9549258947372437 1.1454700231552124 -0.27220335602760315
-1.6146692037582397 1.1721519231796265 0.418791800737381
0.44140860438346863 0.6443525552749634 0.8833808898925781
-1.5163702964782715 1.1713382005691528 1.0490939617156982
-1.6984138488769531 1.223822832107544 0.8714370131492615
-0.9229404330253601 0.6595405340194702 1.4227571487426758
-0.1811521053314209 0.32726922631263733 0.12032125890254974
-1.0146825313568115 1.174613356590271 0.40270042419433594
-1.4577687978744507 0.665646493434906 0.28068098425865173
-0.5174010396003723 1.2382006645202637 -0.32627877593040466
-1.4967888593673706 0.862324059009552 0.165119007229805
-0.9845571517944336 0.7152130007743835 -0.3476547300815582
-0.9955623745918274 1.1661856174468994 0.10709601640701294
-1.0056723356246948 1.209623098373413 1.4818427562713623
-0.0023591285571455956 0.665237307548523 1.6978038549423218
-1.4893643856048584 0.9315891265869141 0.4428730309009552
-1.2898123264312744 0.6945045590400696 1.187844157218933
-0.8758896589279175 1.1942055225372314 -0.05452592670917511
-1.1489408016204834 0.8631119132041931 -0.03672926872968674
-0.24354591965675354 0.34110280871391296 0.5123479962348938
-0.41011276841163635 1.1120481491088867 1.5988720655441284
0.433229923248291 0.639274537563324 0.08094096183776855
-0.5268589854240417 0.3908807337284088 0.706516683101654
-1.0241361856460571 0.6676919460296631 -0.14844584465026855
-1.4904491901397705 0.7425738573074341 0.9642698168754578
-0.7640020847320557 0.6694340109825134 1.7422312498092651
-0.45995625853538513 0.9772218465805054 -0.5219180583953857
-0.5505368709564209 0.6571713089942932 -0.3682807683944702
-1.3500723838806152 0.8088831901550293 0.015757011249661446
-0.5029975175857544 0.284606397151947 0.5919315814971924
0.14541061222553253 1.2499228715896606 1.3467814922332764
-1.3309576511383057 0.8867492079734802 0.9403287172317505
-1.1544535160064697 0.6906567811965942 1.1021658182144165
-0.6676452159881592 0.284606397151947 0.7809126973152161
0.024313954636454582 0.8639509677886963 -0.5092530250549316
0.04868796095252037 1.134955644607544 0.9339720010757446
-1.383008599281311 0.6719549894332886 0.49383166432380676
0.46695661544799805 0.911025881767273 0.4033970534801483
-0.245528906583786 0.7139917016029358 1.700376033782959
-0.5586885809898376 0.8229837417602539 1.791922688484192
0.03421773016452789 0.9177709817886353 -0.2938443720340729
-0.3579288423061371 0.8804289102554321 -0.3764442205429077
-0.7306842803955078 0.9086636900901794 -0.37746939063072205
0.08557222783565521 0.9112560153007507 1.2526665925979614
0.33256417512893677 1.058152198791504 0.06373798102140427
-1.2107125520706177 0.7952465415000916 1.380936622619629
-1.3394653797149658 0.9416758418083191 0.665605902671814
-0.43728089332580566 0.6970863342285156 1.4576174020767212
0.20267793536186218 0.7071525454521179 -0.28514498472213745
-1.1679842472076416 0.6211148500442505 0.20805048942565918
-0.17656415700912476 1.1113845109939575 1.1291718482971191
-1.0563023090362549 1.0001455545425415 1.136589527130127
0.3389197289943695 0.8446890115737915 -0.014739411883056164
0.36265790462493896 0.8169336915016174 1.2193256616592407
-0.9286319017410278 0.8942292332649231 1.6039767265319824
0.5238915085792542 0.7248700261116028 0.6471750140190125
-0.0068422844633460045 0.8274824619293213 1.4451797008514404
-0.8024441003799438 0.8009688258171082 -0.23403745889663696
-0.5955720543861389 0.8092347979545593 1.4545419216156006
0.34636688232421875 0.8996893763542175 0.7605830430984497
-0.7817434072494507 0.8495873808860779 1.472604751586914
0.025414105504751205 0.6029504537582397 -0.2347080111503601
-0.8190805315971375 0.5808135867118835 -0.01645927131175995
-0.8103572130203247 1.012529730796814 1.1963930130004883
-1.1919469833374023 0.9152505397796631 0.38105571269989014
-0.3026394844055176 0.5942345261573792 -0.25019824504852295
-1.222556233406067 0.7868169546127319 0.6391966938972473
-1.0058579444885254 1.0667389631271362 0.820210874080658
-1.1168653964996338 0.8570951819419861 0.15653139352798462
0.24421876668930054 0.9406180381774902 1.0249234437942505
-0.47113171219825745 1.0885168313980103 1.2221741676330566
-0.27766937017440796 0.9347677230834961 1.3947193622589111
0.2526942491531372 0.5529583096504211 0.1904638409614563
0.4651342034339905 0.6019951105117798 0.4321994185447693
-0.8045650124549866 0.8859195113182068 1.1017577648162842
0.25495126843452454 0.7092556953430176 0.668836772441864
-0.6598411202430725 0.7059907913208008 1.2890840768814087
0.007751363329589367 0.5089321732521057 0.5428637862205505
-1.0510903596878052 0.8063075542449951 0.9517374038696289
-0.03377872332930565 0.6593178510665894 0.29971450567245483
-0.19768284261226654 0.7524828314781189 1.3759911060333252
-0.3717503547668457 0.32816916704177856 0.19847135245800018
-1.0965319871902466 0.5603188872337341 0.8289054036140442
-0.782827615737915 0.577252984046936 0.2870849072933197
0.10072781145572662 0.4545590579509735 1.030957818031311
-0.4263578951358795 0.6489943265914917 0.061956968158483505
-0.3351653516292572 0.8994035720825195 0.11095201224088669
-0.42264848947525024 0.585366427898407 0.5959523916244507
0.18208244442939758 0.8221321702003479 0.20773077011108398
-0.18472836911678314 0.5026450753211975 0.9034314751625061
-0.34317630529403687 0.36022940278053284 0.3812263011932373
-0.8205399513244629 0.7903431057929993 0.8865912556648254
-0.5685921311378479 0.9319203495979309 -0.0687221959233284
-0.0907009020447731 0.6608033776283264 0.05062740296125412
-0.061551615595817566 0.9465844631195068 0.09840860962867737
-0.9227091670036316 0.7902438044548035 0.47974997758865356
-0.19229300320148468 0.7431079745292664 1.19032621383667
-0.5792096257209778 0.7386806607246399 -0.08472512662410736
-0.5187013149261475 0.8564762473106384 1.0081944465637207
-1.5100008249282837 1.6172425746917725 0.14174175262451172
0.02573852799832821 0.8089698553085327 0.6881142854690552
-0.029721863567829132 0.9070668816566467 0.39983633160591125
0.09725268185138702 0.7597276568412781 0.9330217242240906
0.20075197517871857 0.9185225367546082 0.44664689898490906
-1.0358887910842896 0.6521701812744141 0.5457115769386292
-0.6672052145004272 0.5994116067886353 1.098676085472107
-0.5268128514289856 0.8883339762687683 0.24146485328674316
-0.1775267869234085 0.8165489435195923 0.8307682871818542
-0.31968390941619873 0.842051088809967 1.0632694959640503
-0.005354475229978561 0.8698331117630005 -0.09829173982143402
-0.7169442176818848 0.8802939057350159 0.2775748074054718
-0.19635525345802307 1.8206994533538818 0.2901638150215149
-0.8477373719215393 0.8046783208847046 0.13679708540439606
-0.7392385005950928 0.8318586349487305 0.5588324666023254
-1.4592862129211426 1.456754446029663 0.4018144905567169
-0.3031759262084961 0.9550041556358337 -0.16552235186100006
-1.3797309398651123 1.4087350368499756 0.21725256741046906
-1.5853532552719116 1.3875747919082642 0.2533055543899536
-0.08571705967187881 1.8441476821899414 0.1253463625907898
-0.19393600523471832 0.846426248550415 0.6447362303733826
-0.22378575801849365 0.8526051044464111 0.3466566205024719
-0.4470527172088623 0.7951895594596863 0.5290079712867737
0.027707109227776527 1.9747419357299805 0.41254764795303345
-0.04079851135611534 2.0956926345825195 0.5630686283111572
-0.6918633580207825 0.9425389766693115 0.5561213493347168
-1.512229323387146 1.413877248764038 0.32557353377342224
-0.4268918037414551 0.8720003962516785 0.7995246648788452
0.1167357936501503 2.017956256866455 0.06891120225191116
-1.5239977836608887 1.3868855237960815 0.18470700085163116
-0.6607674360275269 2.3448896408081055 0.7346630096435547
-0.5920553803443909 2.4367384910583496 0.9095140099525452
-0.507747232913971 2.505479335784912 0.9768785238265991
-0.43538615107536316 2.654890298843384 0.8808375000953674
-0.21757136285305023 1.8933970928192139 0.48360875248908997
0.04581417515873909 1.9115179777145386 0.23921313881874084
-1.662371039390564 1.4694640636444092 0.1863093376159668
0.1811954379081726 2.177839756011963 0.2410382479429245
-0.4383626878261566 2.4244351387023926 0.8411377668380737
-0.24862214922904968 2.060842990875244 0.633547842502594
-0.388060599565506 1.8421002626419067 0.34217724204063416
-0.6295997500419617 0.8562060594558716 0.7953789234161377
0.09817329794168472 2.3076486587524414 0.41005802154541016
-0.19926795363426208 1.8587331771850586 0.0023846146650612354
-0.5680463314056396 2.129865884780884 0.6050419211387634
-0.7648395299911499 2.3377835750579834 0.57936692237854
-0.049708470702171326 2.033925771713257 -0.1322459578514099
-0.10767935961484909 2.2808640003204346 -0.1905335932970047
0.12014828622341156 2.2101919651031494 -0.0513770654797554
-0.4162805378437042 1.8663208484649658 0.12240558862686157
-0.2395460158586502 1.993959665298462 -0.1379246860742569
-0.6064744591712952 1.9983710050582886 0.2896342873573303
-0.7419883012771606 2.2556047439575195 0.39890775084495544
-0.692568838596344 2.581657648086548 0.899865984916687
-0.44372981786727905 2.5035219192504883 0.11142463982105255
-0.5265903472900391 2.548287868499756 0.3663918375968933
0.08518753200769424 2.4409122467041016 0.10546183586120605
-0.4450530409812927 2.1975290775299072 -0.1358550786972046
-0.07079274952411652 2.3791396617889404 0.5824612379074097
-0.2542589008808136 2.4330570697784424 0.6430171132087708
-0.10247787833213806 2.5620317459106445 0.083715058863163
-0.6439521908760071 1.9994962215423584 0.44270268082618713
-0.44539371132850647 1.9836015701293945 -0.055357929319143295
-0.11686675250530243 3.189368963241577 0.6974349021911621
-0.35744479298591614 2.9658429622650146 0.37398403882980347
-0.22895488142967224 2.6200430393218994 0.4200257956981659
-0.43455544114112854 2.0263559818267822 0.6298276782035828
-0.2076459527015686 2.8661115169525146 0.2401803880929947
-0.3022747337818146 3.273996353149414 0.6875442862510681
-0.39142996072769165 3.50266432762146 0.6423878073692322
-0.6067057251930237 2.0073044300079346 0.11962582170963287
-0.406658411026001 3.2090837955474854 0.48875340819358826
-0.10361693054437637 2.8084466457366943 0.46412786841392517
-0.33139559626579285 2.4226555824279785 -0.11108189821243286
-0.651244580745697 2.3022329807281494 0.12702149152755737
-0.22912882268428802 2.977912664413452 0.5824404954910278
-0.2046004980802536 3.160670757293701 0.22446785867214203
-0.1460951417684555 3.495889902114868 0.7749617099761963
-0.39476463198661804 3.5146236419677734 0.34223228693008423
-0.0255566518753767 3.476672410964966 0.24572055041790009
-0.39525556564331055 3.7391982078552246 0.319661408662796
-0.06800799071788788 4.075293064117432 0.7149743437767029
-0.4032905697822571 3.7956881523132324 0.571120023727417
-0.23235411942005157 4.140006065368652 0.22644835710525513
0.1496497541666031 3.632014036178589 0.4685823321342468
-0.006595301907509565 3.0638976097106934 0.3819396495819092
-0.038619302213191986 3.9770917892456055 0.27473774552345276
0.017559709027409554 3.656705379486084 0.7322137951850891
-0.23502150177955627 3.777100086212158 0.7591268420219421
0.07198483496904373 3.91792631149292 0.5960713624954224
0.014311331324279308 3.162900686264038 0.5897670984268188
0.08789535611867905 3.415146827697754 0.6418925523757935
0.059173837304115295 3.7843716144561768 0.32920050621032715
-0.34890592098236084 4.350322723388672 0.2588285207748413
-0.46269509196281433 4.013419151306152 0.41553571820259094
-0.23572254180908203 3.853755474090576 0.2305413782596588
-0.18574777245521545 4.540431499481201 0.6435263156890869
0.08742515742778778 3.3331899642944336 0.3790653944015503
-0.2879768908023834 3.3761227130889893 0.22305376827716827
-0.802375853061676 5.673195838928223 0.5023854970932007
-0.5764811038970947 5.579183578491211 0.497916579246521
-0.35857677459716797 4.038530349731445 0.7066899538040161
-0.6119850873947144 5.564589500427246 0.36394476890563965
-0.19493231177330017 4.333448886871338 0.711247444152832
-0.42506545782089233 5.687152862548828 0.25968530774116516
-0.5059236288070679 4.2427825927734375 0.4653955399990082
-0.025914138182997704 4.266215801239014 0.4213522970676422
-0.3846903443336487 4.806021213531494 0.4205562174320221
-0.5261406302452087 4.474936485290527 0.4520144760608673
-0.40974074602127075 4.321376323699951 0.6767746210098267
-0.2705051004886627 4.737121105194092 0.5075687170028687
-0.4023759663105011 4.661301612854004 0.3637687563896179
-0.3834950923919678 5.892667770385742 0.2748740315437317
-0.8770102262496948 5.800185680389404 0.5618135929107666
-0.5714702010154724 5.716324806213379 0.14185096323490143
-0.43842819333076477 5.732825756072998 0.5398070216178894
-0.14246755838394165 4.46807336807251 0.31560394167900085
-0.8804323673248291 5.7491679191589355 0.3015117943286896
-0.018636155873537064 6.802422523498535 0.6129098534584045
-0.6396865248680115 5.551246643066406 0.3275361955165863
-0.7858913540840149 5.964570045471191 0.6541867852210999
-0.91124427318573 6.526187896728516 0.5604431629180908
-0.2500832974910736 6.742913246154785 0.6071583032608032
-0.4862612783908844 6.845403671264648 0.8500267863273621
-0.9872307777404785 5.922214508056641 0.3789699077606201
0.04486833140254021 6.752629280090332 0.4215748906135559
-0.43267983198165894 6.0556535720825195 0.465614378452301
-0.47872257232666016 6.722870349884033 0.7204434871673584
-0.6877027153968811 5.829974174499512 0.06319805979728699
-0.5811229348182678 5.876557350158691 0.6700625419616699
-0.3147280216217041 6.807252407073975 0.31843599677085876
-1.0231313705444336 6.078272342681885 0.3497946858406067
-0.09262148290872574 6.746730327606201 0.4083995223045349
-0.2710804343223572 6.745809078216553 0.4674965441226959
-0.9359734654426575 6.288930892944336 0.3151586055755615
-0.4754936695098877 7.060776233673096 0.766431450843811
-0.542324960231781 6.251064300537109 0.4182302951812744
-0.7269562482833862 5.993113994598389 0.06608210504055023
-0.7354382872581482 6.677966594696045 0.8534831404685974
-0.8239967823028564 6.171564102172852 0.14744482934474945
0.19424939155578613 6.8000617027282715 0.4501052498817444
-0.6168488264083862 6.576967716217041 0.7395572066307068
0.24680733680725098 7.138083457946777 0.5634943842887878
0.12830285727977753 6.905006408691406 0.18264807760715485
-0.7476683259010315 6.486717700958252 0.6554319262504578
-0.3335784673690796 7.163751602172852 0.42929786443710327
-0.8320929408073425 6.903870105743408 0.8979206681251526
-0.9740413427352905 6.46279239654541 0.4406876564025879
-0.7851196527481079 6.454548358917236 0.2656572461128235
-0.6416345238685608 7.168174743652344 0.668770432472229
-0.7658810615539551 6.693655967712402 0.232432022690773
-0.11443568021059036 7.07759952545166 0.7460095882415771
-0.9006500840187073 6.695776462554932 0.7845782041549683
-1.0970215797424316 6.819152355194092 0.6810309290885925
-0.6099144220352173 6.7640485763549805 0.2188926339149475
-0.9891497492790222 6.891757965087891 0.3270072638988495
-0.11136525124311447 6.967346668243408 0.2058556079864502
-0.7052059173583984 6.925938606262207 0.4229154884815216
0.10657393932342529 7.358466625213623 0.2830471992492676
0.219759002327919 7.150943279266357 0.27945831418037415
0.29264405369758606 6.957954406738281 0.46186140179634094
-0.17728875577449799 7.233808517456055 0.3377023935317993
-0.0857064351439476 8.316946983337402 0.5198964476585388
-0.6309736371040344 7.1370344161987305 0.38386228680610657
-1.0328010320663452 7.008391857147217 0.6494866609573364
-0.08476417511701584 7.319241046905518 0.2867785692214966
-0.9429407715797424 7.278039455413818 0.3750148117542267
0.09691407531499863 8.393824577331543 0.4632883667945862
-0.7822666764259338 7.175876617431641 0.21011371910572052
-0.8008175492286682 7.0645012855529785 0.2320367991924286
0.09789876639842987 7.1533522605896 0.6371703147888184
-1.0371570587158203 7.396149635314941 0.3230249583721161
-0.9828671813011169 7.386037826538086 0.3802843987941742
-0.39391741156578064 8.630501747131348 0.7033417820930481
-0.1322382390499115 8.467609405517578 0.5065783262252808
-0.43745166063308716 8.638670921325684 0.6090468764305115
0.148093581199646 8.534622192382812 0.37277182936668396
-0.8459110260009766 8.984272956848145 0.07550026476383209
-0.8732454776763916 9.232391357421875 0.5717217922210693
0.02897479571402073 8.389691352844238 0.6576831936836243
0.011735629290342331 8.521328926086426 0.7597886919975281
0.12635600566864014 8.345929145812988 0.57431960105896
0.2671982944011688 8.584321022033691 0.6160545945167542
0.2419220358133316 8.552867889404297 -0.12831752002239227
-0.6325517296791077 8.680495262145996 0.8739023804664612
-0.4365903437137604 8.746819496154785 0.9016839861869812
-0.5626171827316284 8.684117317199707 0.4876726567745209
-0.04464982822537422 8.67570686340332 0.3029886782169342
-0.8759114146232605 8.817448616027832 0.41717007756233215
-0.650521457195282 8.69151496887207 0.6976970434188843
0.28722864389419556 8.734062194824219 0.6848843097686768
-0.5577443242073059 8.705575942993164 0.34673693776130676
-0.8213551640510559 8.669657707214355 0.7161843776702881
-0.9492250680923462 8.916167259216309 0.7581406235694885
-0.39957812428474426 8.917717933654785 0.25311124324798584
-0.14346332848072052 8.785909652709961 0.46796736121177673
-0.16339386999607086 8.82496166229248 0.8530987501144409
-0.7756335735321045 8.829415321350098 0.11948705464601517
0.242801234126091 8.83330249786377 0.684489905834198
-0.4289320707321167 9.01671314239502 1.0079495906829834
-0.26495757699012756 9.069352149963379 0.34155920147895813
-0.03496821969747543 9.278891563415527 0.44836297631263733
-0.7509645819664001 8.92042350769043 0.34081241488456726
0.07289833575487137 8.968439102172852 0.42112237215042114
-0.32452720403671265 9.155367851257324 0.6481921076774597
0.091293103992939 9.058629989624023 0.8709701895713806
-0.8744984865188599 9.125732421875 0.6694516539573669
-0.5399519205093384 8.956729888916016 0.2366964966058731
0.4459607005119324 9.982738494873047 -0.06627470254898071
-0.05741669982671738 9.548089027404785 0.8525093793869019
-0.08225138485431671 9.073346138000488 0.7520139813423157
0.18804879486560822 9.188272476196289 0.7916508316993713
-0.5025256276130676 9.674600601196289 0.7038405537605286
-0.6492193937301636 8.890900611877441 0.9699680805206299
0.16228781640529633 9.31853199005127 0.6704229712486267
-0.35445892810821533 9.395783424377441 0.6084921360015869
-0.43766504526138306 9.244619369506836 0.47573429346084595
-0.531619668006897 9.823848724365234 0.9697990417480469
-1.235003113746643 10.308622360229492 1.3023016452789307
-0.36922332644462585 9.396584510803223 0.802210807800293
-0.3224066495895386 9.701750755310059 0.9251805543899536
0.3739348351955414 9.867451667785645 -0.03865113481879234
-0.46306467056274414 10.030038833618164 0.7620345950126648
-0.0579930916428566 9.504302978515625 0.6513510942459106
-0.8528878688812256 10.465760231018066 -0.2932572066783905
-0.32202449440956116 9.86464786529541 1.0200507640838623
0.5293194651603699 9.875659942626953 -0.1462990641593933
-0.3654420077800751 9.971790313720703 0.4544095993041992
-0.46989914774894714 9.839424133300781 0.5857537984848022
-0.2017161250114441 9.891657829284668 0.6268596649169922
-0.8240296244621277 10.569802284240723 -0.2822433412075043
-0.6622950434684753 10.27708625793457 0.2854599058628082
0.3415699601173401 9.945033073425293 -0.05083766579627991
-0.41206565499305725 10.053311347961426 0.9781118035316467
-1.2656152248382568 10.45305061340332 1.2209974527359009
-0.9520511031150818 10.487066268920898 -0.45637959241867065
-0.15971344709396362 9.872759819030762 0.7077360153198242
-0.5496907830238342 10.386578559875488 0.3759457767009735
0.2815747559070587 10.400161743164062 0.1808127909898758
-1.0423997640609741 10.586800575256348 -0.29628369212150574
-0.938105046749115 10.618712425231934 -0.4353182911872864
-0.3869241774082184 10.32530403137207 0.8180968165397644
-0.3730681836605072 10.242454528808594 0.5565253496170044
0.11515180766582489 10.851409912109375 1.2077847719192505
-1.1862514019012451 10.414501190185547 1.224295735359192
-0.7770664691925049 10.547264099121094 -0.213877335190773
-1.1507959365844727 10.553468704223633 1.3067126274108887
0.16504883766174316 10.876989364624023 1.1861993074417114
-0.4141075611114502 10.488641738891602 0.7230573296546936
-0.3316252529621124 10.777813911437988 1.247283697128296
-0.4134511649608612 10.664216041564941 1.210447907447815
-0.8931626081466675 10.850757598876953 -0.3538829982280731
-0.4411969482898712 10.61989688873291 0.5370805263519287
-0.36017459630966187 10.733460426330566 0.9202881455421448
-0.9262698888778687 10.681203842163086 -0.14810223877429962
-0.29565054178237915 10.713285446166992 0.3530047833919525
-0.3177901804447174 11.022768020629883 -0.0569286085665226
0.4468066394329071 10.873754501342773 0.6045886278152466
0.5274285078048706 11.05531120300293 0.1494506299495697
-0.7424964904785156 10.904884338378906 -0.34262603521347046
-0.44736337661743164 10.934464454650879 1.3241820335388184
-1.093855857849121 10.921561241149902 -0.2979731261730194
-1.2482240200042725 11.046249389648438 0.720345675945282
-0.0035230694338679314 11.008700370788574 0.07251705974340439
-0.2532462179660797 11.026519775390625 0.9631744027137756
-0.9395849704742432 11.023335456848145 1.0972843170166016
-0.23350560665130615 11.047402381896973 0.96196448802948
0.5376644730567932 11.09127426147461 0.055907197296619415
0.2433748096227646 11.063620567321777 1.1913034915924072
-0.9894309639930725 11.067532539367676 -0.42202138900756836
-0.39717450737953186 11.26494312286377 -0.3431980013847351
-1.0310555696487427 11.23448371887207 0.6339901685714722
-0.6368725299835205 11.217101097106934 1.1969873905181885
-1.1946680545806885 11.292074203491211 -0.1430186778306961
-0.23437410593032837 11.334692001342773 0.9867469668388367
0.34506648778915405 11.395240783691406 -0.3547958433628082
-0.40652793645858765 11.360276222229004 1.1653212308883667
-0.9215983152389526 11.349245071411133 0.40147602558135986
-0.9686247706413269 11.44408893585205 0.3708801567554474
-1.0203993320465088 11.443254470825195 0.8831417560577393
-0.3880741000175476 11.458868026733398 -0.40244022011756897
-0.007834982126951218 11.432853698730469 0.37032783031463623
-1.172072172164917 11.449790000915527 -0.22319138050079346
0.4969828426837921 11.453709602355957 0.2561582326889038
0.5554381608963013 11.519366264343262 0.16678272187709808
-0.7390156984329224 11.520467758178711 0.28920334577560425
-0.6934362649917603 11.536128044128418 1.1483817100524902
-1.1983786821365356 11.522719383239746 -0.34881410002708435
-1.2075235843658447 11.541157722473145 -0.23943692445755005
-0.8097091913223267 11.560354232788086 0.6117063760757446
-1.21061110496521 11.576513290405273 1.2980660200119019
-0.6611676216125488 11.58022403717041 1.4469490051269531
