483
-1.7541311979293823 0.464424192905426 1.048585295677185
-1.691298007965088 0.47376275062561035 -0.22517001628875732
-1.2075878381729126 0.5563618540763855 0.433072030544281
0.5358973741531372 0.8854192495346069 0.013661712408065796
-1.6855440139770508 0.4352133870124817 0.14874494075775146
-0.9434217214584351 0.34870028495788574 -1.07374906539917
-0.33629345893859863 0.284606397151947 0.6166633367538452
-1.8132743835449219 0.581278383731842 1.3956785202026367
-0.5920439958572388 0.31088167428970337 -0.745815098285675
-0.5972962379455566 0.43409091234207153 -1.114288568496704
0.5931550860404968 0.5689312219619751 -0.4919857978820801
-1.8064212799072266 0.5517097115516663 0.08732329308986664
-1.594201683998108 0.5317928194999695 0.3678577244281769
-1.9536763429641724 0.33641383051872253 0.030050717294216156
-1.2376720905303955 0.4058995544910431 1.2593594789505005
-1.927748680114746 0.30247822403907776 0.19261862337589264
-1.9738234281539917 0.48836609721183777 0.4389163553714752
0.1391829550266266 0.5012444257736206 -0.6431467533111572
-0.5740090012550354 0.5150823593139648 -1.0964070558547974
-1.6271206140518188 0.34829893708229065 0.8617150187492371
0.08949654549360275 0.29091954231262207 1.5276451110839844
0.7547805905342102 0.5961565971374512 -0.4275537431240082
0.5417903661727905 0.8525592684745789 -0.1171792522072792
-2.173858880996704 0.44908958673477173 0.2832198143005371
-0.9806457161903381 0.33516764640808105 0.8995010256767273
-0.28847289085388184 0.4597890079021454 -1.0212767124176025
-1.5784460306167603 0.4646972417831421 1.5449897050857544
-2.135815143585205 0.2937595844268799 0.1387314647436142
0.6902347207069397 0.629736602306366 -0.46568208932876587
-1.1508116722106934 0.43202927708625793 0.8984048366546631
-0.7127129435539246 0.422454833984375 -1.0177955627441406
0.9032456874847412 0.43059512972831726 0.9788241386413574
0.647007942199707 0.3596060872077942 1.134263038635254
-1.3080416917800903 0.662462592124939 0.9134348034858704
-1.488038182258606 0.6036990880966187 0.8236457109451294
-1.3680719137191772 0.5098221302032471 1.4101364612579346
0.7932701706886292 0.9479814171791077 0.06698926538228989
-1.8460657596588135 0.44762614369392395 -0.07482152432203293
0.5842589139938354 0.45457103848457336 -0.592876136302948
-1.5204417705535889 0.343472421169281 -0.18536436557769775
-1.5370131731033325 0.4174287021160126 1.516016960144043
0.826812744140625 0.3428085148334503 0.8420907258987427
-0.8019251227378845 0.43551623821258545 -0.8326462507247925
0.26704367995262146 0.3632592260837555 1.007964015007019
-0.41153421998023987 0.30613571405410767 -0.7829941511154175
-0.018510226160287857 0.7707046866416931 -1.0706357955932617
-1.4668766260147095 0.38025474548339844 1.0437169075012207
-1.6814122200012207 0.36225464940071106 0.6823223829269409
-0.3585506081581116 0.3750047981739044 -0.20050619542598724
-1.165376901626587 0.378825306892395 -0.2127733677625656
-1.397939920425415 0.45964235067367554 -0.49354711174964905
-0.8365849852561951 0.3492472171783447 0.1727617233991623
-0.6808218359947205 0.3200121223926544 -0.5321245193481445
-1.573188066482544 0.3578343391418457 1.2137489318847656
-1.1019859313964844 0.5409166216850281 -0.03587368130683899
0.6919617056846619 0.37805843353271484 1.2556815147399902
-1.0358543395996094 0.42967459559440613 0.7413747310638428
0.18611635267734528 0.30535340309143066 -0.44534000754356384
-1.1240932941436768 0.3783492147922516 -1.0490429401397705
-2.109893560409546 0.30287906527519226 0.3354925215244293
-1.0119308233261108 0.47936269640922546 -0.18212652206420898
-0.17493680119514465 0.4098367691040039 -0.6820440888404846
-0.6243424415588379 0.6344858407974243 -0.5606556534767151
-1.1784958839416504 0.2981870770454407 -0.7440541982650757
-1.6214690208435059 0.37575238943099976 1.5745112895965576
-1.5594899654388428 0.3825294077396393 -0.41296902298927307
0.8409026265144348 0.5091185569763184 1.44829261302948
-1.8402098417282104 0.45872896909713745 1.277550458908081
-1.435991883277893 0.2930355668067932 1.358858346939087
0.9008680582046509 0.284677654504776 0.7163345217704773
-0.1737985908985138 0.3154577910900116 1.69304621219635
-1.5597996711730957 0.3212588429450989 0.07004697620868683
-0.23886215686798096 0.41306260228157043 -0.9451920986175537
0.3944246470928192 0.31768032908439636 1.401466727256775
0.8301266431808472 0.3256815969944 1.4702006578445435
-1.8871488571166992 0.428851842880249 1.107345461845398
0.8977513909339905 0.5881746411323547 1.1872152090072632
0.6267914175987244 0.6913973689079285 1.1845637559890747
-0.9126533269882202 0.4239092767238617 -1.0999174118041992
-1.1170885562896729 0.32278746366500854 0.26593807339668274
0.8334541320800781 0.6598013043403625 1.0268296003341675
0.8267902731895447 0.4665527641773224 1.1100423336029053
-1.232237458229065 0.3635493516921997 0.5849885940551758
-1.483421802520752 0.30419009923934937 0.39180874824523926
-0.6286203265190125 0.41573673486709595 1.6064058542251587
0.7239833474159241 0.46016988158226013 -0.12612123787403107
0.5706491470336914 0.531592071056366 1.4849730730056763
-2.062809467315674 0.36640068888664246 0.4971407353878021
-1.0989487171173096 0.5346776843070984 -0.7004155516624451
-0.6880064010620117 0.31688493490219116 -0.2668498158454895
0.8827577233314514 0.36868229508399963 1.339613437652588
-0.10945442318916321 0.8918862342834473 0.5260908007621765
-0.15238523483276367 0.3650723397731781 1.8064932823181152
-0.23708894848823547 0.543593168258667 -0.8220407962799072
-1.2608859539031982 0.5019022822380066 -1.012803077697754
-1.0810824632644653 0.3869476914405823 -0.3848405182361603
-1.7800055742263794 0.6166865825653076 0.5669288635253906
-0.7433050870895386 0.5470671653747559 -0.384355753660202
0.0838283970952034 0.9432542324066162 0.3949996829032898
-0.1298798769712448 0.43000733852386475 1.7538976669311523
-0.7155289053916931 0.3691311180591583 1.4728420972824097
-0.8912423253059387 0.6235119104385376 -0.5959649085998535
-0.5441185832023621 0.49478083848953247 1.7492623329162598
-0.6045050621032715 0.5999215841293335 0.6235013008117676
-1.9470152854919434 0.47121959924697876 0.9109137058258057
-0.36115291714668274 0.42259934544563293 1.7005892992019653
0.37796705961227417 0.9928397536277771 0.5762015581130981
-1.7873543500900269 0.43714743852615356 1.491899013519287
-1.4886027574539185 0.36957937479019165 0.735382080078125
0.7039490342140198 0.6053135991096497 0.9769487977027893
-1.4501934051513672 0.5335765480995178 -0.6998189687728882
-1.3770169019699097 0.38269129395484924 0.5858474969863892
-0.1873835027217865 0.7766135334968567 -0.8308097720146179
-0.5384379029273987 0.392132431268692 1.7577946186065674
0.4743182957172394 0.33803465962409973 1.501547932624817
-1.9047635793685913 0.36999520659446716 0.6061693429946899
-0.5902054309844971 0.3913502097129822 0.7225722670555115
-1.426550269126892 0.43501734733581543 0.03274989500641823
0.5246161818504333 1.1061089038848877 0.27296507358551025
-1.2568548917770386 0.3590353727340698 0.28203293681144714
-0.9919838905334473 0.40166765451431274 1.3183082342147827
-1.6670782566070557 0.38249796628952026 -0.36460578441619873
-1.3912262916564941 0.32787463068962097 -0.7250838875770569
-1.9440394639968872 0.4301285445690155 0.8327648639678955
0.34251657128334045 1.0114349126815796 0.46437332034111023
-0.15093763172626495 0.30733975768089294 1.2904491424560547
-0.8503599762916565 0.41304153203964233 1.1184985637664795
-0.9085150361061096 0.3719274401664734 -0.36724334955215454
-1.2606817483901978 0.40365031361579895 -0.07532592117786407
-1.3139894008636475 0.3602634072303772 0.14670579135417938
-1.1172819137573242 0.43312573432922363 1.1764805316925049
-0.3882260024547577 0.5802198052406311 -0.6091341376304626
-1.3208781480789185 0.4940456449985504 -0.47925376892089844
0.20469117164611816 0.8326834440231323 -0.400388240814209
0.21404825150966644 0.6909727454185486 1.4633630514144897
0.44026732444763184 1.1271250247955322 0.18449744582176208
-0.970352053642273 0.3015178442001343 1.1399952173233032
-0.8014429807662964 0.911383330821991 -0.16806110739707947
-0.7306976318359375 0.6076879501342773 1.082745909690857
0.2082943618297577 0.9630589485168457 -0.9919217824935913
0.5336868166923523 0.933249294757843 0.5418055057525635
0.15774284303188324 1.1666326522827148 0.31999629735946655
0.40994498133659363 0.7162667512893677 -0.4523577094078064
-1.017998218536377 0.32402539253234863 0.5515187978744507
0.6609774231910706 1.0872126817703247 0.21705181896686554
0.05638576298952103 0.9394499659538269 -1.0207642316818237
-0.2961859405040741 0.9183739423751831 -1.0200287103652954
-0.12426401674747467 0.59537672996521 1.6177114248275757
-0.26044121384620667 0.8388490676879883 -1.0311321020126343
0.37101686000823975 0.6949317455291748 -0.6456533074378967
0.44745200872421265 0.30034151673316956 -0.3193102180957794
-0.44197505712509155 0.7104044556617737 1.23799729347229
0.7865725159645081 0.8414016962051392 0.38115933537483215
-0.6463327407836914 0.383775919675827 1.458775520324707
0.28273022174835205 0.4987245798110962 1.3404529094696045
0.33665719628334045 0.5307233929634094 0.7161498069763184
0.1260395050048828 0.43692612648010254 -0.901353120803833
-0.7844797372817993 0.4546549618244171 0.7067262530326843
-0.7395834922790527 0.5519388914108276 0.14663241803646088
0.9005781412124634 0.7229028344154358 0.683793842792511
-0.052495263516902924 0.8427921533584595 0.8278987407684326
-0.6513194441795349 0.9460537433624268 1.3794894218444824
-0.6093048453330994 0.7233551144599915 0.03064296767115593
-0.01586872525513172 0.3890409767627716 -0.671045184135437
0.40244945883750916 0.2951105237007141 1.1258018016815186
-0.5048159956932068 0.8068190217018127 0.9473810195922852
-0.3936281204223633 0.900292158126831 1.5580744743347168
0.19398409128189087 0.70969158411026 -0.33484748005867004
0.3176647126674652 0.6739280819892883 0.40623119473457336
0.877935528755188 0.3904636800289154 0.19899886846542358
-0.15549534559249878 1.053012490272522 -0.03927120938897133
-0.2154773771762848 0.5486171245574951 0.36384227871894836
-0.5195742845535278 0.5910441279411316 1.388724446296692
-0.21986183524131775 0.3686228096485138 1.2529422044754028
0.7001833319664001 0.8450930714607239 0.11665160953998566
0.8700624108314514 0.652931809425354 0.4537411332130432
-0.013024726882576942 0.3518296480178833 -0.4657355844974518
0.608873188495636 0.7416437268257141 -0.27778398990631104
-0.9308501482009888 0.327872633934021 0.3472607433795929
-1.2432738542556763 0.7447706460952759 0.3838641345500946
0.7307811379432678 0.5255663990974426 -0.004026932641863823
-0.5656538009643555 0.5848594307899475 0.43550699949264526
0.41254714131355286 0.39952749013900757 0.84946608543396
0.1593298763036728 0.3772396743297577 0.7344140410423279
-0.3944593369960785 0.48882731795310974 -0.02399928867816925
-0.9913584589958191 0.6834735870361328 0.12950235605239868
-0.5213439464569092 0.4048611521720886 -0.22970077395439148
-0.25880202651023865 0.286684513092041 0.7968046069145203
0.03811655193567276 0.3644174039363861 1.1219524145126343
0.31748390197753906 0.4751860201358795 0.0013254620134830475
0.5818496942520142 0.2936933636665344 0.4773707091808319
-0.27643007040023804 0.7621496915817261 -0.37921807169914246
-0.11882412433624268 0.660866916179657 -0.2568463087081909
0.09064418822526932 0.8316094279289246 0.016450505703687668
-0.7905557155609131 0.7554019689559937 0.15927797555923462
-1.096119999885559 0.679627001285553 0.29276537895202637
-1.0203447341918945 0.7200702428817749 0.5156634449958801
-0.5852728486061096 0.8195457458496094 1.0243254899978638
-1.170844554901123 0.8425928950309753 0.5532325506210327
-0.04415728896856308 0.48393917083740234 0.6742453575134277
-1.3348159790039062 0.8497124910354614 0.23469513654708862
-1.2299952507019043 0.7202706336975098 0.13606230914592743
-0.44476941227912903 0.8652060031890869 0.877678632736206
-0.40849989652633667 0.29042425751686096 0.23368749022483826
-0.7842564582824707 0.8572410345077515 0.9983623027801514
-0.6305016279220581 0.9825924038887024 1.2709459066390991
-0.8955888152122498 0.8090774416923523 0.6065045595169067
-0.3934345841407776 0.9049639105796814 1.1534903049468994
-0.32772573828697205 0.9649027585983276 0.9534575939178467
-0.74542635679245 1.1178669929504395 1.1116671562194824
-1.159243106842041 1.0570248365402222 0.4991254508495331
-0.07468549907207489 0.5147284865379333 0.21878209710121155
-0.6105315685272217 0.8745542764663696 1.1846898794174194
-1.0102832317352295 0.7810940742492676 -0.03659476339817047
-1.1906991004943848 0.8355792760848999 -0.023414766415953636
-0.35804513096809387 2.427367687225342 0.7087618112564087
-0.29565680027008057 2.1770191192626953 0.49724888801574707
-0.4754364788532257 2.27616548538208 0.22879819571971893
-0.10926301032304764 2.5353798866271973 -0.05313459783792496
-0.4883236885070801 1.1208834648132324 0.8189597725868225
-0.6399831771850586 0.8322932720184326 0.813456654548645
-0.7703750729560852 1.0961599349975586 0.2523326575756073
-0.30110859870910645 2.325402021408081 0.033183421939611435
-0.5939168334007263 2.43009614944458 0.426800936460495
-0.7169694304466248 0.8910883069038391 0.12807372212409973
-1.2312084436416626 1.0578277111053467 0.09125816822052002
-0.5080695152282715 2.463914632797241 0.1004100814461708
-0.49992793798446655 2.293607473373413 0.4750048816204071
-1.012986421585083 1.185598611831665 0.30757078528404236
-0.9211558103561401 0.9934723377227783 -0.04504600912332535
-0.3866874575614929 1.104740858078003 1.1889798641204834
-0.06265576928853989 2.314943552017212 0.0023810220882296562
-0.7085537314414978 0.8652459383010864 0.4517861306667328
0.12187262624502182 2.271679401397705 0.1887996643781662
-0.8102371692657471 0.8828831911087036 0.7846296429634094
-0.8492996096611023 0.7107878923416138 0.3666777014732361
-0.045121416449546814 2.173771381378174 0.1329645961523056
0.041480280458927155 2.1838202476501465 0.3716433644294739
-0.11290780454874039 2.411003589630127 0.7061131596565247
0.17686982452869415 2.3219194412231445 0.4043961465358734
-0.07074559479951859 2.160311222076416 0.47017061710357666
-0.32849106192588806 2.1803104877471924 0.20088380575180054
-0.2172209620475769 2.1278533935546875 0.31067463755607605
-0.7792899012565613 3.4219346046447754 1.363045573234558
-0.3006555736064911 2.6733617782592773 0.028145968914031982
-0.2901710271835327 2.2582671642303467 0.6386081576347351
-0.5948139429092407 2.610999584197998 0.4443765878677368
0.14685627818107605 2.4692180156707764 0.09672936797142029
-0.8397403955459595 3.208186149597168 1.2209869623184204
-0.3763405680656433 3.8745014667510986 0.5521055459976196
-0.8400389552116394 3.282336473464966 1.3499221801757812
-0.4836646318435669 2.7194690704345703 0.22334012389183044
0.03913489729166031 2.451139211654663 0.6396068930625916
-0.8525862097740173 3.2481143474578857 1.251668930053711
-0.26126617193222046 3.885106325149536 0.46373409032821655
-0.22890783846378326 2.8007683753967285 0.49830543994903564
-1.2405503988265991 3.1520867347717285 -0.3847038149833679
-0.3341917097568512 2.639474630355835 0.6863104701042175
-1.2920728921890259 3.125999689102173 -0.4037722647190094
-0.9932669401168823 3.3506407737731934 1.2380144596099854
-0.48648688197135925 3.924398899078369 0.6385854482650757
-0.7901163697242737 3.2847514152526855 1.204784631729126
-0.2952629327774048 3.9240870475769043 0.7270705103874207
-0.2363583892583847 4.3564558029174805 0.1173643171787262
0.10126391053199768 2.6977698802948 0.2811150848865509
0.039181582629680634 4.329071044921875 0.6993662118911743
-0.5968517661094666 4.0171356201171875 0.6026877760887146
-0.09555160254240036 3.968702793121338 0.6349717378616333
-0.04233672842383385 4.155392169952393 0.7625593543052673
-0.34877249598503113 4.0601654052734375 0.19884833693504333
-0.08978170156478882 4.142149925231934 0.2824234366416931
-0.25270095467567444 4.054647445678711 0.8490965962409973
0.16481474041938782 2.5370876789093018 0.49914786219596863
-0.04190942645072937 4.065395355224609 0.46671879291534424
0.019368547946214676 4.325453281402588 0.39761701226234436
-0.6737348437309265 4.329269886016846 0.4040793478488922
-0.11046670377254486 2.810110330581665 0.2531238794326782
-0.41827183961868286 4.196025848388672 0.141502246260643
-0.5642989277839661 4.098270893096924 0.33996638655662537
-0.4384455680847168 4.319348335266113 0.9204109907150269
-0.4268607199192047 4.609024524688721 0.18629568815231323
-0.6725322604179382 4.222042560577393 0.626903235912323
-0.17186369001865387 4.621255874633789 0.21156622469425201
0.002773053478449583 4.530679702758789 0.3453928828239441
-0.11322064697742462 4.465205192565918 0.8199014663696289
-0.28990066051483154 3.919011354446411 0.297443151473999
-0.4666285216808319 4.486227989196777 0.3839089572429657
-0.048694632947444916 4.880329608917236 0.4760088324546814
-0.06838630139827728 4.733644485473633 0.7918949723243713
-0.4034089744091034 4.856742858886719 0.29168692231178284
0.01315009593963623 4.633578777313232 0.5803795456886292
-0.6551435589790344 4.484476566314697 0.6304829120635986
-0.47549018263816833 4.158213138580322 0.8618095517158508
-0.5946539044380188 4.793044090270996 0.673487663269043
-0.4044759273529053 4.8456292152404785 0.9133393168449402
-0.5824439525604248 4.854848384857178 0.4793354570865631
-0.49492937326431274 4.652365684509277 0.8305874466896057
-0.4582768380641937 5.205285549163818 0.4451490044593811
-0.36246103048324585 5.137258052825928 0.9430447220802307
-0.3420357406139374 4.50858736038208 0.9103996753692627
-0.13409781455993652 5.185274600982666 0.4632364511489868
-0.22725260257720947 4.908852577209473 0.9199135303497314
-0.2553552985191345 5.035433769226074 0.33609768748283386
-0.35474416613578796 5.501316547393799 0.4387999176979065
-0.3648248314857483 5.810309886932373 0.361213743686676
-0.22825755178928375 5.955634593963623 0.5150591135025024
-0.5573592185974121 5.30365514755249 0.6101872324943542
-0.5565546154975891 6.083970546722412 0.2046665996313095
-0.053924478590488434 4.992839813232422 0.8019182682037354
-0.33144140243530273 6.093441963195801 0.2913169264793396
-0.6736489534378052 5.987347602844238 0.31175410747528076
-0.54954594373703 5.652056694030762 0.4581638276576996
-0.5513667464256287 5.068972110748291 0.7749415040016174
-0.12752826511859894 5.436902046203613 0.6513615846633911
-0.06136367842555046 5.1957621574401855 0.7426404356956482
-0.26823294162750244 5.382223606109619 0.8983827829360962
-0.40785881876945496 6.322202682495117 0.1398419439792633
-0.5852963924407959 5.634011745452881 0.8104016780853271
-0.5063031315803528 5.410635948181152 0.8289010524749756
-0.2779534161090851 5.787400245666504 0.7830139398574829
-0.481170654296875 5.806103229522705 0.8694911003112793
-0.6973918080329895 5.799569129943848 0.4657946228981018
-0.2514210641384125 6.190962314605713 0.5480359792709351
-0.13018164038658142 5.643221378326416 0.5685203671455383
-0.3032337725162506 6.49555778503418 0.2406093031167984
-0.6367409825325012 6.357668399810791 0.12264872342348099
-0.29219645261764526 6.41569185256958 0.48432081937789917
-0.774101197719574 5.982534885406494 0.7057930827140808
-0.7001727819442749 5.820664405822754 0.6452785730361938
-0.6413801312446594 6.760545253753662 0.5317087769508362
-0.4951552152633667 6.717055797576904 0.6451846361160278
-0.8208496570587158 6.108091354370117 0.3502797782421112
-0.8864551186561584 6.349320411682129 0.4148542284965515
-0.660988450050354 6.685372352600098 0.11595991998910904
-0.8614107966423035 6.402440071105957 0.5651030540466309
-0.44092974066734314 6.049208641052246 0.8297179341316223
-0.40777015686035156 6.657328128814697 0.11358880251646042
-0.8370254635810852 6.164671897888184 0.6796022653579712
-0.7954592704772949 6.440159320831299 0.23169668018817902
-0.5234732627868652 6.979574680328369 0.19209729135036469
-0.0694732666015625 7.730923175811768 0.47147220373153687
-0.46012139320373535 6.373155117034912 0.7083362340927124
-0.6641490459442139 6.2901082038879395 0.7702311277389526
-0.896414041519165 8.01064395904541 0.38835129141807556
-0.9323322176933289 8.048430442810059 0.27475088834762573
0.10908407717943192 7.791959762573242 0.6999183297157288
-0.549646258354187 6.8075079917907715 0.4539121389389038
-0.177810937166214 7.15218448638916 0.19176483154296875
-0.34628206491470337 6.77664852142334 0.00026908889412879944
-0.22684036195278168 7.754717826843262 0.756504237651825
-0.35492390394210815 6.997876167297363 -0.050014860928058624
-1.0500528812408447 8.375114440917969 0.5633493065834045
-0.24910134077072144 6.8565802574157715 0.22577637434005737
-0.4078611135482788 6.54730224609375 0.6728383898735046
-0.5399072766304016 7.288737773895264 0.5273503065109253
-0.7597759962081909 8.004834175109863 0.43266403675079346
-0.7363572716712952 8.008695602416992 0.3151785135269165
-0.29456019401550293 7.8754658699035645 0.7311867475509644
-0.03208628296852112 7.727795124053955 0.699989378452301
-0.09403915703296661 7.728320598602295 0.7917235493659973
-1.007301688194275 8.266160011291504 0.2404714971780777
-0.3815200626850128 7.188676834106445 0.03734060376882553
-0.18748481571674347 7.025364398956299 0.15109975636005402
-0.7409462928771973 8.274971961975098 0.17734360694885254
-0.6525859832763672 8.237882614135742 0.5747281908988953
-0.5995391607284546 8.271440505981445 0.38687601685523987
-1.0414198637008667 8.11851978302002 0.41297486424446106
0.0268127229064703 7.7568535804748535 0.4662843942642212
-0.27432548999786377 7.759755611419678 0.5571628212928772
-0.8157653212547302 8.738322257995605 0.8155952095985413
-0.5869307518005371 8.752421379089355 0.5617899894714355
-0.6558101177215576 8.417109489440918 0.16611841320991516
-0.39339160919189453 9.06443977355957 0.2657446563243866
-0.9785609245300293 8.602754592895508 0.23058916628360748
-0.7620517611503601 8.887843132019043 0.4673543870449066
-0.7538001537322998 8.722940444946289 0.04233667254447937
-0.7418696284294128 8.609895706176758 0.743161678314209
-0.9968205094337463 8.733742713928223 0.7467992901802063
-0.9081005454063416 9.055401802062988 0.28560081124305725
-0.9870091676712036 8.380621910095215 0.7189202904701233
-0.9741436839103699 8.728490829467773 0.2234799861907959
-0.02914309874176979 8.018921852111816 0.6312922835350037
-0.6176301836967468 8.825082778930664 0.09620358049869537
-0.37087011337280273 9.055235862731934 -0.051861125975847244
-0.3637210428714752 8.895833015441895 0.13515904545783997
-0.8666326403617859 8.197131156921387 0.6868715882301331
-0.5799928903579712 8.607440948486328 0.35800912976264954
-0.3778449296951294 8.911242485046387 0.23303215205669403
-0.7347530722618103 8.954922676086426 0.9436488747596741
-0.913528323173523 9.058399200439453 0.8182098269462585
0.2049909383058548 9.995296478271484 1.0400190353393555
-1.0848098993301392 8.650885581970215 0.5703559517860413
-0.5423018932342529 8.894050598144531 0.6700226664543152
-0.03379097953438759 10.020875930786133 1.159666657447815
-0.5637902021408081 9.622771263122559 0.8569322824478149
-0.24477539956569672 8.99666690826416 0.21172644197940826
-0.7735246419906616 9.124409675598145 -0.031101740896701813
-0.5544132590293884 9.233370780944824 -0.075309619307518
-0.7688695788383484 9.110414505004883 0.16251689195632935
-0.6585745215415955 9.100244522094727 0.8111012578010559
-0.8356590867042542 9.436139106750488 0.039025016129016876
0.016138654202222824 9.300348281860352 0.08572981506586075
0.07825390249490738 9.355387687683105 -0.03418269753456116
-0.647348940372467 9.37243938446045 0.2203446626663208
0.25344160199165344 9.98123836517334 1.0820751190185547
-0.823671817779541 9.370856285095215 0.7581095695495605
-0.7689428329467773 9.530149459838867 0.7490916848182678
-0.5600451827049255 9.300116539001465 0.9568250775337219
-0.629078209400177 9.238565444946289 0.7618534564971924
-0.03179628774523735 9.334420204162598 0.0971757173538208
-0.12908384203910828 10.059341430664062 0.9943162202835083
-0.5874759554862976 9.61008071899414 -0.007222745567560196
0.18806582689285278 9.9414701461792 1.1994225978851318
-0.7357126474380493 9.493481636047363 -0.04091465473175049
0.14481136202812195 9.63673210144043 0.01896432787179947
-0.015267249196767807 10.009429931640625 0.7906558513641357
0.023625491186976433 10.214131355285645 1.3649619817733765
-0.7058737277984619 9.650030136108398 0.9470982551574707
-0.23079834878444672 10.253253936767578 0.9672151207923889
-0.6963819265365601 9.68681526184082 1.0308189392089844
-0.8621639013290405 9.70689582824707 0.010373029857873917
0.28347182273864746 10.111014366149902 1.24977445602417
-0.28715193271636963 10.159481048583984 1.0315748453140259
0.3619067072868347 10.266582489013672 1.0616182088851929
-0.25637948513031006 10.278902053833008 0.7316431403160095
-0.9146361351013184 10.362238883972168 -0.14057359099388123
0.23914115130901337 10.450140953063965 1.22660231590271
-0.7884578108787537 10.497394561767578 -0.0795951634645462
0.09517104178667068 10.347396850585938 0.8008133769035339
0.3427053987979889 10.366201400756836 0.2683224678039551
0.21601542830467224 10.538804054260254 -0.34470081329345703
-0.8109011650085449 10.519489288330078 0.014498425647616386
0.04856518656015396 10.529101371765137 0.7975035309791565
-0.0520164780318737 10.617795944213867 0.8354083895683289
-0.2661724388599396 10.610733032226562 0.7103136777877808
-1.0080232620239258 10.622593879699707 0.02857533097267151
0.1715211123228073 10.387960433959961 0.6534207463264465
-0.6422569155693054 10.456070899963379 0.8888920545578003
0.224944606423378 10.39161205291748 0.9313259124755859
-1.0677300691604614 10.663602828979492 -0.06360480189323425
-0.30469202995300293 10.473043441772461 0.8169187903404236
-0.7124163508415222 10.625500679016113 0.014223483391106129
-0.2655740976333618 10.692344665527344 0.5800443291664124
-0.3960435092449188 10.873933792114258 -0.02452922612428665
-0.5064534544944763 11.0070219039917 -0.19196689128875732
-0.5193031430244446 10.811641693115234 -0.00797066930681467
-0.8970836997032166 10.845890998840332 -0.08273947238922119
-0.39811739325523376 10.75110912322998 0.4974699914455414
-1.1329865455627441 10.974258422851562 1.4511995315551758
-0.5141887664794922 11.00574779510498 0.11570491641759872
-0.478130966424942 11.167342185974121 -0.021226052194833755
-1.0715526342391968 11.064521789550781 0.7888410091400146
-0.24348297715187073 11.178169250488281 -0.01834661141037941
-0.8033304810523987 11.110084533691406 0.7325247526168823
-0.08610253036022186 10.962194442749023 1.0862298011779785
0.19579777121543884 11.228438377380371 -0.06598030030727386
-0.2000582367181778 11.245522499084473 -0.156964972615242
-0.8237283825874329 11.097652435302734 0.7774362564086914
-0.06560511887073517 11.141847610473633 -0.18148130178451538
-0.16702117025852203 11.362960815429688 -0.18062621355056763
-0.3065280020236969 11.176351547241211 0.4619669020175934
-0.7656313180923462 11.303327560424805 -0.36308419704437256
-1.2818740606307983 11.2340669631958 1.520569920539856
-0.07409724593162537 11.308398246765137 0.665569543838501
-0.5284029841423035 11.334188461303711 -0.2856777608394623
0.19100183248519897 11.330727577209473 1.254944920539856
0.28434768319129944 11.366395950317383 -0.18385003507137299
-0.10901185125112534 11.404268264770508 0.1795177012681961
-1.3503731489181519 11.342888832092285 0.4650459587574005
-0.7027770280838013 11.35416316986084 0.0976734310388565
-0.21804721653461456 11.418415069580078 1.0301512479782104
0.2459227591753006 11.388833999633789 -0.0869651734828949
-0.9062997102737427 11.476929664611816 -0.4951062798500061
-0.1798388510942459 11.4367094039917 1.1340043544769287
0.36939719319343567 11.521011352539062 0.5458784699440002
-0.20745183527469635 11.51853084564209 1.2028895616531372
-0.3114732503890991 11.524287223815918 0.05624739080667496
0.041534826159477234 11.533523559570312 -0.3793896734714508
-1.0163947343826294 11.549968719482422 -0.2654588222503662
-0.3799768090248108 11.548434257507324 -0.3251407742500305
0.2847093343734741 11.552484512329102 0.850033164024353
-1.0272237062454224 11.569938659667969 0.21695488691329956
0.14658817648887634 11.580402374267578 -0.11806800216436386
