1300
-2.3863754272460938 0.2845063805580139 1.595057487487793
-2.386474609375 0.28460633754730225 -0.7613284587860107
-2.3863744735717773 0.5632696747779846 0.6174640655517578
0.9210299253463745 0.5337662696838379 -0.8943812251091003
-2.1425375938415527 0.284606397151947 0.03037591278553009
-1.3401918411254883 0.2846062183380127 -1.205398678779602
-0.46101242303848267 0.284606397151947 1.258202075958252
-1.0540194511413574 0.284606397151947 -0.954777717590332
-0.9700546264648438 0.2846062183380127 -1.2053987979888916
0.9210305213928223 0.2845063805580139 -1.2053391933441162
-2.386474609375 0.2846064567565918 -0.26338720321655273
-2.386474609375 0.2846064567565918 0.2740192413330078
-2.386474609375 0.2846062183380127 -0.4924173355102539
-1.7947471141815186 0.28460609912872314 2.141308307647705
-2.386474609375 0.28460657596588135 -0.01669895648956299
-2.3863754272460938 0.2845063805580139 0.6789770126342773
0.6583870649337769 0.2845063805580139 -1.2052973508834839
-0.5587577819824219 0.2846066951751709 -1.2053989171981812
-2.1111502647399902 0.284606397151947 1.3473790884017944
0.12201365828514099 0.2846064269542694 2.141308307647705
0.9211299419403076 0.2846064567565918 -0.8917577266693115
0.9211299419403076 0.2846064567565918 -0.7480504512786865
-2.386474609375 0.28460657596588135 0.11822199821472168
-1.581878900527954 0.284606397151947 1.8911874294281006
-0.43735384941101074 0.2846064567565918 -1.2053989171981812
-2.372873306274414 0.28461015224456787 2.141308307647705
-2.386474609375 0.2846066951751709 -0.1362314224243164
0.9211299419403076 0.2846064567565918 -0.9995691776275635
-2.175138235092163 0.284606397151947 1.715499997138977
-1.0963637828826904 0.2846064567565918 -1.205398678779602
0.9211300611495972 0.2846064567565918 1.3664928674697876
0.9210300445556641 0.5532065033912659 1.5317586660385132
-1.930193543434143 0.284606397151947 1.726243257522583
-2.3863744735717773 0.5314005017280579 1.7765302658081055
-2.1822919845581055 0.2845063805580139 2.141206741333008
0.9210301637649536 0.2845063805580139 -0.6773472428321838
-2.386474609375 0.284606397151947 -0.6408675909042358
0.9211035370826721 0.2846064567565918 -1.2053993940353394
-2.386474609375 0.2846065163612366 -0.875438928604126
-1.9503498077392578 0.2845063805580139 2.141207695007324
0.921032726764679 0.2845063805580139 0.8815364837646484
-1.4512109756469727 0.2845063805580139 -1.205301284790039
0.2829577624797821 0.284606397151947 1.5796751976013184
-0.6085368990898132 0.284606397151947 -1.0074779987335205
0.38734006881713867 0.2846066951751709 -1.2053991556167603
-2.386474370956421 0.28458094596862793 2.1412088871002197
-2.2285237312316895 0.284606397151947 0.9703313708305359
-0.4896082878112793 0.284606397151947 -0.8403791785240173
-2.386474609375 0.581105649471283 -1.2052981853485107
-2.386474609375 0.28460657596588135 -1.2053513526916504
-1.7548038959503174 0.284606397151947 -0.566738486289978
-1.542537808418274 0.284606397151947 -0.9403280019760132
-2.3863744735717773 0.2845063805580139 1.6904277801513672
-2.026854991912842 0.284606397151947 -0.7036426067352295
0.9210309982299805 0.2845063805580139 2.036374092102051
-1.906540036201477 0.284606397151947 1.3578262329101562
0.3402015268802643 0.284606397151947 -0.9378525614738464
-1.539872169494629 0.2845063805580139 -1.205301284790039
-2.386474609375 0.2846064567565918 0.5208239555358887
-1.706114411354065 0.284606397151947 -0.7575397491455078
-0.08709339052438736 0.28623059391975403 -1.1603587865829468
-1.2930772304534912 0.284606397151947 -1.0191504955291748
-1.875401496887207 0.2845063805580139 -1.2052984237670898
-2.3864362239837646 0.2846066951751709 -1.2053983211517334
0.9210309982299805 0.2845063805580139 1.7751188278198242
-2.386474370956421 0.2846064567565918 1.800088882446289
-2.05832839012146 0.284606397151947 1.901410698890686
0.9210309982299805 0.2845063805580139 1.1036262512207031
-0.11368179321289062 0.2845063805580139 2.1412057876586914
-2.386474609375 0.28460657596588135 -0.3761695623397827
0.5588440895080566 0.2846064269542694 2.141308307647705
0.9210299849510193 0.2845958471298218 2.141308307647705
-2.386474370956421 0.2846066951751709 1.485912561416626
0.9210309982299805 0.2845063805580139 1.6776466369628906
0.7270890474319458 0.284606397151947 2.0971012115478516
-1.221872329711914 0.2845063805580139 -1.205301284790039
-1.989628791809082 0.284606397151947 -0.14393144845962524
0.9210329055786133 0.2845063805580139 1.4663829803466797
0.9211300611495972 0.284606397151947 1.5738950967788696
-1.8880552053451538 0.284606397151947 1.1548256874084473
-2.1451730728149414 0.284606397151947 0.7371309995651245
-1.3176813125610352 0.2845063805580139 2.141207695007324
0.9210313558578491 0.2845063805580139 -0.5837823152542114
0.9210299849510193 0.2845515310764313 2.141308307647705
-2.386474370956421 0.2846066951751709 0.9380156993865967
-1.7711772918701172 0.2845063805580139 -1.205301284790039
-1.3397860527038574 0.284606397151947 -0.8116129040718079
0.9211300611495972 0.2846065163612366 1.8799452781677246
0.25247451663017273 0.7726525664329529 2.1412081718444824
-0.37380504608154297 0.2845063805580139 2.141207695007324
-0.013552665710449219 0.2845063805580139 -1.2052977085113525
-1.6744070053100586 0.2845063805580139 -1.205301284790039
-1.9902875423431396 0.284606397151947 -0.9224281311035156
-1.884131669998169 0.5635823011398315 -1.2052985429763794
0.5836536288261414 0.284606397151947 0.48719552159309387
-1.4521838426589966 0.2846081256866455 2.141308307647705
-1.9558568000793457 0.2846064567565918 -1.205398440361023
-0.6635169982910156 0.2845063805580139 2.141207695007324
-2.386474370956421 0.6774613857269287 2.1412086486816406
-2.386474370956421 0.2846062183380127 1.307523250579834
-0.7728643417358398 0.2845063805580139 2.141207695007324
0.9210329055786133 0.2845063805580139 0.6532146334648132
-2.3863754272460938 0.2845063805580139 1.9182920455932617
-2.092041015625 0.284606397151947 1.1604881286621094
0.9210295677185059 0.2845063805580139 0.04059365391731262
-2.3615119457244873 0.2846064567565918 -1.2053983211517334
-2.3863744735717773 0.4988384544849396 1.2402679920196533
-0.6947731375694275 0.2845063805580139 -1.2053000926971436
-0.8817834854125977 0.2845063805580139 2.141207695007324
-2.386474370956421 0.2846064567565918 1.1811983585357666
-0.9747990965843201 0.284606397151947 1.7137776613235474
-2.3863742351531982 0.7961733341217041 -1.2053983211517334
0.9211300015449524 0.28460657596588135 0.12912797927856445
-2.1671016216278076 0.284606397151947 0.4795452356338501
-1.6892108917236328 0.2845063805580139 2.141207695007324
-2.386474609375 0.28460657596588135 -1.0061309337615967
-2.1503889560699463 0.2846064567565918 -1.205398440361023
-2.3863773345947266 0.2845063805580139 1.0606212615966797
0.9210299253463745 0.5641440153121948 -0.5832964181900024
-0.6288543939590454 0.284606397151947 1.907982587814331
-1.3236597776412964 0.284606397151947 1.8741779327392578
-1.7736024856567383 0.284606397151947 -0.956696093082428
-2.2240121364593506 0.284606397151947 -0.8702506422996521
-2.222489595413208 0.284606397151947 -0.21756796538829803
-1.808607578277588 0.284606397151947 1.8723126649856567
-0.8955049514770508 0.2846066951751709 -1.2053987979888916
-2.027132034301758 0.2846066951751709 -1.205398440361023
0.0679560974240303 0.6022673845291138 -1.2052991390228271
0.4082072079181671 0.2846064269542694 2.141308307647705
0.9210299253463745 0.7665700316429138 -1.2053993940353394
-1.5723752975463867 0.2845063805580139 2.141206741333008
-2.3863723278045654 0.9061762690544128 -1.2053982019424438
-2.05257511138916 0.2845063805580139 2.141206741333008
-0.35119056701660156 0.2846064567565918 -1.2053989171981812
0.9211300611495972 0.2846066951751709 1.2139345407485962
0.5935219526290894 0.284606397151947 -0.15677207708358765
0.9210299253463745 0.5319103598594666 -1.2053993940353394
-1.9620527029037476 0.284606397151947 0.6088113784790039
0.921029806137085 0.2845063805580139 -0.25617530941963196
0.2707662582397461 0.2846064567565918 -1.2053991556167603
-0.8134396076202393 0.2846064567565918 -1.2053987979888916
-0.005924433469772339 0.2846064269542694 2.141308307647705
-0.2685563564300537 0.2846064567565918 -1.2053990364074707
0.8258376121520996 0.2845063805580139 -1.205296277999878
0.5645883679389954 0.284606397151947 -0.9464946985244751
-0.8675833344459534 0.284606397151947 1.942617654800415
0.921029269695282 0.2845063805580139 0.2501491606235504
-1.0824308395385742 0.2845063805580139 2.141207695007324
0.2867431640625 0.2845063805580139 2.141207695007324
0.43744957447052 0.284606397151947 1.24195396900177
0.11044847965240479 0.2846064567565918 -1.2053990364074707
-2.386375665664673 0.8968813419342041 2.141308307647705
-1.6707665920257568 0.554548978805542 -1.2052985429763794
0.9211300015449524 0.28460657596588135 0.5530519485473633
-0.2922927439212799 0.284606397151947 1.7283018827438354
-1.8704754114151 0.28460609912872314 2.141308307647705
-0.6384289264678955 0.5014033913612366 -1.205298900604248
0.5404236316680908 0.28460633754730225 -1.2053992748260498
0.4053843319416046 0.284606397151947 1.9260698556900024
-0.5813530683517456 0.2846064269542694 2.141308307647705
-0.4896821975708008 0.2845063805580139 2.141207695007324
0.4690662622451782 0.2845063805580139 -1.2052993774414062
-0.1208018884062767 0.284606397151947 0.9545624852180481
0.6763211488723755 0.284606397151947 -0.332910418510437
0.18710005283355713 0.2845063805580139 -1.2052994966506958
0.028876446187496185 0.284606397151947 0.08218901604413986
-1.2012825012207031 0.2845063805580139 2.141207695007324
-0.13644395768642426 0.284606397151947 1.8984800577163696
0.9210296869277954 0.2845063805580139 -0.0581459142267704
0.9210292100906372 0.2845063805580139 0.7829809784889221
0.10914193093776703 0.284606397151947 -0.9074780941009521
0.9210314750671387 0.2845063805580139 -0.47986045479774475
-1.8896002769470215 0.284606397151947 0.2451297789812088
-2.3863744735717773 0.2845063805580139 0.40018558502197266
0.9211300015449524 0.2846064567565918 -0.3692476749420166
0.27939096093177795 0.284606397151947 -0.6026451587677002
0.6361179947853088 0.284606397151947 1.4789185523986816
0.9210299849510193 0.3157625198364258 2.141308307647705
-0.29357048869132996 0.284606397151947 -0.7262881994247437
-1.5194213390350342 0.284606397151947 -0.7405466437339783
-0.8186274766921997 0.284606397151947 -0.9164550304412842
0.14809952676296234 0.284606397151947 1.7069132328033447
-0.05700948089361191 0.284606397151947 1.723597526550293
0.7237957119941711 0.284606397151947 -0.791460394859314
0.9210285544395447 0.2845063805580139 0.42692500352859497
-0.3005727231502533 0.284606397151947 -0.9233136773109436
-0.10406559705734253 0.284606397151947 -0.6772517561912537
0.6436206698417664 0.284606397151947 -0.5651620030403137
-1.385088562965393 0.284606397151947 -0.6111342906951904
-2.1006479263305664 0.284606397151947 0.24954822659492493
-1.9274026155471802 0.284606397151947 0.7978664040565491
-0.977394163608551 0.5559338331222534 2.1412081718444824
-2.0844621658325195 0.284606397151947 1.541093111038208
0.7035807371139526 0.284606397151947 1.6758447885513306
-2.386474609375 0.28460633754730225 -0.5698593854904175
-2.123241424560547 0.284606397151947 -0.5634508728981018
0.9211300611495972 0.2846064567565918 1.2847602367401123
0.054318394511938095 0.284606397151947 -0.5622698068618774
-1.9003379344940186 0.284606397151947 1.5582219362258911
-2.38645601272583 0.28460609912872314 2.141308307647705
-1.8064056634902954 0.284606397151947 0.9517619609832764
0.4863624572753906 0.2845063805580139 2.1412086486816406
0.9211301207542419 0.8338192105293274 2.1412346363067627
-2.3863744735717773 0.7393262982368469 1.8853483200073242
-2.3863744735717773 0.2845063805580139 0.8534269332885742
-0.8414239883422852 0.284606397151947 -0.455242782831192
-0.27010250091552734 0.2845063805580139 2.141207695007324
-1.8702363967895508 0.284606397151947 -0.754021167755127
-2.386474609375 0.44309109449386597 -1.2052981853485107
-1.7281209230422974 0.284606397151947 1.692146897315979
-2.3863744735717773 0.5606610774993896 -0.39138472080230713
-2.3863744735717773 0.5682882070541382 -0.8939207196235657
-1.5429896116256714 0.284606397151947 1.3347012996673584
-1.4785783290863037 0.284606397151947 1.1479945182800293
-2.3863744735717773 1.1447631120681763 -1.1834908723831177
-1.3907592296600342 0.5217681527137756 -1.205298662185669
-2.3863754272460938 0.2845063805580139 0.19300174713134766
-0.5700752139091492 0.7333903312683105 -1.205298900604248
-2.0449891090393066 0.284606397151947 -0.36822447180747986
-1.8757349252700806 0.284606397151947 -0.2810306251049042
-2.3863744735717773 0.6034953594207764 1.0608433485031128
-1.9423054456710815 0.284606397151947 0.05701325461268425
-1.9012099504470825 0.284606397151947 -0.519842803478241
-0.7903580069541931 0.284606397151947 1.7347561120986938
0.5125415325164795 0.284606397151947 -0.7288309931755066
-1.5750924348831177 0.284606397151947 -0.5425260066986084
0.9211299419403076 0.6490030288696289 -1.2052991390228271
-1.7377064228057861 0.284606397151947 1.274118185043335
-1.9556819200515747 0.284606397151947 0.4237389862537384
0.5626593232154846 0.5694579482078552 -1.2052992582321167
0.08682505786418915 0.284606397151947 -0.23917241394519806
0.20403817296028137 0.2846064269542694 2.141308307647705
0.9210281372070312 0.2845063805580139 0.9906539916992188
0.3046654462814331 0.284606397151947 0.5138055086135864
-2.3863744735717773 1.021317720413208 -1.2053983211517334
-1.118093490600586 0.5172971487045288 -1.2052987813949585
-0.9850339889526367 0.2845063805580139 2.141207695007324
-0.9537618160247803 0.284606397151947 -0.7711251974105835
-1.32008957862854 0.284606397151947 1.6852054595947266
-2.3863744735717773 0.48291465640068054 -0.11045563220977783
0.9211299419403076 0.39280056953430176 -1.205298900604248
-1.8543906211853027 0.7188304662704468 2.1412081718444824
-1.1395633220672607 0.284606397151947 1.2996959686279297
-2.386474370956421 0.5620551109313965 2.1412086486816406
-1.73036527633667 0.284606397151947 -0.33814358711242676
0.9211301207542419 0.4857965409755707 2.1412081718444824
-1.5027495622634888 0.284606397151947 1.7218512296676636
0.07785921543836594 0.284606397151947 0.4760195314884186
-1.1698158979415894 0.284606397151947 0.9069220423698425
-2.3863744735717773 0.810023307800293 -0.918367862701416
-1.0224671363830566 0.284606397151947 1.5160328149795532
-2.386474609375 0.6937646269798279 -1.2052984237670898
-2.3863768577575684 0.44876694679260254 2.141308307647705
-2.3860387802124023 1.0949554443359375 2.135551929473877
-2.386474370956421 0.7882909774780273 2.1412086486816406
-0.484517902135849 0.6153910160064697 2.1412081718444824
-0.15444527566432953 0.5652021169662476 -1.2052990198135376
0.9210300445556641 0.5591059327125549 0.9825406074523926
-2.386474609375 0.28460657596588135 0.6204056739807129
0.9211301207542419 0.6133205890655518 2.1412084102630615
0.6749086976051331 0.7637084722518921 -1.2052993774414062
-0.1893291473388672 0.2845063805580139 2.1412057876586914
0.9210300445556641 0.5569308400154114 1.7647194862365723
0.9211300015449524 0.2846064567565918 0.3445923328399658
0.9210293292999268 0.2845063805580139 -0.1634105145931244
-2.3863744735717773 0.661800742149353 0.012353193946182728
-0.9612402319908142 0.284606397151947 0.05774733051657677
-1.9551267623901367 0.7556036710739136 -1.2052985429763794
-2.3863744735717773 0.559264063835144 -0.664146900177002
-1.2214163541793823 0.284606397151947 1.479142427444458
-1.3737725019454956 0.284606397151947 -0.4188671112060547
-2.386474370956421 0.2846064567565918 1.3941750526428223
-0.04903918877243996 0.284606397151947 -0.388649046421051
0.4742472171783447 0.284606397151947 -0.3486313223838806
0.1118435487151146 0.284606397151947 1.908751368522644
-0.5311436653137207 0.284606397151947 -0.6645453572273254
-1.801181674003601 0.284606397151947 -0.0879049226641655
0.9211301207542419 0.9341803789138794 2.141209602355957
-0.8527560234069824 0.584153413772583 -1.205298900604248
0.9210300445556641 0.5465120077133179 0.6852043271064758
-1.6955987215042114 0.284606397151947 1.0926289558410645
-2.0005316734313965 0.5677304267883301 2.1412081718444824
-2.3863744735717773 0.5383211374282837 0.8457021713256836
-1.3840322494506836 0.2845063805580139 2.141207695007324
-2.3863744735717773 0.6855384111404419 -0.24594010412693024
-1.4030141830444336 0.284606397151947 1.50041663646698
-2.1188738346099854 0.5938825011253357 -1.2052984237670898
-0.7143393158912659 0.630342960357666 2.1412081718444824
-0.6718919277191162 0.284606397151947 1.6002358198165894
-0.3530615568161011 0.284606397151947 -0.11750499904155731
0.6323274374008179 0.5833314061164856 2.1412081718444824
0.9210386276245117 0.8837807178497314 -1.2053993940353394
0.9210382699966431 0.9898688793182373 -1.2053993940353394
0.9210299849510193 0.5831769108772278 -0.36898717284202576
0.9210300445556641 0.7394254207611084 1.8811638355255127
-2.3863744735717773 0.5940781235694885 0.4097948670387268
0.9210299253463745 0.6700605750083923 -0.753846287727356
0.9210300445556641 0.7354894280433655 1.643067479133606
0.9210299849510193 0.5690017342567444 0.18687261641025543
-1.2506390810012817 0.284606397151947 -0.28184062242507935
0.4202594459056854 0.284606397151947 -0.11627775430679321
-2.3863744735717773 0.7558599710464478 1.7077994346618652
0.6247796416282654 0.284606397151947 1.2380377054214478
0.03959209471940994 0.284606397151947 1.5569889545440674
0.42309051752090454 0.6108713746070862 2.1412081718444824
0.9210299253463745 0.7975472807884216 -0.9491209387779236
-2.075603485107422 0.7437133193016052 2.1412081718444824
-1.2247605323791504 0.5881600379943848 2.1412081718444824
0.9210300445556641 0.7315451502799988 2.141308307647705
-0.1699848175048828 0.2845063805580139 2.692523956298828
-1.782073736190796 0.284606397151947 0.4074003994464874
0.5690807700157166 0.284606397151947 1.8185244798660278
0.9210300445556641 0.6016320586204529 1.2352596521377563
0.9210299849510193 0.7511836290359497 0.2765524089336395
0.9210300445556641 0.9343698024749756 1.8056535720825195
-2.009094715118408 0.9241303205490112 2.1412081718444824
-2.3863744735717773 0.5527108311653137 1.536982774734497
-1.3355520963668823 0.284606397151947 1.2741492986679077
-0.8354938626289368 0.284606397151947 1.5270839929580688
-2.3863744735717773 0.6995239853858948 1.2969003915786743
-2.3863744735717773 0.7328429818153381 1.5189762115478516
-2.3863744735717773 0.7453837394714355 -0.7482930421829224
-1.1089181900024414 0.284606397151947 1.8810021877288818
0.22592373192310333 0.5794987678527832 2.1412081718444824
-0.6893734335899353 0.284606397151947 -0.7629604935646057
-1.7391940355300903 0.284606397151947 1.4927878379821777
-2.3863744735717773 0.7541820406913757 0.9459238648414612
-1.7624324560165405 0.284606397151947 0.1291208267211914
-1.4505200386047363 0.5914442539215088 2.1412081718444824
-0.38553449511528015 0.284606397151947 1.8993122577667236
-0.854245662689209 0.749839723110199 2.5654103755950928
-1.4639251232147217 0.284606397151947 0.2859557569026947
-1.1646919250488281 0.284606397151947 -0.7793949246406555
-1.2887486219406128 1.1061607599258423 2.1412081718444824
-0.4158564507961273 0.5870493650436401 -1.2052990198135376
-1.2568063735961914 0.695627748966217 -1.205298662185669
-2.3863744735717773 0.9098289608955383 1.389351725578308
-2.1121864318847656 0.8611562252044678 -1.2052984237670898
-2.3863744735717773 1.0280423164367676 1.808009386062622
0.7233158946037292 0.284606397151947 0.657023012638092
-0.04484596103429794 0.6060484051704407 2.1412081718444824
0.10259745270013809 0.284606397151947 -0.7284119725227356
-0.010941371321678162 0.7497397065162659 2.5671627521514893
0.2893405556678772 0.5745433568954468 -1.2052991390228271
-2.3863744735717773 0.7702264189720154 0.5681265592575073
0.9210299849510193 0.554659903049469 -0.134589284658432
0.37197187542915344 1.2018828392028809 2.1412081718444824
-2.0587964057922363 0.9355924129486084 0.0423472560942173
-1.4891177415847778 0.6995371580123901 -1.205298662185669
0.6615928411483765 0.284606397151947 0.04037632793188095
-0.14107990264892578 0.2845063805580139 -1.205297827720642
-0.6350059509277344 0.284606397151947 2.6925244331359863
0.9210299849510193 0.5880606174468994 0.4550008475780487
-1.9761766195297241 0.8905699253082275 1.7812732458114624
-1.1659023761749268 0.284606397151947 0.30144503712654114
-2.062361001968384 0.8579119443893433 -0.25948014855384827
-1.618506669998169 0.7321926355361938 2.1412081718444824
0.44758641719818115 0.284606397151947 1.431732416152954
0.4901844561100006 0.8742871284484863 -1.2052992582321167
-2.020209789276123 1.3199173212051392 -1.1369516849517822
-1.6254422664642334 0.284606397151947 0.5902377963066101
-1.7885968685150146 0.284606397151947 0.6385672688484192
-1.6406761407852173 0.284606397151947 -0.0981665700674057
-1.0524852275848389 0.7467371225357056 2.1412081718444824
-1.6945865154266357 0.284606397151947 0.8138766884803772
-1.7718415260314941 0.9045310020446777 2.1412081718444824
-2.3863744735717773 0.8273959755897522 -0.11334682255983353
0.4524783790111542 0.284606397151947 -0.5516512989997864
-1.5989311933517456 0.284606397151947 0.14037048816680908
-2.3863744735717773 1.1227720975875854 -0.9493669867515564
0.39445173740386963 0.7132010459899902 -1.2052992582321167
-1.7337533235549927 0.562953531742096 2.1412081718444824
0.9210299849510193 0.6910959482192993 0.009667117148637772
0.9210299849510193 0.748375415802002 -0.2368578463792801
-1.5684528350830078 0.284606397151947 1.5517501831054688
-1.9923505783081055 0.284606397151947 0.9827222228050232
0.4855254590511322 0.284606397151947 1.6129248142242432
-2.3863744735717773 0.7620058655738831 0.7475826740264893
-0.8551779985427856 0.749839723110199 2.4937663078308105
-0.48156413435935974 0.287345290184021 2.6930713653564453
-0.8509441018104553 0.284606397151947 1.155718445777893
0.4482141435146332 0.284606397151947 0.3586524724960327
-2.047229766845703 0.706997275352478 -0.6231869459152222
-1.769777536392212 0.7530480027198792 -1.2052985429763794
-2.3863744735717773 0.7272186875343323 -0.5133295059204102
-1.3438668251037598 0.7690896987915039 2.1412081718444824
-2.3863744735717773 0.5615983009338379 0.2053956836462021
-1.3335487842559814 0.284606397151947 0.16312935948371887
-1.3819752931594849 0.8835643529891968 -1.205298662185669
-1.3482301235198975 0.284606397151947 0.41348469257354736
-0.278237909078598 0.6270346641540527 2.1412081718444824
-2.3863744735717773 0.8335340619087219 1.1697337627410889
-1.4952253103256226 0.284606397151947 0.7711502313613892
-2.0594849586486816 0.8879311680793762 1.0035494565963745
0.343034029006958 0.284606397151947 1.7525681257247925
0.5704694390296936 1.104307770729065 -1.2052992582321167
-1.5300883054733276 0.284606397151947 0.9787136316299438
-1.3672651052474976 0.8148974180221558 1.8572975397109985
-0.542466938495636 0.284606397151947 1.7279088497161865
-2.066012382507324 0.8512173891067505 -0.8217290043830872
-2.298962116241455 1.2274309396743774 -1.2052984237670898
-0.9347747564315796 0.2964235842227936 3.3587191104888916
-0.33000147342681885 0.284606397151947 3.8155019283294678
-1.1787124872207642 0.8942631483078003 2.1412081718444824
-2.040405511856079 0.8464418053627014 1.500046968460083
-1.8682349920272827 0.6873481869697571 1.8109581470489502
-1.6189889907836914 0.284606397151947 0.3776889145374298
0.6057640910148621 0.809688150882721 2.1412081718444824
-0.33290717005729675 0.2895223796367645 2.693617105484009
0.9179311990737915 1.151105284690857 2.1412081718444824
0.3182520270347595 0.284606397151947 1.0766401290893555
-1.4330036640167236 0.284606397151947 -0.18820342421531677
0.4366752803325653 0.8556786179542542 2.1412081718444824
-0.5539453029632568 0.284606397151947 -0.33780547976493835
0.6942599415779114 0.284606397151947 0.9937489628791809
0.9210300445556641 0.7035307288169861 1.4204002618789673
-0.9268509149551392 1.1448394060134888 2.1412081718444824
-2.3863744735717773 0.9416193962097168 1.6074532270431519
0.5711498260498047 1.1270912885665894 2.1412081718444824
-0.1976701319217682 0.284606397151947 1.5913057327270508
-0.7349743843078613 0.28559446334838867 3.6960277557373047
-0.23226775228977203 0.7230019569396973 -1.2052990198135376
0.9210300445556641 1.0932461023330688 1.6474051475524902
0.9210300445556641 0.7419745326042175 0.7335680723190308
0.9210301637649536 1.0445348024368286 2.141308307647705
0.9210299849510193 0.9130138754844666 0.12689293920993805
-2.3863744735717773 0.8852396011352539 0.08410586416721344
-0.3278397023677826 0.284606397151947 1.425929307937622
0.9210300445556641 0.7391447424888611 0.9119950532913208
0.00977257639169693 0.7802063226699829 -1.2052991390228271
-1.8051279783248901 0.8600907325744629 -0.8768760561943054
0.9210299253463745 1.0947009325027466 -1.1978352069854736
-0.10856424272060394 0.28583455085754395 2.8673605918884277
0.9210299849510193 0.8109934329986572 -0.42489996552467346
-2.386375665664673 0.9986016154289246 2.141308307647705
0.9210299849510193 0.807479202747345 0.4454224705696106
-2.3863744735717773 0.8779420852661133 -0.6358479261398315
-2.0776634216308594 1.1869984865188599 -1.2052984237670898
0.9210300445556641 0.9896870255470276 1.1480019092559814
0.9179403185844421 1.2289990186691284 1.990404725074768
0.5665844082832336 0.8323711156845093 1.8067314624786377
-1.6218106746673584 0.8539468050003052 -1.205298662185669
-0.7541055083274841 0.7685040831565857 -1.205298900604248
-2.3863744735717773 0.7660723328590393 0.23660968244075775
0.46081697940826416 0.8498918414115906 -0.9995017647743225
-0.1503354012966156 0.9136356711387634 -1.2052990198135376
-1.8895084857940674 0.9503505825996399 -1.2052985429763794
-2.3863744735717773 0.8517683744430542 0.4065721929073334
-2.1491990089416504 1.1446130275726318 2.1390445232391357
-1.4443082809448242 0.284606397151947 0.5812767744064331
-1.907422423362732 0.6776008605957031 -0.8132838606834412
-1.8206979036331177 0.6825854182243347 -0.5872927308082581
0.23547199368476868 0.284606397151947 1.2175551652908325
-0.9362837672233582 0.284606397151947 1.329201579093933
0.9210300445556641 0.7554011344909668 1.13882577419281
0.10213957726955414 0.30714336037635803 3.196413040161133
-1.4548487663269043 0.284606397151947 0.008443962782621384
0.9210299253463745 0.7910007834434509 -0.6159999370574951
-2.3863744735717773 0.8682673573493958 -0.32440459728240967
-0.8286980986595154 0.284606397151947 0.6085871458053589
-1.8575087785720825 1.1763838529586792 -1.2052985429763794
-1.271398901939392 0.284606397151947 -0.0785752385854721
-2.3863744735717773 0.9703051447868347 1.0233509540557861
0.9045494794845581 1.2151963710784912 -1.2031097412109375
-1.2108335494995117 0.284606397151947 -0.5868017673492432
-1.0175273418426514 0.7104597091674805 -1.2052987813949585
-2.3863744735717773 1.1471104621887207 -0.3256240785121918
-2.3863744735717773 1.1413640975952148 -0.7350249290466309
0.23407401144504547 0.284606397151947 -0.4367069900035858
-2.3863744735717773 1.0546420812606812 -0.5146803259849548
-0.7190624475479126 1.0575411319732666 -0.9457471370697021
-0.42630189657211304 0.8563371896743774 -1.2052990198135376
-0.7052975296974182 0.5154126286506653 3.5269179344177246
-1.8895529508590698 1.1492668390274048 -0.7742078304290771
0.9142751693725586 1.2743967771530151 1.820285677909851
-1.5955510139465332 1.0430179834365845 -1.205298662185669
-1.0089834928512573 0.284606397151947 0.43867412209510803
0.9210300445556641 1.2148936986923218 1.3986185789108276
-2.3863744735717773 1.0982425212860107 -0.06017328053712845
0.22899290919303894 0.284606397151947 -0.08006107807159424
-0.395833820104599 0.284606397151947 -0.5502989888191223
0.9210299253463745 0.9146522879600525 -0.7796842455863953
-1.5499504804611206 0.284606397151947 -0.3158565163612366
0.9210300445556641 0.9781943559646606 0.937565803527832
0.0019368617795407772 0.36498838663101196 3.625612735748291
-1.023154854774475 0.284606397151947 -0.5953266024589539
0.9199867844581604 1.335714340209961 -0.9166392087936401
-0.09574798494577408 0.284606397151947 -0.8614808917045593
-2.3863744735717773 1.1451349258422852 1.2664316892623901
-2.35459041595459 1.2554981708526611 -0.8968271017074585
-0.040830347687006 0.8336568474769592 2.6898317337036133
-1.08112633228302 0.284606397151947 1.1320960521697998
0.0987425297498703 0.28690144419670105 3.3491499423980713
-0.9214143753051758 0.8791854381561279 -1.2052987813949585
0.6423823833465576 0.980263352394104 -0.7921442985534668
0.9210300445556641 0.8830332159996033 1.5385196208953857
0.9210299849510193 0.9261069297790527 -0.1147146224975586
0.5034433007240295 1.3564965724945068 1.9941152334213257
0.33187663555145264 0.284606397151947 -0.7678737640380859
-0.8290982842445374 0.284606397151947 -0.6301520466804504
-1.1723730564117432 0.8698452711105347 -1.2052987813949585
0.4128032922744751 1.3161909580230713 -1.1900933980941772
-2.0599470138549805 0.9382504820823669 -0.5649054646492004
-0.8853592276573181 0.284606397151947 -0.11887143552303314
-1.1096904277801514 0.284606397151947 -0.41371896862983704
-1.5339746475219727 0.8968169689178467 -0.8721747398376465
-0.01037969533354044 1.1405119895935059 2.1412081718444824
-0.09649422764778137 0.302110880613327 3.730311870574951
-0.7191269397735596 0.284606397151947 -0.26916471123695374
-2.382936477661133 1.202069878578186 1.109860897064209
0.9210300445556641 1.0493193864822388 0.7350372076034546
-0.0778706967830658 0.284606397151947 0.5676365494728088
-0.3541247248649597 0.284606397151947 -0.33846989274024963
0.34738701581954956 0.9609235525131226 2.019105911254883
-1.4288313388824463 1.3939144611358643 -0.9335124492645264
0.09977730363607407 0.4021866023540497 3.0436644554138184
-1.0106401443481445 0.8456809520721436 -0.884253978729248
-2.3863744735717773 0.9858230948448181 0.8106855750083923
-2.1131064891815186 1.2602542638778687 1.9389781951904297
-2.0378880500793457 0.7554750442504883 1.2393656969070435
-2.0463309288024902 0.9077218770980835 0.5748785138130188
-1.50046968460083 0.8959113359451294 2.1412081718444824
0.0005712953861802816 1.2026339769363403 -1.135728120803833
-2.3862504959106445 1.1880732774734497 1.6378698348999023
-1.2821813821792603 0.284606397151947 1.090758204460144
-1.3768441677093506 1.1793949604034424 -1.205298662185669
-1.8124078512191772 0.6754899024963379 1.5986818075180054
-0.2783237099647522 0.8899493217468262 -1.0039515495300293
0.2440400868654251 0.8210745453834534 -1.2052991390228271
-1.6429005861282349 0.7027387619018555 -0.7378501296043396
-1.9219235181808472 1.1494109630584717 2.1255767345428467
-0.7822365760803223 0.2977951169013977 2.6925244331359863
-2.3863744735717773 1.0947775840759277 0.394443541765213
0.6359390020370483 0.284606397151947 0.2796591520309448
0.9210299253463745 1.1543854475021362 -0.7485514283180237
-0.630591869354248 0.9740797281265259 -1.205298900604248
-1.9561866521835327 0.6715806722640991 0.9706153273582458
-1.987795352935791 0.6935443878173828 -0.07764220237731934
-1.5068953037261963 1.1369311809539795 2.1412081718444824
-1.6762746572494507 0.8581290245056152 1.8225561380386353
0.9210299849510193 1.2435076236724854 0.3569521903991699
0.9210299253463745 1.243827223777771 -1.0367108583450317
-1.9352778196334839 0.7104530334472656 0.1783951371908188
-2.377748489379883 1.175898551940918 1.9013018608093262
0.1227952316403389 0.9804279208183289 -1.2052991390228271
-1.1148840188980103 1.4278095960617065 -0.9946134686470032
0.9210299849510193 1.2330210208892822 -0.28916534781455994
-1.7331734895706177 1.1598036289215088 2.13116717338562
-0.9591786861419678 0.3489904999732971 3.2132797241210938
0.2637277841567993 0.284606397151947 1.4223233461380005
-2.355910301208496 1.228177785873413 -0.16538554430007935
0.36027345061302185 0.6409119367599487 -0.8327411413192749
-1.5688730478286743 0.6906419396400452 1.661134958267212
-2.0409467220306396 0.6964592933654785 1.645290732383728
-1.3498927354812622 0.284606397151947 0.8976297378540039
-1.9815350770950317 0.6843635439872742 0.7202611565589905
0.3053249418735504 0.284606397151947 -0.266133576631546
0.34534719586372375 1.390104055404663 1.8476407527923584
0.2116929590702057 1.1247352361679077 2.1412081718444824
-0.8709672093391418 0.3318983018398285 2.9113106727600098
0.7680231332778931 1.509567379951477 -0.7866612672805786
-1.7972087860107422 0.9220860004425049 -0.5798301100730896
-2.1064181327819824 1.3343861103057861 -0.8264560699462891
-0.8805168271064758 0.3491835594177246 3.5238089561462402
-1.9272311925888062 0.7159005999565125 -0.34970778226852417
-2.3863744735717773 1.0408055782318115 0.6313679218292236
0.6869731545448303 1.3102596998214722 -1.1944140195846558
-0.1510937362909317 1.2466623783111572 -1.2052990198135376
-1.4817109107971191 1.337736964225769 -1.2026405334472656
-1.1773310899734497 1.0835843086242676 -1.2052987813949585
0.9210299849510193 1.013258457183838 -0.538626492023468
-1.4082664251327515 0.715409517288208 -0.8062863945960999
-1.8955237865447998 1.284223198890686 1.8761132955551147
-2.066800355911255 0.8498292565345764 0.30148276686668396
-2.375474214553833 1.1836719512939453 1.4444832801818848
-0.9218080639839172 1.093091607093811 -1.2052987813949585
0.3271060585975647 1.117545247077942 -1.2052992582321167
0.573110044002533 1.120870590209961 1.6698068380355835
-1.1504650115966797 0.284606397151947 1.659469723701477
-0.3643881678581238 1.078194499015808 -1.2052990198135376
0.4081311821937561 0.284606397151947 0.859714925289154
0.9082950353622437 1.3079729080200195 -0.623319685459137
-2.355865716934204 1.2509183883666992 -0.5703880190849304
-0.7917184829711914 0.284606397151947 0.4047417938709259
-1.4817248582839966 1.2758575677871704 2.118393659591675
-2.37884783744812 1.2209516763687134 0.603962242603302
-2.383685827255249 1.1242151260375977 0.20140109956264496
-1.7712308168411255 1.3381354808807373 -0.9990477561950684
-1.6652956008911133 1.2543716430664062 -1.1956160068511963
-2.0911972522735596 1.3368816375732422 -0.5618259310722351
0.4619990885257721 0.284606397151947 0.11132311075925827
-1.135546088218689 1.2733389139175415 -1.191810965538025
0.5300939679145813 0.7223654389381409 -0.7220640778541565
-0.2183375060558319 0.3903493285179138 3.8099422454833984
0.5073733329772949 0.284606397151947 1.0579090118408203
-0.17658007144927979 0.284606397151947 -0.2277224063873291
-0.7816299796104431 1.2572579383850098 -1.1894205808639526
0.5629979372024536 0.284606397151947 0.8078430891036987
-1.1649000644683838 0.284606397151947 0.08517122268676758
-0.3016343116760254 0.284606397151947 1.2003000974655151
-0.4177672863006592 0.284606397151947 1.5873589515686035
0.013167616911232471 1.4169304370880127 -1.1603288650512695
-1.053464651107788 0.3859807252883911 2.970982074737549
-1.5384440422058105 1.088907241821289 -0.6935878992080688
-1.3530807495117188 0.6599196791648865 1.6276882886886597
-0.10994447022676468 0.284606397151947 1.244653344154358
-0.7922551035881042 0.284606397151947 0.9658739566802979
-2.1649699211120605 1.2955493927001953 1.3897898197174072
-0.5794032216072083 1.2443952560424805 -1.1856895685195923
0.6759321689605713 1.267191767692566 2.109052896499634
-1.6716485023498535 1.2873282432556152 1.8583813905715942
0.05305594950914383 0.3546183407306671 2.928151845932007
-0.6263391971588135 0.3256625831127167 3.767468214035034
-1.9457077980041504 0.6664632558822632 0.4527943730354309
-1.8668230772018433 1.3597131967544556 -0.7045654058456421
-1.9332152605056763 1.377910852432251 -0.26255351305007935
-1.2678362131118774 0.284606397151947 0.7130874395370483
-1.8367431163787842 0.726530909538269 1.4098528623580933
-1.7469995021820068 1.3713624477386475 -0.44381287693977356
0.15354783833026886 1.333756446838379 -1.1774784326553345
0.9210299849510193 1.2644251585006714 0.1153082326054573
-1.1285631656646729 1.1789275407791138 2.1412081718444824
-1.7834059000015259 0.7040750980377197 -0.2562759518623352
0.9007290601730347 1.3342972993850708 0.888713538646698
0.9210300445556641 1.2875386476516724 1.2461919784545898
0.6342691779136658 1.4288649559020996 -1.0671287775039673
-2.200941801071167 1.3108893632888794 0.6416572332382202
-1.8749839067459106 1.2910404205322266 1.5656086206436157
-1.2455095052719116 0.9054831862449646 -0.846333384513855
0.6208988428115845 0.8920236229896545 -0.5893602967262268
0.8124440908432007 1.405304193496704 1.4972889423370361
0.05163927003741264 0.3712309002876282 3.513763904571533
0.24121038615703583 0.6958255767822266 1.8159112930297852
0.30558547377586365 1.0316790342330933 -0.862959086894989
-0.847202718257904 0.8950647711753845 2.0947415828704834
-0.36264869570732117 1.289735198020935 -1.1977171897888184
0.9210299849510193 1.283892273902893 0.6254803538322449
-0.4760265350341797 0.31414762139320374 3.8535573482513428
-0.8538525700569153 0.5776035189628601 2.924895763397217
0.06197246536612511 0.8565194606781006 -0.9067026376724243
0.9210299849510193 1.2588813304901123 -0.10578861832618713
-2.3743388652801514 1.2427743673324585 0.12827128171920776
0.029393665492534637 0.5026058554649353 3.384612798690796
-1.7768452167510986 0.7815688252449036 0.9469000101089478
-0.6855124831199646 0.6910039782524109 -0.8666775822639465
-2.3547613620758057 1.2047902345657349 0.932312548160553
-2.1993043422698975 1.3184177875518799 -0.32531869411468506
-1.1866952180862427 1.361283302307129 2.0109317302703857
-1.7991409301757812 1.0015711784362793 1.6061162948608398
-1.9086625576019287 0.9482370615005493 0.7681516408920288
-0.5520874261856079 0.284606397151947 1.4652568101882935
-2.0191004276275635 1.3067302703857422 1.215616226196289
-0.902575671672821 0.33450305461883545 3.593465566635132
0.8487968444824219 1.4471756219863892 0.7558885812759399
-1.0882025957107544 0.284606397151947 -0.1467410922050476
-0.5831809043884277 0.284606397151947 0.3595709800720215
-0.8112620711326599 0.7412082552909851 2.7516825199127197
0.10146081447601318 0.284606397151947 0.9662985801696777
-0.7177699208259583 0.284606397151947 -0.052428826689720154
-1.3527066707611084 1.3293635845184326 1.790727138519287
0.9080719947814941 1.2806503772735596 1.6018866300582886
-0.4367603361606598 0.4550412595272064 3.6657450199127197
0.017998749390244484 0.284606397151947 1.1214227676391602
0.6527969241142273 1.4766027927398682 -0.6202341318130493
0.025906488299369812 0.8228681683540344 2.1412081718444824
-0.6452668905258179 0.284606397151947 -0.5298333764076233
0.8997645378112793 1.3331961631774902 -0.4489893615245819
-2.1415722370147705 1.2953304052352905 0.9077621698379517
-0.33455345034599304 0.40813905000686646 3.4862473011016846
-0.821262001991272 1.2314597368240356 2.270966053009033
-0.2064191997051239 1.156084418296814 -0.8092287182807922
-1.5759210586547852 1.3169991970062256 1.6371835470199585
-2.253011703491211 1.2985118627548218 0.3674788475036621
-0.6751581430435181 0.9446648359298706 2.600781202316284
0.1603933721780777 0.284606397151947 0.6815147399902344
-0.625146210193634 0.31279635429382324 3.285893201828003
-1.8389102220535278 0.6801539063453674 1.178855061531067
-0.3519043028354645 0.3611651659011841 3.2788736820220947
0.9210300445556641 0.9098768830299377 1.3373847007751465
-1.0081305503845215 0.6855452060699463 -0.7386215925216675
-0.009376680478453636 1.2814433574676514 2.095087766647339
-0.7406345009803772 0.284606397151947 0.17566345632076263
0.43256381154060364 1.4538506269454956 -0.8513280749320984
-1.5307469367980957 0.6979885697364807 -0.5408967733383179
0.07193351536989212 0.3143666982650757 2.7380530834198
-0.5409075021743774 0.284606397151947 -0.1334368884563446
-1.0017459392547607 0.284606397151947 0.7970855236053467
-1.428586721420288 1.0561788082122803 1.6983221769332886
-1.6403440237045288 1.3877878189086914 -0.7084458470344543
-0.7283195853233337 0.284606397151947 1.3609049320220947
-0.5160326361656189 0.42132771015167236 3.203461170196533
-2.1078925132751465 1.3211911916732788 -0.04810300096869469
0.8221890330314636 1.380902647972107 0.3547942340373993
-0.8958070874214172 1.3736283779144287 -1.1916239261627197
-0.13841049373149872 0.8190913200378418 2.605592966079712
-0.351684033870697 0.284606397151947 0.7938232421875
-1.291373372077942 1.4429160356521606 -0.8539959788322449
0.8356060981750488 1.0562587976455688 -0.28049227595329285
0.6940048933029175 1.446792721748352 1.2771036624908447
-1.889219880104065 1.1318615674972534 -0.3185522258281708
-0.9745535850524902 1.366489291191101 1.8796344995498657
-1.850556492805481 0.9514793753623962 -0.06492512673139572
-1.6377067565917969 1.3912763595581055 -0.15177439153194427
0.25951531529426575 1.4521499872207642 -1.0058034658432007
0.4508374333381653 0.284606397151947 0.643865168094635
-0.9821586608886719 0.284606397151947 0.9923486709594727
-1.9171680212020874 1.3013043403625488 0.860999584197998
0.2960236966609955 0.284606397151947 0.3020104765892029
0.8331909775733948 1.449033260345459 -0.33133453130722046
0.42752858996391296 0.6492559909820557 1.6828055381774902
-0.1861872375011444 0.6031708121299744 2.98465633392334
-0.11529690027236938 0.284606397151947 1.4395133256912231
-2.1189472675323486 1.2873306274414062 1.659085988998413
-1.704532265663147 1.3150691986083984 1.4013065099716187
-1.713965892791748 0.9372535347938538 1.2544772624969482
-1.229477882385254 0.658753514289856 -0.7207534909248352
-0.28035300970077515 1.4384418725967407 -1.0861395597457886
-1.8440883159637451 1.0856817960739136 1.0337885618209839
-0.5837881565093994 0.6066824197769165 3.040457010269165
-1.9457918405532837 1.0859283208847046 1.3405505418777466
0.9210299849510193 1.0138391256332397 0.43453845381736755
0.9171158671379089 1.2871230840682983 1.070737600326538
-1.9028326272964478 1.1276946067810059 0.30731868743896484
-0.5827720165252686 1.2151015996932983 2.28566837310791
-0.35671743750572205 0.676171064376831 -0.8197051286697388
-0.6010333895683289 0.284606397151947 1.0395623445510864
0.6469681859016418 0.9382567405700684 1.2815510034561157
0.6095448136329651 1.3891918659210205 1.7185885906219482
0.5725029110908508 0.7457950711250305 1.586843729019165
-0.17785170674324036 0.284606397151947 0.334798127412796
0.2922935485839844 0.284606397151947 0.09914648532867432
0.3844212293624878 1.4080570936203003 1.0728517770767212
0.431638240814209 1.146654725074768 -0.6575655341148376
-0.565552830696106 0.7382992506027222 2.78985333442688
-0.42100492119789124 0.9981080889701843 2.5984418392181396
-0.8537218570709229 0.3086559474468231 3.0603983402252197
-0.23550072312355042 1.3431731462478638 2.0672080516815186
-0.9544988870620728 0.284606397151947 -0.2994678318500519
0.08428709954023361 1.38152277469635 1.9409902095794678
-1.2218424081802368 0.284606397151947 0.5260308980941772
0.7613281011581421 1.1388225555419922 0.2225813865661621
0.45048171281814575 1.4267961978912354 1.5494446754455566
-0.21189163625240326 0.2959405183792114 3.200362205505371
-0.20746658742427826 0.284606397151947 -0.521591305732727
-0.5104087591171265 1.431992769241333 -1.0183690786361694
0.8378598093986511 0.8934960961341858 0.6362568736076355
0.2855623662471771 0.9924935698509216 1.692116618156433
-1.790663719177246 0.6990095973014832 0.0361713171005249
-0.026685744524002075 0.284606397151947 -0.09082373231649399
-0.2157711535692215 0.9671992063522339 2.526026725769043
0.06258261203765869 0.284606397151947 1.3537460565567017
0.04150666669011116 1.050365924835205 1.925878643989563
-0.38799718022346497 0.5828036665916443 2.979625701904297
-0.9417977333068848 0.284606397151947 0.2724530100822449
-0.04127171263098717 0.284606397151947 0.7943086624145508
-0.9713508486747742 0.7582677006721497 1.8807069063186646
0.2741151452064514 1.473586916923523 -0.4238675534725189
-0.7587094306945801 1.4434982538223267 -0.9512899518013
-1.5059490203857422 0.8931732177734375 1.5301449298858643
0.26576879620552063 0.7767484188079834 -0.7051496505737305
0.47145259380340576 0.9012306332588196 1.4729379415512085
-0.3261738419532776 0.785237193107605 2.7379326820373535
-1.5601259469985962 0.676498293876648 1.3163061141967773
-0.5739737153053284 0.284606397151947 0.08797655254602432
-0.5195011496543884 0.8687572479248047 -0.8185766935348511
-1.5330088138580322 0.65304034948349 -0.24960272014141083
-0.9429131150245667 1.4321202039718628 -0.7142171263694763
-0.2769649922847748 1.2069497108459473 2.12471604347229
-1.5804154872894287 1.0865380764007568 -0.40183138847351074
-0.6343700289726257 0.284606397151947 1.2020723819732666
-0.05109266936779022 0.6822203993797302 -0.805192768573761
-1.1811777353286743 0.7592234015464783 1.7401388883590698
0.5808126926422119 0.9392918944358826 -0.34407949447631836
-1.826174259185791 0.8482681512832642 0.3797737956047058
-1.8001943826675415 0.7249243855476379 0.6544861793518066
0.044124260544776917 1.4624470472335815 -0.6922196745872498
0.2858937680721283 1.4624948501586914 -0.6914050579071045
0.03744203969836235 1.3660869598388672 1.2732722759246826
-0.8038085699081421 1.3889992237091064 -0.3512659966945648
-1.230979084968567 1.1238573789596558 -0.684765100479126
-0.3128340542316437 1.3834525346755981 1.531275987625122
-1.4151796102523804 1.4247421026229858 -0.5903454422950745
-0.43602484464645386 1.4252864122390747 -0.6161260604858398
-1.3878262042999268 0.8370633125305176 -0.5533202290534973
0.28375044465065 1.394816279411316 1.177258014678955
-0.7626290321350098 1.2682931423187256 1.1300427913665771
-0.17802564799785614 0.8957034349441528 -0.7366428971290588
-1.8226110935211182 1.3682104349136353 -0.008634158410131931
-0.24097605049610138 1.4622435569763184 -0.7607131600379944
-1.4599512815475464 1.4104607105255127 -0.3155878782272339
-1.1373426914215088 1.4220457077026367 -0.5456991791725159
0.7669956088066101 0.8855710029602051 0.008295141160488129
-0.13651767373085022 1.4660917520523071 -0.5693733096122742
-0.9561506509780884 1.12075936794281 -0.7702860832214355
0.6712666153907776 1.3798218965530396 0.5522466897964478
0.6343725323677063 1.4423943758010864 -0.16208240389823914
-1.3064961433410645 1.2531462907791138 -0.407772034406662
0.47937527298927307 1.411610722541809 0.939439594745636
-1.3669629096984863 1.3851405382156372 -0.04958827421069145
-1.6527608633041382 0.923397958278656 -0.20162655413150787
0.8802737593650818 1.3861185312271118 0.03902742639183998
-1.6065077781677246 0.7571230530738831 0.8322479724884033
0.4180351197719574 0.6480605006217957 -0.5013127326965332
0.5852437019348145 1.4176350831985474 0.8553544282913208
-0.5130726099014282 0.8391584157943726 2.1843881607055664
-0.6714584827423096 1.3495913743972778 1.895798683166504
-0.7896266579627991 0.8425373435020447 -0.7489858865737915
-1.4636632204055786 1.3932558298110962 0.5929059386253357
-1.1018705368041992 1.3867199420928955 1.3756918907165527
-1.228122591972351 1.3378442525863647 1.1127686500549316
-1.3500386476516724 1.3726557493209839 1.5307987928390503
0.45227089524269104 1.3948400020599365 -0.44269508123397827
-0.7097120881080627 1.3476022481918335 1.6245980262756348
-1.3705679178237915 1.3840956687927246 0.3374280035495758
-0.4098818004131317 0.284606397151947 0.962047815322876
-1.0513468980789185 0.284606397151947 0.6184437870979309
0.014710826799273491 0.7532320022583008 1.674798846244812
-1.5474488735198975 1.3483524322509766 1.01387619972229
-1.1516932249069214 1.3035205602645874 0.8863946795463562
-1.1011807918548584 1.3177883625030518 0.6038883924484253
-1.108080506324768 1.384802222251892 -0.2439083456993103
-1.9209522008895874 1.3720940351486206 0.6302223205566406
0.4606688320636749 0.7095098495483398 1.317110300064087
-1.4994388818740845 1.3259623050689697 1.2624843120574951
-1.7945231199264526 1.3245927095413208 1.1058470010757446
-0.979344367980957 0.7088320851325989 1.6365537643432617
-0.2012162059545517 0.284606397151947 0.033586811274290085
-1.2734533548355103 1.257785439491272 0.5437737107276917
-1.6750547885894775 0.7303029894828796 0.2894863486289978
-0.6305717825889587 1.4672518968582153 -0.5107105374336243
-1.679070234298706 1.1437934637069702 0.23424677550792694
-1.1587620973587036 0.7750957012176514 -0.5519688129425049
-1.2209022045135498 1.402191162109375 0.14421655237674713
-0.9878301620483398 1.3714377880096436 1.642207384109497
-0.09435053169727325 0.7382066249847412 1.9454535245895386
-1.6957570314407349 1.036644697189331 0.6017844080924988
-1.356655478477478 0.7809723615646362 1.3763225078582764
-0.9219344854354858 1.3499470949172974 -0.0666206032037735
-1.4394313097000122 1.1007436513900757 -0.12198816984891891
-0.3003633916378021 0.284606397151947 0.619865894317627
-0.47890666127204895 1.3006364107131958 2.083717107772827
0.540262758731842 0.7994382381439209 -0.17733947932720184
-0.602525532245636 0.284606397151947 0.8228696584701538
-1.3775393962860107 0.7734307646751404 -0.24766108393669128
-1.5527722835540771 0.7507612109184265 1.094773530960083
-0.7009738683700562 0.7693057656288147 1.9571610689163208
-0.6225033402442932 1.3386586904525757 -0.7251116633415222
-0.7880118489265442 0.7285773754119873 -0.6068885326385498
-1.5618678331375122 0.7962620854377747 0.0029998403042554855
-0.5707883238792419 0.284606397151947 0.6323073506355286
0.10347382724285126 1.4301472902297974 1.7067234516143799
-1.4302101135253906 1.0485068559646606 1.2511961460113525
-1.160415530204773 0.755885899066925 1.4373831748962402
-0.7962772250175476 0.284606397151947 0.775849461555481
0.11531577259302139 1.1694042682647705 -0.7487363219261169
-0.07463781535625458 1.2805616855621338 1.1814215183258057
-1.574716567993164 0.7003955245018005 0.5235738158226013
0.3825562298297882 1.1685476303100586 0.4948064088821411
-0.31155017018318176 0.9061104655265808 2.1825003623962402
-0.5624374151229858 0.9822670221328735 2.438061237335205
0.027139687910676003 1.1056855916976929 -0.5498594641685486
-0.4913039207458496 1.0731961727142334 -0.658788800239563
-0.904017984867096 1.1761478185653687 -0.5888546705245972
-0.11705110222101212 1.4302195310592651 1.674211025238037
0.44213590025901794 1.4838848114013672 0.10702972114086151
-1.1714768409729004 0.975530207157135 1.6175189018249512
-1.530996561050415 1.1146901845932007 0.918912947177887
-0.49776333570480347 0.6985581517219543 1.7469669580459595
0.36138445138931274 0.9409653544425964 -0.5632402896881104
-1.4878615140914917 0.7465240955352783 0.2000894546508789
-0.2516522705554962 1.3100131750106812 1.2205545902252197
-1.1591452360153198 1.2581181526184082 1.4708960056304932
0.33812814950942993 1.099544882774353 -0.18047316372394562
0.3326507806777954 1.1768929958343506 1.557743787765503
-0.9025695323944092 1.1686241626739502 1.8914501667022705
0.7000333666801453 0.9138932824134827 1.0099328756332397
-0.1307741403579712 1.0144985914230347 1.7977988719940186
-1.2309753894805908 0.9799203276634216 -0.34531694650650024
-0.5375816226005554 1.04595947265625 1.8958745002746582
0.3262934386730194 1.1320511102676392 1.1033210754394531
-0.8304538130760193 0.9508370161056519 1.7353535890579224
0.04134659469127655 0.7541093230247498 -0.6347187757492065
-1.2101712226867676 0.6815267205238342 -0.21119637787342072
-0.6686094403266907 1.3423986434936523 1.2775722742080688
-1.5245712995529175 0.9606771469116211 0.4450603127479553
-0.36853259801864624 0.6906864047050476 -0.650651752948761
-1.3896992206573486 0.9578016400337219 0.8869090676307678
-0.795125424861908 1.2635204792022705 0.9603033065795898
-1.4361567497253418 1.0544536113739014 0.14628079533576965
0.23613005876541138 1.343174934387207 1.28319251537323
-0.46781089901924133 1.284163475036621 1.272660493850708
-0.41606605052948 1.3901934623718262 1.8015010356903076
0.4876846969127655 0.5803015828132629 0.07923770695924759
0.6179040670394897 0.7605981230735779 0.4137788414955139
-0.9434375762939453 1.0785152912139893 1.4502891302108765
0.5098831057548523 0.6732602715492249 1.0631935596466064
-0.7043730616569519 0.7256871461868286 1.6820144653320312
0.2722724676132202 0.3359956741333008 0.8841082453727722
-1.1878533363342285 1.0676556825637817 1.1720857620239258
0.14727693796157837 0.3141747713088989 0.28513312339782715
-0.32675138115882874 0.7813776135444641 1.8538329601287842
-0.39367079734802246 0.284606397151947 0.08450908958911896
-1.3634434938430786 0.7197265028953552 1.0994555950164795
-1.3078449964523315 0.7166290879249573 0.24044932425022125
0.22661928832530975 0.761465847492218 1.5853254795074463
-0.9001656174659729 0.6802150011062622 -0.33142176270484924
-0.4976344704627991 0.6227375268936157 -0.41674157977104187
-0.7998431324958801 0.6775729060173035 1.2187658548355103
0.4283634126186371 1.1031678915023804 0.03839034214615822
-0.20481005311012268 0.6873948574066162 1.5391643047332764
-0.40877339243888855 0.284606397151947 0.2771449089050293
-1.136362910270691 0.7066080570220947 1.1912115812301636
-0.9376329779624939 1.0721662044525146 -0.30953168869018555
-0.0052724480628967285 0.6323187351226807 -0.4617588520050049
0.40968945622444153 0.6795368790626526 -0.24324952065944672
-1.2992136478424072 0.921826958656311 0.629923403263092
-0.21714283525943756 0.8072942495346069 1.6647993326187134
-1.0051158666610718 0.7935209274291992 -0.4348512887954712
-0.7006310820579529 1.0660845041275024 1.5168824195861816
0.2320745289325714 0.7573696374893188 1.3586043119430542
0.3673837184906006 0.520618736743927 0.615445613861084
0.0012577641755342484 1.1139768362045288 1.4938294887542725
0.5337210297584534 0.8979516625404358 0.8090163469314575
-1.4320443868637085 0.7260369658470154 0.6813073754310608
-0.8845502138137817 0.7011917233467102 1.4570512771606445
-1.1083176136016846 0.5720131993293762 0.1683705896139145
-0.19804136455059052 1.064322829246521 1.4883698225021362
-0.4368666410446167 0.9728046655654907 1.6725411415100098
0.2588929831981659 0.9773045778274536 -0.35817205905914307
-1.2492738962173462 1.0091429948806763 0.3085249364376068
-0.06543832272291183 0.37426328659057617 0.2269475907087326
-1.2783946990966797 0.9255793690681458 -0.016754867509007454
-1.2704638242721558 0.7046809196472168 0.868970513343811
-1.5609910488128662 1.411841869354248 0.7971226572990417
-0.5444700121879578 0.8497576117515564 -0.5247811675071716
-1.610719084739685 1.4535514116287231 0.2693686783313751
-1.9434218406677246 1.4141356945037842 0.41258537769317627
0.20928572118282318 0.7550266981124878 -0.2930765450000763
-0.23215562105178833 0.40105339884757996 1.0883489847183228
-0.37243080139160156 0.30005380511283875 0.4839385449886322
-1.096400260925293 0.6140859723091125 0.7055929899215698
0.5184581279754639 0.7597766518592834 0.661389946937561
0.40207746624946594 0.8098750114440918 1.1283249855041504
-1.104722023010254 0.9957997798919678 0.9187710881233215
-1.7305809259414673 1.4121519327163696 0.602150559425354
-0.591606080532074 0.7341909408569336 1.4712417125701904
0.3545730710029602 1.3322869539260864 0.019198516383767128
-1.7402544021606445 1.4758656024932861 0.1357988864183426
-0.9281620383262634 1.1422780752182007 0.5950627326965332
-0.7664944529533386 1.044766902923584 1.0490362644195557
-0.4884726405143738 1.1614079475402832 1.252145528793335
-0.47386103868484497 0.8864721655845642 1.3469290733337402
-0.18500488996505737 0.46604645252227783 0.7696220278739929
0.526904821395874 0.9097360968589783 0.1718474179506302
-2.030231237411499 1.3904367685317993 0.17853793501853943
0.5167585611343384 1.3865463733673096 0.30527883768081665
-0.3751581013202667 0.690058171749115 1.316981554031372
0.046719953417778015 0.674214243888855 1.3302209377288818
-0.6902666091918945 0.3447454273700714 0.4851647913455963
-0.9338631629943848 0.8442537784576416 1.2697129249572754
0.3589332401752472 1.3077260255813599 0.5081606507301331
-0.2124176174402237 0.9314063787460327 -0.5306257605552673
-1.0360537767410278 0.7560350298881531 0.9601078629493713
-0.9474071860313416 1.223526120185852 0.38667580485343933
0.038248591125011444 1.3853038549423218 -0.1769014298915863
-0.11871393024921417 1.332220196723938 -0.21224667131900787
0.256567120552063 1.4368271827697754 -0.1578569859266281
-0.776168167591095 0.7710474729537964 -0.23574219644069672
-0.2755417227745056 1.3077747821807861 -0.36277177929878235
-1.0769474506378174 0.7943016886711121 -0.020620202645659447
-0.9047375321388245 1.2327789068222046 0.1691749393939972
-0.8450626730918884 1.1986799240112305 0.7812691926956177
-0.6058923006057739 1.1028430461883545 -0.09795738011598587
-1.0021140575408936 1.0678610801696777 0.16020378470420837
0.1461162269115448 1.2757081985473633 0.04306802153587341
-0.5362467169761658 1.30803644657135 -0.1850116103887558
0.3283427059650421 1.1880265474319458 0.7962641716003418
0.14383085072040558 1.02851402759552 1.248393177986145
-0.07572323083877563 1.0874977111816406 -0.26589739322662354
-1.2053956985473633 0.8091737627983093 0.46925950050354004
-0.6369516849517822 1.071184515953064 -0.40361881256103516
-0.06648977100849152 0.753348708152771 1.18015456199646
-0.8610053062438965 0.6156442165374756 0.04593750089406967
-0.3426208794116974 0.5358601212501526 0.3232250511646271
-0.5672276020050049 0.5770173668861389 1.0236616134643555
-0.20582646131515503 0.6002287864685059 -0.2784042954444885
-0.6924538016319275 0.8294167518615723 1.0907013416290283
-0.9053271412849426 0.838744044303894 0.8041679859161377
-0.9455416798591614 0.9896828532218933 -0.0813698023557663
-1.0262662172317505 0.807913601398468 0.5243514180183411
-0.01693826913833618 0.564028799533844 0.4698878526687622
-0.3304468095302582 1.2457144260406494 -0.1545407772064209
-0.7180144190788269 1.2114707231521606 -0.0012245774269104004
-0.5199004411697388 0.6295744776725769 0.6794375777244568
-0.25939369201660156 0.8817970752716064 -0.34278199076652527
-0.25214728713035583 0.981814980506897 1.202725887298584
-0.9929995536804199 0.8181746602058411 0.22782602906227112
0.04632188752293587 0.8723028302192688 -0.21074610948562622
-0.6139369606971741 0.7209800481796265 -0.050408169627189636
0.055898670107126236 0.7749043703079224 0.878138542175293
-0.7346839904785156 0.799538791179657 0.7468105554580688
-0.08198997378349304 0.8324723243713379 -0.021116551011800766
0.40175607800483704 0.9452690482139587 0.5073105692863464
0.19971156120300293 0.5907124280929565 0.08831846714019775
0.13685357570648193 0.9373812675476074 0.17503303289413452
0.05988040566444397 0.9476746320724487 1.061936855316162
-0.3645375072956085 0.9088039994239807 1.0249123573303223
0.259400337934494 0.8849016427993774 0.6725876331329346
0.12249485403299332 0.6010157465934753 0.8540237545967102
0.3527805805206299 0.8698039650917053 0.9197108745574951
0.31553688645362854 0.8516294360160828 0.05004612356424332
-0.3318638801574707 0.847783625125885 -0.051506638526916504
-0.6520435810089111 0.7174001932144165 0.26748886704444885
-0.17433886229991913 0.6310975551605225 -0.010023463517427444
-0.10198906064033508 0.8476124405860901 0.6613366603851318
0.4215542674064636 0.7700983881950378 0.30583444237709045
-0.5612317323684692 0.8482496738433838 -0.2508385479450226
-0.7733990550041199 1.4858996868133545 0.5371416211128235
-0.5961534380912781 1.4545378684997559 0.473374605178833
-0.44677913188934326 0.7955965995788574 0.9359726905822754
-0.5731105208396912 1.4539945125579834 0.3017054498195648
-0.12445487082004547 0.8524670600891113 0.8545303344726562
-0.3947986364364624 1.5618066787719727 0.30343106389045715
-0.7838175892829895 0.800646185874939 0.4368908703327179
0.15346486866474152 0.8649932146072388 0.43719539046287537
-0.32753852009773254 0.768682599067688 0.3228766620159149
-0.6584560871124268 0.9026684761047363 0.46695709228515625
-0.4986715018749237 0.8689162731170654 0.7386198043823242
-0.1846020370721817 0.7577972412109375 0.48401397466659546
-0.46335500478744507 0.8174514770507812 0.1349332332611084
-0.34757861495018005 1.7505038976669312 0.21827411651611328
-0.81971275806427 1.6107951402664185 0.6634347438812256
-0.5356888771057129 1.5605072975158691 0.1280738264322281
-0.4494951367378235 1.5334539413452148 0.5139613151550293
-0.04071788489818573 0.8710018396377563 0.19430606067180634
-0.9228450059890747 1.5553934574127197 0.2566613554954529
-0.2482794225215912 2.5825250148773193 0.7820689678192139
-0.770830512046814 1.4827901124954224 0.2890157997608185
-0.7239642143249512 1.7800625562667847 0.7467232942581177
-0.9557562470436096 2.0252251625061035 0.5834577679634094
-0.35175827145576477 2.4135959148406982 0.7068062424659729
-0.5592933893203735 2.573817253112793 0.8117908835411072
-0.9897320866584778 1.6001085042953491 0.44887423515319824
-0.1634874790906906 2.5037310123443604 0.3857429623603821
-0.3565993905067444 1.798047661781311 0.5476006269454956
-0.4751221239566803 2.260796308517456 0.6761171221733093
-0.7601262331008911 1.580175518989563 0.09535245597362518
-0.535250723361969 1.6384572982788086 0.6716781854629517
-0.42371058464050293 2.6086699962615967 0.1661960482597351
-1.05513334274292 1.722697138786316 0.4617360234260559
-0.2942909300327301 2.4333760738372803 0.2807953655719757
-0.366270512342453 2.2475757598876953 0.38753849267959595
-1.0105171203613281 1.8492296934127808 0.20422983169555664
-0.525853157043457 2.8640997409820557 0.7865861654281616
-0.31000763177871704 1.964383840560913 0.38942572474479675
-0.6583657264709473 1.7271615266799927 0.005013374611735344
-0.7038489580154419 2.336569309234619 0.752331018447876
-0.8074657320976257 1.864851474761963 0.030669741332530975
-0.12637899816036224 2.523345470428467 0.5730598568916321
-0.49078214168548584 2.0677332878112793 0.6332947015762329
0.025684993714094162 2.839690685272217 0.6895320415496826
-0.08427538722753525 2.677619218826294 0.2645533084869385
-0.7108463644981384 1.9748464822769165 0.7527486681938171
-0.4124304950237274 3.115302562713623 0.5361795425415039
-0.7871457934379578 2.5798869132995605 0.7758539319038391
-1.0760694742202759 1.9710867404937744 0.3668999969959259
-0.5429724454879761 2.002241849899292 0.09879028797149658
-0.6628484725952148 2.9191579818725586 0.6480464935302734
-0.740278422832489 2.160757541656494 0.10897589474916458
-0.3344022333621979 2.871539354324341 0.8401674032211304
-0.8990089893341064 2.2321066856384277 0.6744615435600281
-1.0568207502365112 2.271062135696411 0.4548417925834656
-0.5241763591766357 2.279654026031494 0.1787170171737671
-0.932784914970398 2.2638802528381348 0.24315539002418518
-0.27275514602661133 2.8076329231262207 0.12943436205387115
-0.6025906801223755 2.7257087230682373 0.1338636726140976
0.034841276705265045 2.896857500076294 0.3256847858428955
0.050272829830646515 2.7241086959838867 0.4616233706474304
-0.026774812489748 2.6364994049072266 0.6659989953041077
-0.22942328453063965 3.1458280086517334 0.4066837728023529
-0.21741141378879547 5.009913444519043 0.4532938301563263
-0.47391605377197266 3.053035020828247 0.3301600217819214
-0.9713798761367798 2.4954111576080322 0.6286587715148926
-0.1309574693441391 3.008410692214966 0.22446699440479279
-0.8153530955314636 2.879676342010498 0.43305110931396484
0.05867176502943039 4.614562034606934 0.4646540582180023
-0.6521086096763611 2.850177764892578 0.2264644205570221
-0.7781309485435486 2.4415054321289062 0.18905241787433624
-0.14834631979465485 2.935781478881836 0.7844781875610352
-0.984698474407196 2.5075273513793945 0.3693028688430786
-0.9030437469482422 2.76688814163208 0.5792744755744934
-0.27312731742858887 4.622949123382568 0.8324502110481262
-0.28796279430389404 4.633773326873779 0.3214414417743683
-0.3448871970176697 4.596623420715332 0.594795823097229
0.12886372208595276 4.774014949798584 0.342471718788147
-0.5518032312393188 5.152998447418213 0.254896879196167
-0.662132978439331 5.337118148803711 0.6111993193626404
-0.11526618897914886 4.572693824768066 0.7521111369132996
0.038734860718250275 4.732608318328857 0.8903222680091858
0.034000564366579056 4.603070259094238 0.6844146847724915
0.19772541522979736 4.695135593414307 0.6228109002113342
-0.11156529188156128 4.570437431335449 0.46606308221817017
-0.42823243141174316 4.709163665771484 0.886918842792511
-0.2398551106452942 4.813009262084961 1.0091639757156372
-0.5196546316146851 4.63951301574707 0.5376666784286499
-0.14816886186599731 4.747460842132568 0.2179219126701355
-0.7104373574256897 4.884546279907227 0.4751960039138794
-0.5810145735740662 4.796736717224121 0.8476043343544006
0.273054301738739 4.84452486038208 0.6013308763504028
-0.4870395362377167 4.713061332702637 0.3493932783603668
-0.6022863388061523 4.7301201820373535 0.6548747420310974
-0.7229446768760681 4.944405555725098 0.7898790836334229
-0.21858693659305573 4.9552812576293945 0.07488259673118591
-0.022536490112543106 4.981565952301025 0.1600933074951172
-0.038678545504808426 4.857661247253418 0.9933246970176697
-0.5208674669265747 4.913337230682373 0.2025468349456787
0.275163471698761 5.047729015350342 0.5633984804153442
-0.28991687297821045 5.137829303741455 0.9884322881698608
-0.03140939399600029 5.227428913116455 0.19204285740852356
-0.16510958969593048 5.309311866760254 0.4518425762653351
-0.7012398838996887 5.097993850708008 0.5103288292884827
0.16521237790584564 4.998370170593262 0.2825045585632324
-0.5246281027793884 5.268153190612793 0.9144830107688904
0.14668186008930206 5.023698806762695 0.8821547627449036
-0.7457528710365295 5.157614707946777 0.7827722430229187
-0.33020344376564026 5.157869338989258 0.13863319158554077
0.47378110885620117 6.444057941436768 0.06372878700494766
-0.2115676999092102 5.55733585357666 0.8189638257026672
-0.10119612514972687 5.190040111541748 0.9859859347343445
0.16330686211585999 5.210104465484619 0.6549177169799805
-0.481317937374115 5.711617469787598 0.5537701845169067
-0.4722946882247925 4.946475028991699 1.0225014686584473
-0.008789001032710075 5.370484352111816 0.663533091545105
-0.43915289640426636 5.564080238342285 0.4001774489879608
-0.4947967827320099 5.382088661193848 0.3738456964492798
-0.4678918123245239 6.004664897918701 0.5659785270690918
-1.0801255702972412 7.1244001388549805 1.1434519290924072
-0.36514630913734436 5.420426845550537 0.8611096143722534
-0.3938990533351898 5.6996283531188965 0.8352211713790894
0.4687786102294922 6.47642183303833 -0.008659101091325283
-0.38673335313796997 6.411741733551025 0.6228835582733154
-0.09579205513000488 5.538774013519287 0.5077432990074158
-0.560178816318512 7.5407819747924805 -0.4137697219848633
-0.28653955459594727 5.959638595581055 0.8408902287483215
0.5407735109329224 6.50132942199707 0.05968065559864044
-0.2676423490047455 6.172969341278076 0.882936954498291
-0.2955433130264282 5.9367475509643555 0.4546584486961365
-0.14716875553131104 5.931400775909424 0.5566553473472595
-0.5682785511016846 7.5169997215271 -0.2543202042579651
-0.3013428747653961 6.819868087768555 0.888006865978241
0.5032696723937988 6.618964195251465 0.10276616364717484
-0.45895645022392273 6.1643147468566895 0.7409894466400146
-1.1229220628738403 7.1929521560668945 1.0852068662643433
-0.8009107708930969 7.426701068878174 -0.4539511203765869
-0.09661075472831726 5.789361953735352 0.6724982857704163
-0.454935222864151 6.597736358642578 0.9547079205513
0.6012904644012451 6.424498558044434 0.20709693431854248
-0.8777830004692078 7.430075645446777 -0.3110707700252533
-0.9080606698989868 7.561960220336914 -0.5321899056434631
-0.4666714072227478 6.388711929321289 0.8046761751174927
-0.19074590504169464 6.371624946594238 0.7378724217414856
-0.10846385359764099 8.033828735351562 0.868678629398346
-1.0702478885650635 7.160927772521973 1.1226478815078735
-0.721336841583252 7.403265953063965 -0.25942981243133545
-1.0333174467086792 7.2676100730896 1.153203010559082
-0.15259376168251038 7.836995601654053 0.9287781715393066
-0.31259486079216003 6.580894947052002 0.9851136803627014
-0.4209081530570984 7.7109761238098145 0.7081533074378967
-0.2573632001876831 7.737252235412598 0.6469272971153259
-0.7720788717269897 7.706888675689697 -0.5723679661750793
-0.23802392184734344 6.582736492156982 0.9218730926513672
-0.2967831492424011 7.666949272155762 0.7795491218566895
-0.7958596348762512 7.473290920257568 -0.16840630769729614
-0.38528352975845337 6.932058811187744 0.9115129113197327
-0.895236074924469 7.846866607666016 -0.4312671720981598
0.1326768845319748 8.667430877685547 0.08536647260189056
0.1699407994747162 8.512676239013672 0.29077935218811035
-0.5479888319969177 7.656155109405518 -0.4765889048576355
-0.518811047077179 7.815475940704346 0.7780195474624634
-0.695042610168457 7.582197666168213 -0.0952761098742485
-0.5448906421661377 9.167438507080078 0.46209517121315
0.3244222402572632 8.48997688293457 0.27245232462882996
-0.22617441415786743 7.856719017028809 0.590236485004425
-0.36256328225135803 8.105905532836914 0.5959926247596741
-0.25183820724487305 8.078469276428223 0.5851826667785645
0.07052993774414062 8.606666564941406 0.2946220934391022
-0.3399900197982788 7.665981292724609 0.8846978545188904
-0.908080518245697 7.736518383026123 -0.19837075471878052
-1.023036003112793 8.645843505859375 -0.021615702658891678
-0.7781145572662354 8.865464210510254 0.5416895151138306
-0.3385286331176758 7.898708343505859 1.051281452178955
-0.7955873012542725 8.662712097167969 0.026300188153982162
-0.2707037925720215 8.18736743927002 0.9354199767112732
0.32607054710388184 8.496750831604004 0.3801259994506836
-0.46700313687324524 8.022822380065918 0.9711394309997559
-0.9713374972343445 8.919785499572754 0.561633288860321
-0.713901698589325 8.823644638061523 0.41294971108436584
-0.7408304214477539 8.888093948364258 0.6282227635383606
-0.8019852042198181 8.736993789672852 -0.04023792967200279
0.41416871547698975 8.755401611328125 0.21339260041713715
-0.9501580595970154 8.857908248901367 -0.10433955490589142
0.29715096950531006 8.525505065917969 0.05350014939904213
0.40142950415611267 8.653823852539062 0.049210160970687866
-1.0597034692764282 8.947235107421875 0.4434330463409424
-0.5791898369789124 9.168903350830078 0.7674098610877991
-0.8453097939491272 8.652297019958496 0.22711226344108582
-1.0373061895370483 8.730737686157227 0.06028497964143753
-0.5382362604141235 9.065004348754883 0.30267277359962463
-0.8992064595222473 9.461334228515625 0.5612096786499023
-0.520226001739502 9.114913940429688 0.6394383907318115
-0.9076417088508606 9.176347732543945 0.1479916274547577
-1.0698858499526978 9.39915943145752 0.32962632179260254
-1.1316852569580078 9.26839828491211 0.3598172664642334
-0.8014861941337585 9.135099411010742 0.8927039504051208
-1.0969382524490356 9.16423225402832 0.6895537376403809
-0.8316639065742493 9.111856460571289 0.13959462940692902
-0.9633714556694031 8.728682518005371 0.31585025787353516
-0.8049834966659546 9.09397029876709 0.8642053604125977
0.16047997772693634 9.809369087219238 0.5164145231246948
-0.7952702045440674 9.538442611694336 0.7664452195167542
-0.9283918738365173 9.618021011352539 0.2906346917152405
0.10782807320356369 9.83151626586914 0.37665608525276184
-0.7530161738395691 9.520102500915527 0.30569446086883545
0.1737658828496933 9.756507873535156 0.42227187752723694
0.2745893895626068 10.037238121032715 0.6634474992752075
0.37704941630363464 9.843411445617676 0.4199405610561371
0.49347224831581116 10.059346199035645 0.5203303098678589
-0.8899252414703369 9.674409866333008 0.22200943529605865
-0.6958878040313721 9.383176803588867 0.8901568651199341
-0.724317193031311 9.530875205993652 0.6180436015129089
0.14782355725765228 10.000165939331055 0.22920264303684235
0.26819494366645813 9.982770919799805 0.19411632418632507
-0.7321569919586182 9.576801300048828 0.7767693996429443
-0.6214277148246765 9.908031463623047 0.24007678031921387
-0.025521518662571907 10.02481460571289 0.5935244560241699
0.20159895718097687 10.259844779968262 0.2931627333164215
-0.07042428851127625 10.10049819946289 0.42820924520492554
-0.6238217949867249 10.025055885314941 0.1875598430633545
-0.8674583435058594 10.068988800048828 0.15266141295433044
-0.7257872223854065 10.089343070983887 0.36658820509910583
0.23633112013339996 10.082725524902344 0.77187180519104
0.4081055223941803 10.305484771728516 0.5225169658660889
0.2818639874458313 10.260184288024902 0.786023736000061
-0.7525716423988342 10.2689790725708 0.3395625054836273
0.0393272265791893 10.327519416809082 0.6798853278160095
-0.48380374908447266 10.232921600341797 0.2314927726984024
0.030292674899101257 10.263716697692871 0.08666200935840607
-0.9164099097251892 10.284475326538086 0.09419453144073486
0.14359064400196075 10.52296257019043 -0.14662140607833862
0.07512976229190826 10.560372352600098 -0.13660968840122223
0.23155559599399567 10.542301177978516 0.29176729917526245
-0.8808099031448364 10.417757987976074 0.10241192579269409
0.025983793660998344 10.760382652282715 1.300839900970459
0.1855848878622055 10.787013053894043 1.3243659734725952
0.0035653458908200264 10.837665557861328 1.2536365985870361
0.21488536894321442 10.522258758544922 0.5709660053253174
0.03471111133694649 10.783448219299316 1.4316015243530273
0.19557781517505646 10.617532730102539 1.0326210260391235
-0.7764956951141357 10.468657493591309 0.22758743166923523
0.19495940208435059 10.47065544128418 0.26620474457740784
-1.193586826324463 11.045297622680664 1.1644343137741089
0.02526862546801567 10.741859436035156 -0.34507980942726135
-0.7177100777626038 10.509841918945312 0.3231140375137329
0.32424095273017883 10.783300399780273 0.9608487486839294
-1.314833164215088 11.024415969848633 -0.2928578853607178
-0.0052811396308243275 10.847050666809082 -0.17686815559864044
-1.1965135335922241 11.120548248291016 1.2490571737289429
-0.2319924384355545 10.989969253540039 1.3224986791610718
0.0426446832716465 10.876770973205566 -0.3027171790599823
0.5526770353317261 10.933097839355469 0.34362146258354187
0.005962624214589596 10.96759033203125 -0.2417697012424469
-0.04715995863080025 10.990839004516602 0.5096362829208374
-0.8495321869850159 11.141181945800781 1.234000563621521
-0.22135666012763977 11.079791069030762 -0.4607437551021576
0.21570758521556854 11.038390159606934 1.1597133874893188
0.28232210874557495 11.127972602844238 1.1954795122146606
-0.04741377755999565 11.109761238098145 -0.4178180396556854
-0.8681560754776001 11.304661750793457 0.7136110067367554
0.0317104198038578 11.106921195983887 1.3481611013412476
-0.6395411491394043 11.300019264221191 1.367000937461853
-0.9037871956825256 11.284638404846191 0.8978077173233032
-1.2812635898590088 11.413291931152344 0.580268144607544
-1.1075727939605713 11.326173782348633 0.5056569576263428
0.2898629605770111 11.294450759887695 0.876785397529602
0.03930030018091202 11.388254165649414 0.3860340714454651
0.15783053636550903 11.435188293457031 0.5977191925048828
-0.5322291254997253 11.432206153869629 1.4085471630096436
-1.2676955461502075 11.391669273376465 0.9990622401237488
-0.9956340789794922 11.453113555908203 0.4593435823917389
0.47540077567100525 11.49625301361084 0.35306477546691895
0.19295275211334229 11.424181938171387 1.467106819152832
-1.2113696336746216 11.468388557434082 0.08233115077018738
0.4011957049369812 11.505751609802246 1.0493664741516113
-1.288617730140686 11.531006813049316 0.4077337682247162
0.12349182367324829 11.517766952514648 -0.46079424023628235
-0.3319253623485565 11.552343368530273 -0.16993016004562378
0.519626796245575 11.550713539123535 0.6829521059989929
0.3886246681213379 11.559268951416016 -0.35375502705574036
-0.951622724533081 11.569056510925293 0.9163962006568909
-0.2651028633117676 11.578658103942871 -0.2573467493057251
