1430
-2.3863754272460938 0.2845063805580139 1.5950374603271484
-2.386474609375 0.284606397151947 -0.7610539197921753
-2.3863744735717773 0.5307551026344299 0.635726273059845
0.9210299253463745 0.4494040906429291 -0.9091367721557617
-2.1342644691467285 0.284606397151947 0.01170405838638544
-1.3407084941864014 0.2846062183380127 -1.205398678779602
-0.4547611474990845 0.284606397151947 1.2617886066436768
-1.0331445932388306 0.284606397151947 -0.9221774935722351
-0.9732716083526611 0.2846062183380127 -1.2053987979888916
0.9210317134857178 0.2845063805580139 -1.2053477764129639
-2.386474609375 0.2846066951751709 -0.2629075050354004
-2.386474609375 0.2846064567565918 0.2773573398590088
-2.386474609375 0.2846064567565918 -0.48942887783050537
-1.792029857635498 0.28460609912872314 2.141308307647705
-2.386474609375 0.2846064567565918 -0.01613914966583252
-2.3863744735717773 0.2845063805580139 0.6839323043823242
0.6614804267883301 0.2845063805580139 -1.2052973508834839
-0.5582687854766846 0.2846064567565918 -1.2053989171981812
-2.1114180088043213 0.284606397151947 1.3328460454940796
0.11908140778541565 0.2846064269542694 2.141308307647705
0.9211299419403076 0.2846064567565918 -0.8920989036560059
0.9211299419403076 0.2846064567565918 -0.752326250076294
-2.386474609375 0.2846064567565918 0.11469447612762451
-1.5633363723754883 0.284606397151947 1.9060176610946655
-0.43974995613098145 0.28460633754730225 -1.2053989171981812
-2.376018762588501 0.28461015224456787 2.141308307647705
-2.386474609375 0.28460657596588135 -0.1360461711883545
0.9211299419403076 0.2846064567565918 -1.0021600723266602
-2.1792335510253906 0.284606397151947 1.7116543054580688
-1.0959126949310303 0.2846066951751709 -1.205398678779602
0.9211300611495972 0.2846064567565918 1.3687620162963867
0.9210300445556641 0.5327423214912415 1.538122296333313
-1.932610273361206 0.284606397151947 1.7278519868850708
-2.3863744735717773 0.49148741364479065 1.8258532285690308
-2.1843528747558594 0.2845063805580139 2.141206741333008
0.9210315942764282 0.2845063805580139 -0.6768856644630432
-2.386474609375 0.2846065163612366 -0.644303560256958
0.9211012125015259 0.28460657596588135 -1.2053993940353394
-2.386474609375 0.28460633754730225 -0.8743343949317932
-1.9533071517944336 0.2845063805580139 2.141206741333008
0.9210287928581238 0.2845063805580139 0.8814096450805664
-1.4503726959228516 0.2845063805580139 -1.205301284790039
0.30685895681381226 0.284606397151947 1.5729243755340576
-0.5688320994377136 0.284606397151947 -0.9219066500663757
0.3859553337097168 0.28460657596588135 -1.2053991556167603
-2.386474370956421 0.2845757007598877 2.1412088871002197
-2.3863754272460938 0.2845063805580139 1.0083770751953125
-0.4085536301136017 0.284606397151947 -0.8079280853271484
-2.386474609375 0.5775389075279236 -1.2052984237670898
-2.386474609375 0.284606397151947 -1.2053496837615967
-1.7743688821792603 0.284606397151947 -0.605491042137146
-1.555348515510559 0.284606397151947 -0.9478076100349426
-2.3863773345947266 0.2845063805580139 1.6917667388916016
-2.088677167892456 0.284606397151947 -0.7414875626564026
0.9210300445556641 0.2845063805580139 2.0384702682495117
-1.9091930389404297 0.284606397151947 1.3541524410247803
0.3736571669578552 0.284606397151947 -0.9445375204086304
-1.5409793853759766 0.2845063805580139 -1.205301284790039
-2.386474609375 0.2846064567565918 0.518651008605957
-1.7209947109222412 0.284606397151947 -0.7908991575241089
-0.07920432090759277 0.2845063805580139 -1.205297827720642
-1.3191298246383667 0.284606397151947 -0.9499464631080627
-1.8735361099243164 0.2845063805580139 -1.2052984237670898
-2.386436700820923 0.2846064567565918 -1.2053983211517334
0.9210309982299805 0.2845063805580139 1.7767047882080078
-2.386474370956421 0.2846062183380127 1.8023014068603516
-2.0703516006469727 0.284606397151947 1.904742956161499
0.9210300445556641 0.2845063805580139 1.101698875427246
-0.10982513427734375 0.2845063805580139 2.141207695007324
-2.386474609375 0.2846064567565918 -0.3753441572189331
0.5656405091285706 0.28460636734962463 2.141308307647705
0.9210300445556641 0.2845667600631714 2.141308307647705
-2.386474370956421 0.2846064567565918 1.4874229431152344
0.9210309982299805 0.2845063805580139 1.677713394165039
0.7642288208007812 0.2845063805580139 2.141207695007324
-1.2231712341308594 0.2845063805580139 -1.2053003311157227
-1.9986529350280762 0.284606397151947 -0.1663934886455536
0.9210281372070312 0.2845063805580139 1.4681224822998047
0.9211300611495972 0.284606397151947 1.5742225646972656
-1.8928884267807007 0.284606397151947 1.1380633115768433
-2.1503586769104004 0.284606397151947 0.7746164798736572
-1.3124208450317383 0.2845063805580139 2.141206741333008
0.9210320711135864 0.2845063805580139 -0.5823737382888794
0.9210300445556641 0.2845063805580139 2.1412649154663086
-2.386474370956421 0.2846064567565918 0.9362401962280273
-1.7701301574707031 0.2845063805580139 -1.205301284790039
-1.3552688360214233 0.284606397151947 -0.7696365118026733
0.9211300611495972 0.28460657596588135 1.8829513788223267
0.02636435255408287 0.7349197864532471 2.1412081718444824
-0.3750181198120117 0.2845063805580139 2.141207695007324
-0.010152935981750488 0.2845063805580139 -1.2053005695343018
-1.6724271774291992 0.2845063805580139 -1.205301284790039
-2.0471582412719727 0.284606397151947 -0.9341614842414856
-1.909793734550476 0.5338137745857239 -1.2052985429763794
0.5240128636360168 0.284606397151947 0.5053929686546326
-1.455923080444336 0.2846081256866455 2.141308307647705
-1.9565675258636475 0.2846064567565918 -1.205398440361023
-0.6659946441650391 0.2845063805580139 2.141207695007324
-2.386474370956421 0.6742568016052246 2.141207695007324
-2.386474370956421 0.2846062183380127 1.305100440979004
-0.7740507125854492 0.2845063805580139 2.141206741333008
0.9210293889045715 0.2845063805580139 0.6544305682182312
-2.3863744735717773 0.2845063805580139 1.9212532043457031
-2.088010549545288 0.284606397151947 1.1424834728240967
0.921031653881073 0.2845063805580139 0.03989461064338684
-2.3634297847747803 0.2846064567565918 -1.2053983211517334
-2.3863744735717773 0.5139797925949097 1.269558310508728
-0.6948761343955994 0.2845063805580139 -1.2053000926971436
-0.8826160430908203 0.2845063805580139 2.141206741333008
-2.386474370956421 0.2846066951751709 1.1818773746490479
-0.9856629371643066 0.284606397151947 1.724968433380127
-2.386375665664673 0.7931070327758789 -1.2053983211517334
0.9211300015449524 0.28460657596588135 0.13045620918273926
-2.171447992324829 0.284606397151947 0.4564218521118164
-1.6878395080566406 0.2845063805580139 2.141207695007324
-2.386474609375 0.2846064567565918 -1.0105602741241455
-2.1534316539764404 0.2846064567565918 -1.205398440361023
-2.3863754272460938 0.2845063805580139 1.064162254333496
0.9210299253463745 0.5280309915542603 -0.5614619255065918
-0.6345536112785339 0.284606397151947 1.8786556720733643
-1.318943738937378 0.284606397151947 1.8742486238479614
-1.8167295455932617 0.284606397151947 -0.9553411602973938
-2.38637638092041 0.2845063805580139 -0.9482583999633789
-2.2327847480773926 0.284606397151947 -0.2604523003101349
-1.8104233741760254 0.284606397151947 1.8802908658981323
-0.8952484130859375 0.2846064567565918 -1.2053987979888916
-2.0321552753448486 0.2846064567565918 -1.205398440361023
0.036446887999773026 0.6013492941856384 -1.2052991390228271
0.40682342648506165 0.2846064269542694 2.141308307647705
0.9210299253463745 0.762119472026825 -1.2053993940353394
-1.5730485916137695 0.2845063805580139 2.141207695007324
-2.3863720893859863 0.9024567008018494 -1.2053983211517334
-2.0558929443359375 0.2845063805580139 2.141207695007324
-0.3520619869232178 0.28460633754730225 -1.2053989171981812
0.9211300611495972 0.28460657596588135 1.2097715139389038
0.6161717772483826 0.284606397151947 -0.1495426744222641
0.9210299253463745 0.5292500853538513 -1.2053993940353394
-2.0130488872528076 0.284606397151947 0.6199019551277161
0.9210317134857178 0.2845063805580139 -0.25616100430488586
0.27345144748687744 0.28460657596588135 -1.2053991556167603
-0.8109917640686035 0.2846064567565918 -1.2053987979888916
-0.004052579402923584 0.28460636734962463 2.141308307647705
-0.2676661014556885 0.2846064567565918 -1.2053990364074707
0.826495885848999 0.2845063805580139 -1.2052972316741943
0.5899806618690491 0.284606397151947 -0.9425050020217896
-0.8726845979690552 0.284606397151947 1.9419878721237183
0.9210313558578491 0.2845063805580139 0.2489723265171051
-1.0848207473754883 0.2845063805580139 2.141207695007324
0.28933238983154297 0.2845063805580139 2.1412086486816406
0.4555546045303345 0.284606397151947 1.2404038906097412
0.1086280345916748 0.2846064567565918 -1.2053990364074707
-2.386375665664673 0.8928830623626709 2.141308307647705
-1.6592930555343628 0.45526209473609924 -1.2052985429763794
0.9211300015449524 0.2846066951751709 0.55259108543396
-0.28377771377563477 0.284606397151947 1.7286514043807983
-1.870833396911621 0.28460800647735596 2.141308307647705
-0.6247084140777588 0.29514193534851074 -1.205298900604248
0.5451127290725708 0.2846064567565918 -1.2053992748260498
0.3739181458950043 0.284606397151947 1.918419361114502
-0.5807470083236694 0.28460636734962463 2.141308307647705
-0.4877586364746094 0.2845063805580139 2.141207695007324
0.46954822540283203 0.2845063805580139 -1.2052993774414062
-0.16782543063163757 0.284606397151947 0.9754962921142578
0.758815348148346 0.284606397151947 -0.30354008078575134
0.188346266746521 0.2845063805580139 -1.2052994966506958
0.06989295780658722 0.284606397151947 -0.02686946839094162
-0.12361316382884979 0.284606397151947 1.8814470767974854
0.9210305213928223 0.2845063805580139 -0.05981484428048134
0.9210289120674133 0.2845063805580139 0.7820635437965393
0.14136023819446564 0.284606397151947 -0.9096156358718872
0.9210314750671387 0.2845063805580139 -0.47879138588905334
-1.8734962940216064 0.284606397151947 0.25331437587738037
-2.3863754272460938 0.2845063805580139 0.40001678466796875
0.9211300015449524 0.2846064567565918 -0.3684966564178467
0.2796291708946228 0.284606397151947 -0.5928175449371338
0.6404670476913452 0.284606397151947 1.4647700786590576
-0.25114208459854126 0.284606397151947 -0.7060103416442871
-1.5374317169189453 0.284606397151947 -0.7411393523216248
-0.8084360361099243 0.284606397151947 -0.8864377737045288
0.18206040561199188 0.284606397151947 1.706081509590149
-0.03860025852918625 0.284606397151947 1.6903291940689087
0.6776160001754761 0.284606397151947 -0.758528470993042
0.9210293889045715 0.2845063805580139 0.42933395504951477
-0.25988534092903137 0.284606397151947 -0.9212250113487244
-0.07830414921045303 0.284606397151947 -0.6750232577323914
0.6442745327949524 0.284606397151947 -0.5478106737136841
-1.396193027496338 0.284606397151947 -0.5900492072105408
-2.0793981552124023 0.284606397151947 0.23848877847194672
-1.9269909858703613 0.284606397151947 0.7969328761100769
-0.924457311630249 0.5514079332351685 2.1412081718444824
-2.0845141410827637 0.284606397151947 1.5288348197937012
0.6885939240455627 0.284606397151947 1.6972618103027344
-2.386474609375 0.28460657596588135 -0.5695773363113403
-2.110933780670166 0.284606397151947 -0.5710935592651367
0.9211300611495972 0.28460657596588135 1.2847812175750732
0.06604510545730591 0.284606397151947 -0.5362303853034973
-1.9052654504776 0.284606397151947 1.5632692575454712
-2.3864457607269287 0.2846078872680664 2.141308307647705
-1.8216081857681274 0.284606397151947 0.9460977911949158
0.4884223937988281 0.2845063805580139 2.141206741333008
0.9211301207542419 0.8284929990768433 2.141209602355957
-2.3863744735717773 0.7345955967903137 1.916761875152588
-2.3863754272460938 0.2845063805580139 0.8487110137939453
-0.848351776599884 0.284606397151947 -0.48267391324043274
-0.2720603942871094 0.2845063805580139 2.141206741333008
-1.902376651763916 0.284606397151947 -0.765511155128479
-2.386474609375 0.4396023154258728 -1.2052984237670898
-1.7328314781188965 0.284606397151947 1.69711172580719
-2.3863744735717773 0.5462101697921753 -0.38482576608657837
-2.3863744735717773 0.6107312440872192 -0.9185974597930908
-1.5626389980316162 0.284606397151947 1.313201665878296
-1.4872534275054932 0.284606397151947 1.1205182075500488
-2.386474370956421 1.1411113739013672 -1.2053117752075195
-2.3863754272460938 0.2845063805580139 0.19358062744140625
-0.6404442191123962 0.623245120048523 -1.205298900604248
-2.028064727783203 0.284606397151947 -0.3861215114593506
-1.8647558689117432 0.284606397151947 -0.2850373089313507
-2.3863744735717773 0.6237877011299133 1.0948845148086548
-1.945594310760498 0.284606397151947 0.059170134365558624
-1.9191381931304932 0.284606397151947 -0.5544309616088867
-0.794963538646698 0.284606397151947 1.7263038158416748
0.4815879762172699 0.284606397151947 -0.7189070582389832
-1.6024084091186523 0.284606397151947 -0.5571616888046265
0.9211299419403076 0.6460669040679932 -1.2052996158599854
-1.7426576614379883 0.284606397151947 1.2573908567428589
-1.9637318849563599 0.284606397151947 0.421374648809433
0.5909610986709595 0.5368919372558594 -1.2052992582321167
0.13337008655071259 0.284606397151947 -0.2701377272605896
0.20435579121112823 0.2846064567565918 2.141308307647705
0.9210281372070312 0.2845063805580139 0.9901552200317383
0.29111576080322266 0.284606397151947 0.4683147072792053
-2.3863744735717773 1.0176745653152466 -1.2053983211517334
-1.1638715267181396 0.2882407605648041 -1.2052987813949585
-0.9864912033081055 0.2845063805580139 2.1412086486816406
-0.9623316526412964 0.284606397151947 -0.7455198764801025
-1.3468667268753052 0.284606397151947 1.654467225074768
-2.3863744735717773 0.3882797658443451 -0.07484860718250275
0.9211299419403076 0.38740038871765137 -1.2052996158599854
-1.8901814222335815 0.6992670893669128 2.1412081718444824
-1.1783417463302612 0.284606397151947 1.2934626340866089
-2.386474370956421 0.5596961975097656 2.1412081718444824
-1.74871027469635 0.284606397151947 -0.38738104701042175
0.9211301207542419 0.4802781045436859 2.1412081718444824
-1.5056138038635254 0.284606397151947 1.7297590970993042
0.04978638142347336 0.284606397151947 0.44176483154296875
-1.1805311441421509 0.284606397151947 0.9006689786911011
-2.3863744735717773 0.8148506879806519 -0.9356318116188049
-1.057468056678772 0.284606397151947 1.521979808807373
-2.386474609375 0.6901149153709412 -1.2052984237670898
-2.3863747119903564 0.4438391923904419 2.141308307647705
-2.386474370956421 1.12090003490448 2.1412081718444824
-2.386474370956421 0.7846653461456299 2.141207695007324
-0.48284634947776794 0.6379814147949219 2.1412081718444824
-0.18674488365650177 0.5603336691856384 -1.2052990198135376
0.9210300445556641 0.5429326891899109 0.9864377975463867
-2.386474609375 0.28460657596588135 0.6188886165618896
0.9211301207542419 0.608324408531189 2.1412081718444824
0.6792228817939758 0.746609091758728 -1.2052993774414062
-0.1888589859008789 0.2845063805580139 2.141206741333008
0.9210300445556641 0.5156627893447876 1.7931963205337524
0.9211300015449524 0.2846064567565918 0.34439730644226074
-2.3863744735717773 0.6683827042579651 0.00444270484149456
-0.942836582660675 0.284606397151947 0.05893481522798538
-1.9856687784194946 0.7517275214195251 -1.2052985429763794
-2.3863744735717773 0.5101872682571411 -0.6580755710601807
-1.233456015586853 0.284606397151947 1.5016186237335205
-1.387667179107666 0.284606397151947 -0.4171017110347748
-2.386474370956421 0.2846066951751709 1.3945460319519043
-0.04198795557022095 0.284606397151947 -0.37733080983161926
0.4981825053691864 0.284606397151947 -0.32946616411209106
0.09898881614208221 0.284606397151947 1.8874200582504272
-0.5029332637786865 0.284606397151947 -0.6412933468818665
-1.8256640434265137 0.284606397151947 -0.09043831378221512
0.9211301207542419 0.9296627640724182 2.141209602355957
-0.8809492588043213 0.5536776185035706 -1.2052987813949585
0.9210300445556641 0.52720707654953 0.7333488464355469
-1.7080013751983643 0.284606397151947 1.0705715417861938
-2.0254199504852295 0.5337420701980591 2.1412081718444824
-2.3863744735717773 0.5569313168525696 0.8767050504684448
-1.3833341598510742 0.2845063805580139 2.141206741333008
-2.3863744735717773 0.6402702331542969 -0.21857666969299316
-1.4283621311187744 0.284606397151947 1.4730188846588135
-2.1351726055145264 0.611575186252594 -1.2052984237670898
-0.6892068982124329 0.6463425159454346 2.1412081718444824
-0.6718798279762268 0.284606397151947 1.5914472341537476
-0.33888477087020874 0.284606397151947 -0.15693797171115875
0.6686105728149414 0.5040227770805359 2.1412081718444824
0.9210384488105774 0.8769901990890503 -1.2053993940353394
0.9210385084152222 0.9829623699188232 -1.2053993940353394
0.9210299849510193 0.4985164403915405 -0.30833104252815247
0.9210300445556641 0.7117351293563843 1.9067060947418213
-2.3863744735717773 0.5574731826782227 0.4052179455757141
0.9210299253463745 0.6236137747764587 -0.752392590045929
0.9210300445556641 0.7135869860649109 1.6629685163497925
0.9210299849510193 0.5205103754997253 0.1733955591917038
-1.256588339805603 0.284606397151947 -0.26482200622558594
0.44443097710609436 0.284606397151947 -0.07059460878372192
-2.3863744735717773 0.7160630822181702 1.7162071466445923
0.6178188920021057 0.284606397151947 1.2184683084487915
0.06768934428691864 0.284606397151947 1.5320913791656494
0.40163955092430115 0.585421085357666 2.1412081718444824
0.9210299253463745 0.7572567462921143 -0.9828264117240906
-2.1185407638549805 0.7378346920013428 2.1412081718444824
-1.1950820684432983 0.5170116424560547 2.1412081718444824
0.9210300445556641 0.7256008386611938 2.141308307647705
-0.14728619158267975 0.2848585844039917 2.6925244331359863
-1.7880820035934448 0.284606397151947 0.4238564968109131
0.6710903644561768 0.284606397151947 2.0014233589172363
0.9210300445556641 0.5787799954414368 1.2252801656723022
0.9210299849510193 0.6877608895301819 0.29304733872413635
0.9210300445556641 0.9035483002662659 1.8417563438415527
-2.009157180786133 0.8829998970031738 2.1412081718444824
-2.3863744735717773 0.5098340511322021 1.564902901649475
-1.3634154796600342 0.284606397151947 1.255052089691162
-0.8891887664794922 0.284606397151947 1.5298430919647217
-2.3863744735717773 0.6976547837257385 1.3589590787887573
-2.3863744735717773 0.7165201902389526 1.5414237976074219
-2.3863744735717773 0.6900906562805176 -0.7243897914886475
-1.1157042980194092 0.284606397151947 1.931241512298584
0.1892331838607788 0.6061636209487915 2.1412081718444824
-0.6550511121749878 0.284606397151947 -0.7541643977165222
-1.754979133605957 0.284606397151947 1.4824103116989136
-2.3863744735717773 0.7817534804344177 1.0111545324325562
-1.76832914352417 0.284606397151947 0.11553844064474106
-1.4497873783111572 0.5488587617874146 2.1412081718444824
-0.37734106183052063 0.284606397151947 1.90816330909729
-0.8539729118347168 0.749839723110199 2.586366891860962
-1.462043285369873 0.284606397151947 0.25699979066848755
-1.1626405715942383 0.284606397151947 -0.7759134769439697
-1.3535276651382446 0.9555166363716125 2.1412081718444824
-0.4538656175136566 0.5667150616645813 -1.2052990198135376
-1.2966028451919556 0.5827121138572693 -1.205298662185669
-2.3863744735717773 0.9153645634651184 1.424638271331787
-2.1236462593078613 0.8773253560066223 -1.2052984237670898
-2.3863744735717773 0.9329766631126404 1.8357677459716797
0.7170649766921997 0.284606397151947 0.6155463457107544
-0.09314070641994476 0.6223921179771423 2.1412081718444824
0.10391024500131607 0.284606397151947 -0.713965892791748
-0.0109262615442276 0.7497397065162659 2.5697216987609863
0.2609177529811859 0.5518136024475098 -1.2052991390228271
-2.3863744735717773 0.7198421955108643 0.5694195032119751
0.9210299849510193 0.3385024964809418 -0.11048604547977448
0.3804360330104828 1.1562931537628174 2.1412081718444824
-2.0147979259490967 1.0101605653762817 0.10710594058036804
-1.4803471565246582 0.5953009724617004 -1.205298662185669
0.6641548275947571 0.284606397151947 0.04939516261219978
-0.14588212966918945 0.2845063805580139 -1.205297827720642
-0.6313943862915039 0.2845063805580139 2.692523956298828
0.9210299849510193 0.5299587845802307 0.46238526701927185
-2.021852970123291 0.8902640342712402 1.7788580656051636
-1.2088958024978638 0.284606397151947 0.2928703725337982
-2.0582468509674072 0.9446198344230652 -0.26718977093696594
-1.655462384223938 0.6986830234527588 2.1412081718444824
0.46288052201271057 0.284606397151947 1.4578752517700195
0.4649490416049957 0.8230851888656616 -1.2052992582321167
-2.160611391067505 1.3535971641540527 -1.1961582899093628
-1.656339406967163 0.284606397151947 0.5786629319190979
-1.833451509475708 0.284606397151947 0.6310124397277832
-1.6650135517120361 0.284606397151947 -0.1273670345544815
-1.0215975046157837 0.7055938243865967 2.1412081718444824
-1.7064961194992065 0.284606397151947 0.8081687688827515
-1.7928916215896606 0.8597338795661926 2.1412081718444824
-2.3863744735717773 0.8110509514808655 -0.11985508352518082
0.4625445306301117 0.284606397151947 -0.5408895015716553
-1.6020867824554443 0.284606397151947 0.1035386174917221
-2.3863744735717773 1.0133845806121826 -0.8843775987625122
0.4117736220359802 0.6591523289680481 -1.2052992582321167
-1.7444725036621094 0.5267261266708374 2.1412081718444824
0.9210299849510193 0.686475932598114 0.04798998683691025
0.9210299849510193 0.6579024195671082 -0.18107864260673523
-1.5968668460845947 0.284606397151947 1.5559132099151611
-2.030466318130493 0.284606397151947 0.9715157151222229
0.5096852779388428 0.284606397151947 1.6435545682907104
-2.3863744735717773 0.726195216178894 0.7962125539779663
-0.8551060557365417 0.749839723110199 2.499295949935913
-0.46532100439071655 0.284606397151947 2.692542314529419
-0.855744481086731 0.284606397151947 1.205819845199585
0.4788600206375122 0.284606397151947 0.3346751928329468
-2.036045789718628 0.7206092476844788 -0.6338898539543152
-1.7918682098388672 0.69310462474823 -1.2052985429763794
-2.3863744735717773 0.7102059721946716 -0.5123399496078491
-1.2992912530899048 0.688068687915802 2.1412081718444824
-2.3863744735717773 0.5504949688911438 0.18046993017196655
-1.3179482221603394 0.284606397151947 0.1442076861858368
-1.4277127981185913 0.8022518754005432 -1.205298662185669
-1.351022720336914 0.284606397151947 0.43011248111724854
-0.29320064187049866 0.6334078907966614 2.1412081718444824
-2.3863744735717773 0.8197274208068848 1.22379732131958
-1.4964405298233032 0.284606397151947 0.7390316724777222
-2.066871404647827 0.938464343547821 1.1164042949676514
0.3781581223011017 0.284606397151947 1.7481248378753662
0.5973256826400757 0.9579796195030212 -1.2052992582321167
-1.5210531949996948 0.284606397151947 0.94405198097229
-1.4371427297592163 0.9186471104621887 1.8286274671554565
-0.534270703792572 0.284606397151947 1.7120397090911865
-2.0353448390960693 0.831794798374176 -0.8239037394523621
-2.3858110904693604 1.2513684034347534 -1.2027931213378906
-1.2305622100830078 0.284606397151947 3.7918686866760254
-0.30217817425727844 0.284606397151947 4.1963324546813965
-1.1531485319137573 0.8598923087120056 2.1412081718444824
-2.046247959136963 1.03458571434021 1.5498430728912354
-1.8796086311340332 0.7215865850448608 1.808427333831787
-1.6296600103378296 0.284606397151947 0.3409312665462494
0.6217389702796936 0.7392184734344482 2.1412081718444824
-0.3081181049346924 0.2845441699028015 2.6925270557403564
0.9211301207542419 1.1404258012771606 2.141209602355957
0.3132932782173157 0.284606397151947 1.0404635667800903
-1.4445524215698242 0.284606397151947 -0.19163115322589874
0.3697187006473541 0.7494232058525085 2.1412081718444824
-0.571465015411377 0.284606397151947 -0.3383338451385498
0.674156904220581 0.284606397151947 0.9736806750297546
0.9210300445556641 0.6800665259361267 1.4268169403076172
-0.851754367351532 0.9665592908859253 2.6756248474121094
-2.3863744735717773 0.8999341130256653 1.6252738237380981
0.5668269395828247 0.9250195622444153 2.1412081718444824
-0.17864495515823364 0.284606397151947 1.5859708786010742
-0.8590632081031799 0.284606397151947 4.1603498458862305
-0.3086562156677246 0.7219545245170593 -1.2052990198135376
0.9210300445556641 1.0615365505218506 1.7210332155227661
0.9210300445556641 0.7222350835800171 0.766735851764679
0.9210300445556641 1.0400614738464355 2.141308307647705
0.9210299849510193 0.8558661341667175 0.19927796721458435
-2.3863744735717773 0.8447296619415283 0.11574748158454895
-0.29940545558929443 0.284606397151947 1.4230728149414062
0.9210300445556641 0.7273110151290894 0.9590144157409668
-0.06367391347885132 0.753947377204895 -1.2052991390228271
-1.8549147844314575 0.948209285736084 -0.8638473153114319
0.9211299419403076 1.0814932584762573 -1.2052992582321167
-0.21282950043678284 0.284606397151947 3.3029253482818604
0.9210299849510193 0.732932984828949 -0.40841639041900635
-2.386375665664673 0.9969414472579956 2.141308307647705
0.9210299849510193 0.7081062197685242 0.5482679605484009
-2.3863744735717773 0.8484230637550354 -0.7059367299079895
-2.112344741821289 1.1857178211212158 -1.2052984237670898
0.9210300445556641 0.9924868941307068 1.1986746788024902
0.9210301041603088 1.2832597494125366 2.1409525871276855
0.4699644446372986 0.8838452100753784 1.9256110191345215
-1.6271443367004395 0.763065755367279 -1.2052985429763794
-0.7970486283302307 0.7277121543884277 -1.205298900604248
-2.3863744735717773 0.7285246849060059 0.269416868686676
0.4019199311733246 0.8484761714935303 -0.93583744764328
-0.2124941498041153 0.8760462999343872 -1.2052990198135376
-1.8682270050048828 0.8883153796195984 -1.2052985429763794
-2.3863744735717773 0.8322154879570007 0.4201620817184448
-2.119493007659912 1.1709345579147339 2.1412081718444824
-1.4696195125579834 0.284606397151947 0.5427398085594177
-1.884688138961792 0.6609773635864258 -0.8242172002792358
-1.8134430646896362 0.6338906288146973 -0.5573168396949768
0.26256200671195984 0.284606397151947 1.1934491395950317
-0.9900035858154297 0.284606397151947 1.3202600479125977
0.9210300445556641 0.7514937520027161 1.1764012575149536
0.4434413015842438 0.30544862151145935 3.4721760749816895
-1.449813961982727 0.284606397151947 -0.008813363499939442
0.9210299253463745 0.7395320534706116 -0.5954916477203369
-2.3863744735717773 0.814933180809021 -0.31754276156425476
-0.9070829749107361 0.284606397151947 0.6504336595535278
-1.9162867069244385 1.0705972909927368 -1.2052985429763794
-1.2534281015396118 0.284606397151947 -0.07702431827783585
-2.3863744735717773 0.9863635897636414 1.1420741081237793
0.9211299419403076 1.192922592163086 -1.2052992582321167
-1.2153444290161133 0.284606397151947 -0.5881673693656921
-1.084240198135376 0.620915949344635 -1.2052987813949585
-2.3863744735717773 1.0175621509552002 -0.3081091642379761
-2.3863744735717773 1.059555172920227 -0.6828210353851318
0.2867666184902191 0.284606397151947 -0.42200058698654175
-2.3863744735717773 0.908534824848175 -0.50772625207901
-0.8375113010406494 1.30421781539917 -0.9949473142623901
-0.5140812993049622 0.7807789444923401 -1.205298900604248
-0.9194262027740479 0.32488226890563965 4.088876724243164
-2.000971794128418 1.3688647747039795 -0.7926905155181885
0.9210301041603088 1.3752421140670776 2.018099784851074
-1.6727526187896729 0.9487786293029785 -1.2052985429763794
-1.1413856744766235 0.284606397151947 0.4664008617401123
0.9210300445556641 1.0894204378128052 1.5086404085159302
-2.3863744735717773 0.9849460124969482 -0.036793991923332214
0.2594035565853119 0.284606397151947 -0.07035218924283981
-0.3762747645378113 0.284606397151947 -0.5399632453918457
0.9210299253463745 0.8098976612091064 -0.7843560576438904
-1.5777093172073364 0.284606397151947 -0.3167490065097809
0.9210300445556641 0.9063612222671509 1.0280150175094604
-1.0281656980514526 0.284606397151947 -0.5786753296852112
0.9210299253463745 1.2581075429916382 -0.9749249219894409
-0.0655713602900505 0.284606397151947 -0.8711008429527283
-2.3863744735717773 1.1420563459396362 1.4259620904922485
-2.3863744735717773 1.283056378364563 -0.8728547096252441
0.36804211139678955 0.299247682094574 2.9450907707214355
-1.11705482006073 0.284606397151947 1.124137282371521
0.3638729751110077 0.284606397151947 3.658104181289673
-0.972084641456604 0.7910551428794861 -1.2052987813949585
0.5663309097290039 1.0521506071090698 -0.8310312628746033
0.9210300445556641 0.8616974949836731 1.583755612373352
0.9210299849510193 0.8223959803581238 -0.09196920692920685
0.5278626680374146 1.3312187194824219 2.1326417922973633
0.3128736615180969 0.284606397151947 -0.7694574594497681
-0.7973331809043884 0.284606397151947 -0.6574230790138245
-1.2259892225265503 0.7662408351898193 -1.2052987813949585
0.46449416875839233 1.1522406339645386 -1.2052992582321167
-2.033996105194092 1.014920949935913 -0.6175858974456787
-0.8922498226165771 0.284606397151947 -0.11349597573280334
-1.1186095476150513 0.284606397151947 -0.3999514579772949
-1.6152571439743042 0.9891037344932556 -0.8313321471214294
0.04240737482905388 0.3146360218524933 3.2444515228271484
0.02416410483419895 0.284606397151947 4.028069019317627
-0.7501850724220276 0.284606397151947 -0.2719534933567047
-2.3863744735717773 1.2307872772216797 1.2155067920684814
0.9210300445556641 0.9750306606292725 0.8531756401062012
-0.05970022454857826 0.284606397151947 0.5646689534187317
-0.37729334831237793 0.284606397151947 -0.3405613899230957
0.3287721574306488 0.9185120463371277 2.1412081718444824
-1.6542141437530518 1.3521603345870972 -1.1792287826538086
0.44884443283081055 0.3427278995513916 3.3225080966949463
-1.124351143836975 0.8203226327896118 -0.8873645067214966
-2.3863744735717773 0.9277098178863525 0.8971731066703796
-2.3775126934051514 1.3131163120269775 2.1411430835723877
-2.015432357788086 0.7869827747344971 1.3334406614303589
-2.0459413528442383 0.9975310564041138 0.6849989295005798
-1.4619508981704712 0.7883486151695251 2.1412081718444824
0.02223055809736252 1.1428275108337402 -1.2052991390228271
-2.3863744735717773 1.2433702945709229 1.8228793144226074
-1.301263689994812 0.284606397151947 1.059323787689209
-1.4534231424331665 0.9923393130302429 -1.205298662185669
-1.8427033424377441 0.6106032729148865 1.6049525737762451
-0.3187784254550934 0.970934271812439 -0.91217041015625
0.20872265100479126 0.7607282400131226 -1.2052991390228271
-1.7253360748291016 0.7849133610725403 -0.7307101488113403
-1.9275703430175781 1.1201362609863281 2.1412081718444824
-0.795329213142395 0.28460636734962463 2.6924242973327637
-2.3863744735717773 1.027593731880188 0.4771115183830261
0.6419376730918884 0.284606397151947 0.28775104880332947
0.9210299253463745 0.9670342206954956 -0.826865017414093
-0.7153041362762451 0.8862464427947998 -1.205298900604248
-1.9693217277526855 0.6769194006919861 1.0896594524383545
-2.031759023666382 0.7662994265556335 -0.10449948906898499
-1.5876480340957642 0.9483597874641418 2.1412081718444824
-1.7952150106430054 0.9518445134162903 1.8156170845031738
0.9210299849510193 1.0872454643249512 0.43810978531837463
0.9210299253463745 1.310288429260254 -1.194944143295288
-2.0135998725891113 0.7185713648796082 0.1745469868183136
-2.3863742351531982 1.2343788146972656 2.1204938888549805
0.04406365007162094 0.9028010964393616 -1.2052991390228271
-1.2519445419311523 1.3518857955932617 -1.1897927522659302
0.9210299849510193 1.0759646892547607 -0.3260747492313385
-1.7419581413269043 1.1131014823913574 2.1412081718444824
-1.2695152759552002 0.3146360218524933 3.6541945934295654
0.2688615024089813 0.284606397151947 1.4046894311904907
-2.3863744735717773 1.194845199584961 -0.1540064662694931
0.329140841960907 0.6292828917503357 -0.8227747678756714
-1.612200140953064 0.7812478542327881 1.718170404434204
-2.0479235649108887 0.7320476174354553 1.6099765300750732
-1.3423594236373901 0.284606397151947 0.847129762172699
-2.038367509841919 0.7831680178642273 0.8655608296394348
0.3464994728565216 0.284606397151947 -0.24271811544895172
0.30070367455482483 1.3824948072433472 2.1325244903564453
0.09280586987733841 1.1629732847213745 2.1412081718444824
-0.8733633160591125 0.2894448935985565 2.789902925491333
0.9055717587471008 1.3885000944137573 -0.8701857924461365
-1.8212385177612305 0.9850380420684814 -0.6034687757492065
-2.3626866340637207 1.3451749086380005 -1.044512152671814
-1.1440879106521606 0.32620999217033386 3.9155972003936768
-1.9539724588394165 0.787781834602356 -0.42060720920562744
-2.3863744735717773 0.8878606557846069 0.6870050430297852
0.7591885924339294 1.3473283052444458 -1.2052993774414062
-0.2069285809993744 1.0736174583435059 -1.2052990198135376
-1.4871011972427368 1.2495715618133545 -1.205298662185669
-1.199516773223877 0.9411502480506897 -1.2052987813949585
0.9210299849510193 0.9274584054946899 -0.5597144961357117
-1.4738394021987915 0.7405281662940979 -0.8526932001113892
-1.9895743131637573 1.3359564542770386 2.1364974975585938
-2.037470817565918 0.9213671088218689 0.39614030718803406
-2.3863744735717773 1.1307865381240845 1.64589524269104
-0.9755238890647888 0.971288800239563 -1.2052987813949585
0.29702484607696533 0.9309750199317932 -1.2052992582321167
0.6798099875450134 1.5267428159713745 1.922632098197937
-1.1752941608428955 0.284606397151947 1.7107661962509155
-0.44604480266571045 0.9489868879318237 -1.2052990198135376
0.41754409670829773 0.284606397151947 0.8429720401763916
0.9210299253463745 1.126294732093811 -0.6992499828338623
-2.3863744735717773 1.2113946676254272 -0.5582864880561829
-0.8120110630989075 0.284606397151947 0.3422558307647705
-1.5083203315734863 1.2170557975769043 2.1412081718444824
-2.3863744735717773 1.1368993520736694 0.6787858605384827
-2.3863744735717773 0.9933677911758423 0.2512129545211792
-1.9271153211593628 1.3342108726501465 -1.1934987306594849
-1.7455151081085205 1.1981093883514404 -1.2052985429763794
-2.365673542022705 1.3537023067474365 -0.6470414400100708
0.47576504945755005 0.284606397151947 0.12010984867811203
-1.2609111070632935 1.1491498947143555 -1.205298662185669
0.575342059135437 0.7506157159805298 -0.7927191257476807
-0.13905170559883118 0.2998155355453491 4.145744323730469
0.4890628755092621 0.284606397151947 1.0217961072921753
-0.1947728395462036 0.284606397151947 -0.24437689781188965
-0.8695721626281738 1.1385136842727661 -1.2052987813949585
0.5711135864257812 0.284606397151947 0.7664575576782227
-1.134981632232666 0.284606397151947 0.07813731580972672
-0.2762041985988617 0.284606397151947 1.2074627876281738
-0.3978767693042755 0.284606397151947 1.594235897064209
0.0018662277143448591 1.3409371376037598 -1.2052991390228271
-1.2292766571044922 0.2941240072250366 3.240623712539673
-1.7795071601867676 1.3500254154205322 -0.7720950841903687
-1.356724739074707 0.6933633685112 1.7556856870651245
-0.11732630431652069 0.284606397151947 1.2042768001556396
-0.8158056139945984 0.284606397151947 0.990415096282959
-2.3821914196014404 1.349987506866455 1.58212149143219
-0.6322669982910156 1.087072730064392 -1.205298900604248
0.7075322270393372 1.2796753644943237 2.1412081718444824
-1.7042365074157715 1.3199870586395264 2.1392359733581543
0.45770129561424255 0.3257557153701782 3.1674814224243164
-0.7097262144088745 0.3098410367965698 4.213333606719971
-2.006082534790039 0.7273178100585938 0.5636231899261475
-2.196810007095337 1.429120421409607 -0.8252418637275696
-2.368803024291992 1.3926082849502563 -0.31100669503211975
-1.8516696691513062 0.8791250586509705 1.5154320001602173
-2.0768630504608154 1.433771014213562 -0.552742063999176
0.23704953491687775 1.1511865854263306 -1.2052991390228271
0.9210299849510193 1.0996140241622925 0.20965127646923065
-1.0737229585647583 1.085502028465271 2.1412081718444824
-1.8800902366638184 0.6648281812667847 -0.24340564012527466
0.9210300445556641 1.232088565826416 1.1084662675857544
0.9210300445556641 1.3417164087295532 1.4760719537734985
0.550033688545227 1.3363633155822754 -1.1953387260437012
-2.3837461471557617 1.3175240755081177 0.7868818640708923
-2.0769550800323486 1.429879903793335 1.9172706604003906
-1.357069730758667 0.9258869886398315 -0.8639179468154907
0.598778486251831 0.8706744313240051 -0.6351767182350159
0.9210300445556641 1.3733307123184204 1.6745332479476929
0.1508941650390625 0.32531818747520447 3.914395570755005
0.09841448813676834 0.9308010339736938 2.0734593868255615
0.3640258014202118 1.3094748258590698 -0.8871536254882812
-0.9119237065315247 0.3686344623565674 3.2292301654815674
-0.43138614296913147 1.234634518623352 -1.2052990198135376
0.9210300445556641 1.1700044870376587 0.6961632966995239
-0.5661559104919434 0.309231162071228 4.249499797821045
-1.2940059900283813 0.3703373074531555 3.38810133934021
0.05251819267868996 0.8474884033203125 -0.9003580212593079
0.9210299849510193 1.1247546672821045 -0.13612516224384308
-2.3863744735717773 1.1949219703674316 0.14554215967655182
0.26339101791381836 0.2854592204093933 3.791353225708008
-1.8633140325546265 1.0615695714950562 1.1422721147537231
-0.7665907144546509 0.7465871572494507 -0.8496139645576477
-2.3863744735717773 1.1553674936294556 0.9598613381385803
-2.3712158203125 1.2812854051589966 -0.3715950846672058
-1.2242451906204224 1.238019347190857 2.1412081718444824
-1.8753103017807007 1.2635728120803833 1.70927894115448
-1.9658595323562622 1.2470428943634033 0.959135890007019
-0.5220190286636353 0.284606397151947 1.4749064445495605
-2.369863986968994 1.3500123023986816 1.3667221069335938
-1.0530202388763428 0.33748331665992737 4.021560192108154
0.9210300445556641 1.2853456735610962 0.9248507618904114
-1.0759509801864624 0.284606397151947 -0.14960423111915588
-0.6146965622901917 0.284606397151947 0.29152727127075195
-1.1240146160125732 0.3139696717262268 2.9689652919769287
0.14650858938694 0.284606397151947 0.9385762214660645
-0.7121872901916504 0.284606397151947 -0.044641632586717606
-1.366483211517334 1.3432098627090454 2.1200642585754395
0.9210300445556641 1.3394317626953125 1.8213515281677246
-0.4488619863986969 0.3183867931365967 4.248261451721191
0.0438973493874073 0.284606397151947 1.1204824447631836
0.9020822048187256 1.3859202861785889 -0.6837592720985413
0.23061344027519226 0.3543531894683838 2.7682666778564453
-0.648708164691925 0.284606397151947 -0.5203597545623779
0.9210299849510193 1.232753038406372 -0.527768611907959
-2.367126226425171 1.3589389324188232 1.0890623331069946
-0.1331564486026764 0.29463791847229004 3.9746968746185303
-1.2034238576889038 0.38391026854515076 3.0704739093780518
-0.14849144220352173 1.504426121711731 -0.9519666433334351
-1.7934759855270386 1.429642677307129 1.9854880571365356
-2.3863744735717773 1.2736597061157227 0.4366796910762787
-0.9833590984344482 0.33311784267425537 3.399134874343872
0.1679602414369583 0.284606397151947 0.6343547105789185
-0.7361268997192383 0.29266461730003357 3.9041075706481934
-1.8062721490859985 0.625322163105011 1.2734826803207397
-0.3453921377658844 0.4353339970111847 4.0309834480285645
0.9210300445556641 0.8639085292816162 1.3802587985992432
-1.0491292476654053 0.6611608266830444 -0.760303795337677
0.23621819913387299 0.4743427038192749 3.072442054748535
-0.7772406935691833 0.284606397151947 0.1483730524778366
0.6802577376365662 1.4678049087524414 -1.0175002813339233
-1.5414304733276367 0.6569960713386536 -0.6358908414840698
0.04019460827112198 0.31715643405914307 2.702596426010132
-0.5709807276725769 0.284606397151947 -0.1505630761384964
-1.0026822090148926 0.284606397151947 0.8176389932632446
-1.5448161363601685 1.4751261472702026 1.9732272624969482
-1.8546229600906372 1.4305399656295776 -1.0092183351516724
-0.750295102596283 0.284606397151947 1.4234704971313477
-0.5165064334869385 0.33641931414604187 3.8503212928771973
-2.3817172050476074 1.3396635055541992 -0.0008572443039156497
0.9072350263595581 1.3624191284179688 0.5324674248695374
-1.0611553192138672 1.2991472482681274 -1.2052987813949585
0.3098370432853699 0.293599009513855 3.1219139099121094
-0.31083056330680847 0.284606397151947 0.833969235420227
-1.4355961084365845 1.4280035495758057 -1.115912914276123
0.9210299849510193 0.8753926157951355 -0.3015040159225464
0.8953866958618164 1.4778249263763428 1.5402641296386719
-2.051060199737549 1.3934882879257202 -0.3129120171070099
-0.9598497152328491 1.2557119131088257 2.117528200149536
-1.90943443775177 1.2598187923431396 -0.0013757206033915281
-1.970397710800171 1.4676355123519897 -0.12975053489208221
0.3079364597797394 1.349300503730774 -1.2029097080230713
0.4036053717136383 0.284606397151947 0.6338246464729309
-0.992469310760498 0.284606397151947 1.0086978673934937
-2.1724469661712646 1.466430425643921 1.0834447145462036
0.31021052598953247 0.284606397151947 0.2865179181098938
0.9210299849510193 1.3484525680541992 -0.36519721150398254
0.35627710819244385 0.7019684314727783 1.7930022478103638
0.29112255573272705 0.3698596954345703 3.5186026096343994
-0.09773681312799454 0.284606397151947 1.4319108724594116
-2.3822202682495117 1.3690185546875 1.8756643533706665
-1.8764760494232178 1.4577900171279907 1.6823339462280273
-1.857361078262329 1.236254096031189 1.4200469255447388
-1.2987014055252075 0.6503284573554993 -0.6864364743232727
-0.19408610463142395 1.3156183958053589 -1.2052990198135376
-2.031754970550537 1.4460861682891846 1.2407844066619873
-1.0199120044708252 0.34035351872444153 3.706120014190674
-2.165811777114868 1.4107868671417236 1.6282175779342651
0.9210299849510193 0.892067015171051 0.4266469180583954
0.9210300445556641 1.3143808841705322 1.3040814399719238
-2.1057064533233643 1.4733625650405884 0.5165711641311646
-0.8539129495620728 0.525180995464325 3.6740829944610596
-0.3838028609752655 0.6805638670921326 -0.8514946699142456
-0.521394670009613 0.284606397151947 1.031144380569458
0.5345715284347534 1.3418188095092773 1.6405670642852783
0.766762912273407 1.4578135013580322 2.1709229946136475
0.6386745572090149 0.8755133748054504 1.6625638008117676
-0.19151492416858673 0.284606397151947 0.4022098481655121
0.2851001024246216 0.284606397151947 0.10826357454061508
0.6439821720123291 1.5021928548812866 1.3119655847549438
0.6352818608283997 1.4958397150039673 -0.7302596569061279
-0.655154824256897 0.3592509627342224 3.7030110359191895
-0.3311518132686615 0.5131077170372009 3.7615602016448975
-1.2721450328826904 0.3526774048805237 3.518575668334961
-0.15880095958709717 0.5239979028701782 3.4729249477386475
-0.9538406729698181 0.284606397151947 -0.3081473410129547
-0.019575217738747597 1.0365151166915894 2.588430881500244
-1.2871328592300415 0.284606397151947 0.6494355201721191
0.8663311004638672 1.3846077919006348 0.31169548630714417
0.5661010146141052 1.525835394859314 1.6951149702072144
-0.016773095354437828 0.30698925256729126 3.755129337310791
-0.1909138709306717 0.284606397151947 -0.5055277347564697
-0.6180956959724426 1.323060154914856 -1.2037997245788574
0.9210300445556641 0.8971577882766724 0.680446445941925
0.2414623498916626 1.323132872581482 1.990262746810913
-1.8249918222427368 0.6361292600631714 0.04257288575172424
-0.03549773618578911 0.284606397151947 -0.15886475145816803
0.21291255950927734 0.3394086956977844 2.7616262435913086
0.07003945112228394 0.284606397151947 1.3123730421066284
-0.0348636731505394 0.587424099445343 3.143204689025879
-0.349526584148407 0.3509771525859833 3.6478891372680664
-1.006701111793518 0.284606397151947 0.2578321695327759
-0.02485034614801407 0.284606397151947 0.7681175470352173
-0.8359069228172302 0.8241068124771118 2.7572946548461914
0.32555440068244934 1.5627238750457764 -0.5409160256385803
-0.8461952805519104 1.359239101409912 -1.1917558908462524
-1.6586445569992065 1.0424363613128662 1.6161091327667236
0.25499123334884644 0.892239511013031 -0.7596732974052429
0.4269469678401947 1.0744473934173584 1.7208235263824463
0.006455861963331699 0.30434027314186096 3.6299498081207275
-1.6260331869125366 0.6644755005836487 1.5339319705963135
-0.5698796510696411 0.284606397151947 0.10778170824050903
-0.5963621139526367 0.8548925518989563 -0.8773522973060608
-1.6938799619674683 0.6928005814552307 -0.22059765458106995
-1.0909847021102905 1.4818545579910278 -1.0814554691314697
-0.3424338400363922 0.4102087914943695 3.1370346546173096
-1.8557943105697632 1.3662019968032837 -0.531886875629425
-0.6310937404632568 0.284606397151947 1.2748717069625854
-0.06474956125020981 0.659633219242096 -0.8107463121414185
-1.0732793807983398 0.8905106782913208 1.955551028251648
0.5511865019798279 1.1241929531097412 -0.5163360238075256
-1.9371222257614136 1.2064682245254517 0.4116031229496002
-1.8490618467330933 0.9012033939361572 0.756912112236023
0.050312589854002 1.513117790222168 -0.9355745911598206
0.4273413121700287 1.520525574684143 -0.8795434236526489
-0.1981835812330246 1.4496527910232544 1.6867812871932983
-1.0960500240325928 1.3324031829833984 -0.16593803465366364
-1.4641377925872803 1.411874771118164 -0.8083891272544861
-0.4588029980659485 1.316770315170288 2.3092682361602783
-1.6333575248718262 1.478254795074463 -0.8064461946487427
-0.32537633180618286 1.3352251052856445 -0.7316221594810486
-1.558700680732727 1.1408177614212036 -0.5986353754997253
0.18623937666416168 1.482911229133606 1.4690567255020142
-0.7667118310928345 1.4503660202026367 1.4484670162200928
-0.10604323446750641 0.9471161365509033 -0.7968577742576599
-2.260474920272827 1.4446394443511963 -0.017078127712011337
-0.33725520968437195 1.4199167490005493 -1.176421880722046
-1.7481814622879028 1.4836151599884033 -0.40040820837020874
-1.336778998374939 1.5226961374282837 -0.7103495597839355
0.8955056071281433 0.9638758897781372 0.01412840187549591
-0.08750221133232117 1.5246518850326538 -0.6027268171310425
-1.2364583015441895 1.3708152770996094 -0.8942698240280151
0.8735275864601135 1.437351107597351 0.827968955039978
0.8866526484489441 1.4023327827453613 -0.21314844489097595
-1.4878381490707397 1.5415230989456177 -0.4638442397117615
0.45624154806137085 1.48931086063385 1.0518077611923218
-1.5456528663635254 1.536521553993225 0.04919150471687317
-1.8382238149642944 1.1041181087493896 -0.3220074772834778
0.9210299849510193 1.2679771184921265 0.005146846175193787
-1.8095899820327759 0.7824726104736328 0.9950689673423767
0.40344443917274475 0.6156551837921143 -0.6340302228927612
0.8797357678413391 1.4240585565567017 1.1363705396652222
-0.3787388801574707 0.3608398139476776 3.449989080429077
-0.7887738347053528 0.509229302406311 3.109339475631714
-0.9759446382522583 0.9466730952262878 -0.8311471343040466
-1.6075737476348877 1.5393364429473877 0.7305627465248108
-1.0382426977157593 1.5007696151733398 1.6151187419891357
-1.3065146207809448 1.5056360960006714 1.3109912872314453
-1.4219591617584229 1.4950158596038818 1.8135976791381836
0.8076654672622681 1.5151653289794922 -0.5059603452682495
-0.55706787109375 1.08418869972229 2.6493935585021973
-1.4776220321655273 1.5201737880706787 0.5005777478218079
-0.3460075259208679 0.284606397151947 1.0210659503936768
-1.1229695081710815 0.284606397151947 0.6495326161384583
-0.03882787004113197 0.781372606754303 2.6728951930999756
-1.5511915683746338 1.528692603111267 1.3171312808990479
-1.083821415901184 1.1948179006576538 1.0129196643829346
-1.4068974256515503 1.465793490409851 1.00437593460083
-1.3701012134552002 1.5468100309371948 -0.16408419609069824
-2.353116989135742 1.436699390411377 0.8485511541366577
0.470862478017807 0.6561539173126221 1.5771483182907104
-1.6000571250915527 1.5143733024597168 1.6104196310043335
-2.002925157546997 1.468254566192627 1.423325538635254
-0.8340144157409668 0.8113278150558472 1.9944907426834106
-0.18499788641929626 0.284606397151947 0.0011734687723219395
-1.2653162479400635 1.4809199571609497 0.7100911736488342
-1.8607919216156006 0.8128305673599243 0.3481520414352417
-0.6780862212181091 1.2359886169433594 -0.012079350650310516
-1.9463895559310913 1.5078144073486328 0.313302218914032
-1.3844221830368042 0.8777762055397034 -0.6024089455604553
-1.2945095300674438 1.522478699684143 0.2590377926826477
-0.8936482667922974 1.3580803871154785 2.098602294921875
-0.20870408415794373 0.4214993715286255 2.958540201187134
-1.888169765472412 1.5037771463394165 0.8652483820915222
-1.3801074028015137 1.1266790628433228 1.6154447793960571
-1.1714621782302856 1.5096269845962524 -0.059881433844566345
-1.7262629270553589 1.5317060947418213 -0.15928223729133606
-0.2921251654624939 0.284606397151947 0.6830054521560669
-0.627642035484314 0.3458705246448517 3.4754607677459717
0.585196316242218 0.8865956664085388 -0.28881534934043884
-0.6091715097427368 0.284606397151947 0.8667813539505005
-1.6265394687652588 0.9010676145553589 -0.39616596698760986
-1.7822763919830322 0.8858280777931213 1.2694445848464966
-0.9321750998497009 0.32592514157295227 3.017195701599121
-0.6987321972846985 1.5122448205947876 -1.1232010126113892
-0.8380895256996155 0.6558164358139038 -0.6763837337493896
-1.8441007137298584 0.9626185297966003 -0.11772332340478897
-0.5030364394187927 0.284606397151947 0.5974443554878235
-0.000251533929258585 1.3296946287155151 2.113039493560791
-1.5434430837631226 1.3412325382232666 1.5459738969802856
-1.1784393787384033 0.8856959342956543 1.7097917795181274
-0.7770413756370544 0.284606397151947 0.8001809120178223
0.2323685586452484 1.455450415611267 -1.1201419830322266
-0.1872643530368805 1.293703556060791 1.6446157693862915
-1.7944148778915405 0.6327274441719055 0.5085832476615906
0.30195140838623047 1.0665829181671143 0.5361222624778748
0.023845583200454712 0.38577568531036377 3.4310965538024902
-0.7952655553817749 0.3198738098144531 3.5147976875305176
0.1324498951435089 1.5506428480148315 -0.6893318891525269
-0.41757234930992126 1.50318443775177 -1.0468528270721436
-1.096566915512085 1.3149588108062744 -0.782044529914856
-0.2087441235780716 0.9979962706565857 2.7202916145324707
0.6658415198326111 1.4596130847930908 -0.006205333396792412
-1.176527500152588 1.3324922323226929 1.7817611694335938
-1.7860087156295776 1.5405739545822144 1.200092077255249
-0.3302974998950958 0.6600375771522522 2.795135498046875
0.3280024528503418 1.1392539739608765 -0.6653131246566772
-1.7900091409683228 0.8904502391815186 0.12377703189849854
-0.38416963815689087 1.4244760274887085 1.5191069841384888
-1.1479943990707397 1.4908573627471924 1.9664243459701538
0.5758817195892334 1.5526922941207886 -0.3994958996772766
0.3190361559391022 1.527919888496399 1.9456466436386108
-0.876342236995697 0.5993722081184387 2.9425570964813232
0.65106600522995 1.0077645778656006 1.3735183477401733
-0.0806727260351181 0.7014252543449402 2.987396240234375
-1.4881985187530518 1.3101181983947754 -0.38783779740333557
-0.6047094464302063 0.5037612915039062 3.3460121154785156
0.37168940901756287 1.525989294052124 1.3867498636245728
-0.626218318939209 0.9786616563796997 2.858431816101074
0.0821312814950943 1.2580440044403076 -0.7808459997177124
-1.4226261377334595 0.6522080302238464 -0.40345102548599243
-0.6253687739372253 1.4761276245117188 1.7889673709869385
-1.8272652626037598 1.1928298473358154 0.6571518182754517
-0.29648229479789734 0.7811318039894104 -0.6952093243598938
-1.608996868133545 1.2689045667648315 1.1846014261245728
-1.7438265085220337 1.5364059209823608 0.16732195019721985
0.012430998496711254 1.492440938949585 1.702539324760437
-0.4449980556964874 1.4373929500579834 1.8814202547073364
-0.5153951048851013 0.7473047375679016 3.0727505683898926
0.5550985336303711 0.7679908275604248 -0.09515861421823502
0.7050978541374207 0.8449986577033997 0.4831850230693817
-0.8650014996528625 1.4552254676818848 1.914721131324768
0.5117818713188171 0.7601800560951233 1.3263713121414185
-0.5492563247680664 0.795385479927063 2.674391508102417
0.23709408938884735 0.284606397151947 0.7945377230644226
-1.2470611333847046 1.482125997543335 1.5413987636566162
0.1114262267947197 0.284606397151947 0.2789042592048645
-0.5027337074279785 0.40251484513282776 3.0784263610839844
-0.42397773265838623 0.284606397151947 -0.002705140272155404
-1.4936513900756836 0.9075886607170105 1.4046448469161987
-1.6687754392623901 0.6530991792678833 0.2733427882194519
0.13055478036403656 0.8747884631156921 1.8527063131332397
-1.1244850158691406 0.713515043258667 -0.5510742664337158
-0.5576581954956055 0.6338551044464111 -0.6806092262268066
-0.9662927389144897 0.663473904132843 1.7205721139907837
0.3670753240585327 1.5097389221191406 -0.23361267149448395
-0.2980704605579376 0.8486759066581726 2.152452230453491
-0.3890209496021271 0.284606397151947 0.3031441569328308
-1.3603729009628296 0.6488468050956726 1.5424085855484009
-1.2705382108688354 1.374965786933899 -0.4900389611721039
0.09415264427661896 0.7057525515556335 -0.6511447429656982
0.507810115814209 0.6697598099708557 -0.42659232020378113
-1.7104554176330566 1.1075435876846313 0.9350863099098206
-0.16943740844726562 0.8943400382995605 2.813350200653076
-1.267948865890503 1.072792410850525 -0.6562514305114746
-0.6786412000656128 1.299164891242981 2.2710328102111816
0.17782406508922577 0.6698049306869507 1.6570954322814941
0.5499282479286194 0.7881996035575867 0.7548072934150696
-0.11910643428564072 1.404008150100708 2.0747597217559814
0.5884121656417847 1.2406713962554932 1.0821465253829956
-1.7956222295761108 0.6574632525444031 0.7711130976676941
-0.7477833032608032 1.008628010749817 2.3431928157806396
-1.5242468118667603 0.6541128754615784 -0.018436459824442863
-0.26922252774238586 1.2583869695663452 2.4310784339904785
-0.5045851469039917 0.6101744771003723 3.1176931858062744
0.4144604504108429 1.3673986196517944 -0.545153796672821
-1.7363511323928833 1.2024809122085571 0.2612525224685669
-0.12366045266389847 0.284606397151947 0.24516871571540833
-1.5874760150909424 1.235267996788025 -0.14668041467666626
-1.5596779584884644 0.8549937605857849 1.1853333711624146
-1.667415976524353 1.5254472494125366 0.9827518463134766
-0.7360162138938904 1.0227960348129272 -0.7705472707748413
-1.7697774171829224 1.5112733840942383 0.4962765872478485
-2.3401999473571777 1.3706684112548828 0.550898551940918
0.3306211233139038 0.8564643859863281 -0.545962393283844
-0.12101995944976807 0.7040261030197144 1.718300223350525
-0.36770328879356384 0.284606397151947 0.49109601974487305
-1.5982388257980347 0.6649239659309387 1.0065553188323975
0.5764716267585754 0.7896943092346191 1.045445203781128
0.4404788315296173 0.8796054720878601 1.5830787420272827
-1.3667266368865967 1.230148434638977 1.3009835481643677
-2.0543696880340576 1.4945465326309204 0.7406340837478638
-0.5906180739402771 0.8483635187149048 2.2045509815216064
0.32269346714019775 1.1612640619277954 -0.05297044292092323
-2.11592435836792 1.4620712995529175 0.17944744229316711
-1.3982270956039429 0.6822988390922546 1.0400261878967285
-0.7002001404762268 1.383180856704712 1.6861059665679932
-0.523714005947113 1.334996223449707 1.2430648803710938
-0.5414154529571533 1.1489838361740112 2.390691041946411
0.08143957704305649 0.7103075385093689 1.461266279220581
0.6229401230812073 0.9313703179359436 0.12467042356729507
-2.3643479347229004 1.3590161800384521 0.27184951305389404
0.6886893510818481 1.5438625812530518 0.6449909210205078
-0.3841865658760071 0.8521747589111328 2.5073273181915283
-0.13016565144062042 0.9129979014396667 2.0494301319122314
-0.7028003334999084 0.284606397151947 0.6205853223800659
-0.8944214582443237 1.1902116537094116 1.8026140928268433
0.7252451181411743 1.5187890529632568 0.8147920966148376
-0.23009967803955078 1.277221441268921 -0.8070236444473267
-1.2585468292236328 0.9487958550453186 1.5105509757995605
-1.5027549266815186 0.8474887013435364 0.3471360206604004
0.016950411722064018 1.4997130632400513 -0.11569713056087494
-0.15630578994750977 1.4837980270385742 -0.0841141790151596
0.1636798083782196 1.5100845098495483 -0.19035209715366364
-1.0227727890014648 0.9418909549713135 -0.5953378677368164
-0.20108658075332642 1.4484784603118896 -0.24435442686080933
-1.4411659240722656 0.8085184097290039 -0.23736748099327087
-1.2899740934371948 0.9228243827819824 -0.19370417296886444
-1.0216777324676514 1.1887277364730835 1.492270588874817
-0.48484379053115845 0.864940345287323 -0.5893516540527344
-1.599955677986145 0.9580584168434143 -0.055240921676158905
0.13035476207733154 1.149044156074524 -0.25891774892807007
-0.39094382524490356 1.373584270477295 0.026143956929445267
0.34859591722488403 1.3786054849624634 1.270926833152771
0.20766502618789673 1.482572317123413 1.7453681230545044
0.06145765632390976 1.4740601778030396 -0.43512532114982605
-1.7233219146728516 0.9225422143936157 0.5167146921157837
-0.7740987539291382 1.1095048189163208 -0.6107879281044006
-0.17770129442214966 0.9977545142173767 1.8158293962478638
-1.1820303201675415 0.6486300826072693 -0.2978261113166809
-0.300670325756073 0.284606397151947 0.145755335688591
-0.7156792879104614 0.69704270362854 1.7479486465454102
-0.16454723477363586 0.6197514533996582 -0.6112603545188904
-0.6789205074310303 1.000317096710205 1.8862463235855103
-1.3111355304718018 0.6923239231109619 1.2927005290985107
-1.3349685668945312 1.1109347343444824 -0.3100494146347046
-1.5485650300979614 0.6510955095291138 0.6756744384765625
0.4531622529029846 0.6796654462814331 0.4161878526210785
-0.26405972242355347 1.148420810699463 -0.3190206289291382
-0.7775673270225525 0.9010574817657471 -0.4955609142780304
-0.6927472352981567 0.3121085464954376 1.1131213903427124
-0.1332448422908783 1.1546097993850708 -0.619490921497345
-0.25858476758003235 1.1872355937957764 2.2191877365112305
-1.383913516998291 0.7383824586868286 0.08989481627941132
0.06833793967962265 1.0705915689468384 -0.5550326108932495
-0.8019835948944092 0.660396933555603 -0.4759359359741211
0.16368453204631805 0.8832811713218689 1.5370440483093262
-1.0812458992004395 0.72931969165802 1.5595723390579224
0.3166438341140747 0.9203620553016663 -0.2929382026195526
0.5726668834686279 1.1992744207382202 0.7054276466369629
0.3638424873352051 0.6333537101745605 -0.25568169355392456
0.37834250926971436 0.9534221291542053 0.15613704919815063
0.16818484663963318 1.154535174369812 1.606788158416748
-0.4627399444580078 1.0878742933273315 1.7474359273910522
0.4068414568901062 1.0027903318405151 1.0071501731872559
0.3367498815059662 0.6308051943778992 1.2882977724075317
0.34506961703300476 1.0932567119598389 1.3847737312316895
0.4559161365032196 1.1501288414001465 -0.26282328367233276
-0.11360998451709747 0.8902736902236938 -0.5033581852912903
-1.1992965936660767 0.6568039655685425 -0.0499202124774456
0.10614648461341858 0.6569792032241821 -0.38992446660995483
0.39386212825775146 0.8429766297340393 1.1622428894042969
0.47252339124679565 0.7260321378707886 0.1537984162569046
-0.4848179817199707 1.0485129356384277 -0.6514967083930969
-1.457584023475647 0.8148131370544434 0.6581320762634277
-0.6454424262046814 0.284606397151947 0.46081826090812683
-0.4132257103919983 0.9707465767860413 2.023488759994507
-0.8892080187797546 0.6441518664360046 -0.17656975984573364
-0.08298293501138687 0.9782811403274536 1.5502674579620361
0.19511473178863525 0.6763948202133179 -0.11040140688419342
-1.37140953540802 0.6480510830879211 0.37260985374450684
0.3462525010108948 0.8345348834991455 0.43774646520614624
-0.001012126449495554 0.284606397151947 0.1382625699043274
-0.9335253238677979 0.284606397151947 0.45505592226982117
-0.44881001114845276 0.7520312666893005 1.7934166193008423
0.3454974889755249 0.6444220542907715 0.7526932954788208
-0.5151381492614746 0.640916645526886 -0.41025978326797485
0.02666046842932701 0.8782739043235779 -0.2729942202568054
-0.2105027586221695 0.6391491889953613 -0.3341294229030609
-0.03017476201057434 0.3582075834274292 0.9598186612129211
0.353439062833786 0.838340163230896 -0.05269099771976471
-1.5062451362609863 1.0882620811462402 0.18985645473003387
-0.5953280925750732 0.7184945940971375 1.5937001705169678
-1.218663215637207 0.8691741824150085 0.2030450403690338
-1.0403234958648682 0.6595031023025513 1.3316959142684937
-1.4731240272521973 0.9412814974784851 0.898821234703064
-0.8410614132881165 0.6845248937606812 1.2353181838989258
-1.4821031093597412 1.1335580348968506 0.590070366859436
-0.1509791612625122 0.6376394629478455 -0.018600601702928543
0.3388816714286804 0.6897981762886047 0.9657163023948669
-1.263677954673767 0.6652887463569641 0.7249609231948853
-1.0705186128616333 0.8635851144790649 -0.32196706533432007
-0.33646613359451294 0.6931071281433105 1.6052813529968262
-0.7636750936508179 0.8346741795539856 -0.2769443392753601
-1.5244362354278564 1.3318531513214111 0.7675391435623169
-0.5710675716400146 0.6427228450775146 -0.10147100687026978
-1.0679386854171753 0.6340683102607727 0.2623251676559448
-1.332037091255188 1.3926868438720703 0.030152663588523865
-1.202719807624817 0.9307317733764648 1.2457913160324097
0.26033222675323486 0.647219717502594 0.21381588280200958
-0.541719377040863 1.3729156255722046 0.20858407020568848
-1.2016156911849976 0.7144925594329834 1.0239949226379395
-0.7453715205192566 1.4497650861740112 0.22902147471904755
-0.18354904651641846 0.45361343026161194 0.6299921274185181
-0.5244129300117493 0.40839216113090515 0.7874014377593994
0.1496930718421936 0.7455108165740967 1.1674824953079224
-0.15828430652618408 0.8015562891960144 -0.20123536884784698
-0.8275026679039001 0.917901873588562 1.660982608795166
-0.966137707233429 0.6079384684562683 0.5944012999534607
-0.5422300100326538 1.2151391506195068 1.1230195760726929
-1.4930096864700317 1.3849488496780396 0.3322364091873169
-0.37610486149787903 0.8766618371009827 -0.3624686598777771
-1.2629843950271606 0.9138849973678589 0.6169469356536865
-1.0391157865524292 1.094963788986206 -0.2452262043952942
-0.8839314579963684 0.8680649399757385 1.4709229469299316
-1.3667155504226685 1.0805606842041016 1.0405786037445068
-1.0339845418930054 1.5087884664535522 0.5368872284889221
-1.0005128383636475 0.9051479697227478 -0.0758674293756485
-1.2934741973876953 1.1067403554916382 0.06799208372831345
-0.6437385082244873 1.0391614437103271 -0.20015093684196472
-0.9899463057518005 1.2587153911590576 0.08574419468641281
0.05305363982915878 0.775371253490448 0.04474002495408058
0.2165457159280777 0.6788539886474609 0.5385918021202087
-0.14554309844970703 0.6934667825698853 1.4172943830490112
-0.5140640139579773 0.5886167287826538 0.2750769853591919
-0.39730244874954224 0.7460755705833435 0.4886806309223175
-1.0081931352615356 0.8093133568763733 0.0931302011013031
-0.6917521953582764 1.2462788820266724 0.6843472123146057
-0.5050624012947083 0.7946383953094482 -0.1852402240037918
-1.2927311658859253 1.0512351989746094 0.39398521184921265
-0.016464397311210632 0.7509350180625916 0.3494868576526642
-1.1442536115646362 1.33309805393219 0.30363765358924866
-0.8429456949234009 1.4456621408462524 0.3478069603443146
-0.46898895502090454 0.6383249759674072 1.1095167398452759
-0.7978999018669128 1.3391748666763306 0.509209930896759
-1.2279582023620605 1.2303228378295898 0.6380060911178589
-0.26583173871040344 0.7295586466789246 1.0571256875991821
-0.3517904281616211 0.6963326334953308 0.11554640531539917
-0.46771347522735596 0.7559754848480225 0.7855013012886047
0.17234663665294647 0.9108380675315857 0.22460176050662994
-0.844794750213623 1.1532864570617676 0.244460329413414
-1.024816870689392 0.815849244594574 0.5730274319648743
-0.14201530814170837 0.7252804636955261 0.7320639491081238
0.1261693388223648 1.029537320137024 1.1952130794525146
0.06669564545154572 0.7639438509941101 0.7247087955474854
0.3934660255908966 0.8377320170402527 0.6951423287391663
-0.15716716647148132 0.6912400126457214 0.3906406760215759
-0.5696634650230408 0.7173484563827515 1.2862958908081055
-0.29653221368789673 0.9375096559524536 1.5012387037277222
-0.6588552594184875 0.6884422302246094 0.5209259390830994
-0.14625731110572815 0.8456892371177673 0.041770294308662415
-1.0856832265853882 0.7928846478462219 0.37481167912483215
-0.991304874420166 0.8071223497390747 1.1152400970458984
0.3193564713001251 1.496412992477417 0.8596194982528687
-0.7845690250396729 0.6874310374259949 0.12317727506160736
-0.9609542489051819 0.6922801733016968 0.844986081123352
-1.1393338441848755 0.8869895339012146 0.851105272769928
-0.3677416443824768 0.9785144925117493 -0.10362598299980164
-0.13670103251934052 1.1459858417510986 -0.1007617861032486
-0.04548264294862747 1.4068607091903687 1.328575849533081
-0.7374667525291443 0.845215916633606 -0.03450756147503853
0.15361279249191284 1.3031278848648071 0.6110081672668457
-0.32271242141723633 1.2651046514511108 1.3660252094268799
-0.024321677163243294 1.3829786777496338 0.08283455669879913
-0.14577016234397888 1.2868629693984985 0.27705973386764526
-0.9065737128257751 1.1505565643310547 0.47825103998184204
0.05970260128378868 1.263026475906372 0.3447423279285431
-0.8082729578018188 1.009630799293518 1.215508222579956
0.15783892571926117 1.3766486644744873 1.0902314186096191
-0.9219983220100403 1.0331369638442993 0.7955031991004944
-0.4010623097419739 1.2543368339538574 0.20417724549770355
0.1717284768819809 1.3202052116394043 0.303916871547699
-0.011343046091496944 0.7496815919876099 1.014898657798767
-0.08561699092388153 1.2740880250930786 1.1857664585113525
0.17960365116596222 1.3296082019805908 0.8056948781013489
-0.7757166624069214 0.7584068179130554 0.3318130373954773
-0.5791537165641785 1.1702954769134521 1.443084955215454
0.29216039180755615 1.0743281841278076 0.8499994874000549
-0.4797974228858948 0.8388564586639404 0.14006201922893524
-0.6988881826400757 1.006344199180603 0.21921999752521515
-0.5068795680999756 1.0801782608032227 0.408962219953537
-0.6704723238945007 1.2457294464111328 0.8154681324958801
-0.6043580770492554 0.8582884669303894 1.436242938041687
-0.7536188960075378 0.7071815729141235 0.8938911557197571
0.4330542981624603 1.4623470306396484 -0.041362214833498
-0.3065955340862274 0.9010674357414246 0.536130964756012
-0.11553236097097397 1.03130304813385 0.2927885949611664
-0.36405789852142334 1.4499973058700562 -0.6289636492729187
-0.18317928910255432 0.8530070781707764 1.2717615365982056
0.637488842010498 1.4872370958328247 0.25331351161003113
-0.6481248140335083 0.8372382521629333 1.0337129831314087
-0.3071698546409607 1.0817221403121948 0.29717373847961426
-0.08283492922782898 1.1617693901062012 0.5534484386444092
-0.35900819301605225 1.5049612522125244 -0.30341529846191406
-0.2560187876224518 0.8860877752304077 0.7950036525726318
0.49049505591392517 1.458766222000122 0.44415417313575745
-0.7646186947822571 0.8940812349319458 0.5918242335319519
-0.7866483926773071 1.237945556640625 1.0872138738632202
-0.653679370880127 1.3792510032653809 -0.787257730960846
0.017694581300020218 1.177844524383545 0.8999939560890198
-0.5752811431884766 0.9207789301872253 0.8014123439788818
0.5440872311592102 1.166805624961853 0.39419448375701904
-0.967668354511261 1.3741986751556396 -0.40199315547943115
-1.0042246580123901 1.461922526359558 -0.7145898342132568
-0.5233272314071655 1.0056519508361816 0.5900466442108154
-0.10785916447639465 1.0503464937210083 0.6780501008033752
-0.001952358172275126 1.5312851667404175 0.6696219444274902
-0.9165599346160889 1.4191828966140747 0.9169273376464844
-0.5414855480194092 1.3334225416183472 -0.3829406201839447
-0.9604621529579163 1.3200963735580444 1.2311208248138428
-0.13964897394180298 1.404894232749939 0.729447603225708
-0.40509530901908875 0.912619948387146 1.2044726610183716
-0.3750247657299042 1.4475587606430054 0.39877769351005554
-0.22381150722503662 1.4197287559509277 0.39514654874801636
-0.7369521260261536 1.5048831701278687 -0.8559585213661194
-0.06958652287721634 1.0018974542617798 1.0143063068389893
-0.10129889845848083 1.3923430442810059 0.5521693825721741
-0.7884545922279358 1.4268133640289307 -0.11428496241569519
-0.3324701189994812 1.0301767587661743 1.0320035219192505
-1.0318093299865723 1.5150505304336548 -0.5242953300476074
0.38386210799217224 2.7783026695251465 0.38478928804397583
0.19522207975387573 2.509686231613159 0.4758049547672272
-0.48842909932136536 1.5274795293807983 -0.6115811467170715
-0.5000240802764893 1.5065698623657227 0.5192233324050903
-0.5675148367881775 1.4921585321426392 -0.07716555148363113
-0.7099981904029846 3.0658745765686035 0.16810685396194458
0.42939308285713196 2.53855037689209 0.473370760679245
-0.07094233483076096 1.5008962154388428 0.3639790117740631
-0.39794328808784485 1.6689395904541016 0.39165788888931274
-0.043420154601335526 1.6593676805496216 0.42215073108673096
0.14310121536254883 2.5509676933288574 0.29114481806755066
-0.3844411373138428 1.3543723821640015 0.5936472415924072
-0.9186645150184631 1.5106133222579956 -0.17227822542190552
-1.2621763944625854 2.7920589447021484 0.4162572920322418
-0.6802778244018555 2.72165584564209 0.639598548412323
-0.2763863205909729 1.3457295894622803 0.6891554594039917
-0.9407925009727478 2.603785276412964 0.47779470682144165
-0.24956488609313965 1.6559518575668335 0.7626250386238098
0.30735790729522705 2.621945858001709 0.20420266687870026
-0.39884787797927856 1.4536570310592651 0.7420538663864136
-0.9869973063468933 2.7709476947784424 0.8181942105293274
-0.7099684476852417 2.702540636062622 0.35465896129608154
-0.6145510077476501 2.846762180328369 0.6828299164772034
-1.0354901552200317 2.6480679512023926 0.3497428894042969
0.25756531953811646 2.4484384059906006 0.34574729204177856
-1.0807684659957886 2.7499451637268066 0.21844129264354706
0.3477283716201782 2.494028091430664 0.49834731221199036
0.23699215054512024 2.4658913612365723 0.40490880608558655
-1.2192643880844116 2.7791924476623535 0.6594464182853699
-0.5668092966079712 2.998253107070923 0.42398667335510254
-0.7755351066589355 2.6233859062194824 0.5287618041038513
-1.1036946773529053 2.6631600856781006 0.5989673733711243
-0.8232972621917725 2.7907259464263916 0.1626535952091217
-1.266640305519104 3.221832513809204 0.5737723112106323
-0.6242726445198059 2.848938226699829 0.2704548239707947
-1.2289444208145142 2.9493863582611084 0.20622099936008453
-1.227826714515686 3.152677059173584 0.21447055041790009
-1.350392460823059 2.973458766937256 0.5011710524559021
-0.8946576118469238 3.120469808578491 0.8218835592269897
-1.2558223009109497 3.0128021240234375 0.7518242001533508
-0.9986181855201721 2.955850601196289 0.08257268369197845
-0.8813007473945618 2.6804890632629395 0.7363597750663757
-1.015750527381897 2.917985677719116 0.8886585235595703
0.0302098598331213 4.3092451095581055 0.6929696202278137
-1.0107989311218262 3.268688678741455 0.6838150024414062
-1.1554181575775146 3.348938226699829 0.3203731179237366
-0.23624588549137115 4.199464797973633 0.433807909488678
-0.9064216017723083 3.1729564666748047 0.09861893206834793
-0.07810389995574951 4.22639274597168 0.5262346863746643
0.2332235872745514 4.422318935394287 0.6234139800071716
0.1352948099374771 4.294623374938965 0.495369553565979
0.23847879469394684 4.435588836669922 0.3732127249240875
-0.9530615210533142 3.4621899127960205 0.4152383804321289
-0.6592289209365845 3.031524419784546 0.7237400412559509
-0.8057394623756409 3.3199045658111572 0.3032737374305725
-0.12853030860424042 4.346224784851074 0.26173606514930725
0.05617406219244003 4.336045265197754 0.3122541606426239
-0.644912600517273 3.950115203857422 0.5106161236763
-0.21205778419971466 4.307865142822266 0.6941856145858765
-0.08623412996530533 4.619962692260742 0.18313711881637573
-0.4304736852645874 4.245582103729248 0.4740002453327179
-0.5506451725959778 3.983001947402954 0.40403273701667786
-0.9708056449890137 3.674419403076172 0.49100834131240845
-0.7887392640113831 3.729919910430908 0.4283958077430725
0.044578056782484055 4.4416093826293945 0.7990214228630066
0.2869966924190521 4.723762035369873 0.6261391639709473
0.14297649264335632 4.653962135314941 0.79023677110672
-0.6574969291687012 4.203312397003174 0.5419779419898987
-0.27893298864364624 4.458118438720703 0.7533913254737854
-0.9440180659294128 3.7839455604553223 0.27580496668815613
-0.30910149216651917 4.46831750869751 0.2489500343799591
-0.9906607270240784 3.920252561569214 0.4742167294025421
-0.04261895269155502 4.921037673950195 0.49175551533699036
0.16810429096221924 5.037148475646973 0.5438290238380432
-0.4388233423233032 4.551126480102539 0.4766152799129486
-0.9465720057487488 4.032063007354736 0.2805493474006653
-0.08843041211366653 5.701135158538818 1.342583417892456
0.024824421852827072 5.527255058288574 1.0735315084457397
-0.2526051700115204 5.679690837860107 0.8989088535308838
-0.14572498202323914 4.7140045166015625 0.7591204643249512
-0.024961862713098526 5.536073207855225 1.1835277080535889
-0.22554832696914673 5.594629287719727 1.0228729248046875
-0.6806212067604065 4.139211177825928 0.2297745645046234
0.28502172231674194 4.604422569274902 0.2898913025856018
-0.8230113983154297 6.643563270568848 0.6681656837463379
0.2719436287879944 5.122350215911865 0.4189593493938446
-0.6986398100852966 3.8735694885253906 0.2864290475845337
-0.3206627666950226 5.839105606079102 1.1816002130508423
-1.3799101114273071 5.552693843841553 -0.3207087516784668
0.12317310273647308 4.800600051879883 0.21674998104572296
-0.7934166193008423 6.809736728668213 0.46591779589653015
0.13617971539497375 5.633391857147217 1.1870417594909668
0.15168099105358124 4.932724952697754 0.10139628499746323
-0.25033068656921387 4.779489517211914 0.4776969850063324
0.29329150915145874 5.083951950073242 0.13564297556877136
-0.25115200877189636 5.841753959655762 1.2721965312957764
-0.71170973777771 6.726924896240234 0.75738126039505
0.3157815635204315 4.898967742919922 0.24188265204429626
0.01600460521876812 5.537178039550781 0.964523196220398
-0.046101007610559464 5.550533294677734 0.8715223073959351
0.08040415495634079 5.074246883392334 0.12174820899963379
-1.0028449296951294 6.678085803985596 0.5099433660507202
-0.02986680343747139 5.955377101898193 1.2416927814483643
-0.7943453192710876 6.892638683319092 0.9697606563568115
-1.0044212341308594 6.623152256011963 0.6778115630149841
-1.2347363233566284 6.89179801940918 0.9020988345146179
-1.2049044370651245 6.743571758270264 0.7169251441955566
0.1580987125635147 5.807215690612793 0.9898011088371277
0.04085862636566162 6.978933334350586 1.0207500457763672
0.01054556667804718 6.768063545227051 1.0125210285186768
-1.038170337677002 6.744133949279785 0.9548019766807556
-1.0208582878112793 6.644359588623047 0.8219218850135803
-0.6819819211959839 6.932163715362549 0.5205638408660889
0.10520072281360626 6.761211395263672 0.8894699215888977
-0.12717443704605103 5.784733772277832 0.8097440600395203
-1.1165236234664917 6.831613540649414 0.47309017181396484
0.1396249234676361 6.916883945465088 0.9420960545539856
-1.0903565883636475 7.0069661140441895 0.4489150047302246
-0.21648353338241577 7.513452529907227 0.07290330529212952
-0.31723272800445557 7.48828125 -0.2903931140899658
0.08958659321069717 6.746123313903809 0.9601150751113892
-0.15532994270324707 7.374683856964111 -0.03352547436952591
-0.639554500579834 6.948698997497559 0.8196255564689636
-0.23977337777614594 7.332533836364746 -0.12136869132518768
-0.15004339814186096 7.349575042724609 -0.23796135187149048
-0.6223079562187195 7.13779878616333 0.7194686532020569
-1.069333791732788 8.64737606048584 0.07046905905008316
-1.2387975454330444 7.053684234619141 0.8057355880737305
-0.9939425587654114 6.992041110992432 1.029342532157898
-0.7853208184242249 7.677498817443848 0.6929916739463806
-0.3635912537574768 7.4608683586120605 -0.096519336104393
-0.10226287692785263 6.783279895782471 0.889398992061615
-0.936611533164978 7.39763879776001 0.7466267347335815
-0.9490721225738525 7.208545207977295 0.9601508975028992
-0.6587131023406982 7.374844551086426 0.6501097679138184
0.0013632308691740036 7.641901016235352 -0.20144838094711304
-0.040974732488393784 7.394490718841553 -0.15599516034126282
-0.6514123678207397 7.41726016998291 0.831076443195343
-0.16723039746284485 7.709456443786621 -0.0003788457252085209
-0.7521663904190063 7.136634349822998 0.45896798372268677
-0.4141838252544403 8.2192964553833 0.5965005159378052
-1.0591691732406616 7.214797019958496 0.5672022700309753
-1.0511118173599243 8.724713325500488 0.24646541476249695
-0.11231297254562378 7.545346260070801 -0.35556966066360474
-0.0038711277302354574 8.465067863464355 0.38812220096588135
-1.0877474546432495 8.669610977172852 0.1293940395116806
-0.7148666381835938 7.613640785217285 0.8875756859779358
-0.536176860332489 7.799716472625732 0.7238312363624573
-0.3627479076385498 8.25439453125 0.5617246627807617
-0.9254613518714905 8.792012214660645 -0.07479332387447357
-0.19298739731311798 8.311214447021484 0.47439122200012207
-0.31248217821121216 8.305347442626953 0.6619278788566589
-0.3449525535106659 8.564756393432617 0.6259936690330505
-0.5409771203994751 7.598113536834717 0.7414076328277588
-0.08802999556064606 8.36350154876709 0.3052543103694916
-0.04800277575850487 8.525894165039062 0.06723000854253769
-0.3697777986526489 8.914368629455566 0.21835362911224365
-0.6692222952842712 7.8706889152526855 0.773655116558075
-0.005905438214540482 8.384273529052734 0.19211065769195557
-0.220536008477211 8.398355484008789 0.18474574387073517
-0.9347660541534424 8.666513442993164 0.09131592512130737
-0.6657344698905945 9.229249954223633 1.1314990520477295
-0.7524217963218689 9.217763900756836 1.1609413623809814
-0.8045064210891724 9.2074613571167 1.3931483030319214
-1.1889210939407349 8.847092628479004 -0.06370069086551666
-0.41921466588974 8.559693336486816 0.2978760004043579
-0.7359960079193115 9.293068885803223 1.4663562774658203
-0.4143645465373993 8.564067840576172 0.4471236765384674
-1.1634985208511353 8.837467193603516 0.3088323473930359
-0.24831201136112213 8.824861526489258 0.05838635191321373
-0.15389296412467957 8.699287414550781 0.04673130810260773
-0.6701775789260864 9.201472282409668 1.3160399198532104
-0.1207752525806427 8.765499114990234 0.5027425289154053
-1.0851958990097046 8.799718856811523 0.41888880729675293
-0.07497461885213852 8.833465576171875 0.24449138343334198
-0.49742114543914795 9.301722526550293 1.1087121963500977
-0.8980820178985596 9.379286766052246 1.1758942604064941
-0.33127132058143616 9.49851131439209 1.0905487537384033
-0.626530110836029 9.475946426391602 1.4678953886032104
-1.1718034744262695 9.02738094329834 0.0791054219007492
-0.9448933005332947 9.000670433044434 0.32338032126426697
-0.4623352885246277 9.866165161132812 0.8235635757446289
-0.6550866961479187 9.466694831848145 0.9279118776321411
-0.18971902132034302 9.707586288452148 1.1338478326797485
-0.3690165877342224 9.002296447753906 0.2274954617023468
-0.9847020506858826 9.066234588623047 0.09073887765407562
-0.2648381292819977 9.897421836853027 1.2729918956756592
-0.2493654042482376 9.669130325317383 1.102486491203308
-0.39848074316978455 9.74195384979248 0.865890622138977
-0.3787716031074524 9.370368003845215 1.1891937255859375
-0.7606239318847656 9.705120086669922 1.2984464168548584
-0.07311631739139557 10.268218994140625 0.4711787700653076
-0.8780373930931091 10.196881294250488 0.20659378170967102
-0.48819828033447266 10.146300315856934 0.5548699498176575
-0.2848368287086487 10.13268756866455 0.8258397579193115
-0.0155590008944273 10.077142715454102 0.5576539635658264
-0.8469163179397583 9.686094284057617 1.2624672651290894
-0.5377428531646729 9.989821434020996 0.8725137114524841
-0.5937354564666748 10.05466079711914 0.6445474624633789
-0.5718405842781067 10.012438774108887 0.6269888877868652
0.11761428415775299 10.119991302490234 0.6468883752822876
-0.7462505102157593 9.955991744995117 0.0976049080491066
0.0724819153547287 10.038637161254883 0.6786978244781494
-0.7085315585136414 10.219754219055176 0.13782794773578644
-0.6748666763305664 9.874085426330566 1.0562915802001953
-0.64694744348526 9.928618431091309 1.2649447917938232
-0.4511139988899231 10.009705543518066 1.230467438697815
-0.7705556154251099 10.249383926391602 0.11468595266342163
-0.7629278302192688 10.304551124572754 0.01365591585636139
-0.6743611693382263 10.48663330078125 0.010674230754375458
-0.16033999621868134 10.101686477661133 0.6907961368560791
0.14159870147705078 10.219725608825684 0.6220155954360962
0.11828358471393585 10.417351722717285 0.6733070015907288
-0.7835907340049744 10.596102714538574 0.3593819737434387
-0.8440196514129639 10.64134693145752 1.0318481922149658
-0.8845002055168152 10.60468864440918 0.2619764506816864
-1.1513583660125732 10.894004821777344 1.4035022258758545
-0.7826921939849854 10.46240234375 0.35953283309936523
-1.2207679748535156 10.876907348632812 1.2365984916687012
0.12743708491325378 10.858600616455078 -0.17195262014865875
-0.7918232679367065 10.477158546447754 0.14402812719345093
-1.058828592300415 10.818610191345215 1.2222307920455933
0.06283405423164368 10.463349342346191 0.7183986902236938
-0.8331468105316162 10.732906341552734 0.9024013876914978
-0.896336019039154 10.731797218322754 0.1949596405029297
-0.47844815254211426 10.48656940460205 0.762974739074707
0.054702408611774445 10.974479675292969 1.3229408264160156
-0.2752813994884491 10.934196472167969 1.1958171129226685
-0.35755491256713867 10.932520866394043 1.2051479816436768
-1.016648769378662 11.010223388671875 1.3334108591079712
-0.31183457374572754 11.021767616271973 1.142688512802124
-0.6449060440063477 10.872893333435059 -0.18859457969665527
-1.079557180404663 10.96742057800293 1.156054139137268
-0.5749978423118591 11.108688354492188 1.2260539531707764
-0.9639852643013 11.017212867736816 0.00243411585688591
-1.1255111694335938 11.253828048706055 1.438407063484192
-1.221840262413025 11.230742454528809 1.1813633441925049
-0.543974757194519 11.1270112991333 1.3068466186523438
0.5102015733718872 11.271068572998047 -0.3053440451622009
0.32544636726379395 11.255800247192383 1.2250138521194458
-0.9772225022315979 11.234567642211914 1.349968433380127
0.156325563788414 11.140874862670898 1.3831629753112793
0.38311201333999634 11.32116413116455 0.837390661239624
-0.961114764213562 11.262980461120605 0.023792030289769173
-0.9845687747001648 11.282190322875977 0.013058647513389587
-1.2847927808761597 11.279559135437012 1.3748716115951538
-0.03518145531415939 11.386960983276367 0.883418619632721
0.22554698586463928 11.346240997314453 0.9677805304527283
0.006509838160127401 11.364982604980469 1.2885849475860596
-0.37120071053504944 11.396081924438477 0.3772667646408081
0.3898991048336029 11.463101387023926 0.9239948391914368
-0.2874736189842224 11.391115188598633 1.279417634010315
-1.1277740001678467 11.426973342895508 0.2158680260181427
0.35035213828086853 11.50188159942627 0.7201927900314331
0.1695072203874588 11.448700904846191 0.40513473749160767
-0.833675742149353 11.457274436950684 0.8412923812866211
-1.3772448301315308 11.481728553771973 0.7730321884155273
-0.7377002835273743 11.501677513122559 -0.0948699414730072
-0.8016136288642883 11.532578468322754 -0.004694215953350067
0.5146914720535278 11.530569076538086 0.359573096036911
-0.17118436098098755 11.532362937927246 1.4261271953582764
0.06514611095190048 11.557978630065918 -0.33376291394233704
-1.254808783531189 11.573030471801758 0.17912571132183075
-0.7899618148803711 11.58039665222168 0.6011615991592407
