404
-1.32912015914917 0.7269015908241272 1.1535431146621704
-1.5695791244506836 0.8345805406570435 0.006051495671272278
-1.2423813343048096 0.7402346134185791 0.5840901136398315
0.2590447962284088 0.8980619311332703 0.08050225675106049
-1.6427946090698242 0.784132182598114 0.1806623488664627
-0.7372918128967285 0.538817822933197 -0.9641563892364502
-0.12881767749786377 0.3947930335998535 0.5447900295257568
-1.371502161026001 0.9564111232757568 1.2534990310668945
-0.669522762298584 0.4716096818447113 -0.7340911030769348
-0.6071861386299133 0.6279738545417786 -0.8530405759811401
0.47990772128105164 0.6667885184288025 -0.12134479731321335
-1.79408860206604 0.82355135679245 -0.21007393300533295
-1.6008424758911133 0.7191970348358154 0.3383573889732361
-1.808881402015686 0.5981661081314087 -0.1279415786266327
-1.1843737363815308 0.5861513614654541 1.1605604887008667
-1.8019391298294067 0.284606397151947 0.08435045182704926
-1.7669233083724976 0.5834624171257019 0.2601390779018402
0.27542170882225037 0.7106184959411621 -0.1988210380077362
-0.286083847284317 0.28493666648864746 -0.7269920706748962
-1.2647974491119385 0.3940944969654083 0.6203905344009399
0.013570481911301613 0.42975911498069763 0.7345673441886902
0.38504236936569214 0.6030997037887573 -0.4609518051147461
0.45500457286834717 0.8742833137512207 -0.09089341014623642
-1.797175645828247 0.812938392162323 0.08427243679761887
-0.7441882491111755 0.43837398290634155 0.7357605695724487
0.24158112704753876 0.8310467004776001 -0.24389782547950745
-1.2843009233474731 0.8682631254196167 1.350705862045288
-1.9362635612487793 0.6925998330116272 -0.09254466742277145
0.4109262228012085 0.7965238690376282 -0.33402231335639954
-1.0176138877868652 0.8968656063079834 1.0690315961837769
-0.6278287172317505 0.5941845774650574 -0.9192179441452026
0.42167383432388306 0.4624374508857727 0.7594147324562073
0.3594360947608948 0.5669701099395752 0.7002454400062561
-0.8828837871551514 1.1528549194335938 1.082842469215393
-1.147843360900879 0.8120371699333191 1.1147236824035645
-1.0758991241455078 0.9730578064918518 1.3391597270965576
0.28084006905555725 0.9237783551216125 -0.07799255102872849
-1.7745016813278198 0.8255724906921387 -0.1305912584066391
0.35085198283195496 0.8051294684410095 -0.4140857756137848
-1.4323545694351196 0.3154850900173187 -0.06158531829714775
-1.126094937324524 0.952921450138092 1.4977355003356934
0.40231436491012573 0.35769224166870117 0.8276106119155884
-0.7697216272354126 0.7147530913352966 -0.6833109259605408
0.682427167892456 0.5587864518165588 1.1136767864227295
-0.7516041994094849 0.328453004360199 -0.6492395997047424
0.20260600745677948 1.0769585371017456 -0.36624401807785034
-1.103471040725708 1.1472687721252441 1.1786776781082153
-1.6020376682281494 0.7633497714996338 0.3954305350780487
-0.24882285296916962 0.2950955629348755 0.21121616661548615
-1.0031826496124268 0.7928085327148438 -0.07164211571216583
-1.089732050895691 0.7150909900665283 0.10718484222888947
-0.181717649102211 0.9594095945358276 0.17480985820293427
-0.41139233112335205 0.33584004640579224 -0.20239664614200592
-1.1950647830963135 1.131852626800537 1.214394211769104
-0.45338037610054016 0.9320483803749084 -0.012327417731285095
0.3854408860206604 0.326262503862381 1.6713323593139648
-0.7203115820884705 0.44763070344924927 0.6316493153572083
0.07139576971530914 0.31077995896339417 0.004754263907670975
-0.8995329737663269 0.7536463141441345 -0.7162272930145264
-1.8223166465759277 0.3674069344997406 0.22929024696350098
-0.6249200701713562 0.8783117532730103 -0.1183822825551033
-0.11548462510108948 0.8709823489189148 0.008832025341689587
-0.6178140044212341 0.8708378076553345 -0.47564101219177246
-0.9295247197151184 0.7552869319915771 -0.5989711284637451
-1.2899178266525269 0.5175546407699585 1.2626726627349854
-1.3188437223434448 0.6880035996437073 -0.2458028346300125
0.6646932363510132 1.2478148937225342 1.2831693887710571
-1.559644103050232 0.38279417157173157 1.1078509092330933
-1.073515772819519 0.4457513093948364 1.197676181793213
0.1972903162240982 0.6624473929405212 0.44064199924468994
-0.28873223066329956 0.7153812646865845 1.379780888557434
-1.3837566375732422 0.36480823159217834 0.21599586308002472
-0.5157473087310791 0.853394091129303 -0.3840528428554535
0.09625998139381409 0.37781208753585815 0.6815196871757507
0.571049690246582 1.0145323276519775 0.9518563747406006
-1.6838980913162231 0.3604002296924591 1.0110992193222046
0.7188140153884888 1.2983261346817017 1.1245815753936768
0.5605621337890625 1.334012508392334 1.3044514656066895
-0.8166325688362122 0.8740792870521545 -0.5874461531639099
-0.7073359489440918 0.37227368354797363 0.2906306982040405
0.5385357141494751 1.3859014511108398 1.1912647485733032
0.11350072175264359 0.8044058084487915 0.5802253484725952
-0.9220179319381714 0.5899515151977539 0.5579476952552795
-1.2474455833435059 0.37455645203590393 0.4705081284046173
-0.7179537415504456 0.8191643357276917 1.4029947519302368
0.12851200997829437 0.46963247656822205 0.17926636338233948
0.3972342610359192 1.161634087562561 1.2104429006576538
-1.7161587476730347 0.5909965634346008 0.361423522233963
-0.920958399772644 0.8162626028060913 -0.3349950313568115
-0.5995581746101379 0.5377246141433716 0.054060425609350204
0.6955112218856812 1.147780179977417 1.15096914768219
-0.048237625509500504 0.9515702128410339 0.1966460943222046
-0.10280480235815048 0.6939818263053894 1.17166006565094
-0.3862299621105194 0.7060219645500183 -0.06622612476348877
-1.0960780382156372 0.8610726594924927 -0.38648465275764465
-0.7007138729095459 0.496637761592865 -0.22812557220458984
-1.8013784885406494 0.6348720788955688 0.7349222898483276
-0.3624737560749054 1.0448393821716309 0.053141117095947266
-0.2677795886993408 0.9583070278167725 0.644898533821106
-0.22503452003002167 0.6420650482177734 1.1653145551681519
-0.8666574954986572 0.5784549713134766 1.3637046813964844
-0.747234582901001 0.9901807308197021 -0.2876363694667816
-0.7605279684066772 0.661833643913269 1.169903039932251
-0.5116829872131348 0.7245340347290039 0.4991508722305298
-1.339245080947876 0.37020838260650635 0.7408699989318848
-0.4392682611942291 0.8372541666030884 1.3616693019866943
0.24009546637535095 1.5396270751953125 0.33967170119285583
-1.4113528728485107 0.5337157249450684 1.2755919694900513
-1.0777370929718018 0.47578108310699463 0.9047054648399353
0.7100538015365601 0.9534230828285217 0.9743647575378418
-1.2914260625839233 0.5962802171707153 -0.2942741811275482
-1.1405593156814575 0.4665280282497406 0.6253089308738708
0.08343873172998428 1.3613982200622559 -0.12023353576660156
-0.5384288430213928 0.4761289954185486 1.2133519649505615
-0.17446449398994446 0.4793468713760376 0.9525224566459656
-1.8019589185714722 0.41945019364356995 0.6109281182289124
-0.31615936756134033 0.3769580125808716 0.3496686816215515
-1.2515817880630493 0.28550711274147034 0.276107519865036
0.31473034620285034 1.4236050844192505 0.07378049194812775
-0.8326824307441711 0.6404529213905334 0.38514062762260437
-0.9019932150840759 0.3402266502380371 0.9856698513031006
-1.3429841995239258 0.3913438320159912 -0.1549142301082611
-0.9916045069694519 0.5040336847305298 -0.28494977951049805
-1.4815881252288818 0.33315974473953247 0.6586047410964966
0.192106232047081 1.3899518251419067 0.1416759490966797
-0.13444429636001587 0.5573498606681824 0.6300631761550903
-0.5808745622634888 0.6015398502349854 0.6957600116729736
-0.6220287084579468 0.5939180254936218 0.036238595843315125
-0.9082754254341125 0.5685272812843323 0.11561977863311768
-1.1176693439483643 0.48675352334976196 0.3263380527496338
-0.5639813542366028 0.44641658663749695 1.0353918075561523
-0.20036648213863373 1.5041369199752808 -0.06265027821063995
-1.0653784275054932 0.3519758880138397 0.01864277385175228
0.35309189558029175 1.4804906845092773 -0.14990603923797607
-0.26793041825294495 0.49045759439468384 0.8941277265548706
0.4529759883880615 1.5462430715560913 0.07621168345212936
-0.8755537271499634 0.5496681928634644 0.774625837802887
-0.26661404967308044 1.6334258317947388 0.08637025952339172
-0.48391419649124146 3.001915693283081 0.750523030757904
0.22073869407176971 1.600592017173767 -0.3494812250137329
0.3961850702762604 1.6936599016189575 0.3070683777332306
-0.030046701431274414 1.8973476886749268 0.2966917157173157
0.4552598297595978 1.6434814929962158 -0.16733644902706146
-0.48683038353919983 0.741407573223114 0.40425610542297363
0.49495044350624084 1.779296636581421 0.10281188040971756
0.1770430952310562 1.4524598121643066 -0.23044276237487793
-0.025018423795700073 1.6407164335250854 -0.3147996664047241
-0.0953112468123436 3.025052785873413 0.926937997341156
-0.06518532335758209 1.4095425605773926 -0.11702790856361389
0.26906099915504456 1.8114535808563232 -0.32534632086753845
0.3542099595069885 1.940976619720459 -0.09333618730306625
-0.17589762806892395 1.6462576389312744 0.3315127193927765
0.1492227166891098 2.8409435749053955 0.5303699374198914
-0.13760064542293549 1.4649674892425537 0.24838054180145264
0.04593876376748085 2.793325424194336 0.735425591468811
0.05573253333568573 1.4490783214569092 0.33327025175094604
-0.06100951507687569 1.3779255151748657 0.11282113194465637
-0.4392014741897583 3.2758677005767822 0.5817858576774597
-0.46456193923950195 3.168609857559204 0.30321231484413147
0.1193699836730957 1.6331846714019775 0.44010138511657715
-0.14931020140647888 2.6869144439697266 0.7035093307495117
-0.39643916487693787 2.816032886505127 0.7987070083618164
-0.37738221883773804 2.828059434890747 0.25424718856811523
-0.13729152083396912 1.7939612865447998 -0.18368390202522278
0.15688636898994446 3.019343614578247 0.7374662756919861
-0.31666722893714905 2.693150043487549 0.665115475654602
-0.18929710984230042 2.8203306198120117 0.8675598502159119
0.014959893189370632 1.9720085859298706 -0.031022030860185623
-0.01091890037059784 2.677013874053955 0.5142932534217834
0.24013261497020721 1.931290864944458 0.28523150086402893
-0.15335659682750702 2.7822515964508057 0.21915611624717712
-0.3324772119522095 2.6884031295776367 0.43639031052589417
-0.3735191524028778 3.1421120166778564 0.856650173664093
-0.14242197573184967 3.274594306945801 0.8565833568572998
0.08450954407453537 2.8411788940429688 0.280092716217041
0.24802540242671967 3.064854860305786 0.4744444191455841
-0.05080311745405197 3.1483051776885986 0.03336668387055397
0.11919821798801422 2.9969751834869385 0.19789770245552063
-0.5246128439903259 2.9948770999908447 0.42179763317108154
-1.162867546081543 4.5671772956848145 0.39563700556755066
0.2340036779642105 3.1869351863861084 0.22555212676525116
-0.4433976411819458 2.736070156097412 0.5146046280860901
0.22938671708106995 3.297689437866211 0.6256924867630005
0.17099209129810333 3.5381267070770264 0.5425761938095093
-0.299868106842041 3.3800106048583984 0.13451245427131653
-0.8628723621368408 4.456051349639893 0.12300549447536469
-0.2981007397174835 3.168562889099121 0.093635194003582
-0.24082821607589722 3.4384336471557617 0.5811796188354492
0.07575446367263794 3.306042194366455 0.7906804084777832
0.18766796588897705 3.4332642555236816 0.1503606140613556
0.29585009813308716 3.3064208030700684 0.3899311423301697
-0.1762489527463913 2.9646453857421875 0.11629068106412888
0.011883730068802834 3.341047763824463 0.026533093303442
-0.136529803276062 2.696991443634033 0.41864877939224243
-0.7462872266769409 4.566806793212891 0.10546354949474335
-1.001896858215332 4.440901756286621 0.24122920632362366
-0.976049542427063 4.54389762878418 0.45393502712249756
-0.5433263182640076 4.678619861602783 1.1225404739379883
-1.1634248495101929 4.69658899307251 0.5017505884170532
-0.08808307349681854 3.608721971511841 0.5128265023231506
-1.2718989849090576 4.64090633392334 0.1907617598772049
-1.1522201299667358 4.508704662322998 0.15911224484443665
-0.4576626420021057 4.715197563171387 1.0129032135009766
-0.24807049334049225 3.519360303878784 0.30038103461265564
-0.7177401185035706 4.768218040466309 1.1261248588562012
-0.604475200176239 4.859797477722168 1.346858263015747
-0.8476818799972534 4.643099784851074 0.5121639370918274
-0.3741001486778259 4.789060592651367 1.2459710836410522
-0.32269760966300964 4.841155529022217 1.0332837104797363
-0.7397925853729248 5.0430192947387695 1.1785470247268677
-1.1805225610733032 4.8970136642456055 0.47555431723594666
0.06286225467920303 3.6083712577819824 0.23693618178367615
-0.5548170208930969 4.732359886169434 1.2516372203826904
-0.9634897112846375 4.602874755859375 -0.04649290069937706
-1.1640628576278687 4.673964977264404 -0.007389596197754145
-0.26313140988349915 6.327804088592529 0.7224523425102234
-0.18412452936172485 5.9625396728515625 0.6476969122886658
-0.3167641758918762 5.890270709991455 0.3972070515155792
-0.11503476649522781 6.249471664428711 -0.03873036801815033
-0.49632468819618225 5.061415672302246 0.9154226183891296
-0.5601072907447815 4.750549793243408 0.9091575741767883
-0.8220229744911194 5.001389980316162 0.19566993415355682
-0.2679470479488373 5.9047722816467285 0.2589724063873291
-0.4761649966239929 6.223335266113281 0.46869027614593506
-0.6862611174583435 4.689286231994629 0.06203143298625946
-1.2200038433074951 4.891931533813477 0.08783061057329178
-0.4009976387023926 6.0801191329956055 0.20440825819969177
-0.43026983737945557 6.065753936767578 0.561254620552063
-1.075993537902832 5.03125 0.3152769207954407
-0.8887732028961182 4.832812309265137 -0.06469061970710754
-0.3528502583503723 4.992106914520264 1.2676957845687866
-0.014614985324442387 6.102173805236816 0.01911851018667221
-0.6814543008804321 4.7192816734313965 0.4117375910282135
0.18880963325500488 6.053246974945068 0.13600917160511017
-0.722125768661499 4.926632404327393 0.9022769927978516
-0.7478049397468567 4.5352301597595215 0.3228657841682434
0.07927481830120087 5.985093593597412 0.1644412875175476
0.15570834279060364 5.978315830230713 0.3121086061000824
-0.31175798177719116 6.1382856369018555 0.06465626507997513
-0.014464238658547401 6.321097373962402 0.674884557723999
0.2893886864185333 6.179632663726807 0.31591665744781494
0.07251765578985214 5.9252705574035645 0.44774752855300903
-0.20594732463359833 5.8454203605651855 0.42360782623291016
-0.08201053738594055 5.858212471008301 0.4716734290122986
-0.8353557586669922 6.976524353027344 1.1279351711273193
-0.2548629939556122 6.38242244720459 0.03255671262741089
-0.20907601714134216 6.092120170593262 0.7304714322090149
-0.459523469209671 6.424958229064941 0.4090544283390045
0.1730978786945343 6.2644524574279785 0.033470578491687775
-0.9575333595275879 6.971639633178711 1.0759626626968384
-0.36665335297584534 7.29487943649292 0.38957056403160095
-0.9021966457366943 6.814388751983643 0.947784423828125
-0.3696693181991577 6.504367351531982 0.2569672465324402
0.10683033615350723 6.332639694213867 0.5808364748954773
-0.8097774982452393 6.863837718963623 1.0714304447174072
-0.3019102215766907 7.319074630737305 0.2891014814376831
-0.2206561118364334 6.692659854888916 0.4780215620994568
-1.3230574131011963 7.092617988586426 -0.426921546459198
-0.29603809118270874 6.528230667114258 0.6229849457740784
-1.268684983253479 7.114958763122559 -0.42227011919021606
-0.8404579758644104 6.781857490539551 1.0559865236282349
-0.4801715016365051 7.372505187988281 0.4419233798980713
-0.7719637155532837 6.813583850860596 0.9718421101570129
-0.28532955050468445 7.2726359367370605 0.39223504066467285
-0.16459064185619354 7.983636856079102 0.18046709895133972
0.1425839364528656 6.474201202392578 0.15168194472789764
-0.05925782769918442 7.923766136169434 0.7649065256118774
-0.5389453768730164 7.507469654083252 0.47033485770225525
-0.19702844321727753 7.396973609924316 0.4983794391155243
-0.09046299010515213 7.726517677307129 0.6697863340377808
-0.236106276512146 7.6058669090271 0.15624696016311646
0.014515559189021587 7.736836910247803 0.4133293926715851
-0.31433892250061035 7.5527262687683105 0.6881595253944397
0.22231626510620117 6.355530738830566 0.4461795389652252
-0.07663841545581818 7.730939865112305 0.4739590287208557
0.03786759451031685 7.887518882751465 0.4361296594142914
-0.5024982690811157 8.039324760437012 0.5038309097290039
-0.16754953563213348 6.601120948791504 0.18450002372264862
-0.2993074357509613 7.816061973571777 0.14413614571094513
-0.578864574432373 7.638854503631592 0.3850176930427551
-0.3311035931110382 7.909224033355713 0.8304054737091064
-0.4432625472545624 8.191938400268555 0.4211881756782532
-0.5567070245742798 7.795416355133057 0.5795694589614868
-0.17747531831264496 8.221139907836914 0.33915916085243225
0.00023731589317321777 8.120582580566406 0.3983626067638397
-0.1486280858516693 8.115775108337402 0.8237174153327942
0.06914805620908737 7.616991996765137 -0.2457616776227951
-0.938710629940033 8.23478889465332 -0.07751782238483429
-0.11807650327682495 8.51646900177002 0.45363137125968933
-0.09748563915491104 8.392784118652344 0.8613085150718689
-0.4658149480819702 8.487500190734863 0.3429418206214905
0.005564129911363125 8.2964506149292 0.7099217772483826
-0.5356716513633728 8.225494384765625 0.6921484470367432
-0.4040084779262543 7.736487865447998 0.7545599341392517
-0.6420481204986572 8.4369478225708 0.786168098449707
-0.4146377742290497 8.488251686096191 0.9923539757728577
-0.6480425000190735 8.475439071655273 0.6028921604156494
-0.5441596508026123 8.358199119567871 0.8822888135910034
-0.5958448052406311 8.764945983886719 0.5292087197303772
-0.3232850432395935 8.795037269592285 1.0261915922164917
-0.3926219642162323 8.21512222290039 0.9095231890678406
-0.2496100217103958 8.7992525100708 0.6506634950637817
-0.25215834379196167 8.610284805297852 0.971078634262085
-0.30896615982055664 8.580900192260742 0.3329126834869385
-0.4888518452644348 9.068251609802246 0.35608306527137756
-0.5845078229904175 9.186383247375488 0.16726884245872498
-0.3569328188896179 9.223369598388672 0.28627079725265503
-0.6775825619697571 8.873517036437988 0.7054761648178101
-0.6081252098083496 9.38041877746582 -0.0809631198644638
-0.05923553928732872 8.688902854919434 0.8757528066635132
-0.42363491654396057 9.378841400146484 -0.031062962487339973
-0.7854321599006653 9.376265525817871 0.08226753026247025
-0.7048168182373047 9.194671630859375 0.271353155374527
-0.6105632185935974 8.759782791137695 0.928754448890686
-0.1446610391139984 9.066621780395508 0.6123046278953552
-0.05019773542881012 8.833576202392578 0.7488850355148315
-0.3288094401359558 9.031822204589844 1.0395078659057617
-0.30507832765579224 9.698031425476074 -0.03548564016819
-0.4781653881072998 9.139444351196289 0.7680820822715759
-0.5258197784423828 9.097821235656738 0.970328688621521
-0.2718667685985565 9.3101224899292 0.7255228757858276
-0.5139425992965698 9.378976821899414 0.8081068992614746
-0.8196356892585754 9.295483589172363 0.32331955432891846
-0.31304678320884705 9.535009384155273 0.24243612587451935
-0.46268466114997864 9.17314338684082 0.49669113755226135
-0.18851375579833984 9.810032844543457 -0.015729568898677826
-0.4377199411392212 9.730375289916992 -0.09760992974042892
-0.4720647931098938 9.705191612243652 0.36090078949928284
-0.6516774892807007 9.485278129577637 0.671338677406311
-0.6850370168685913 9.385331153869629 0.5754975080490112
-0.7394292950630188 10.170793533325195 1.2588995695114136
-0.7968839406967163 10.070243835449219 1.0892255306243896
-0.801555871963501 9.564826011657715 0.09736502915620804
-0.6832853555679321 9.708359718322754 0.2937227785587311
-0.2624257206916809 10.01073932647705 -0.12385158985853195
-0.5008770823478699 9.931078910827637 0.4825584590435028
-0.45968085527420044 9.656073570251465 0.7846732139587402
-0.0877133384346962 9.963706970214844 -0.12176095694303513
-0.5654232501983643 9.711980819702148 0.7084587812423706
-0.6696498990058899 9.704893112182617 0.06895158439874649
-0.09605565667152405 10.303464889526367 -0.014631219208240509
0.07662788033485413 10.582613945007324 0.8931277990341187
-0.47121647000312805 9.871001243591309 0.7630665898323059
-0.5569342374801636 9.885161399841309 0.8090606927871704
-1.0148987770080566 10.475887298583984 0.3966560363769531
-1.00021493434906 10.43947982788086 0.43163666129112244
0.05683177709579468 10.474942207336426 0.8185898661613464
-0.8117059469223022 10.03065013885498 1.2678543329238892
-0.05217035114765167 10.486703872680664 0.3635888397693634
-0.11308270692825317 10.151358604431152 -0.08729644119739532
0.059549156576395035 10.58249282836914 0.9894614815711975
0.12855911254882812 10.306333541870117 0.10530300438404083
-1.0844569206237793 10.564675331115723 -0.16200636327266693
0.06725678592920303 10.281715393066406 -0.0226984154433012
-0.9081861972808838 10.291078567504883 1.1283059120178223
-0.8733399510383606 10.241686820983887 0.5988340973854065
-0.9849490523338318 10.590289115905762 0.42434126138687134
-1.0327386856079102 10.653326988220215 0.36232635378837585
0.05179257690906525 10.693058967590332 0.9166716933250427
-0.004321565851569176 10.578940391540527 0.568919837474823
0.12115130573511124 10.661428451538086 1.0597018003463745
-1.044849157333374 10.84476375579834 0.040772609412670135
0.014418577775359154 10.512490272521973 -0.026427999138832092
0.10993446409702301 10.559307098388672 0.07777120172977448
-1.0620462894439697 10.962381362915039 -0.2411685585975647
-1.1583597660064697 10.843090057373047 0.43656235933303833
-1.0763013362884521 10.958354949951172 -0.1391962468624115
-1.2233296632766724 10.812259674072266 0.4806554913520813
0.10164649039506912 10.945055961608887 1.2387866973876953
-0.11525244265794754 10.822308540344238 0.6829935908317566
-0.5912244319915771 11.012921333312988 1.0397003889083862
-0.7385179400444031 10.882502555847168 1.1093645095825195
-0.8808104395866394 11.020936965942383 -0.1369379162788391
-0.10541363060474396 11.152624130249023 -0.27433696389198303
-0.84208083152771 11.127054214477539 0.10780496895313263
-0.3848021626472473 11.109500885009766 0.5614641308784485
-0.3656841218471527 11.165814399719238 0.1243893951177597
-0.5762298107147217 11.18234634399414 0.9811816811561584
-0.9095327854156494 11.171839714050293 0.9702544808387756
-0.6611829400062561 11.25850772857666 0.16230255365371704
-0.9876909852027893 11.21529483795166 0.6299543976783752
-0.6907836198806763 11.210654258728027 0.19921265542507172
0.2202465832233429 11.196685791015625 1.1981127262115479
-0.33738836646080017 11.231945037841797 -0.1620064675807953
0.22434285283088684 11.274503707885742 -0.16453005373477936
-0.007944224402308464 11.281432151794434 -0.1548101305961609
-1.178420901298523 11.208020210266113 0.45720022916793823
-0.5396105647087097 11.295626640319824 0.379548043012619
-0.047249410301446915 11.320425987243652 -0.4501926898956299
-0.7397451996803284 11.344143867492676 1.1067776679992676
-0.5838928818702698 11.41425609588623 1.3431309461593628
0.20937474071979523 11.447508811950684 1.0653660297393799
-1.2293775081634521 11.399187088012695 0.6139817237854004
-0.2991933226585388 11.409339904785156 0.7878046035766602
0.5538234114646912 11.504254341125488 0.8882133960723877
-1.287827968597412 11.516349792480469 1.2609574794769287
0.37046337127685547 11.521018981933594 -0.2288167029619217
-0.7348358631134033 11.519811630249023 -0.3219641447067261
-0.5874475240707397 11.526918411254883 -0.40447503328323364
-0.7616523504257202 11.53373908996582 -0.15223467350006104
-0.5521727800369263 11.563417434692383 0.7864395380020142
-0.6342616081237793 11.568974494934082 -0.5068740248680115
0.5233198404312134 11.566205978393555 0.11416459828615189
0.03905300796031952 11.577958106994629 0.27822262048721313
