1130
-2.386474370956421 0.2846064567565918 1.5952296257019043
-2.3863744735717773 0.2845063805580139 -0.7593698501586914
-2.3863744735717773 0.6094157695770264 0.6254258751869202
0.9210299253463745 0.5420555472373962 -0.8510453701019287
-2.132314443588257 0.284606397151947 0.047893401235342026
-1.3414630889892578 0.2845063805580139 -1.2053022384643555
-0.4132978618144989 0.284606397151947 1.1516697406768799
-0.9982857704162598 0.284606397151947 -0.9344000816345215
-0.9642624855041504 0.2845063805580139 -1.2052973508834839
0.9210302829742432 0.2845063805580139 -1.2053344249725342
-2.38637638092041 0.2845063805580139 -0.26477813720703125
-2.3863744735717773 0.2845063805580139 0.26908302307128906
-2.3863754272460938 0.2845063805580139 -0.49751853942871094
-1.7992687225341797 0.2845063805580139 2.141206741333008
-2.3863754272460938 0.2845063805580139 -0.016765594482421875
-2.386474609375 0.2846066951751709 0.6733512878417969
0.6539415121078491 0.28460657596588135 -1.2053992748260498
-0.5572424530982971 0.2845063805580139 -1.205299973487854
-2.130812168121338 0.284606397151947 1.3541063070297241
0.12639808654785156 0.2845063805580139 2.141207695007324
0.921029806137085 0.2845063805580139 -0.8913001418113708
0.921029806137085 0.2845063805580139 -0.7413520812988281
-2.386373519897461 0.2845063805580139 0.12462997436523438
-1.5623195171356201 0.284606397151947 1.874974250793457
-0.4331408143043518 0.2845063805580139 -1.2052979469299316
-2.3699378967285156 0.2845063805580139 2.141206741333008
-2.3863754272460938 0.2845063805580139 -0.13634109497070312
0.9210304021835327 0.2845063805580139 -0.9961050748825073
-2.1706454753875732 0.284606397151947 1.7136882543563843
-1.094863772392273 0.2845063805580139 -1.2052944898605347
0.9210309982299805 0.2845063805580139 1.3626585006713867
0.9210300445556641 0.5670278668403625 1.493159294128418
-1.923540711402893 0.284606397151947 1.712517499923706
-2.3863744735717773 0.5475749969482422 1.7342393398284912
-2.1800150871276855 0.2846059799194336 2.141308307647705
0.9211299419403076 0.2846066951751709 -0.6780469417572021
-2.386373519897461 0.2845063805580139 -0.6345367431640625
0.9211131930351257 0.2846064567565918 -1.2053993940353394
-2.3863754272460938 0.2845063805580139 -0.8731040954589844
-1.9458930492401123 0.2846081256866455 2.141308307647705
0.9211300611495972 0.2846064567565918 0.8817542791366577
-1.4523580074310303 0.2846064567565918 -1.2053985595703125
0.25128066539764404 0.284606397151947 1.5173797607421875
-0.596539318561554 0.284606397151947 -0.9503254294395447
0.39042043685913086 0.2845063805580139 -1.2053003311157227
-2.386474370956421 0.2845883369445801 2.1412081718444824
-2.127197742462158 0.284606397151947 0.9532197713851929
-0.4630064070224762 0.284606397151947 -0.7812894582748413
-2.3863751888275146 0.5873408317565918 -1.2053983211517334
-2.386474609375 0.29646915197372437 -1.2052984237670898
-1.7077075242996216 0.284606397151947 -0.527558445930481
-1.486089825630188 0.284606397151947 -0.9148723483085632
-2.386474370956421 0.2846064567565918 1.688321590423584
-1.9855526685714722 0.284606397151947 -0.6850479245185852
0.9211301207542419 0.28460633754730225 2.037698745727539
-1.9148377180099487 0.284606397151947 1.35837984085083
0.30138909816741943 0.284606397151947 -0.8907163143157959
-1.5373547077178955 0.2846064567565918 -1.2053985595703125
-2.3863744735717773 0.2845063805580139 0.5219478607177734
-1.6585965156555176 0.284606397151947 -0.723185658454895
-0.1001521497964859 0.284606397151947 -0.9619969129562378
-1.2466906309127808 0.284606397151947 -0.9821196794509888
-1.8786673545837402 0.2846064567565918 -1.205398440361023
-2.386444091796875 0.2845063805580139 -1.2052993774414062
0.9211300611495972 0.28460657596588135 1.7737126350402832
-2.3863744735717773 0.2845063805580139 1.7967300415039062
-2.0406267642974854 0.284606397151947 1.893136978149414
0.9211300611495972 0.2846064567565918 1.1063566207885742
-0.11964665353298187 0.2846064567565918 2.141308307647705
-2.38637638092041 0.2845063805580139 -0.3782777786254883
0.5491342544555664 0.2845063805580139 2.1412086486816406
0.9211063385009766 0.2845063805580139 2.141207695007324
-2.3863744735717773 0.2845063805580139 1.483809471130371
0.9211300611495972 0.28460657596588135 1.6777784824371338
0.6141622066497803 0.284606397151947 1.813746690750122
-1.2227098941802979 0.2846064567565918 -1.205398678779602
-1.9716342687606812 0.284606397151947 -0.1276983916759491
0.9211300611495972 0.2846065163612366 1.4635164737701416
0.9210300445556641 0.2845063805580139 1.5731658935546875
-1.8533110618591309 0.284606397151947 1.1827312707901
-2.111682176589966 0.284606397151947 0.7290981411933899
-1.324992299079895 0.2846081256866455 2.141308307647705
0.9211299419403076 0.2846064567565918 -0.585906982421875
0.9210824966430664 0.2845063805580139 2.141207695007324
-2.3863754272460938 0.2845063805580139 0.9360389709472656
-1.7732303142547607 0.2846064567565918 -1.2053985595703125
-1.3011033535003662 0.284606397151947 -0.7897934913635254
0.9210281372070312 0.2845063805580139 1.877685546875
0.2359379231929779 0.8020702600479126 2.1412081718444824
-0.3712483048439026 0.28460636734962463 2.141308307647705
-0.012595891952514648 0.28460657596588135 -1.2053990364074707
-1.6774606704711914 0.2846064567565918 -1.2053985595703125
-1.9523379802703857 0.284606397151947 -0.8986358642578125
-2.386474370956421 0.28460633754730225 0.7803404331207275
-1.8793749809265137 0.5635837912559509 -1.2052985429763794
0.5841431617736816 0.284606397151947 0.44525808095932007
-1.4452486038208008 0.2845063805580139 2.141206741333008
-1.9547119140625 0.2845063805580139 -1.2052993774414062
-0.6594194173812866 0.2846062183380127 2.141308307647705
-2.38637638092041 0.681625485420227 2.141308307647705
-2.3863754272460938 0.2845063805580139 1.3126230239868164
-0.7709574699401855 0.2846062183380127 2.141308307647705
0.9211300015449524 0.28460657596588135 0.6517150402069092
-2.386474370956421 0.2846064567565918 1.9149274826049805
-2.086390256881714 0.284606397151947 1.1534477472305298
0.9211300015449524 0.2846064567565918 0.04081606864929199
-2.359569549560547 0.2845063805580139 -1.2052993774414062
-2.3863744735717773 0.5474958419799805 1.2329181432724
-0.6965136528015137 0.2846064567565918 -1.2053987979888916
-0.8811497688293457 0.2846064567565918 2.141308307647705
0.6738967299461365 0.28460636734962463 2.141308307647705
-2.3863744735717773 0.2845063805580139 1.1825857162475586
-0.93144291639328 0.284606397151947 1.7208181619644165
-2.386474609375 0.8000292181968689 -1.2052984237670898
0.9210308194160461 0.2845063805580139 0.12648533284664154
-2.161917209625244 0.284606397151947 0.5068625807762146
-1.6913387775421143 0.28460633754730225 2.141308307647705
-2.3863744735717773 0.2845063805580139 -1.0037002563476562
-2.145289421081543 0.2845063805580139 -1.2052984237670898
-2.386474370956421 0.2846064567565918 1.0596671104431152
0.9210299849510193 0.5311918258666992 -0.5334904193878174
-0.5671363472938538 0.284606397151947 1.8875738382339478
-1.2686071395874023 0.284606397151947 1.8824368715286255
-1.7190474271774292 0.284606397151947 -0.934302806854248
-2.16253399848938 0.284606397151947 -0.8458961248397827
-2.183995246887207 0.284606397151947 -0.20051172375679016
-1.7925511598587036 0.284606397151947 1.861665964126587
-0.8960429430007935 0.2845063805580139 -1.2052973508834839
-2.0189952850341797 0.2845063805580139 -1.2052993774414062
0.0865306705236435 0.5585954189300537 -1.2052991390228271
0.4109001159667969 0.2845063805580139 2.141206741333008
0.9211299419403076 0.7716209888458252 -1.2052996158599854
-1.5706987380981445 0.2846081256866455 2.141308307647705
-2.376692056655884 0.9019209146499634 -1.2022842168807983
-2.0477352142333984 0.2846059799194336 2.141308307647705
-0.35021013021469116 0.2845063805580139 -1.2052979469299316
0.9210300445556641 0.2845063805580139 1.2199153900146484
0.6104950308799744 0.284606397151947 -0.09046997874975204
0.9211299419403076 0.5350346565246582 -1.2052991390228271
-1.9196908473968506 0.284606397151947 0.609637975692749
0.9211300015449524 0.2846064567565918 -0.25422120094299316
0.26793158054351807 0.2845063805580139 -1.2052994966506958
-0.8185034990310669 0.2845063805580139 -1.205296277999878
-0.009176254272460938 0.2845063805580139 2.141207695007324
-0.27214592695236206 0.2845063805580139 -1.2052979469299316
0.8251028060913086 0.28460633754730225 -1.2053992748260498
0.5077196359634399 0.284606397151947 -0.8704439401626587
-0.7845059037208557 0.284606397151947 1.8945260047912598
0.9211300015449524 0.2846064567565918 0.25162720680236816
-1.0799362659454346 0.2846059799194336 2.141308307647705
0.2829306125640869 0.28460633754730225 2.141308307647705
0.426968514919281 0.284606397151947 1.1706609725952148
0.11594271659851074 0.2845063805580139 -1.2052977085113525
-2.378427505493164 0.9060989022254944 2.1412081718444824
-1.6321892738342285 0.5375198721885681 -1.2052985429763794
0.9210292100906372 0.2845063805580139 0.5542900562286377
-0.2686479389667511 0.284606397151947 1.658616304397583
-1.870046615600586 0.2845063805580139 2.141207695007324
-0.6085024476051331 0.4843418300151825 -1.205298900604248
0.5333600044250488 0.2845063805580139 -1.2052993774414062
0.3884695768356323 0.284606397151947 1.8512543439865112
-0.582209587097168 0.2845063805580139 2.1412086486816406
-0.493073433637619 0.2846064269542694 2.141308307647705
0.4685777425765991 0.2846062183380127 -1.2053991556167603
-0.1578858643770218 0.284606397151947 0.8420581221580505
0.634307324886322 0.284606397151947 -0.2769709825515747
0.18706154823303223 0.28460657596588135 -1.2053991556167603
0.010199683718383312 0.284606397151947 0.26421886682510376
-1.2037180662155151 0.2846062183380127 2.141308307647705
-0.1463651955127716 0.284606397151947 1.8875110149383545
0.9211300015449524 0.2846066951751709 -0.0573577880859375
0.9211300611495972 0.2846064567565918 0.7847011089324951
0.06658075004816055 0.284606397151947 -0.858353853225708
0.9211300015449524 0.2846064567565918 -0.4813261032104492
-1.8773061037063599 0.284606397151947 0.2574467658996582
-2.386474609375 0.2846064567565918 0.4001588821411133
0.92103111743927 0.2845063805580139 -0.3696920573711395
0.24260301887989044 0.284606397151947 -0.5304070711135864
0.5967695116996765 0.284606397151947 1.355582594871521
0.9211301207542419 0.32474592328071594 2.1412084102630615
-0.322453111410141 0.284606397151947 -0.6237313747406006
-1.4753050804138184 0.284606397151947 -0.6995927691459656
-0.7951725125312805 0.284606397151947 -0.8932698369026184
0.07968146353960037 0.284606397151947 1.6250576972961426
-0.060389794409275055 0.284606397151947 1.723395586013794
0.6271915435791016 0.284606397151947 -0.7269522547721863
0.9211300015449524 0.28460657596588135 0.423267126083374
-0.3493826985359192 0.284606397151947 -0.9135086536407471
-0.12520770728588104 0.284606397151947 -0.6227864623069763
0.6078523397445679 0.284606397151947 -0.5097774863243103
-1.321942925453186 0.284606397151947 -0.5869334936141968
-2.0900723934173584 0.284606397151947 0.27843353152275085
-1.9066085815429688 0.284606397151947 0.8093107342720032
-1.0841379165649414 0.558486819267273 2.1412081718444824
-2.056061029434204 0.284606397151947 1.5478363037109375
0.6496700644493103 0.284606397151947 1.5762324333190918
-2.3863744735717773 0.2845063805580139 -0.5699367523193359
-2.1050703525543213 0.284606397151947 -0.5597559213638306
0.9210281372070312 0.2845063805580139 1.284419059753418
-0.018645185977220535 0.284606397151947 -0.4663877785205841
-1.8541698455810547 0.284606397151947 1.5501086711883545
-2.386460781097412 0.2846062183380127 2.141308307647705
-1.7552841901779175 0.284606397151947 0.9733299612998962
0.48389917612075806 0.28460636734962463 2.141308307647705
0.9210301637649536 0.8398870229721069 2.141308307647705
-2.3863744735717773 0.7292003631591797 1.8627725839614868
-2.386474370956421 0.2846064567565918 0.8577282428741455
-0.721621572971344 0.284606397151947 -0.3336068093776703
-0.26585087180137634 0.2846064269542694 2.141308307647705
-1.8274106979370117 0.284606397151947 -0.7483325600624084
-2.3863751888275146 0.44811487197875977 -1.2053983211517334
-1.6929254531860352 0.284606397151947 1.683092713356018
-2.3863744735717773 0.573914647102356 -0.40105748176574707
-2.3863744735717773 0.5493659377098083 -0.8298721313476562
-1.4663945436477661 0.284606397151947 1.3240429162979126
-1.404539704322815 0.284606397151947 1.11887526512146
-2.3863744735717773 1.0368056297302246 -1.0246350765228271
-1.320418119430542 0.5014032125473022 -1.205298662185669
-2.386474609375 0.2846064567565918 0.19268691539764404
-0.5606759786605835 0.6999843716621399 -1.205298900604248
-2.030973434448242 0.284606397151947 -0.3515574038028717
-1.8538410663604736 0.284606397151947 -0.2665441930294037
-2.3863744735717773 0.6232597231864929 1.0607496500015259
-1.9299185276031494 0.284606397151947 0.06948288530111313
-1.8753575086593628 0.284606397151947 -0.5008351802825928
-0.7511870265007019 0.284606397151947 1.6726194620132446
0.46014508605003357 0.284606397151947 -0.6728482842445374
-1.5143693685531616 0.284606397151947 -0.4801735281944275
0.9210295677185059 0.6523919701576233 -1.2053993940353394
-1.7042829990386963 0.284606397151947 1.2740832567214966
-1.9479484558105469 0.284606397151947 0.4324173927307129
0.5444790124893188 0.5620821714401245 -1.2052992582321167
0.06352951377630234 0.284606397151947 -0.09942033141851425
0.20360469818115234 0.2845063805580139 2.141207695007324
0.9211300611495972 0.28460633754730225 0.9910660982131958
0.23219826817512512 0.284606397151947 0.58747798204422
-2.343623399734497 1.0213209390640259 -1.2052984237670898
-1.0779187679290771 0.5473749041557312 -1.2052987813949585
-0.9843260645866394 0.2846081256866455 2.141308307647705
-0.9058538675308228 0.284606397151947 -0.7168540358543396
-1.2584565877914429 0.284606397151947 1.701844334602356
-2.3863744735717773 0.5070351362228394 -0.14608290791511536
0.9210299253463745 0.39892810583114624 -1.2053993940353394
-1.8531804084777832 0.735636830329895 2.1412081718444824
-1.0412052869796753 0.284606397151947 1.251218318939209
-2.386373519897461 0.5652124881744385 2.141308307647705
-1.686718463897705 0.284606397151947 -0.28570622205734253
0.9210300445556641 0.4890159070491791 2.141308307647705
-1.4583146572113037 0.284606397151947 1.7179497480392456
0.051744185388088226 0.284606397151947 0.43964049220085144
-1.0064263343811035 0.284606397151947 0.8844943046569824
-2.3863744735717773 0.7419417500495911 -0.8957667350769043
-0.9579743146896362 0.284606397151947 1.5019466876983643
-2.386375665664673 0.6998064517974854 -1.2053983211517334
-2.386474370956421 0.455305814743042 2.1412088871002197
-2.3863744735717773 1.0064404010772705 1.9633055925369263
-2.3863754272460938 0.7926038503646851 2.141308307647705
-0.5213223695755005 0.6223500967025757 2.1412081718444824
-0.13561515510082245 0.5256354212760925 -1.2052990198135376
0.9210300445556641 0.557785153388977 0.9463508129119873
-2.3863744735717773 0.45647427439689636 0.46186286211013794
0.9210300445556641 0.6179659366607666 2.141308307647705
0.6167218685150146 0.7430375814437866 -1.2052992582321167
-0.1894381195306778 0.2846064567565918 2.141308307647705
0.9210300445556641 0.5655694603919983 1.7303634881973267
0.9210293889045715 0.2845063805580139 0.34504351019859314
0.9211300015449524 0.2846064567565918 -0.16331052780151367
-2.3863744735717773 0.6607337594032288 -0.012247330509126186
-0.796683132648468 0.284606397151947 0.1828814446926117
-1.9341069459915161 0.7639882564544678 -1.2052985429763794
-2.3863744735717773 0.604881227016449 -0.6384367942810059
-1.1635984182357788 0.284606397151947 1.4236271381378174
-1.3197712898254395 0.284606397151947 -0.37537238001823425
-2.385941982269287 0.284606397151947 1.394279956817627
-0.07062128931283951 0.284606397151947 -0.2531149089336395
0.4376359283924103 0.284606397151947 -0.2789168357849121
0.11108487099409103 0.284606397151947 1.8640999794006348
-0.5229215621948242 0.284606397151947 -0.6003807783126831
-1.7732709646224976 0.284606397151947 -0.041634153574705124
0.9210304021835327 0.9370183944702148 2.141308307647705
-0.8377106189727783 0.5713011026382446 -1.205298900604248
0.9210300445556641 0.5272493958473206 0.6887335777282715
-1.5927603244781494 0.284606397151947 1.1020759344100952
-2.021151065826416 0.601317822933197 2.1412081718444824
-2.3863744735717773 0.589246392250061 0.8452171683311462
-1.384021520614624 0.28518182039260864 2.1412081718444824
-2.3863744735717773 0.7309308648109436 -0.27183055877685547
-1.3257691860198975 0.284606397151947 1.50066077709198
-2.095865488052368 0.6273373365402222 -1.2052984237670898
-0.7907077670097351 0.6072521805763245 2.1412081718444824
-0.6131452918052673 0.284606397151947 1.5325002670288086
-0.31289154291152954 0.284606397151947 0.13157561421394348
0.6131201386451721 0.6564874053001404 2.1412081718444824
0.9211299419403076 0.8901196718215942 -1.2052949666976929
0.9209322333335876 0.9648780822753906 -1.2002198696136475
0.9210299849510193 0.6281366348266602 -0.34355100989341736
0.9210300445556641 0.7473620772361755 1.8115023374557495
-2.3863744735717773 0.675349771976471 0.3754075765609741
0.9210299253463745 0.6456541419029236 -0.6927852034568787
0.9210300445556641 0.7298107147216797 1.5813064575195312
0.9210299849510193 0.5585970878601074 0.18526342511177063
-1.173078179359436 0.284606397151947 -0.2843712866306305
0.4209783375263214 0.284606397151947 -0.07743304967880249
-2.3863744735717773 0.8183211088180542 1.7019309997558594
0.6277716755867004 0.284606397151947 1.1478060483932495
0.00734598096460104 0.284606397151947 1.4669685363769531
0.43289464712142944 0.5908858776092529 2.1412081718444824
0.9210299253463745 0.7618318796157837 -0.8414368629455566
-2.080846071243286 0.8075525164604187 2.1412081718444824
-1.3469318151474 0.618320882320404 2.1412081718444824
0.9211301207542419 0.7389277219772339 2.1412081718444824
-0.13153257966041565 0.2925746440887451 2.6966631412506104
-1.7503538131713867 0.284606397151947 0.43655961751937866
0.47620731592178345 0.284606397151947 1.6787245273590088
0.9210300445556641 0.5856599807739258 1.1537445783615112
0.9210299849510193 0.7234762907028198 0.30571743845939636
0.9210300445556641 0.9629998207092285 1.6890531778335571
-1.9713101387023926 1.0055822134017944 2.1412081718444824
-2.3863744735717773 0.5988976359367371 1.5236539840698242
-1.2624014616012573 0.284606397151947 1.2348800897598267
-0.787763237953186 0.284606397151947 1.451407551765442
-2.3863744735717773 0.7364434003829956 1.304529070854187
-2.3863744735717773 0.812433123588562 1.5124118328094482
-2.3863744735717773 0.8237592577934265 -0.7032490372657776
-1.0380531549453735 0.284606397151947 1.8931454420089722
0.23903657495975494 0.5897256731987 2.1412081718444824
-0.6701986789703369 0.284606397151947 -0.7323960661888123
-1.6923565864562988 0.284606397151947 1.474440574645996
-2.3863744735717773 0.7970103621482849 0.958462119102478
-1.7183643579483032 0.284606397151947 0.18259383738040924
-1.5290127992630005 0.6345767378807068 2.1412081718444824
-0.3536539673805237 0.284606397151947 1.8287627696990967
-0.8545616865158081 0.7497397065162659 2.533442258834839
-1.3810466527938843 0.284606397151947 0.3271247148513794
-1.1034650802612305 0.284606397151947 -0.7604076862335205
-1.225658655166626 1.010249376296997 2.1412081718444824
-0.35565993189811707 0.579770028591156 -1.2052990198135376
-1.2398695945739746 0.7154802083969116 -1.205298662185669
-2.3863744735717773 1.0323916673660278 1.329209566116333
-2.050971269607544 0.9138931035995483 -1.2052984237670898
-2.3761396408081055 1.0471436977386475 1.7555429935455322
0.6855183839797974 0.284606397151947 0.602863073348999
-0.0353359654545784 0.5930270552635193 2.1412081718444824
0.062426283955574036 0.284606397151947 -0.6700016856193542
-0.010959312319755554 0.7497397065162659 2.5641391277313232
0.3155435025691986 0.5585881471633911 -1.2052992582321167
-2.3863744735717773 0.8492632508277893 0.48959389328956604
0.9210299849510193 0.532622754573822 -0.12041856348514557
0.41663026809692383 0.9958109855651855 1.834577202796936
-2.102264881134033 0.8650211691856384 0.00807586032897234
-1.4514508247375488 0.675242006778717 -1.205298662185669
0.6431587338447571 0.284606397151947 0.10113658756017685
-0.14044177532196045 0.28460633754730225 -1.2053990364074707
-0.6379009485244751 0.33373844623565674 2.6925244331359863
0.9210299849510193 0.5644915699958801 0.42833012342453003
-1.9561340808868408 0.8354763388633728 1.8040744066238403
-1.0214359760284424 0.284606397151947 0.31358444690704346
-2.0567238330841064 0.735200822353363 -0.27935317158699036
-1.6587928533554077 0.8174755573272705 2.1412081718444824
0.3597264587879181 0.284606397151947 1.3321141004562378
0.47546789050102234 0.915065586566925 -1.2052992582321167
-1.8031723499298096 1.1728287935256958 -0.8540717363357544
-1.573541522026062 0.284606397151947 0.5678779482841492
-1.7473613023757935 0.284606397151947 0.6707442402839661
-1.5898576974868774 0.284606397151947 -0.05500732362270355
-1.1317182779312134 0.7454138994216919 2.1412081718444824
-1.6393330097198486 0.284606397151947 0.8536847233772278
-1.7709541320800781 1.024564504623413 2.136229991912842
-2.3863744735717773 0.8444110155105591 -0.09624870121479034
0.4222705066204071 0.284606397151947 -0.4636165499687195
-1.5331759452819824 0.284606397151947 0.16593386232852936
-2.3673369884490967 1.0452697277069092 -0.817067563533783
0.36273622512817383 0.7285822033882141 -1.2052992582321167
-1.7597049474716187 0.5752211809158325 2.1412081718444824
0.9210299849510193 0.6839659214019775 0.042208995670080185
0.9210299849510193 0.7311674952507019 -0.17160065472126007
-1.5046749114990234 0.284606397151947 1.5368869304656982
-1.9304044246673584 0.284606397151947 1.016548991203308
0.4544875919818878 0.284606397151947 1.503136157989502
-2.3863744735717773 0.7997838258743286 0.7159246802330017
-0.8551385402679443 0.7497397065162659 2.489117383956909
-0.4183823764324188 0.29237520694732666 2.6990251541137695
-0.7061842679977417 0.284606397151947 1.0324372053146362
0.38457077741622925 0.284606397151947 0.4236101806163788
-2.0234832763671875 0.6693371534347534 -0.6251676678657532
-1.7437416315078735 0.7287315130233765 -1.2052985429763794
-2.3863744735717773 0.7719383239746094 -0.5093989968299866
-1.3894531726837158 0.8395900130271912 2.1412081718444824
-2.3863744735717773 0.5779466032981873 0.173224538564682
-1.219892144203186 0.284606397151947 0.18048003315925598
-1.295930027961731 0.9286840558052063 -1.205298662185669
-1.2268033027648926 0.284606397151947 0.40153032541275024
-0.2962149679660797 0.613564670085907 2.1412081718444824
-2.3863744735717773 0.9147600531578064 1.145593285560608
-1.4547619819641113 0.284606397151947 0.7390730381011963
-2.0900309085845947 0.8288421630859375 0.8887016177177429
0.2779252231121063 0.284606397151947 1.7094979286193848
0.4652416408061981 1.0412992238998413 -1.167464017868042
-1.4026778936386108 0.284606397151947 0.93973308801651
-1.3611905574798584 0.659871518611908 1.7331297397613525
-0.5246000289916992 0.284606397151947 1.6894049644470215
-2.063267469406128 0.8393069505691528 -0.7962021231651306
-2.159482717514038 1.0901752710342407 -1.1721241474151611
-0.7018638849258423 0.2855319380760193 2.855469226837158
-0.41527751088142395 0.3275752365589142 3.0097687244415283
-1.1760263442993164 0.830456018447876 1.925729513168335
-2.040207862854004 0.7580182552337646 1.3832296133041382
-1.8436849117279053 0.6626141667366028 1.7291028499603271
-1.5469287633895874 0.284606397151947 0.38022685050964355
0.4792937934398651 0.8066914677619934 2.1412081718444824
-0.17877884209156036 0.3116689920425415 2.7881674766540527
0.6844817996025085 0.976783275604248 2.1412081718444824
0.30596455931663513 0.284606397151947 0.95454341173172
-1.3456445932388306 0.284606397151947 -0.1441124677658081
0.3620075583457947 1.0087419748306274 2.1300313472747803
-0.48791152238845825 0.284606397151947 -0.28237783908843994
0.6717219352722168 0.284606397151947 0.9243468046188354
0.9210300445556641 0.6942459344863892 1.3485300540924072
-1.0167871713638306 1.0086824893951416 2.1412081718444824
-2.3687186241149902 1.0484154224395752 1.5357153415679932
0.5601771473884583 1.062371015548706 2.108337163925171
-0.1749594509601593 0.284606397151947 1.514083743095398
-0.4620451331138611 0.3048209249973297 3.003908157348633
-0.18731153011322021 0.7531883716583252 -1.2052990198135376
0.9210300445556641 0.995829701423645 1.5135436058044434
0.9210299849510193 0.6961408257484436 0.6006506681442261
0.9210301041603088 1.0298283100128174 2.0245702266693115
0.9210299849510193 0.9669298529624939 0.18215326964855194
-2.380019426345825 1.0355725288391113 0.09729744493961334
-0.2934057116508484 0.284606397151947 1.3275327682495117
0.9210300445556641 0.7083529829978943 0.8403197526931763
0.013541470281779766 0.7421489357948303 -1.2052991390228271
-1.7037310600280762 0.7041391730308533 -0.8426450490951538
0.9210299253463745 1.0218082666397095 -1.0156781673431396
-0.06101451814174652 0.7188904285430908 2.718477725982666
0.9210299849510193 0.910015881061554 -0.3883889317512512
-2.26511812210083 1.0305323600769043 2.1378676891326904
0.9210299849510193 0.856726348400116 0.5275731682777405
-2.384436845779419 1.0084528923034668 -0.5337554216384888
-2.015265703201294 1.1673145294189453 -1.0329300165176392
0.9210300445556641 0.9721086025238037 1.0524846315383911
0.8901081681251526 1.0635933876037598 1.833221197128296
0.5760751962661743 0.6966133117675781 1.653354525566101
-1.6037931442260742 0.8431816101074219 -1.205298662185669
-0.7337947487831116 0.7636292576789856 -1.205298900604248
-2.3863744735717773 0.8073973655700684 0.19495370984077454
0.40358439087867737 0.705873429775238 -0.8595884442329407
-0.11384575814008713 0.9778125882148743 -1.193190574645996
-1.853882908821106 1.0143065452575684 -1.1968672275543213
-2.3863744735717773 1.0173490047454834 0.37420883774757385
-2.059584617614746 1.1403894424438477 2.008734703063965
-1.343828558921814 0.284606397151947 0.6015699505805969
-1.8945904970169067 0.6252707839012146 -0.8026547431945801
-1.8280292749404907 0.6434968709945679 -0.5099806785583496
0.2069120556116104 0.284606397151947 1.1016268730163574
-0.8134127855300903 0.284606397151947 1.2459636926651
0.9210300445556641 0.7705508470535278 1.1274069547653198
-0.016644207760691643 0.7674086093902588 2.577343225479126
-1.3893131017684937 0.284606397151947 0.0494089350104332
0.9210299849510193 0.7674180269241333 -0.5473549365997314
-2.380336284637451 0.9879962205886841 -0.29275545477867126
-0.5467410087585449 0.284606397151947 0.6071938872337341
-1.7415679693222046 1.1062359809875488 -1.1771962642669678
-1.1905797719955444 0.284606397151947 -0.034336064010858536
-2.3827714920043945 1.0340648889541626 0.9121365547180176
0.7146657705307007 1.0398691892623901 -1.1974689960479736
-1.1469916105270386 0.284606397151947 -0.5638953447341919
-0.9836795926094055 0.7360813617706299 -1.2052987813949585
-2.169607639312744 1.2014904022216797 -0.11799807101488113
-2.34212064743042 1.1507594585418701 -0.7462770342826843
0.14393821358680725 0.284606397151947 -0.3374132513999939
-2.376460075378418 1.1415538787841797 -0.41421744227409363
-0.5129432678222656 0.8617762327194214 -0.8989243507385254
-0.38907039165496826 0.8075323700904846 -1.2052990198135376
-0.7347022891044617 0.7772418856620789 1.9964147806167603
-1.8502967357635498 0.8633807897567749 -0.7250174283981323
0.7236583828926086 1.1275620460510254 1.6018500328063965
-1.5317636728286743 1.0322805643081665 -1.1990739107131958
-0.8949928879737854 0.284606397151947 0.49649935960769653
0.9180555939674377 1.0847276449203491 1.2499489784240723
-2.3807575702667236 1.0977730751037598 -0.08833545446395874
0.22258082032203674 0.284606397151947 0.013473565690219402
-0.2793095111846924 0.284606397151947 -0.4205443561077118
0.9164782762527466 1.0011320114135742 -0.7621923685073853
-1.4999667406082153 0.284606397151947 -0.2526145875453949
0.9210300445556641 0.9358540177345276 0.8546655774116516
-0.31389689445495605 0.7891297340393066 2.6073005199432373
-0.9766576886177063 0.284606397151947 -0.5151858329772949
0.5730077624320984 0.9083826541900635 -0.5985056757926941
-0.1718493402004242 0.284606397151947 -0.7939909100532532
-2.3617372512817383 1.1221320629119873 1.1183117628097534
-2.051259756088257 1.1874992847442627 -0.7181185483932495
0.037395983934402466 1.0123076438903809 2.137604236602783
-0.938444972038269 0.284606397151947 1.083017349243164
-0.2150067836046219 0.3956126570701599 2.946202516555786
-0.8816556334495544 0.9549000859260559 -1.1883175373077393
0.5401319861412048 0.6701347827911377 -0.664185643196106
0.9210300445556641 0.973656177520752 1.3318085670471191
0.9210299849510193 0.90939861536026 0.003870890475809574
0.39005783200263977 1.1296672821044922 1.5540437698364258
0.2744906544685364 0.284606397151947 -0.7235050201416016
-0.7833768725395203 0.284606397151947 -0.5711902976036072
-1.0779006481170654 0.9480686187744141 -1.2052987813949585
0.26962459087371826 0.8869754672050476 -0.7730380892753601
-1.9976489543914795 0.9189950823783875 -0.4417833387851715
-0.7843456268310547 0.284606397151947 -0.007041731849312782
-0.9845395088195801 0.284606397151947 -0.31287944316864014
-1.406069040298462 0.7498025894165039 -0.8874702453613281
0.1301504373550415 1.1389085054397583 1.8141416311264038
-0.3670859932899475 0.5911298990249634 2.8749821186065674
-0.6150914430618286 0.284606397151947 -0.12909939885139465
-2.031952381134033 1.2077887058258057 0.9162865877151489
0.9210300445556641 1.0059462785720825 0.6910301446914673
-0.16438166797161102 0.284606397151947 0.5848270654678345
-0.34080106019973755 0.284606397151947 -0.1994054764509201
0.35217660665512085 0.678193211555481 1.8203811645507812
-1.1119964122772217 0.8811652660369873 -0.8718647956848145
-0.028028957545757294 0.7766337394714355 2.4470269680023193
-0.8404600620269775 0.6348932981491089 -0.8146114349365234
-2.378075361251831 1.0334895849227905 0.6946918368339539
-1.9140610694885254 1.1807852983474731 1.63897705078125
-2.05757737159729 0.7156749367713928 1.1387426853179932
-2.087632894515991 0.8169450163841248 0.5173315405845642
-1.5364458560943604 1.021047830581665 2.133646249771118
-0.09738781303167343 0.8260929584503174 -0.8651388883590698
-2.194847822189331 1.1838017702102661 1.4400584697723389
-1.1609363555908203 0.284606397151947 1.0577996969223022
-1.4204275608062744 1.1078749895095825 -1.2011290788650513
-1.84529709815979 0.6610563397407532 1.5280472040176392
-0.3092973530292511 0.66036456823349 -0.8217296004295349
0.19795243442058563 0.8479090332984924 -1.2052991390228271
-1.4888328313827515 0.6263728141784668 -0.640726625919342
-1.7960554361343384 1.1676424741744995 1.9291365146636963
-0.8076667785644531 0.3299015760421753 2.7208662033081055
-2.3591010570526123 1.1441247463226318 0.29663366079330444
0.6088449954986572 0.284606397151947 0.2824462354183197
0.8745064735412598 1.0331785678863525 -0.5682480335235596
-0.5891180038452148 0.9914567470550537 -1.1967304944992065
-1.9103881120681763 0.6631666421890259 0.9477468132972717
-1.9564329385757446 0.649395763874054 -0.05362464860081673
-1.3529298305511475 1.146636724472046 2.0789072513580322
-1.6499221324920654 0.7670853137969971 1.8349359035491943
0.9147158265113831 1.0186842679977417 0.3639545738697052
0.8018562197685242 1.096634864807129 -0.902959942817688
-1.8906943798065186 0.6853125691413879 0.20869451761245728
-2.1121582984924316 1.1611489057540894 1.7220994234085083
0.13869155943393707 1.0299633741378784 -1.1946135759353638
-0.7987117767333984 0.9193228483200073 -0.7518174648284912
0.8460924625396729 1.0622880458831787 -0.15964604914188385
-1.5820465087890625 1.1884970664978027 1.868133306503296
-0.8553169369697571 0.8457701802253723 2.424431085586548
0.1595556139945984 0.284606397151947 1.2768255472183228
-1.9456706047058105 1.226414442062378 -0.02605532482266426
0.34057286381721497 0.5844278931617737 -0.6962049603462219
-1.574637532234192 0.6729393601417542 1.578789234161377
-2.06261944770813 0.7220821380615234 1.6248271465301514
-1.229978084564209 0.284606397151947 0.8579767942428589
-1.961784839630127 0.6405088901519775 0.6585083603858948
0.26783275604248047 0.284606397151947 -0.19954697787761688
0.4166119396686554 0.7767797112464905 1.4949501752853394
0.17580671608448029 1.106126070022583 2.0937228202819824
-0.8104207515716553 0.8094156980514526 2.6433804035186768
0.5606052279472351 0.7688590288162231 -0.271250456571579
-1.7054474353790283 0.8723883628845215 -0.4694269001483917
-1.7973703145980835 1.1852142810821533 -0.5780019164085388
-0.6416758894920349 0.5645551681518555 2.919058322906494
-1.840695858001709 0.6695019006729126 -0.25487616658210754
-2.366884231567383 1.1735882759094238 0.5834650993347168
0.5086374282836914 1.0767470598220825 -0.8459979295730591
-0.17405645549297333 1.0862616300582886 -1.088902235031128
-1.3080474138259888 1.1345458030700684 -0.7645886540412903
-1.1587885618209839 1.0927578210830688 -1.1647708415985107
0.9175564050674438 0.9807611703872681 -0.21796230971813202
-1.2160853147506714 0.6242724061012268 -0.7630436420440674
-1.7100951671600342 1.2108404636383057 1.5766549110412598
-2.0722343921661377 0.7952265739440918 0.2683510184288025
-2.061906337738037 1.199885606765747 1.2630057334899902
-0.8102023601531982 1.08607816696167 -1.1896146535873413
0.18797102570533752 1.0939451456069946 -1.0866209268569946
0.5954194068908691 0.8225839138031006 1.4322975873947144
-1.1038817167282104 0.284606397151947 1.6253708600997925
-0.37560921907424927 1.0351731777191162 -1.184887170791626
0.3357468247413635 0.284606397151947 0.772003710269928
0.6653975248336792 1.0838940143585205 -0.4557873010635376
-2.0627734661102295 1.196388602256775 -0.3948226869106293
-0.6753295063972473 0.284606397151947 0.43306320905685425
-1.3954333066940308 1.2140254974365234 1.7185322046279907
-2.0781376361846924 1.2240670919418335 0.5485599637031555
-2.144108295440674 1.223821997642517 0.2231932431459427
-1.5941510200500488 0.918107271194458 -0.7537458539009094
-1.5297842025756836 1.153573989868164 -0.8617576956748962
-1.813132882118225 1.2011480331420898 -0.3178764879703522
0.44343259930610657 0.284606397151947 0.1434074342250824
-1.0727615356445312 1.1309243440628052 -0.7719978094100952
0.4112042784690857 0.7178391814231873 -0.4807201027870178
-0.32797685265541077 0.9280304312705994 2.3356854915618896
0.48320478200912476 0.284606397151947 0.9890416860580444
-0.1272907704114914 0.284606397151947 -0.03998667001724243
-0.7565423846244812 1.1261687278747559 -0.9314777851104736
0.5645818710327148 0.284606397151947 0.7722312211990356
-1.0116463899612427 0.284606397151947 0.10278240591287613
-0.2445824295282364 0.284606397151947 1.0354331731796265
-0.3995271325111389 0.284606397151947 1.5104618072509766
-0.0010948744602501392 1.1108354330062866 -0.6117927432060242
-0.856103777885437 1.110647201538086 2.1276278495788574
-1.3585035800933838 0.8397778868675232 -0.6443917155265808
-1.2098942995071411 0.6732131242752075 1.5705214738845825
-0.11541411280632019 0.284606397151947 1.1564396619796753
-0.606293261051178 0.284606397151947 0.765845775604248
-1.8669548034667969 1.2130476236343384 1.185558557510376
-0.4815346598625183 1.121838092803955 -0.927731990814209
0.5118962526321411 1.1357765197753906 1.7529782056808472
-1.5386425256729126 0.868215024471283 1.703593134880066
-0.04595514014363289 0.8250069618225098 2.0131096839904785
-0.5114286541938782 0.8557130694389343 2.4792981147766113
-1.8473749160766602 0.6983417272567749 0.42597725987434387
-1.530375361442566 1.1706477403640747 -0.5417834520339966
-1.6437197923660278 1.2113960981369019 -0.12714003026485443
-1.1272588968276978 0.284606397151947 0.7217893600463867
-1.5914884805679321 0.658322274684906 1.2805529832839966
-1.3618885278701782 1.1904937028884888 -0.3095320463180542
0.04253343120217323 1.105301856994629 -0.8228009343147278
0.6295706033706665 1.0982460975646973 0.19059281051158905
-1.1452133655548096 1.1928257942199707 1.914428949356079
-1.5775187015533447 0.6566029787063599 -0.3018653094768524
0.6625260710716248 1.175507664680481 0.7197504043579102
0.8170901536941528 1.1175357103347778 1.006613850593567
0.39627954363822937 1.0859795808792114 -0.594913125038147
-1.8288562297821045 1.2063833475112915 0.47974610328674316
-1.66379976272583 1.223695158958435 1.3038334846496582
-1.0157616138458252 0.7426197528839111 -0.7173291444778442
0.48789626359939575 0.659254252910614 -0.17949071526527405
0.5503624081611633 1.1103978157043457 1.0718483924865723
-0.1948736011981964 1.0275957584381104 2.2739741802215576
0.3741306662559509 0.6155267953872681 1.6235562562942505
0.16440364718437195 0.7308930158615112 -0.6154545545578003
-0.9880121350288391 0.7712499499320984 1.699828028678894
-0.3126080334186554 1.122046947479248 -0.7126452922821045
0.8036978840827942 1.0845921039581299 0.48966389894485474
-0.49013614654541016 0.7813822627067566 2.7245092391967773
-0.9618845582008362 0.7063432931900024 1.8793329000473022
-0.010595323517918587 0.6299307346343994 -0.7547565698623657
0.6619963645935059 0.8937627077102661 0.17643122375011444
-1.8822559118270874 1.2093676328659058 0.23838850855827332
-0.2783327102661133 0.9278444051742554 1.9391833543777466
-1.554072380065918 0.6186818480491638 0.8087683916091919
-0.5726711750030518 0.6649373769760132 -0.7435111999511719
-1.9187566041946411 0.958733856678009 0.7270107269287109
-1.813513159751892 0.9781180620193481 -0.15193411707878113
-1.2702099084854126 0.8835107088088989 1.647657871246338
-1.5658119916915894 0.885036051273346 1.411855697631836
-1.794493317604065 0.805390477180481 0.653516411781311
-0.5452041625976562 0.284606397151947 1.3533356189727783
-1.7946237325668335 1.1973272562026978 0.9688805341720581
-0.6644307374954224 1.0521266460418701 2.2500534057617188
0.49891388416290283 1.1470866203308105 0.5669747591018677
-0.9949272274971008 0.284606397151947 -0.09985903650522232
-0.3737344741821289 0.284606397151947 0.4669281244277954
-0.9292104840278625 1.188143253326416 1.803216576576233
0.10874997079372406 0.284606397151947 0.816132128238678
-0.5544413924217224 0.284606397151947 0.0439252033829689
-1.2945687770843506 1.2334237098693848 1.5406440496444702
0.5216068625450134 1.1205248832702637 1.3276396989822388
-0.46304720640182495 1.0715413093566895 2.170436143875122
0.028770672157406807 0.284606397151947 0.991212785243988
0.2883574962615967 1.1392183303833008 -0.3045690655708313
0.14001332223415375 0.7892637848854065 1.7354031801223755
-0.5702951550483704 0.3018447458744049 -0.4455457627773285
0.5412039756774902 1.0557584762573242 -0.0834832713007927
-1.8171192407608032 1.2192444801330566 0.6981909871101379
-0.4816647171974182 0.7835149168968201 2.017523765563965
-0.12159375846385956 1.131785273551941 1.8261569738388062
-0.9935057163238525 1.2123626470565796 1.6102683544158936
-0.07469096779823303 0.7343915700912476 -0.5740037560462952
-1.474287509918213 1.195317268371582 1.3401926755905151
-1.7854605913162231 0.9703678488731384 0.3423275649547577
-0.6770800352096558 1.167309284210205 1.6582965850830078
-1.7920777797698975 0.7949370741844177 0.029658125713467598
0.006978719495236874 0.284606397151947 0.6673148274421692
-0.6561773419380188 1.1594820022583008 1.9322060346603394
-1.7455518245697021 0.7692815661430359 1.1094876527786255
-0.36989906430244446 1.1494611501693726 1.814776062965393
0.6260610818862915 0.7134148478507996 1.0964977741241455
-0.7479431629180908 0.6907408833503723 -0.6227720975875854
0.10670522600412369 1.1260676383972168 1.5704009532928467
-0.5690683722496033 0.284606397151947 0.23321999609470367
0.2710394859313965 0.7516992688179016 -0.32025083899497986
-1.3294857740402222 0.6645689010620117 -0.35082677006721497
-0.05312098562717438 0.6275600790977478 1.791285514831543
-0.33518633246421814 0.284606397151947 -0.03402002900838852
-0.8606334328651428 0.284606397151947 0.6887725591659546
-1.3493220806121826 0.7995128035545349 1.338387370109558
-1.363245964050293 0.97344571352005 -0.41480228304862976
-0.5942769646644592 0.284606397151947 1.1821452379226685
-0.6327818632125854 0.6512381434440613 1.7631456851959229
-1.6660890579223633 1.2145529985427856 0.17690467834472656
0.3878185451030731 1.1829911470413208 0.3042154312133789
-0.798936665058136 1.132644772529602 -0.6592630743980408
-0.14678959548473358 0.6029158234596252 1.44841730594635
-0.35560140013694763 0.284606397151947 0.727474570274353
-1.1199886798858643 1.1386375427246094 -0.499161958694458
0.5406948328018188 0.719723105430603 0.050871722400188446
0.5993497967720032 0.7276585698127747 0.8354464769363403
-1.4977781772613525 0.8286872506141663 -0.17860668897628784
-0.9808386564254761 0.8283496499061584 1.4899828433990479
-1.609147071838379 0.7163421511650085 0.05596322566270828
-1.3971492052078247 1.1719071865081787 -0.02141636051237583
0.11255244165658951 1.1348758935928345 -0.48651400208473206
0.4446967542171478 0.284606397151947 0.6226431727409363
-0.7821000218391418 0.3175677955150604 0.8910557627677917
-1.529204249382019 0.8099049925804138 0.584503710269928
0.23514489829540253 0.284606397151947 0.3266463577747345
0.27732062339782715 1.1699174642562866 -0.050428710877895355
0.2979068458080292 0.6212977766990662 1.3505375385284424
-0.13436761498451233 0.8072935938835144 1.7218502759933472
-0.03240008279681206 0.284606397151947 1.2782807350158691
-1.8803340196609497 0.9482524394989014 1.4512680768966675
-1.5475757122039795 0.9799293279647827 1.1020697355270386
-1.4059761762619019 0.6982696056365967 1.0566279888153076
-1.106487512588501 0.7022547721862793 -0.5449153780937195
-0.2881552278995514 0.9302038550376892 -0.6544062495231628
-1.6306530237197876 0.8322981595993042 0.8742483258247375
-0.504341721534729 0.9369202256202698 1.624575138092041
-1.8958370685577393 0.8187292814254761 1.2013294696807861
0.6204043626785278 0.7164283394813538 0.4662885367870331
0.5241981744766235 1.1037507057189941 0.8671499490737915
-1.604561686515808 0.7487980723381042 0.35319507122039795
-0.5109100937843323 1.129989743232727 1.5341682434082031
-0.32416579127311707 0.65956711769104 -0.6183576583862305
-0.45966628193855286 0.284606397151947 0.9235240817070007
0.448300302028656 0.6281116604804993 0.8412803411483765
0.27998846769332886 1.133015751838684 1.3235772848129272
0.4779505133628845 0.6495274305343628 1.1616604328155518
-0.15574193000793457 0.284606397151947 0.3739248514175415
0.3007577061653137 0.30879753828048706 0.1654105931520462
0.3929966986179352 1.1590783596038818 0.845473051071167
0.32179322838783264 0.6612595319747925 -0.12540589272975922
-0.6481256484985352 0.6244909167289734 1.4220918416976929
-0.25389188528060913 1.1261706352233887 1.4431694746017456
-0.7422934174537659 0.8866663575172424 1.7370206117630005
-0.10734986513853073 1.1145069599151611 1.5187150239944458
-0.8164709806442261 0.34232816100120544 -0.2204199731349945
0.12873736023902893 1.1301790475845337 1.2682631015777588
-1.0869075059890747 0.33993345499038696 0.5271024703979492
0.48429933190345764 0.6458461880683899 0.36246612668037415
0.3961157202720642 0.831778883934021 1.1423921585083008
-0.3675559163093567 0.6964071393013 1.7944214344024658
-0.19661304354667664 0.4240942895412445 -0.30725064873695374
-0.41277387738227844 1.1828233003616333 -0.4352709949016571
0.3497089445590973 0.616357684135437 0.5250516533851624
0.17695502936840057 0.6002467274665833 1.0521409511566162
-1.4320718050003052 0.6846655011177063 0.1254674196243286
-0.023277953267097473 0.29204025864601135 0.10589995235204697
0.06147071719169617 0.7938896417617798 1.5437533855438232
-0.16419941186904907 0.5363871455192566 1.0110597610473633
0.09812232851982117 0.7102165818214417 1.3013174533843994
-0.3906188905239105 0.6859130859375 1.574341893196106
-0.6917315721511841 0.3558228015899658 0.34655651450157166
-0.12498460710048676 0.47484010457992554 0.649171769618988
-0.8974899649620056 0.6058331727981567 1.4829819202423096
0.0777619332075119 0.9185850620269775 -0.057828210294246674
-0.5354996919631958 0.8972195386886597 -0.5316960215568542
-1.2282894849777222 0.7294533848762512 1.2084110975265503
0.028409775346517563 0.6861929893493652 -0.3455716669559479
0.16506615281105042 0.6288396716117859 0.8434324860572815
-0.3980271816253662 0.6137213706970215 1.2853598594665527
-0.9831453561782837 0.5795308947563171 1.0270799398422241
-0.3295987844467163 0.32590705156326294 0.2871023118495941
-0.4572409689426422 0.715575098991394 -0.37308448553085327
-0.957953155040741 0.5240463614463806 0.1586868166923523
-0.7290543913841248 1.2037949562072754 -0.4461469054222107
-0.019056476652622223 0.7751796841621399 1.167216420173645
-1.23069167137146 0.7581010460853577 -0.14885781705379486
-0.5165801644325256 0.4605301320552826 0.9662051200866699
-0.11991973221302032 0.6561689376831055 -0.23204739391803741
-0.9577057361602783 0.6764324307441711 1.2753206491470337
0.40124621987342834 0.6886276602745056 0.13723641633987427
-1.3629121780395508 0.6343516111373901 0.4973544776439667
-1.1683361530303955 0.5893256664276123 0.6431962251663208
-0.15812404453754425 1.2296562194824219 -0.3183816075325012
0.14303795993328094 1.124661922454834 -0.2018660604953766
0.3306489586830139 1.000191569328308 1.0798496007919312
-0.6106929183006287 1.1921056509017944 -0.23613132536411285
-0.8236648440361023 0.7720316648483276 -0.4204959273338318
-0.18153180181980133 0.7426316142082214 1.3188036680221558
-1.0539072751998901 0.8593605756759644 -0.3441429138183594
-0.33294999599456787 1.0603418350219727 -0.3031141459941864
-1.0271042585372925 0.6597325801849365 -0.1714719831943512
0.5000913143157959 0.7575318813323975 0.6427095532417297
-0.977878987789154 0.9686021208763123 1.1900883913040161
-0.2599329948425293 0.5363093018531799 0.08542181551456451
-1.4064651727676392 1.0013974905014038 0.009413848631083965
-0.18998922407627106 0.7723928689956665 -0.1376035362482071
-1.1103187799453735 1.2075008153915405 -0.22815445065498352
-0.8777147531509399 1.1884233951568604 -0.28280696272850037
0.08648055791854858 0.5530831813812256 0.39138975739479065
-0.1039927676320076 1.1198971271514893 -0.18081006407737732
-0.6481271386146545 0.6939437389373779 -0.2854551672935486
0.2879268229007721 0.7839459180831909 0.28894683718681335
0.17478099465370178 1.1592087745666504 0.03877728432416916
-0.8639508485794067 0.721339762210846 -0.11336300522089005
0.24761182069778442 0.7212226986885071 0.6467121839523315
-1.0789719820022583 0.961651086807251 -0.011690067127346992
-1.215303659439087 0.7463998794555664 0.11728830635547638
0.3483045995235443 1.0459028482437134 0.23845279216766357
-0.9943271279335022 0.6773871779441833 0.7119856476783752
0.11211045831441879 0.6241687536239624 0.04660501331090927
0.3606203496456146 1.0593267679214478 0.5180879831314087
-0.4728231132030487 0.6245216131210327 1.1088855266571045
-0.5248133540153503 0.9168433547019958 1.364639401435852
-0.5129393935203552 0.6205500364303589 0.0829048901796341
-1.3002363443374634 0.8689056634902954 0.3520343005657196
-1.0145107507705688 0.8173242211341858 1.1020482778549194
-1.2425670623779297 0.9759241342544556 0.9576711058616638
-1.2353507280349731 1.0685173273086548 1.2342501878738403
-0.020711146295070648 0.7470988631248474 0.1067669466137886
-0.7409422397613525 0.9304682016372681 1.40491783618927
-1.0509554147720337 0.8052558898925781 0.27459022402763367
-0.4281980097293854 0.7231495976448059 0.7654502391815186
-0.6741571426391602 0.4974423050880432 0.6315354704856873
-0.11213092505931854 0.5936402082443237 0.7707915902137756
-1.4011181592941284 0.9440727233886719 0.7169234752655029
-1.1298683881759644 0.8468911647796631 0.6923761367797852
-1.2779208421707153 0.9793727993965149 0.5332926511764526
-0.7435479164123535 0.8251437544822693 -0.07098664343357086
-1.486542820930481 1.0728453397750854 0.3005426526069641
-0.07811151444911957 0.7593508958816528 0.7640684843063354
-1.2512047290802002 0.8161939382553101 0.8865756988525391
-1.5878593921661377 1.1177424192428589 0.8190433382987976
-0.6640090942382812 0.7565314173698425 1.004887580871582
-0.2724912166595459 0.6783331036567688 0.3741467595100403
-1.0947667360305786 0.9777082204818726 0.23557299375534058
-0.8134829998016357 0.7401197552680969 0.4750712513923645
-0.4114260673522949 0.9606304168701172 -0.15256358683109283
-0.9465939402580261 0.6879830956459045 0.3466889560222626
-0.570168137550354 0.769416868686676 0.253815621137619
-0.8465919494628906 1.0437148809432983 -0.0032812803983688354
-1.031107783317566 1.08229398727417 1.4447910785675049
-0.23027314245700836 0.8392268419265747 1.0402904748916626
-0.8877047896385193 0.8656949996948242 0.5437578558921814
-0.8033007383346558 0.6632400751113892 0.9544203877449036
-0.6561731696128845 0.9623844623565674 -0.0140114426612854
-0.708896279335022 1.3578523397445679 0.39416155219078064
-0.23984330892562866 0.594545304775238 0.5404447913169861
-0.40118059515953064 0.9298948645591736 1.1744673252105713
-0.047512639313936234 0.7804847359657288 0.4105778634548187
-0.529163122177124 1.0028150081634521 0.47985923290252686
-0.6461387276649475 0.5862751603126526 0.2569226622581482
-0.8487976789474487 0.8556175827980042 0.8257970213890076
-0.6067454218864441 0.9113234281539917 1.0766018629074097
-0.3829402029514313 0.8277570009231567 -0.012455776333808899
-0.44106584787368774 1.196862816810608 0.3155718743801117
-0.7321740388870239 0.8974027633666992 0.4367436468601227
-0.5523257851600647 0.618756115436554 0.588647186756134
0.020555105060338974 0.9984279870986938 1.0307600498199463
-0.8300414085388184 1.2995201349258423 0.785696804523468
-0.7423718571662903 1.1213346719741821 0.7642483115196228
-0.6651762127876282 0.9727094173431396 0.7176531553268433
-0.1849416047334671 0.8686510920524597 0.2013842612504959
0.11054907739162445 0.9713223576545715 0.7237398624420166
-0.7826186418533325 1.2403751611709595 0.5528966188430786
0.012186529114842415 1.0507237911224365 0.5537503361701965
-0.3118942379951477 1.0379979610443115 1.0133787393569946
-0.4439719319343567 1.2152529954910278 1.0294057130813599
-0.23552338778972626 0.9741669297218323 0.2619374990463257
-0.30481287837028503 1.050577163696289 0.28243404626846313
-0.5123241543769836 0.8987210988998413 0.25070181488990784
-0.1543634980916977 1.3851076364517212 0.8307743668556213
0.04491093009710312 0.9773076176643372 0.4171414077281952
-0.7179432511329651 0.9553251266479492 0.9692928194999695
-0.866037905216217 1.4683363437652588 0.6214665174484253
-0.2535906136035919 1.225115418434143 0.9210216999053955
-0.10847781598567963 1.1491284370422363 0.43681201338768005
-0.6420553922653198 1.1313396692276 0.444221556186676
-0.06050503998994827 1.0474742650985718 0.9668462872505188
-0.7294817566871643 1.373175024986267 0.9209731221199036
-0.09809580445289612 1.4254536628723145 0.4904326796531677
-0.06280997395515442 1.0906696319580078 0.7985712289810181
-0.6201760172843933 1.0966309309005737 1.0337697267532349
-0.05940555781126022 1.2513659000396729 0.6546808481216431
-0.18902240693569183 1.6084390878677368 0.8984246253967285
-0.497029185295105 1.4582898616790771 0.2986500561237335
-0.38547074794769287 1.5314522981643677 0.9698091149330139
-0.09174050390720367 1.6337239742279053 0.6701709628105164
-0.5911222100257874 1.44185471534729 0.9906083345413208
-0.2151624858379364 1.6378798484802246 0.3958815634250641
-0.41071805357933044 2.075932025909424 0.41221359372138977
-0.6024842858314514 1.7311861515045166 0.9596372246742249
-0.7307241559028625 1.6550297737121582 0.4616744816303253
-0.31572601199150085 1.8568271398544312 0.37807366251945496
-0.6861143708229065 1.9288878440856934 0.5994848608970642
-0.7911336421966553 1.7184571027755737 0.7524859309196472
-0.5208646059036255 1.7174712419509888 0.3766025900840759
-0.09925755113363266 1.9081629514694214 0.7726106643676758
-0.3285631835460663 1.8316527605056763 0.9763209223747253
-0.21567009389400482 2.0581130981445312 0.9127237796783447
-0.13372232019901276 2.1668126583099365 0.5258383750915527
-0.11992179602384567 1.9105134010314941 0.5364229083061218
-0.5769560933113098 1.980176568031311 0.905096173286438
0.006210261955857277 3.571901798248291 0.4574020504951477
-0.4843047559261322 2.225220203399658 0.8799445033073425
-0.1742737591266632 3.319794178009033 0.45413628220558167
-0.6352625489234924 2.143481969833374 0.6378729939460754
-0.06623508036136627 3.402121067047119 0.3059864342212677
-0.19245359301567078 2.274628162384033 0.8323556184768677
-0.31419068574905396 3.3163914680480957 0.3560810387134552
-0.49606430530548096 2.3226401805877686 0.5609492659568787
-0.5164826512336731 3.406949520111084 0.3562140464782715
-0.21077170968055725 2.3868377208709717 0.6235429644584656
-0.36271700263023376 3.3460774421691895 0.1884097307920456
-0.33399656414985657 4.38060998916626 0.2915017008781433
-0.31616154313087463 3.2822182178497314 0.4384119212627411
-0.017092488706111908 3.76226544380188 0.29247209429740906
-0.2051069140434265 3.49760103225708 0.6287818551063538
-0.2732824683189392 2.4426426887512207 0.532873809337616
-0.5816307067871094 3.796344518661499 0.5335817337036133
-0.5044240355491638 4.058552265167236 0.28931912779808044
-0.18375352025032043 3.4407854080200195 0.1182948648929596
-0.19825336337089539 4.148893356323242 0.26215627789497375
-0.5982252359390259 4.045227527618408 0.570404589176178
-0.279238760471344 3.907048463821411 0.6748145222663879
-0.4593161344528198 3.554802894592285 0.10888516157865524
-0.45160365104675293 4.192513465881348 0.8368560671806335
-1.4100277423858643 5.677335262298584 0.08242647349834442
-0.08025287836790085 4.114935874938965 0.6773800849914551
-0.032069381326436996 4.301537990570068 0.49310821294784546
-0.13072676956653595 3.7073814868927 0.6458526849746704
-0.05051160231232643 4.0221123695373535 0.483852744102478
-0.5911371111869812 3.637453079223633 0.4582560360431671
-0.41913846135139465 3.519796371459961 0.6033061146736145
-0.5144217014312744 4.510751724243164 0.3847711384296417
-0.13749739527702332 4.27201509475708 0.806134819984436
-0.3614209294319153 4.047472953796387 0.8086825609207153
-0.16568486392498016 3.6312761306762695 0.07398495823144913
-0.6186197996139526 4.239918231964111 0.3987448215484619
-0.25968047976493835 5.900651931762695 0.2002893090248108
-0.5292345285415649 3.7632906436920166 0.19534528255462646
-0.6618243455886841 4.267672538757324 0.6957488656044006
-1.3572636842727661 5.50149393081665 0.1529185026884079
-0.2565854489803314 3.9225828647613525 0.16554506123065948
-1.2232106924057007 5.4997239112854 0.17826171219348907
-1.2952446937561035 5.4562907218933105 0.07063858211040497
-0.17655155062675476 5.8823561668396 0.03581199795007706
-0.10868792235851288 4.486257553100586 0.7137860655784607
-0.1478852480649948 4.532426834106445 0.44550207257270813
-0.4631448984146118 4.645205974578857 0.6431416869163513
-0.005381460301578045 5.979668617248535 0.29964467883110046
-0.05246508866548538 6.0852580070495605 0.45211443305015564
-0.685468852519989 4.475772857666016 0.6371760368347168
-1.2099326848983765 5.49419641494751 -0.05708155035972595
-0.39591342210769653 4.506711959838867 0.8878875970840454
0.08284346759319305 6.021501541137695 0.02000306360423565
-1.1267861127853394 5.503276348114014 0.07106045633554459
-0.7656516432762146 6.055324077606201 1.0966379642486572
-0.9026374816894531 6.061857223510742 1.2371798753738403
-0.894041895866394 5.9336981773376465 1.1021240949630737
-0.8446901440620422 6.201442718505859 1.1930320262908936
-0.23513855040073395 6.0035600662231445 0.4219641089439392
-0.029360268265008926 5.918646335601807 0.11982876062393188
-1.3703080415725708 5.473597526550293 0.034448638558387756
0.16112397611141205 6.139842510223389 0.1848432570695877
-0.9963419437408447 6.060722351074219 1.0739972591400146
-0.3155289888381958 6.122350215911865 0.5376247763633728
-0.4771186113357544 5.990669250488281 0.27401918172836304
-0.5106914043426514 4.252767086029053 0.8660447001457214
0.10271734744310379 6.265288352966309 0.35641029477119446
-0.27582481503486633 5.964593887329102 -0.06922674924135208
-0.6893511414527893 6.246949672698975 0.7694798111915588
-0.6505093574523926 6.3404221534729 0.6533049941062927
-0.1248435378074646 6.1486639976501465 -0.21795067191123962
-0.1689111739397049 6.347740173339844 -0.21989752352237701
0.06477531045675278 6.2206807136535645 -0.12143357843160629
-0.572828471660614 6.045355796813965 0.07291103899478912
-0.3263963758945465 6.042699337005615 -0.21205486357212067
-0.5584437251091003 6.162572860717773 0.4192892611026764
-0.6935287714004517 6.447383880615234 0.6315582394599915
-0.930219292640686 5.976657390594482 1.298694372177124
-0.4037688076496124 6.665471076965332 0.07031576335430145
-0.4882814586162567 6.70474910736084 0.4618189334869385
0.040097977966070175 6.464409351348877 0.13244062662124634
-0.5002409815788269 6.276330471038818 -0.1623922437429428
-0.02571733295917511 6.407278537750244 0.4760425090789795
-0.29690349102020264 6.452147483825684 0.5398597121238708
-0.10619844496250153 6.68550968170166 0.17194810509681702
-0.5920552015304565 6.057219982147217 0.6816426515579224
-0.4999489486217499 6.1156463623046875 -0.05952126532793045
0.07400441914796829 7.301510810852051 0.6085024476051331
-0.31710919737815857 7.051568984985352 0.36114299297332764
-0.05449788272380829 6.76665735244751 0.39892861247062683
-0.5086749196052551 6.105067729949951 0.7162467241287231
-0.18675363063812256 6.984129905700684 0.17683982849121094
-0.10372625291347504 7.316056251525879 0.605243980884552
-0.27523866295814514 7.569729804992676 0.5678359866142273
-0.6308555006980896 6.148014068603516 0.1934121549129486
-0.2804439067840576 7.271001815795898 0.47666287422180176
0.050688743591308594 6.942931652069092 0.3349195420742035
-0.3315352499485016 6.504125595092773 -0.07887086272239685
-0.6228682398796082 6.403316497802734 0.3016025722026825
0.08334998041391373 7.076897621154785 0.47524529695510864
-0.20560425519943237 7.239706993103027 0.22037288546562195
-0.0959596186876297 7.610485076904297 0.6502918601036072
-0.32812774181365967 7.593789577484131 0.309805691242218
-0.12179862707853317 7.573951244354248 0.18763422966003418
-0.40029284358024597 7.789260387420654 0.3952203392982483
-0.09357595443725586 8.089082717895508 0.8572335839271545
-0.3333771228790283 7.885350227355957 0.6090295314788818
-0.34044766426086426 8.19930362701416 0.31186220049858093
0.24084851145744324 7.829349994659424 0.49748873710632324
0.14982488751411438 7.164100646972656 0.3083861470222473
-0.09894239902496338 8.06472110748291 0.3362140655517578
-0.006722315214574337 7.73300838470459 0.7113025188446045
-0.23732700943946838 7.893364906311035 0.7705462574958801
0.09864591807126999 7.967458724975586 0.6432318687438965
0.26800841093063354 7.350589275360107 0.45598626136779785
0.2699085474014282 7.5043439865112305 0.5821497440338135
0.11090316623449326 7.989969730377197 0.3900505602359772
-0.43102625012397766 8.305486679077148 0.42886748909950256
-0.47092536091804504 8.095768928527832 0.6932423114776611
-0.30142083764076233 8.010978698730469 0.29909273982048035
-0.14523550868034363 8.499801635742188 0.7812638878822327
0.2149823009967804 7.470910549163818 0.3589947819709778
-0.27710023522377014 7.535111427307129 0.1944781392812729
-0.8469985723495483 9.130352973937988 0.2643776834011078
-0.6598780155181885 9.010390281677246 0.5664045810699463
-0.4628058671951294 8.144745826721191 0.9008980393409729
-0.5228359699249268 9.014360427856445 0.46745413541793823
-0.20979145169258118 8.341165542602539 0.9369572997093201
-0.9405401349067688 9.069771766662598 0.37564322352409363
-0.5848917365074158 8.30819034576416 0.7328895926475525
-0.02170286886394024 8.284771919250488 0.5577629208564758
-0.4475620985031128 8.79574203491211 0.660010814666748
-0.5964343547821045 8.432293891906738 0.6478191614151001
-0.4257858395576477 8.267679214477539 0.9578746557235718
-0.3260447680950165 8.698535919189453 0.6385428309440613
-0.5143071413040161 8.62048053741455 0.4836580157279968
-0.6408950686454773 9.195696830749512 0.21523907780647278
-1.0275062322616577 9.267109870910645 0.14705218374729156
-0.7833784818649292 9.111947059631348 0.21548497676849365
-0.5410544872283936 9.245306015014648 0.47959282994270325
-0.1448785364627838 8.5252685546875 0.6135457754135132
-0.8525868654251099 9.203941345214844 0.04931268468499184
0.12370585650205612 9.804402351379395 0.4796077311038971
-0.19862572848796844 9.127842903137207 0.6282382011413574
-0.8995079398155212 9.454673767089844 0.4491787254810333
-0.42506277561187744 9.745833396911621 0.8125805258750916
-0.005825079046189785 9.793051719665527 0.4443143308162689
-0.4296150207519531 9.935358047485352 0.9979403614997864
-1.0260392427444458 9.384565353393555 0.19980458915233612
-0.09499725699424744 9.615853309631348 0.5904557704925537
-0.5703034400939941 9.58743953704834 0.3881361186504364
-0.4189087748527527 9.867209434509277 1.075084924697876
-0.7563270330429077 9.479228019714355 -0.057083722203969955
-0.7885208129882812 9.483854293823242 0.57265704870224
0.05860622227191925 9.87948989868164 0.3538198471069336
-1.145765781402588 9.681832313537598 0.19686764478683472
0.11143886297941208 9.673503875732422 0.4664261043071747
0.2133004367351532 9.685524940490723 0.45332640409469604
-1.0591181516647339 9.93782901763916 0.1813512146472931
-0.8082800507545471 10.223368644714355 1.0514119863510132
-0.8708205819129944 9.749465942382812 0.3462282717227936
-0.8179720044136047 9.67023754119873 -0.007421022281050682
-0.6270341873168945 9.911568641662598 1.0828396081924438
-0.8856756687164307 9.722935676574707 0.03902667015790939
0.24995216727256775 10.184741973876953 0.16388924419879913
-0.5533433556556702 9.8921480178833 1.170400857925415
0.258139044046402 10.367912292480469 -0.08353729546070099
0.21592915058135986 10.231405258178711 0.12400348484516144
-0.49777060747146606 9.948002815246582 0.8742287755012512
0.1096491813659668 10.32372760772705 0.5809574127197266
-1.0498325824737549 10.317532539367676 1.1104966402053833
-0.9818185567855835 10.084957122802734 0.03562000393867493
-0.8288329243659973 10.118013381958008 0.2324938327074051
-1.016282558441162 10.33796215057373 0.9809166193008423
-1.1392724514007568 10.193159103393555 0.3233311176300049
0.059486545622348785 10.256918907165527 0.6447503566741943
-0.9685540199279785 10.256292343139648 1.0857956409454346
-0.9280202984809875 10.266073226928711 1.049752116203308
-0.9981164932250977 10.311177253723145 0.3217797875404358
-0.887262225151062 10.390356063842773 0.1298045516014099
0.20571023225784302 10.323026657104492 0.07438168674707413
-0.9677157402038574 10.350988388061523 0.5868144035339355
-0.007172351703047752 10.529202461242676 0.8294007182121277
0.004133962094783783 10.51587200164795 -0.272750586271286
0.03544897213578224 10.571565628051758 -0.210401713848114
0.21225304901599884 10.415006637573242 0.04178721457719803
0.4010637700557709 10.735896110534668 0.5350531935691833
-0.9754756689071655 10.594494819641113 0.1241014301776886
-1.0845309495925903 10.459672927856445 0.9245403409004211
0.16916485130786896 10.570197105407715 0.7165113687515259
-0.7511802911758423 10.75548267364502 0.0016012461856007576
-0.19917644560337067 10.818522453308105 0.8585272431373596
-0.9875956773757935 10.778465270996094 0.21937882900238037
-1.0160020589828491 10.680648803710938 0.18702037632465363
0.3445439338684082 10.67789077758789 0.28969016671180725
-0.6825937628746033 10.933337211608887 0.01462559774518013
-0.6418864130973816 10.987759590148926 -0.0348750576376915
-0.6733829975128174 10.914850234985352 0.991994321346283
-0.19684210419654846 11.043914794921875 1.0161315202713013
-0.5915497541427612 11.009400367736816 1.066179871559143
0.4087473750114441 11.132129669189453 0.7023522257804871
-1.4165301322937012 11.151511192321777 -0.35921353101730347
-0.17978715896606445 11.113893508911133 0.20512212812900543
0.37361058592796326 11.048608779907227 0.5934183597564697
-0.05592877045273781 11.156298637390137 0.8962396383285522
0.27851971983909607 11.083951950073242 0.5938024520874023
0.42752718925476074 11.232139587402344 0.6224352717399597
0.48307687044143677 11.204340934753418 -0.22185319662094116
-0.9983266592025757 11.141212463378906 0.8288806676864624
-1.1942687034606934 11.196578979492188 0.6404181718826294
-0.7674970626831055 11.289925575256348 -0.2893765866756439
0.2300248146057129 11.315399169921875 0.9480430483818054
-0.34369704127311707 11.34925365447998 0.16352728009223938
-0.6300396919250488 11.259489059448242 0.9214144945144653
0.07952096313238144 11.379535675048828 1.3100745677947998
-0.47697457671165466 11.389663696289062 0.07325247675180435
-1.3174799680709839 11.371328353881836 0.9340776205062866
-1.0645662546157837 11.441267967224121 1.030482292175293
-0.7578917145729065 11.434250831604004 0.23789244890213013
-0.17393773794174194 11.449241638183594 0.6437411904335022
-0.008689452894032001 11.455470085144043 0.6502107977867126
-1.3499624729156494 11.490609169006348 -0.4499567747116089
0.444898396730423 11.453714370727539 1.0940455198287964
-0.9607304334640503 11.470425605773926 0.6345781683921814
-0.5643756985664368 11.521066665649414 0.5235474705696106
0.5002312064170837 11.543240547180176 0.26339414715766907
-0.8371154069900513 11.530801773071289 -0.3220900893211365
0.13484135270118713 11.553922653198242 0.5465806126594543
-0.25441035628318787 11.571722984313965 0.41104358434677124
0.4464625418186188 11.575905799865723 0.8109273314476013
-0.7206062078475952 11.580947875976562 1.0853384733200073
