201
-0.8590736389160156 5.707158088684082 0.7100080847740173
-0.8910083770751953 5.575510501861572 0.29926303029060364
-0.7357097864151001 5.439318656921387 0.6528452038764954
-0.1137670949101448 5.698190212249756 0.39628738164901733
-0.7767743468284607 5.4020538330078125 0.3301859200000763
-0.3371741473674774 5.33303689956665 0.12505783140659332
-0.2230270355939865 5.384673595428467 0.5641989707946777
-0.7184447050094604 5.554928302764893 0.8232365250587463
-0.4459112882614136 5.356598377227783 0.028489086776971817
-0.544136106967926 5.50792932510376 -0.09340284764766693
-0.11031890660524368 5.5490312576293945 0.45179808139801025
-0.6478601694107056 5.32745361328125 0.19010064005851746
-0.8489044904708862 5.5828986167907715 0.5304183959960938
-0.7586567401885986 5.491325378417969 0.06608971208333969
-0.5095612406730652 5.256204605102539 0.5772485136985779
-0.4237375259399414 5.261054992675781 0.33548206090927124
-0.6201876401901245 5.253158092498779 0.4237644672393799
-0.29365670680999756 5.317111015319824 0.28228044509887695
-0.34200167655944824 5.64835786819458 -0.12288421392440796
-0.8297785520553589 6.348401069641113 0.5535540580749512
-0.49951866269111633 6.458281517028809 0.5248836874961853
-0.23604561388492584 5.497959613800049 0.011110139079391956
-0.14793479442596436 5.866082191467285 0.3023568391799927
-0.8786975145339966 5.819766044616699 0.3166007697582245
-0.5184788107872009 5.921505451202393 0.37545546889305115
-0.13601918518543243 5.641499042510986 0.10235679149627686
-0.5107760429382324 5.362666130065918 0.7315361499786377
-0.718443751335144 5.646237850189209 -0.06341477483510971
-0.18505899608135223 5.8696465492248535 -0.011403743177652359
-0.4363795220851898 5.893742084503174 0.8863973617553711
-0.5044263005256653 5.801738262176514 -0.17817376554012299
-0.26359379291534424 6.0698723793029785 0.7767285108566284
-0.23990707099437714 6.153838157653809 0.4888581931591034
-0.5202783942222595 6.088738918304443 0.7440189123153687
-0.5076330304145813 5.511391639709473 0.911948025226593
-0.487424373626709 5.699113368988037 0.9653441309928894
-0.14185331761837006 6.1159186363220215 0.1666780263185501
-0.7723650336265564 5.881697654724121 0.14446738362312317
-0.37480536103248596 6.0691728591918945 -0.0890047624707222
-0.6461988091468811 5.961887359619141 -0.016620412468910217
-0.844835638999939 6.15342378616333 0.4378483295440674
-0.3485802710056305 5.4584503173828125 0.8268957138061523
-0.20619748532772064 5.90695858001709 0.6522374153137207
-0.3440266251564026 7.333555698394775 -0.1028767079114914
-0.23322412371635437 6.339635848999023 0.4205985963344574
-0.6001098155975342 6.224691867828369 0.09639041125774384
-0.388174831867218 6.290496349334717 -0.03475853055715561
-0.7879894375801086 6.173686981201172 0.772056519985199
-0.8307979106903076 5.943313121795654 0.5931076407432556
-0.2598438858985901 5.459599494934082 0.7244974374771118
-0.30095547437667847 6.55234432220459 0.2136523276567459
-0.5341894030570984 7.069984436035156 0.027954425662755966
-0.453207790851593 7.1232590675354 0.2677440643310547
-0.5188456177711487 6.827078342437744 0.17595134675502777
-0.5382604598999023 6.507993698120117 0.08291745185852051
-0.9220668077468872 6.07381534576416 0.6756244897842407
-0.16398902237415314 7.29095458984375 -0.018464406952261925
-0.5591164827346802 6.29477596282959 0.7963145971298218
-0.5055381059646606 6.442461967468262 0.27502018213272095
-0.4188854396343231 6.794870376586914 0.12265650182962418
-0.7033482193946838 7.511261940002441 -0.10305517911911011
-0.6704627871513367 7.226316928863525 0.14687210321426392
-0.2671905755996704 7.174202919006348 0.1410469263792038
-0.2706964612007141 7.650091171264648 -0.037919461727142334
-0.4692613184452057 7.651116847991943 -0.13813291490077972
-0.6253865957260132 7.328822612762451 -0.04367128759622574
-0.504549503326416 7.405551910400391 0.37771278619766235
-0.7808786034584045 7.396844863891602 0.12981002032756805
0.44196951389312744 8.194302558898926 1.2248526811599731
-1.2255706787109375 7.440263271331787 0.9185068011283875
-0.667849063873291 7.559506416320801 0.3098367154598236
-0.16362638771533966 7.313324928283691 0.2506362795829773
-1.0705068111419678 8.489457130432129 0.39904412627220154
-0.8412657380104065 7.631542205810547 0.14969319105148315
-0.8554356098175049 7.832540035247803 0.04263392463326454
-0.2790255844593048 7.504901885986328 0.3625389039516449
0.22983719408512115 8.201730728149414 1.0905375480651855
-1.1792876720428467 7.437017440795898 0.9116218090057373
0.14486746490001678 8.176621437072754 1.2526381015777588
0.34434112906455994 8.182758331298828 1.2088727951049805
-0.7666033506393433 7.668664932250977 -0.11434296518564224
-0.8920902609825134 8.123334884643555 0.2515001893043518
0.22260943055152893 8.2008056640625 1.26362144947052
-0.15924669802188873 7.424624919891357 0.32232174277305603
-0.8478813767433167 8.30460262298584 0.14050234854221344
-0.8796714544296265 7.807914733886719 0.2524688243865967
-0.9281508922576904 8.404093742370605 0.38560137152671814
-0.4785238802433014 7.846519947052002 0.16973862051963806
0.11674132943153381 8.443303108215332 1.088663935661316
-1.083150863647461 8.48628044128418 0.2828008532524109
-0.8254209756851196 9.012763023376465 0.13549357652664185
-0.9162895083427429 7.954593181610107 0.2861017882823944
0.2371680587530136 8.221104621887207 1.3746140003204346
-0.054978176951408386 7.432638168334961 0.07325994223356247
-0.5969448089599609 9.025544166564941 0.855230987071991
-0.6772855520248413 9.04798412322998 0.5713099241256714
-0.9566046595573425 8.485764503479004 0.10033624619245529
-0.5639855265617371 9.090303421020508 0.5154516696929932
-1.0964382886886597 8.81833553314209 0.17777176201343536
-0.7616577744483948 8.37902545928955 0.2696128487586975
-0.8036754727363586 8.76120662689209 0.2809831202030182
-0.4698597490787506 9.081348419189453 0.9209286570549011
-0.7613620162010193 9.065402030944824 0.7288295030593872
-0.9084910154342651 8.698330879211426 0.01983480341732502
-0.5409281253814697 9.175098419189453 1.0324722528457642
-0.5019963979721069 9.098272323608398 0.7486600279808044
-0.9783401489257812 9.362991333007812 0.8466082215309143
-0.75595623254776 8.827059745788574 0.3473703861236572
-0.24753929674625397 9.848776817321777 -0.23509304225444794
-0.9810680150985718 8.960368156433105 0.4432078003883362
-0.6419540047645569 9.287186622619629 1.0735610723495483
0.2833631932735443 8.4567232131958 1.1229140758514404
-0.9748626351356506 8.97745132446289 0.09752020239830017
-0.8951126933097839 9.552968978881836 0.9407217502593994
-0.08655773848295212 9.908645629882812 -0.08154965192079544
-0.4682299792766571 9.319887161254883 1.1101248264312744
-0.33793187141418457 9.465487480163574 0.8982435464859009
-1.1096388101577759 9.251346588134766 0.4659227728843689
-0.5122882127761841 9.457077980041504 0.7016658186912537
-0.8906804919242859 9.49989128112793 0.4487583339214325
-0.10921932756900787 9.861043930053711 -0.011109583079814911
-0.7276186347007751 9.891286849975586 0.5189193487167358
-0.6455658674240112 9.504365921020508 1.1820433139801025
-0.9918085336685181 9.240913391113281 0.27371659874916077
-0.8604996204376221 9.366562843322754 0.21628646552562714
-0.934994101524353 9.355509757995605 0.6519961357116699
-0.07407065480947495 9.929627418518066 0.029881931841373444
-0.43632733821868896 9.66610336303711 0.7228503227233887
-0.5887770056724548 9.766627311706543 0.6117309927940369
-0.5379148125648499 9.705327987670898 0.40384626388549805
-0.6289288997650146 9.754401206970215 0.31435930728912354
-0.8900101780891418 9.682045936584473 0.4788224697113037
-0.5321470499038696 9.709288597106934 0.9753404855728149
-0.8855014443397522 10.345706939697266 0.16575956344604492
-0.9222580790519714 9.61215591430664 0.24246737360954285
0.10539869219064713 10.018791198730469 -0.051533255726099014
-0.48694804310798645 9.855420112609863 0.9690812826156616
-0.2452961802482605 9.976383209228516 0.1743861734867096
-0.6256822347640991 9.836177825927734 0.9364562034606934
-0.7567346692085266 10.317852973937988 0.13334184885025024
0.18032848834991455 10.441946983337402 1.2796108722686768
0.2890215218067169 10.316506385803223 -0.2143958956003189
-0.07927068322896957 10.204962730407715 -0.061263978481292725
0.09821723401546478 10.51710319519043 0.0258529894053936
0.1862386018037796 10.223028182983398 -0.08134803175926208
-0.7441833019256592 9.922955513000488 0.17221225798130035
0.25652217864990234 10.407735824584961 -0.060181647539138794
-0.2081296294927597 10.2417631149292 0.9469922780990601
0.12695804238319397 10.49416732788086 -0.3228068947792053
-0.10804405808448792 10.50754451751709 0.6032626032829285
0.002740534022450447 10.451372146606445 -0.18804389238357544
0.35782065987586975 10.55042839050293 -0.282531201839447
0.4676862061023712 10.61587905883789 -0.1545494943857193
-0.8468777537345886 10.418233871459961 -0.1290116161108017
0.053576722741127014 10.648852348327637 1.0705548524856567
-0.8492536544799805 10.503268241882324 -0.1991974413394928
0.10153119266033173 10.79244327545166 1.1144949197769165
-0.9043964743614197 10.55459976196289 -0.09930013120174408
-0.8106833696365356 10.57800006866455 0.12019402533769608
-0.9280913472175598 10.767601013183594 0.4953363239765167
-0.8044865131378174 10.9414644241333 0.8274029493331909
-0.8337323069572449 10.6742525100708 -0.19182950258255005
0.09903786331415176 10.775699615478516 1.1901708841323853
-1.162095546722412 11.000771522521973 1.3446093797683716
-0.7031759023666382 11.026639938354492 0.4596511721611023
0.32244575023651123 10.854076385498047 -0.04536072164773941
0.06927531957626343 11.01651382446289 0.8568089604377747
-0.21352651715278625 10.952202796936035 0.9872125387191772
-0.04393744468688965 10.88691234588623 1.1050631999969482
0.3073018491268158 10.968205451965332 -0.027458425611257553
-0.03506931662559509 10.98211669921875 0.8773266077041626
0.4108581840991974 10.87990951538086 -0.1420040726661682
-0.5855270028114319 11.051185607910156 0.6868205070495605
-0.5980550050735474 11.145201683044434 0.4153250753879547
-0.06902312487363815 11.126927375793457 0.9573237895965576
-0.4173148274421692 11.173113822937012 -0.26259464025497437
0.24520890414714813 11.107357025146484 0.8321079015731812
0.2278892993927002 11.298201560974121 0.4835990369319916
0.37466564774513245 11.218905448913574 0.010340994223952293
0.27915021777153015 11.260990142822266 0.4126191735267639
-1.115364670753479 11.164958953857422 0.5759392976760864
-1.0554696321487427 11.2594633102417 -0.24156983196735382
0.4638417363166809 11.320565223693848 -0.20733588933944702
-0.9901540875434875 11.28929328918457 1.4351500272750854
0.36877742409706116 11.39647102355957 0.16292616724967957
0.2911181151866913 11.432649612426758 0.1717071384191513
0.18720094859600067 11.392746925354004 0.0043085129000246525
-0.9722838997840881 11.374850273132324 0.1782366931438446
0.08038903772830963 11.381240844726562 0.05769820511341095
0.09097228944301605 11.397409439086914 0.4929554760456085
0.5602827668190002 11.433662414550781 0.7319535613059998
0.24123908579349518 11.455727577209473 -0.14988647401332855
0.36226528882980347 11.46121883392334 -0.40372321009635925
0.10495352745056152 11.472620964050293 0.8333618640899658
-0.3389609754085541 11.49513053894043 -0.28283002972602844
-0.711401104927063 11.513486862182617 0.8399776220321655
-1.0117244720458984 11.550653457641602 -0.4768180847167969
-1.019982933998108 11.540407180786133 0.34965425729751587
-1.2882134914398193 11.556647300720215 0.1493600457906723
-1.204431176185608 11.572210311889648 1.1185017824172974
-1.3487980365753174 11.581453323364258 0.31718891859054565
