251
-0.9287702441215515 3.317687749862671 0.7363775968551636
-1.0055546760559082 3.1935784816741943 0.26561713218688965
-0.8679707050323486 3.000849485397339 0.6082240343093872
-0.09233028441667557 3.28206729888916 0.43652766942977905
-0.910703182220459 2.995577096939087 0.3368464708328247
-0.421005517244339 2.9447760581970215 0.14702637493610382
-0.31139862537384033 2.9733598232269287 0.5068474411964417
-0.8297733068466187 3.1655616760253906 0.8015070557594299
-0.5925959348678589 2.982501983642578 0.04942996799945831
-0.6253337860107422 3.125331163406372 -0.06843506544828415
-0.1627986580133438 3.115900993347168 0.4468342959880829
-0.7622937560081482 2.943201780319214 0.1861734241247177
-1.0322016477584839 3.1865811347961426 0.5082388520240784
-0.8594944477081299 3.1166024208068848 0.08258490264415741
-0.6039639711380005 2.89473295211792 0.517905056476593
-0.524989664554596 2.8510217666625977 0.3293648362159729
-0.7278091311454773 2.895688056945801 0.40362340211868286
-0.3105085492134094 2.9323339462280273 0.29614922404289246
-0.37230056524276733 3.2478561401367188 -0.09009279310703278
-0.7007817625999451 3.904921770095825 0.5253835916519165
-0.3948249816894531 4.075785160064697 0.603361964225769
-0.3034346103668213 3.0851082801818848 0.04095642268657684
-0.07856453955173492 3.4841127395629883 0.3209209740161896
-1.0264499187469482 3.435455083847046 0.2806355953216553
-0.4970678687095642 3.511644124984741 0.38151147961616516
-0.1621377319097519 3.216843605041504 0.14025388658046722
-0.6546832323074341 2.923490285873413 0.6689930558204651
-0.7992414236068726 3.280608654022217 -0.04404069483280182
-0.20116469264030457 3.4369990825653076 0.026179179549217224
-0.45872026681900024 3.4060792922973633 0.876487672328949
-0.5272599458694458 3.3918280601501465 -0.12936319410800934
-0.2658730745315552 3.608657121658325 0.7049612998962402
-0.15768571197986603 3.7489354610443115 0.5240221619606018
-0.37526071071624756 3.6547813415527344 0.8510883450508118
-0.6167564392089844 3.0777764320373535 0.8380123376846313
-0.565535306930542 3.277674913406372 0.892950177192688
-0.17558898031711578 3.695251226425171 0.25857600569725037
-0.8954734206199646 3.5285167694091797 0.09332481771707535
-0.36996400356292725 3.616122245788574 -0.03214140981435776
-0.7213482856750488 3.583268880844116 -0.05128864943981171
-0.8046339154243469 3.726853609085083 0.3432767391204834
-0.454533189535141 3.004681348800659 0.758878231048584
-0.2327203005552292 3.3776087760925293 0.6583127975463867
-0.4802314043045044 5.025506019592285 -0.16944721341133118
-0.19476234912872314 3.9437167644500732 0.48151862621307373
-0.6570560336112976 3.78422474861145 0.13664962351322174
-0.3650552034378052 3.8276853561401367 0.09169038385152817
-0.6608409881591797 3.6885528564453125 0.7334011197090149
-0.936728298664093 3.4799118041992188 0.5538815855979919
-0.2981208264827728 3.0528409481048584 0.673852264881134
-0.2986568808555603 4.070287227630615 0.28169193863868713
-0.5959205627441406 4.860243797302246 0.04974880814552307
-0.5830473303794861 4.834563732147217 0.2582181990146637
-0.4291343688964844 4.55656099319458 0.2524755299091339
-0.5265663266181946 4.029623031616211 0.15919558703899384
-0.8791079521179199 3.60764741897583 0.6453811526298523
-0.3536441922187805 4.96331262588501 -0.0710797905921936
-0.432184100151062 3.8807408809661865 0.7549746036529541
-0.626552402973175 4.093225002288818 0.41257110238075256
-0.45374754071235657 4.436161518096924 0.2624979615211487
-0.7166004776954651 5.201804161071777 -0.19423355162143707
-0.7532927393913269 4.953578948974609 0.13628335297107697
-0.4031228721141815 4.7977728843688965 0.07315967977046967
-0.3329976201057434 5.331719398498535 -0.0321488119661808
-0.4933788478374481 5.359166622161865 -0.18701320886611938
-0.6933777332305908 5.0107502937316895 -0.121282659471035
-0.6481683254241943 5.063297271728516 0.3743271827697754
-0.8435704112052917 5.102602005004883 0.0904633030295372
0.38617926836013794 6.078127861022949 1.1990145444869995
-1.2593857049942017 5.0593791007995605 0.8554517030715942
-0.705585241317749 5.288125038146973 0.3654597997665405
-0.3358572721481323 4.896432876586914 0.2690027356147766
-0.8837172985076904 6.367391586303711 0.5029993653297424
-0.9021385908126831 5.271431922912598 0.11719195544719696
-0.771988570690155 5.629697799682617 -0.03316168487071991
-0.4692247807979584 5.264297008514404 0.37667810916900635
0.26003482937812805 6.074670791625977 1.0686753988265991
-1.2137086391448975 5.104269981384277 0.8581077456474304
0.2677178978919983 6.009495735168457 1.148794412612915
0.47163981199264526 6.214511871337891 1.2922230958938599
-0.7748759984970093 5.424788475036621 -0.15441691875457764
-0.8564395308494568 5.869240760803223 0.2466379702091217
0.17973105609416962 6.10599946975708 1.343332290649414
-0.3069300055503845 5.082369804382324 0.32970625162124634
-0.8556531071662903 6.057283878326416 0.27017927169799805
-0.8476884365081787 5.4532952308654785 0.22535300254821777
-0.8293910026550293 6.2089643478393555 0.4282376766204834
-0.47939619421958923 5.505617141723633 0.1561436504125595
0.13123588263988495 6.168787479400635 1.0784554481506348
-1.014037013053894 6.328904628753662 0.3387387990951538
-0.914764940738678 6.910995960235596 0.19358423352241516
-0.8349354267120361 5.67879581451416 0.18264766037464142
0.2553432881832123 6.014814376831055 1.2516884803771973
-0.23384451866149902 5.049755573272705 0.08205904066562653
-0.6054744720458984 7.072451114654541 0.7089787721633911
-0.6524426937103271 6.95684814453125 0.413578599691391
-0.8752967119216919 6.317742347717285 0.16049431264400482
-0.5819575190544128 7.1699957847595215 0.38414037227630615
-1.0539379119873047 6.605170726776123 0.3282816410064697
-0.7582040429115295 6.1969218254089355 0.3424704074859619
-0.6922490000724792 6.559948921203613 0.37059256434440613
-0.5174689888954163 7.170430660247803 0.8224990367889404
-0.8188831806182861 7.018695831298828 0.6709203124046326
-0.8737184405326843 6.523128986358643 0.17643606662750244
-0.6512032151222229 7.193226337432861 0.9211069345474243
-0.4691573679447174 7.166985511779785 0.585773229598999
-0.9359365701675415 7.328826427459717 0.7798171043395996
-0.8684672713279724 6.690421104431152 0.5786918997764587
-0.15815308690071106 8.511489868164062 0.062460072338581085
-0.9769924879074097 6.8171772956848145 0.5175935626029968
-0.8014653921127319 7.301789283752441 1.0049242973327637
0.38267576694488525 6.307735919952393 1.0920671224594116
-0.9869157671928406 6.812108993530273 0.20613037049770355
-0.9223787188529968 7.562012672424316 0.818778932094574
-0.029607070609927177 8.290693283081055 -0.020797647535800934
-0.4890305697917938 7.363502502441406 1.0052709579467773
-0.3577871024608612 7.420342922210693 0.8133095502853394
-1.0195212364196777 7.085859298706055 0.49841442704200745
-0.3956148326396942 7.385173797607422 0.5252324342727661
-1.0113166570663452 7.463359355926514 0.4285472333431244
-0.016234129667282104 8.308356285095215 0.14661602675914764
-0.7460538148880005 7.890380382537842 0.56624835729599
-0.7226331233978271 7.471281051635742 1.0456358194351196
-1.0423905849456787 7.092586994171143 0.26930007338523865
-0.8048531413078308 7.247977256774902 0.25404462218284607
-1.009848713874817 7.246474266052246 0.6757625341415405
-0.041627176105976105 8.318071365356445 0.20511183142662048
-0.35820773243904114 7.604875564575195 0.6233195066452026
-0.6005725860595703 7.924526691436768 0.6387103796005249
-0.5250651836395264 7.564029216766357 0.4220985174179077
-0.6403528451919556 7.617799758911133 0.3245517313480377
-0.9192084670066833 7.678216934204102 0.4511614739894867
-0.5456879138946533 7.662261486053467 0.9958450794219971
-0.6072760820388794 8.773795127868652 0.08184804022312164
-0.8440012335777283 7.458029747009277 0.28213855624198914
0.13481521606445312 8.361918449401855 -0.015527523122727871
-0.39280200004577637 7.728545188903809 0.765884280204773
-0.10841138660907745 8.178055763244629 0.028473595157265663
-0.7281144857406616 7.78511381149292 0.816069483757019
-0.6716340780258179 8.78248405456543 0.11983761191368103
-0.27835845947265625 9.353948593139648 0.8660751581192017
0.17329707741737366 8.525187492370605 -0.22324129939079285
0.11101429909467697 8.54155445098877 0.2795751988887787
-0.037165772169828415 8.791099548339844 0.03265649825334549
0.27630940079689026 8.413956642150879 -0.026550693437457085
-0.47608840465545654 7.745614528656006 0.3608221709728241
0.36626753211021423 8.645709991455078 -0.002424200065433979
-0.16302533447742462 8.397274017333984 0.5209351181983948
0.10739864408969879 8.683046340942383 -0.2840893268585205
-0.02172631211578846 9.249848365783691 1.0822408199310303
-0.11219540983438492 8.656327247619629 -0.1319749802350998
0.2754119038581848 8.789237022399902 -0.24276448786258698
0.29687801003456116 8.88058090209961 -0.11355583369731903
-0.7893331050872803 8.686506271362305 0.09484787285327911
0.06901811063289642 9.342251777648926 0.8354511260986328
-0.8468031287193298 8.624889373779297 0.05253105238080025
0.0837121531367302 9.21299934387207 0.9543890953063965
-0.9177451133728027 8.651082992553711 0.009203899651765823
-0.5703752636909485 8.629377365112305 -0.006798888556659222
-0.5072636008262634 9.545015335083008 0.3544212877750397
-0.5504669547080994 9.60461711883545 0.3393198847770691
-0.9801992177963257 8.646161079406738 0.021677302196621895
-0.03371099382638931 9.244606971740723 1.105866551399231
-0.9158146381378174 9.810452461242676 1.281059980392456
-0.7684192657470703 9.598209381103516 0.4106542468070984
0.10129568725824356 9.007657051086426 -0.10710190236568451
0.01027098298072815 9.619102478027344 0.8114716410636902
-0.27418088912963867 9.45229434967041 1.0659090280532837
-0.08898650109767914 9.411240577697754 1.226291298866272
0.25769364833831787 9.328130722045898 -0.05300316959619522
-0.22666099667549133 9.403727531433105 0.7028642892837524
0.22085143625736237 9.017304420471191 -0.019302714616060257
-0.5731938481330872 9.519397735595703 0.4888674020767212
-0.7855725884437561 9.65989875793457 0.5918386578559875
-0.20550121366977692 9.654996871948242 0.9183270931243896
-0.35904812812805176 10.006441116333008 0.09711169451475143
-0.0844506025314331 9.650364875793457 0.6777355670928955
0.28951776027679443 9.845061302185059 0.41627252101898193
0.22104507684707642 9.811952590942383 0.0587267205119133
0.2023693025112152 9.822633743286133 0.308519184589386
-0.7251494526863098 9.623810768127441 0.475996732711792
-0.8822923898696899 10.304452896118164 0.22993062436580658
0.283376008272171 9.885680198669434 0.01873895898461342
-1.1122353076934814 9.75810718536377 1.194899559020996
0.41760799288749695 10.122554779052734 0.21869924664497375
0.2705952525138855 10.395889282226562 0.26216748356819153
-0.006444508209824562 10.15421199798584 0.02495127171278
-1.003157138824463 10.142624855041504 0.3729804456233978
0.06610382348299026 9.923547744750977 0.11431899666786194
0.077285036444664 10.049695014953613 0.41216063499450684
0.18125315010547638 10.040447235107422 0.48586419224739075
0.27072620391845703 10.170048713684082 -0.13244305551052094
0.4200192093849182 10.086572647094727 0.04931667447090149
0.1760355830192566 9.737351417541504 0.500442385673523
0.067242331802845 10.019721031188965 -0.048650991171598434
-0.8532304763793945 9.909436225891113 0.4516281485557556
-1.0209954977035522 10.539579391479492 -0.011898927390575409
-1.1300711631774902 10.309581756591797 0.17782898247241974
-1.0284138917922974 10.451157569885254 0.25387656688690186
-0.8476706743240356 10.705974578857422 1.1609910726547241
-1.1331535577774048 10.621644973754883 0.21249894797801971
0.14341425895690918 10.37488842010498 0.12636268138885498
-1.1868417263031006 10.6421537399292 0.0840219110250473
-1.1174150705337524 10.47877311706543 0.06701775640249252
-0.855149507522583 10.762350082397461 1.1966081857681274
0.16988155245780945 10.437028884887695 -0.06442573666572571
-0.7942450046539307 10.866888999938965 1.315921425819397
-0.45121848583221436 10.824971199035645 1.309084415435791
-1.0188353061676025 10.630216598510742 0.410313218832016
-0.533413290977478 10.824792861938477 1.250515103340149
-0.488109827041626 10.905852317810059 1.2023022174835205
-1.0618011951446533 10.800321578979492 0.8917489051818848
-0.8707243800163269 10.898881912231445 0.026783745735883713
0.2108619064092636 10.484219551086426 -0.022586680948734283
-0.7328019738197327 10.830816268920898 1.3147342205047607
-1.101036787033081 10.780466079711914 -0.03249717131257057
-1.0239691734313965 10.917147636413574 -0.0015400064876303077
0.2577725946903229 10.947711944580078 0.4668538272380829
0.32540735602378845 11.140796661376953 0.9098914265632629
0.1513562947511673 11.109527587890625 1.1027494668960571
-0.3082965910434723 11.070028305053711 0.0989743322134018
-0.09735088050365448 11.043956756591797 1.2656521797180176
-1.0087472200393677 11.048255920410156 1.1680340766906738
-1.2065939903259277 11.094220161437988 0.5967045426368713
0.2230987399816513 11.113663673400879 1.261033296585083
-0.17340655624866486 11.139368057250977 -0.17406630516052246
-1.1325314044952393 11.148547172546387 0.258467435836792
-1.1491369009017944 11.17135238647461 0.09642872214317322
-0.21982645988464355 11.28435230255127 -0.039535149931907654
0.399273157119751 11.199813842773438 0.5942400693893433
-1.1190177202224731 11.22218132019043 0.6497007608413696
-1.0459918975830078 11.221577644348145 -0.04797911271452904
-0.48743966221809387 11.159284591674805 1.204563856124878
-0.19666141271591187 11.270340919494629 0.1354970932006836
-1.2346197366714478 11.379122734069824 -0.32587167620658875
0.18764451146125793 11.345437049865723 0.2834926247596741
-0.9364852905273438 11.37992000579834 1.2252014875411987
-1.3622912168502808 11.380990982055664 0.7141485214233398
-0.696992039680481 11.390578269958496 0.17644378542900085
0.3315490186214447 11.478592872619629 0.34432080388069153
-0.49426665902137756 11.477455139160156 0.004878686740994453
0.47367507219314575 11.463251113891602 -0.07079103589057922
0.4392736852169037 11.4830961227417 -0.014536015689373016
0.361646443605423 11.505793571472168 0.7643704414367676
0.11130747944116592 11.489049911499023 0.9432373046875
0.2174302637577057 11.540691375732422 1.0197875499725342
-1.115459680557251 11.547307968139648 1.1471563577651978
0.08104372769594193 11.560227394104004 -0.2799461781978607
0.4330262243747711 11.55450439453125 1.146826148033142
-0.4291405975818634 11.567392349243164 -0.39140263199806213
0.06644152849912643 11.581015586853027 -0.2928142845630646
