116
-0.544590175151825 9.106964111328125 0.6578454375267029
-0.7789767980575562 9.066070556640625 0.21213658154010773
-0.4519136846065521 8.971543312072754 0.7853901386260986
-0.26626476645469666 9.148006439208984 0.4329470098018646
-0.6035488247871399 8.842537879943848 0.19985367357730865
0.09039774537086487 9.019647598266602 -0.06580208986997604
-0.17629040777683258 8.956080436706543 0.8025940656661987
-0.3136817216873169 9.066825866699219 1.0567117929458618
0.20046156644821167 9.019763946533203 -0.11082716286182404
-0.48115816712379456 9.075267791748047 -0.12971840798854828
-0.23853595554828644 8.955626487731934 0.5790770053863525
-0.5354418158531189 8.82286262512207 0.14584997296333313
-0.513425350189209 9.059581756591797 0.44704896211624146
-0.6497373580932617 8.954817771911621 0.0596332810819149
-0.37319523096084595 8.87514877319336 0.7810108065605164
-0.2965087890625 8.88558578491211 0.17819085717201233
-0.493271142244339 8.816155433654785 0.34368595480918884
-0.2370547503232956 8.982154846191406 0.10952961444854736
-0.33200162649154663 9.146347999572754 -0.0629899874329567
-1.0822474956512451 9.785160064697266 0.7344114184379578
-0.95184326171875 9.726140022277832 0.8598551750183105
0.13288046419620514 9.015433311462402 -0.08068206906318665
-0.32789474725723267 9.371169090270996 0.28206947445869446
-0.7888936996459961 9.171903610229492 0.18706920742988586
-0.5820649266242981 9.456949234008789 0.3279649019241333
0.16195419430732727 9.012928009033203 0.025963198393583298
-0.16254720091819763 8.992722511291504 0.8957316875457764
-0.6929571628570557 9.146486282348633 -0.10883846879005432
-0.32747912406921387 9.372807502746582 -0.10749946534633636
-0.2532986104488373 9.398714065551758 0.8640614748001099
-0.5829938650131226 9.377720832824707 -0.2195522040128708
-0.5557754635810852 9.45523452758789 0.6551085710525513
-0.5661908984184265 9.604677200317383 0.2184835970401764
-0.9312381744384766 9.55027961730957 0.7074174880981445
-0.30141502618789673 9.200241088867188 1.1213594675064087
-0.2850998640060425 9.365921020507812 1.029448390007019
-0.4439513683319092 9.680924415588379 -0.1153264120221138
-0.7849040031433105 9.382192611694336 0.04628472775220871
-0.3576112687587738 9.687347412109375 -0.22224923968315125
-0.6917937994003296 9.514444351196289 -0.2039293795824051
-1.0748695135116577 9.679999351501465 0.7937065958976746
-0.04020409286022186 9.419747352600098 0.9151893258094788
-0.2499692440032959 9.458795547485352 0.7614096999168396
0.0924643725156784 10.420844078063965 0.13145287334918976
-0.5815433859825134 9.65247631072998 0.03181853145360947
-0.6160812973976135 9.907001495361328 -0.2783806025981903
-0.3190031349658966 9.903189659118652 -0.26228079199790955
-1.0526223182678223 9.827811241149902 1.0158196687698364
-0.9766371846199036 9.616011619567871 0.6929306387901306
-0.014756498858332634 9.4470796585083 0.8296905159950256
-0.325545072555542 10.052638053894043 -0.12495949119329453
-0.1894896924495697 10.29316234588623 0.04342183098196983
-0.009316269308328629 10.335287094116211 0.16538578271865845
-0.507483959197998 10.229798316955566 -0.1873498558998108
-0.4578525125980377 10.146157264709473 -0.3084871768951416
-1.1200981140136719 9.768594741821289 1.0906115770339966
0.22145695984363556 10.38335132598877 0.3208707571029663
-1.052259087562561 10.010876655578613 1.0168025493621826
-0.5806844234466553 10.01740550994873 0.05988297238945961
-0.21602658927440643 10.255002975463867 -0.11810764670372009
-0.814903199672699 10.478591918945312 0.24383331835269928
-0.6712186336517334 10.37614631652832 0.16902542114257812
0.10774186253547668 10.458053588867188 0.4062025547027588
0.11687340587377548 10.712080001831055 0.15901844203472137
-0.05307367816567421 10.594459533691406 0.18512198328971863
-0.671441376209259 10.491180419921875 0.16279806196689606
0.16433382034301758 10.59410285949707 0.5328238010406494
-0.6954295039176941 10.489087104797363 0.3506421148777008
0.16978374123573303 10.855670928955078 1.2536174058914185
-1.0926960706710815 10.629393577575684 1.1560547351837158
-0.6426718831062317 10.638423919677734 0.39271312952041626
0.2797938883304596 10.665851593017578 0.19479013979434967
-1.3431850671768188 10.995473861694336 -0.2669382393360138
-0.9075183868408203 10.755887985229492 0.33808255195617676
-0.8215632438659668 10.85253620147705 0.1823917180299759
0.12778039276599884 10.631604194641113 0.4085206985473633
0.16128483414649963 10.934353828430176 1.2860506772994995
-1.1396164894104004 10.688684463500977 1.1733707189559937
-0.15871550142765045 10.938562393188477 1.3602420091629028
-0.1753207892179489 10.973840713500977 1.242728352546692
-0.6407382488250732 10.734737396240234 0.07815875858068466
-0.8481540083885193 11.021491050720215 0.2307785153388977
0.10332685708999634 10.905237197875977 1.190150499343872
0.2889368534088135 10.791259765625 0.13401100039482117
-1.14187753200531 11.124478340148926 0.028309082612395287
-0.7925954461097717 10.967336654663086 0.3471181392669678
-1.226845383644104 11.188314437866211 0.05045871436595917
-0.4600829482078552 10.889457702636719 0.1930045187473297
0.25966328382492065 11.1368989944458 1.2533845901489258
-1.3022398948669434 11.169624328613281 -0.2118796706199646
-0.15673759579658508 11.203237533569336 -0.3357854187488556
-0.6075820922851562 11.049400329589844 0.5483288168907166
0.3391113579273224 11.177594184875488 1.1849501132965088
0.05601775646209717 11.105976104736328 0.07894570380449295
-1.1111027002334595 11.34389591217041 1.00811767578125
-1.0085474252700806 11.251819610595703 1.3570539951324463
-1.2262506484985352 11.236401557922363 -0.1671435683965683
-0.7667003273963928 11.38458251953125 0.8861382007598877
-1.3523067235946655 11.346607208251953 0.10071815550327301
-0.6260325908660889 11.295920372009277 -0.15445616841316223
-1.1363797187805176 11.39513874053955 0.46311187744140625
-0.281744122505188 11.374285697937012 0.8998261094093323
-0.853529155254364 11.448890686035156 1.401059627532959
-0.8262539505958557 11.440561294555664 -0.3162692189216614
-0.38033807277679443 11.452752113342285 0.8983751535415649
-0.43381282687187195 11.431339263916016 0.7951117753982544
-0.9023683071136475 11.510724067687988 0.8436923623085022
-0.3685448467731476 11.461324691772461 -0.29060477018356323
0.1014128178358078 11.514718055725098 0.05619606375694275
-0.8921548128128052 11.508056640625 0.45158761739730835
-0.667165219783783 11.51193904876709 0.9718425869941711
0.23726370930671692 11.52468490600586 1.2513113021850586
-1.2755167484283447 11.559844017028809 0.20712493360042572
-0.5647820830345154 11.567270278930664 1.0341293811798096
-0.023364972323179245 11.576509475708008 -0.4615071415901184
-0.34357571601867676 11.581184387207031 0.9838171005249023
