841
-2.386474370956421 0.2846064567565918 1.5994386672973633
-2.3863744735717773 0.2845063805580139 -0.757838249206543
-2.376664161682129 0.6040160059928894 0.6533851623535156
0.9210299253463745 0.5319671034812927 -0.901055097579956
-2.138031244277954 0.284606397151947 0.060449473559856415
-1.3397550582885742 0.2845063805580139 -1.2053022384643555
-0.22601261734962463 0.284606397151947 0.8910349011421204
-0.9099892973899841 0.284606397151947 -0.8948293328285217
-0.9493927955627441 0.2845063805580139 -1.2052973508834839
0.9210317134857178 0.2845063805580139 -1.2053296566009521
-2.38637638092041 0.2845063805580139 -0.2674560546875
-2.3863754272460938 0.2845063805580139 0.26413917541503906
-2.3863744735717773 0.2845063805580139 -0.5018854141235352
-1.8027114868164062 0.2845063805580139 2.141206741333008
-2.3863754272460938 0.2845063805580139 -0.01719379425048828
-2.386474609375 0.28460657596588135 0.6830592155456543
0.649032473564148 0.2846064567565918 -1.2053992748260498
-0.5542431473731995 0.2845063805580139 -1.2052961587905884
-2.1858584880828857 0.284606397151947 1.342107892036438
0.1413717269897461 0.2845063805580139 2.1412086486816406
0.9210302829742432 0.2845063805580139 -0.8967027068138123
0.9210318326950073 0.2845063805580139 -0.7295656204223633
-2.3863754272460938 0.2845063805580139 0.1332225799560547
-1.5046387910842896 0.284606397151947 1.8870376348495483
-0.4251994490623474 0.2845063805580139 -1.2052998542785645
-2.3697452545166016 0.2845063805580139 2.141207695007324
-2.3863754272460938 0.2845063805580139 -0.13572025299072266
0.9210318326950073 0.2845063805580139 -0.994566798210144
-2.1227619647979736 0.284606397151947 1.6666080951690674
-1.092610478401184 0.2845063805580139 -1.2052973508834839
0.9210300445556641 0.2845063805580139 1.36236572265625
0.9210300445556641 0.5335807204246521 1.474723219871521
-1.8796155452728271 0.284606397151947 1.7059118747711182
-2.3863744735717773 0.6201721429824829 1.6778417825698853
-2.1796350479125977 0.28460800647735596 2.141308307647705
0.9210299253463745 0.5525057315826416 -0.6898937225341797
-2.3863744735717773 0.2845063805580139 -0.62762451171875
0.9211238622665405 0.28460627794265747 -1.2053993940353394
-2.3863754272460938 0.2845063805580139 -0.8708658218383789
-1.945037841796875 0.2846059799194336 2.141308307647705
0.9211300611495972 0.2846066951751709 0.8806086778640747
-1.5069618225097656 0.284606397151947 -0.9687126874923706
0.215877965092659 0.284606397151947 1.4756337404251099
-0.6079568266868591 0.284606397151947 -0.9081958532333374
0.3947094678878784 0.2845063805580139 -1.2052993774414062
-2.386474370956421 0.2846066951751709 2.141289234161377
-2.1550445556640625 0.284606397151947 0.9003055691719055
-0.49631205201148987 0.284606397151947 -0.7430760264396667
-2.3470306396484375 0.6289163827896118 -1.2052984237670898
-2.386474609375 0.32655566930770874 -1.2052984237670898
-1.5626999139785767 0.284606397151947 -0.46183180809020996
-1.4525721073150635 0.284606397151947 -0.774087131023407
-2.386474370956421 0.2846064567565918 1.6847100257873535
-1.9660614728927612 0.284606397151947 -0.5996331572532654
0.9211301207542419 0.2846066653728485 2.0460994243621826
-1.91069757938385 0.284606397151947 1.3128366470336914
0.3090026378631592 0.284606397151947 -0.9105733036994934
-1.5338642597198486 0.2846062183380127 -1.2053985595703125
-2.38637638092041 0.2845063805580139 0.5174102783203125
-1.6425883769989014 0.284606397151947 -0.6754623055458069
-0.09719149023294449 0.284606397151947 -0.9155434370040894
-1.2136664390563965 0.284606397151947 -0.9451908469200134
-1.8777852058410645 0.2846064567565918 -1.205398440361023
-2.3863754272460938 0.2845063805580139 -1.2031259536743164
0.9211300611495972 0.2846064567565918 1.7729065418243408
-2.3863754272460938 0.2845063805580139 1.7920036315917969
-2.0048279762268066 0.284606397151947 1.869267225265503
0.9211300611495972 0.2846064567565918 1.1094553470611572
-0.13369236886501312 0.28460633754730225 2.141308307647705
-2.3863754272460938 0.2845063805580139 -0.3808269500732422
-0.15355801582336426 0.2846064567565918 -1.2053990364074707
0.5316057205200195 0.2845063805580139 2.141207695007324
0.9211301207542419 0.2845548093318939 2.1412081718444824
-2.3863725662231445 0.2845063805580139 1.4904403686523438
0.9211300611495972 0.2846066355705261 1.6801255941390991
0.5466368794441223 0.284606397151947 1.720385193824768
-1.2236757278442383 0.2846064567565918 -1.205398678779602
-1.8978595733642578 0.284606397151947 -0.11418388783931732
0.9211300611495972 0.284606397151947 1.4606996774673462
0.9210300445556641 0.2845063805580139 1.5733251571655273
-1.8180309534072876 0.284606397151947 1.1416292190551758
-2.101550579071045 0.284606397151947 0.6514540910720825
-1.3295552730560303 0.2846081256866455 2.141308307647705
0.9211299419403076 0.2846064567565918 -0.5847272872924805
0.9147891998291016 0.2845063805580139 2.1412086486816406
-2.3863744735717773 0.2845063805580139 0.925872802734375
-1.7733135223388672 0.2846064567565918 -1.2053985595703125
-1.2115098237991333 0.284606397151947 -0.7741805911064148
0.9210281372070312 0.2845063805580139 1.8756389617919922
0.1929861307144165 0.7282657027244568 2.112438917160034
-0.3658718466758728 0.28460636734962463 2.141308307647705
-0.005151510238647461 0.28460633754730225 -1.2053990364074707
-1.6841208934783936 0.2846064567565918 -1.2053985595703125
-1.9226176738739014 0.284606397151947 -0.8790690898895264
-2.386474370956421 0.2846064567565918 0.7885534763336182
-1.6703969240188599 0.5963206887245178 -1.2052985429763794
0.49197646975517273 0.284606397151947 0.4751015901565552
-1.4411497116088867 0.2845063805580139 2.141207695007324
-1.9232357740402222 0.5590211749076843 -1.2052985429763794
-0.6484584808349609 0.2846062183380127 2.141308307647705
-2.3863744735717773 0.6408591270446777 1.9408825635910034
-2.3863754272460938 0.2845063805580139 1.3125905990600586
-0.7667500972747803 0.2846062183380127 2.141308307647705
0.9211300015449524 0.28460657596588135 0.6470544338226318
-2.386474370956421 0.2846064567565918 1.9111127853393555
-2.0907981395721436 0.284606397151947 1.1460338830947876
0.9211300015449524 0.2846062183380127 0.042279958724975586
-2.3568344116210938 0.2845063805580139 -1.2052984237670898
-2.3863744735717773 0.5950031876564026 1.2875778675079346
-0.7021067142486572 0.28460657596588135 -1.2053987979888916
-0.881744384765625 0.2846062183380127 2.141308307647705
0.6666944026947021 0.2846064567565918 2.141308307647705
-2.3863773345947266 0.2845063805580139 1.1819658279418945
-0.9604317545890808 0.284606397151947 1.7392990589141846
-2.3863744735717773 0.6354901790618896 -0.9340657591819763
0.921030580997467 0.2845063805580139 0.11957024037837982
-2.1440231800079346 0.284606397151947 0.42798325419425964
-1.6948179006576538 0.2846062183380127 2.141308307647705
-2.3863744735717773 0.2845063805580139 -1.0033063888549805
-2.1401634216308594 0.2845063805580139 -1.2052984237670898
-2.386474370956421 0.2846066951751709 1.0550522804260254
0.9210299849510193 0.46277108788490295 -0.4492543935775757
-0.503339946269989 0.284606397151947 1.8151851892471313
-1.2521464824676514 0.284606397151947 1.89650559425354
-1.743509292602539 0.284606397151947 -0.8723565936088562
-2.095384359359741 0.284606397151947 -0.8099653124809265
-2.109829902648926 0.284606397151947 -0.18675114214420319
-1.7695910930633545 0.284606397151947 1.8906251192092896
-0.817761242389679 0.4074110984802246 -1.205298900604248
-2.0128402709960938 0.2845063805580139 -1.2052984237670898
0.27586787939071655 0.670341968536377 -1.2035765647888184
0.41918373107910156 0.2845063805580139 2.141207695007324
0.8756970763206482 0.8217065930366516 -1.1464283466339111
-1.5703284740447998 0.2846081256866455 2.141308307647705
-2.146078586578369 0.6917344331741333 -1.2040349245071411
-2.0405640602111816 0.28460609912872314 2.141308307647705
-0.2785511314868927 0.4238615930080414 -1.2052990198135376
0.9210300445556641 0.2845063805580139 1.2248964309692383
0.5225303173065186 0.284606397151947 0.012899339199066162
0.8906695246696472 0.5506409406661987 -1.2052993774414062
-1.8904978036880493 0.284606397151947 0.6159720420837402
0.9211300015449524 0.2846064567565918 -0.24939584732055664
0.2592651844024658 0.2845063805580139 -1.205297589302063
-0.8313572406768799 0.2845063805580139 -1.2052972316741943
-0.01473236083984375 0.2845063805580139 2.141207695007324
-0.2857828736305237 0.2845063805580139 -1.2052979469299316
0.8299459218978882 0.284606397151947 -1.2053992748260498
0.5010231733322144 0.284606397151947 -0.831549346446991
-0.7756203413009644 0.284606397151947 1.8216086626052856
0.9211300015449524 0.28460657596588135 0.2575211524963379
-1.0732630491256714 0.2846059799194336 2.141308307647705
0.27374792098999023 0.2846064567565918 2.141308307647705
0.3038664758205414 0.284606397151947 1.0580568313598633
0.13275682926177979 0.2845063805580139 -1.2052996158599854
-2.1020889282226562 0.6993086338043213 2.134552001953125
-1.449959635734558 0.5804303288459778 -1.205298662185669
0.9210286736488342 0.2845063805580139 0.5558578968048096
-0.2502705454826355 0.284606397151947 1.5237656831741333
-1.9071226119995117 0.5415002703666687 2.1412081718444824
-0.5700643062591553 0.49847787618637085 -1.205298900604248
0.5229909420013428 0.2845063805580139 -1.2052993774414062
0.36904793977737427 0.284606397151947 1.809163212776184
-0.5681713223457336 0.321259468793869 2.1412081718444824
-0.5019969940185547 0.2846064269542694 2.141308307647705
0.4945671856403351 0.49342790246009827 -1.2052992582321167
-0.07407274842262268 0.284606397151947 0.7182362079620361
0.5930390954017639 0.284606397151947 -0.23485608398914337
0.23605738580226898 0.422007292509079 -1.2052991390228271
0.08312176167964935 0.284606397151947 0.2708072066307068
-1.2045347690582275 0.2846062183380127 2.141308307647705
-0.2019556611776352 0.284606397151947 1.78859281539917
0.9136652946472168 0.2859231233596802 -0.11127348989248276
0.9211300611495972 0.2846064567565918 0.7891733646392822
0.11244265735149384 0.284606397151947 -0.8392432332038879
0.9211300015449524 0.2846064567565918 -0.48186397552490234
-1.7635177373886108 0.284606397151947 0.2583838403224945
-2.386474609375 0.2846064567565918 0.3991880416870117
0.9210318326950073 0.2845063805580139 -0.3706667125225067
0.255188912153244 0.284606397151947 -0.43150126934051514
0.49574220180511475 0.284606397151947 1.1901984214782715
0.9211301207542419 0.3368058502674103 2.1412084102630615
-0.3239170014858246 0.284606397151947 -0.5278838276863098
-1.3906055688858032 0.284606397151947 -0.5999853610992432
-0.7221266627311707 0.284606397151947 -0.767781138420105
-0.010288218036293983 0.284606397151947 1.458906888961792
-0.03568802401423454 0.284606397151947 1.72046959400177
0.6611273884773254 0.284606397151947 -0.6972708106040955
0.9211300015449524 0.2846064567565918 0.41280388832092285
-0.33441266417503357 0.284606397151947 -0.8672803044319153
-0.15015918016433716 0.284606397151947 -0.7131010293960571
0.5572952032089233 0.284606397151947 -0.5530673861503601
-1.1967259645462036 0.284606397151947 -0.5856545567512512
-2.018303155899048 0.284606397151947 0.23595000803470612
-1.9065605401992798 0.284606397151947 0.8531086444854736
-0.924067497253418 0.5968998074531555 2.1412081718444824
-2.0231142044067383 0.284606397151947 1.502908706665039
0.5838325619697571 0.284606397151947 1.4578828811645508
-2.3863744735717773 0.5793850421905518 -0.47172680497169495
-2.136659622192383 0.284606397151947 -0.5564442873001099
0.9210300445556641 0.5059342980384827 1.2383922338485718
-0.07915815711021423 0.284606397151947 -0.42442700266838074
-1.8088880777359009 0.284606397151947 1.508844017982483
-2.376255989074707 0.2867041826248169 2.1412081718444824
-1.6528385877609253 0.284606397151947 0.9526082277297974
0.3798072040081024 0.47670596837997437 2.1412081718444824
0.7831733226776123 0.7395777702331543 2.1412081718444824
-2.3527345657348633 0.7632668018341064 1.8742026090621948
-2.3863744735717773 0.5270060896873474 0.8657428622245789
-0.6656104326248169 0.284606397151947 -0.11625613272190094
-0.2558370530605316 0.28460636734962463 2.141308307647705
-1.8203247785568237 0.284606397151947 -0.6567772030830383
-2.3863744735717773 0.4921509027481079 -1.191818356513977
-1.630856990814209 0.284606397151947 1.7002979516983032
-2.3863744735717773 0.6094340682029724 -0.2539355754852295
-2.3863744735717773 0.6097427010536194 -0.698177695274353
-0.06159241497516632 0.5018413066864014 -1.2052991390228271
-1.3641482591629028 0.284606397151947 1.3034416437149048
-1.251047968864441 0.284606397151947 1.064192295074463
-2.099397659301758 0.7982808947563171 -0.6634199023246765
-1.2177118062973022 0.4895046651363373 -1.2052987813949585
-2.3863744735717773 0.5338201522827148 0.21550147235393524
-0.4783731997013092 0.7313752770423889 -1.1893717050552368
-1.9794902801513672 0.284606397151947 -0.3507610559463501
-1.728798508644104 0.284606397151947 -0.2234795093536377
-2.3863744735717773 0.5849086046218872 1.109265685081482
-1.8765308856964111 0.284606397151947 0.06791339069604874
-1.7863914966583252 0.284606397151947 -0.43566250801086426
-0.6787754893302917 0.284606397151947 1.6428166627883911
0.376274049282074 0.284606397151947 -0.6978930830955505
-1.3679628372192383 0.284606397151947 -0.3819384276866913
0.9096176624298096 0.6718047261238098 -1.179776668548584
-1.6328562498092651 0.284606397151947 1.225953221321106
-1.9100812673568726 0.284606397151947 0.4329456090927124
0.5355076193809509 0.7381836771965027 -1.187789797782898
0.021768411621451378 0.284606397151947 0.022832753136754036
0.20476818084716797 0.2845063805580139 2.141207695007324
0.9211300611495972 0.28460657596588135 0.9900420904159546
0.29908448457717896 0.284606397151947 0.7130405902862549
-2.0340757369995117 0.7969443798065186 -0.8945503830909729
-0.9012846350669861 0.6665531396865845 -1.1892820596694946
-0.9862313270568848 0.284606397151947 2.139055013656616
-0.8401025533676147 0.284606397151947 -0.6147034764289856
-1.162582278251648 0.284606397151947 1.7030787467956543
-2.3863744735717773 0.5820389986038208 -0.017309926450252533
0.9210299253463745 0.40886253118515015 -1.2053993940353394
-1.6075925827026367 0.7840116024017334 2.1387290954589844
-0.8486347198486328 0.284606397151947 1.0564768314361572
-2.347184896469116 0.6587172150611877 2.137754440307617
-1.5305932760238647 0.284606397151947 -0.20269550383090973
0.9160372018814087 0.5000823140144348 2.1412081718444824
-1.3906959295272827 0.284606397151947 1.6783519983291626
0.10163682699203491 0.284606397151947 0.5733382701873779
-0.6193081736564636 0.284606397151947 0.7578099966049194
-2.3561086654663086 0.7564114332199097 -0.8046258091926575
-0.8296849131584167 0.284606397151947 1.520375370979309
-2.2830588817596436 0.7738718390464783 -1.0850757360458374
-2.3863742351531982 0.5151419043540955 2.131366014480591
-2.060652017593384 0.8776143789291382 1.7133063077926636
-2.131974220275879 0.8511261343955994 1.9617313146591187
-0.4097049832344055 0.6032763719558716 2.1384122371673584
0.05081966891884804 0.7481720447540283 -1.1753464937210083
0.9210300445556641 0.5729231238365173 1.022161602973938
-2.3863744735717773 0.5612027645111084 0.42833131551742554
0.9210301041603088 0.6460844278335571 2.133418083190918
0.6752291917800903 0.8341472744941711 -1.1795672178268433
-0.15904812514781952 0.4542882442474365 2.1412081718444824
0.9210300445556641 0.5918494462966919 1.690709114074707
0.9210315942764282 0.2845063805580139 0.3472188413143158
0.9210299849510193 0.3799630403518677 -0.14139747619628906
-2.3667690753936768 0.756665050983429 0.12304393202066422
-0.5692763328552246 0.284606397151947 0.3420673608779907
-1.6471518278121948 0.7103554010391235 -1.175508737564087
-2.3651678562164307 0.7378126382827759 -0.49406698346138
-0.9926264882087708 0.284606397151947 1.3778997659683228
-1.1465703248977661 0.284606397151947 -0.3262477219104767
-2.3863744735717773 0.6097392439842224 1.4912382364273071
-0.030461139976978302 0.284606397151947 -0.18048922717571259
0.4262685179710388 0.284606397151947 -0.16701406240463257
0.15312059223651886 0.284606397151947 1.7103468179702759
-0.49162665009498596 0.284606397151947 -0.496298611164093
-1.640777349472046 0.284606397151947 0.06554288417100906
0.9082202315330505 0.7418345212936401 1.913341760635376
-0.7216320037841797 0.7147492170333862 -1.2003629207611084
0.9210300445556641 0.4729194641113281 0.8017637729644775
-1.4630918502807617 0.284606397151947 1.0958243608474731
-1.8030871152877808 0.6971362233161926 2.1412081718444824
-2.352653741836548 0.734911322593689 0.8878807425498962
-1.3338574171066284 0.5800549387931824 2.1412081718444824
-2.3498616218566895 0.7541308403015137 -0.14006611704826355
-1.2051583528518677 0.284606397151947 1.4763514995574951
-1.9025616645812988 0.715539276599884 -1.2002780437469482
-0.6709606647491455 0.6481831669807434 2.133665084838867
-0.4594612121582031 0.284606397151947 1.385117530822754
-0.12465959042310715 0.284606397151947 0.21472777426242828
0.597127377986908 0.7762431502342224 2.140328884124756
0.7088696360588074 0.9246353507041931 -0.9726223349571228
0.911504864692688 0.7967631816864014 -0.8467986583709717
0.9109298586845398 0.74820476770401 -0.3526453375816345
0.8996877670288086 0.7922009825706482 1.7011568546295166
-2.344186305999756 0.7660653591156006 0.4767199754714966
0.9063560366630554 0.7317085266113281 -0.5519461631774902
0.8825588226318359 0.758991003036499 1.5068129301071167
0.9210299849510193 0.5387948155403137 0.11839748919010162
-0.9959068894386292 0.3071448802947998 -0.2689918279647827
0.2912255823612213 0.284606397151947 0.04524124786257744
-2.323087453842163 0.8592907190322876 1.6632657051086426
0.5340648293495178 0.284606397151947 1.0029504299163818
0.020296256989240646 0.284606397151947 1.132629632949829
0.41927167773246765 0.6622772216796875 2.116079807281494
0.8898876905441284 0.83283931016922 -0.6481610536575317
-1.9022082090377808 0.8193450570106506 2.044083833694458
-1.1446939706802368 0.6818621754646301 2.132784605026245
0.8941689133644104 0.8150328397750854 2.039147138595581
-0.25396227836608887 0.7605329751968384 2.3374722003936768
-1.6668063402175903 0.284606397151947 0.4687679708003998
0.396796315908432 0.3186414837837219 1.6370636224746704
0.8828638792037964 0.7335150241851807 1.0130892992019653
0.903554379940033 0.6970792412757874 0.30205637216567993
-1.5475679636001587 0.737069845199585 -0.6099488735198975
0.693852961063385 0.8196598887443542 1.4377059936523438
-1.6326377391815186 0.857762336730957 1.9414138793945312
-2.3259899616241455 0.8040855526924133 1.4300377368927002
-1.0924700498580933 0.284606397151947 1.1034730672836304
-0.6889868974685669 0.284606397151947 1.3066636323928833
-2.363102912902832 0.835589587688446 1.187957525253296
-2.160391092300415 0.8771008253097534 1.383667230606079
-2.1433749198913574 0.8238260746002197 -0.43186941742897034
-0.9972776174545288 0.43365392088890076 1.7429503202438354
0.053956881165504456 0.5814683437347412 2.1412081718444824
-0.67852783203125 0.284606397151947 -0.5310021042823792
-1.611681580543518 0.29208147525787354 1.4666682481765747
-2.3470499515533447 0.8765228390693665 0.9290368556976318
-1.518180012702942 0.284606397151947 0.2574886381626129
-1.3136215209960938 0.7715028524398804 2.1180248260498047
-0.35724392533302307 0.30366745591163635 1.6781117916107178
-0.7983896136283875 0.7607873678207397 2.277083158493042
-1.1907148361206055 0.284606397151947 0.4894070029258728
-0.996469259262085 0.29194551706314087 -0.744318962097168
-0.6879908442497253 0.8052902221679688 1.5173205137252808
-0.32342779636383057 0.284606397151947 1.2027732133865356
-0.2992763817310333 0.7712146043777466 -1.1778980493545532
-1.01553213596344 0.745644211769104 -1.1901404857635498
-2.016751289367676 0.9095784425735474 1.2591737508773804
-1.8264052867889404 0.7368261814117432 -0.8656952977180481
-1.9044069051742554 0.8503431677818298 1.4548139572143555
0.5034347176551819 0.2909305691719055 0.6569514870643616
0.007969966158270836 0.8055217862129211 2.092813491821289
0.12038198858499527 0.291212260723114 -0.6527869701385498
-0.0834442749619484 0.7570969462394714 2.336531639099121
0.2921309769153595 0.835763156414032 -1.1715675592422485
-1.8994874954223633 0.8313902020454407 0.57420414686203
0.9116580486297607 0.7056999206542969 -0.16965252161026
0.46440941095352173 0.683159351348877 1.560836911201477
-1.8351374864578247 0.5153146982192993 0.2745459973812103
-1.190902829170227 0.6820997595787048 -1.1708694696426392
0.53788822889328 0.284606397151947 0.2646629810333252
-0.11446529626846313 0.764312207698822 -1.2005646228790283
-0.5591275095939636 0.7880755066871643 2.304198741912842
0.9170370101928711 0.5430687069892883 0.5033571124076843
-1.9522159099578857 0.5337661504745483 1.5956398248672485
-0.9531395435333252 0.284606397151947 0.4059069752693176
-1.5093612670898438 0.5027206540107727 -0.024175144731998444
-1.3530105352401733 0.8287331461906433 1.8748102188110352
0.21032491326332092 0.284606397151947 1.233020544052124
0.4680480659008026 0.8274508118629456 -0.8453924655914307
-0.8788469433784485 0.7794255614280701 0.03941673785448074
-1.5064990520477295 0.3129306733608246 0.5571330189704895
-1.7131134271621704 0.284606397151947 0.7187090516090393
-1.3983718156814575 0.284606397151947 -0.021822519600391388
-1.0325669050216675 0.8290125727653503 2.119946241378784
-1.4799330234527588 0.31280800700187683 0.7788989543914795
-2.2683422565460205 0.8859767913818359 0.555828869342804
-1.5036617517471313 0.8553327918052673 1.705561876296997
-2.021216630935669 0.8279187679290771 0.0972028374671936
0.453175812959671 0.284606397151947 -0.40681177377700806
-1.2976298332214355 0.284606397151947 0.166751429438591
-1.8612112998962402 0.794151782989502 -0.32066744565963745
0.2915748655796051 0.9477666020393372 -1.0065168142318726
-1.5446250438690186 0.5657269954681396 2.122697114944458
0.8665733337402344 0.7389199733734131 0.031340762972831726
0.7433313131332397 0.8273124098777771 -0.12588836252689362
-1.5115703344345093 0.4002413749694824 1.546204686164856
-1.946710467338562 0.33554625511169434 1.006975531578064
0.44231727719306946 0.30366507172584534 1.412301778793335
-2.114774465560913 0.9139844179153442 0.6905004382133484
-0.7782062292098999 0.8411933183670044 1.9723381996154785
-0.5465867519378662 0.7888162732124329 1.868492603302002
-0.37808388471603394 0.284606397151947 0.9125338196754456
0.28520601987838745 0.30745530128479004 0.45656701922416687
-1.8414582014083862 0.523611843585968 -0.18556168675422668
-1.3574074506759644 0.7584205269813538 -1.095551609992981
-2.1377875804901123 0.8281786441802979 -0.20596899092197418
-1.085802674293518 0.8704925775527954 1.857197880744934
-2.3008549213409424 0.8552187085151672 0.22447840869426727
-0.996414303779602 0.284606397151947 0.2324891984462738
-0.8860228657722473 0.712367057800293 -0.8008697628974915
-0.8966655135154724 0.284606397151947 0.7102454900741577
-0.05902263522148132 0.5929021239280701 1.7600716352462769
-2.08839750289917 0.8801429271697998 0.9765591621398926
-1.2392269372940063 0.29625028371810913 0.6990612745285034
-1.8607847690582275 0.5968684554100037 0.7509718537330627
0.22654223442077637 0.5047339200973511 1.5593899488449097
-0.3183850347995758 0.7368102073669434 0.1909441500902176
-1.0700901746749878 0.2976979911327362 0.8185504078865051
-0.9237220883369446 0.4759023189544678 1.2160042524337769
-0.5170719623565674 0.32967409491539 1.5854618549346924
-1.8787870407104492 0.7217599153518677 -0.5993479490280151
-1.62906014919281 0.7260860800743103 -0.8077033758163452
-0.5056464672088623 0.739676296710968 1.531025767326355
-0.2895523011684418 0.7774103283882141 2.1367619037628174
-1.0039372444152832 0.7950554490089417 1.7221662998199463
-1.8445698022842407 0.62354576587677 1.1212443113327026
-1.2480254173278809 0.4937596321105957 1.53973388671875
-1.3547823429107666 0.3008526563644409 0.3527454435825348
0.3759033679962158 0.823501467704773 2.1361594200134277
-0.3008373975753784 0.7654380798339844 1.8576730489730835
0.5761120915412903 0.8629605770111084 1.8983720541000366
0.20279084146022797 0.3038470447063446 0.8978626132011414
-1.021272897720337 0.284606397151947 -0.01603844203054905
0.22969003021717072 0.780653715133667 1.8199652433395386
-0.4575093388557434 0.284606397151947 -0.19412246346473694
0.46046116948127747 0.28951773047447205 0.8517605066299438
0.8837393522262573 0.7516278624534607 1.271710753440857
-0.6966716647148132 0.772534966468811 1.7181172370910645
-1.7542725801467896 0.6804898977279663 1.359930396080017
0.26435065269470215 0.7736320495605469 1.5021692514419556
-0.12818850576877594 0.28588026762008667 1.356707215309143
-0.3235686123371124 0.7521453499794006 1.5669653415679932
-0.13422591984272003 0.8526207804679871 -0.9221256375312805
0.6504742503166199 0.765587329864502 1.1268507242202759
0.9055716395378113 0.6997603178024292 0.6429846882820129
0.5382842421531677 0.8318449854850769 1.7019243240356445
0.733917236328125 0.7645827531814575 0.2484220415353775
-1.7896977663040161 0.832750678062439 0.28942298889160156
-0.15158475935459137 0.3356432318687439 1.1211085319519043
0.8263764381408691 0.7646214962005615 0.8042122721672058
0.1320379227399826 0.8636205196380615 -0.878937840461731
-1.1320459842681885 0.7637107372283936 -0.6237176656723022
0.5685909390449524 0.8393412828445435 -0.6857761740684509
-0.13922908902168274 0.7601176500320435 1.653745174407959
0.5113123059272766 0.8168773055076599 -0.009685257449746132
-1.8504655361175537 0.88326495885849 1.6741937398910522
0.7334330081939697 0.7348684668540955 0.4495123624801636
-1.924389123916626 0.8223198652267456 -0.07616397738456726
-1.3740100860595703 0.786804735660553 -0.3575047254562378
0.6090018153190613 0.728581428527832 0.6695178151130676
0.30363065004348755 0.7435310482978821 1.1933263540267944
0.4239579141139984 0.6103455424308777 1.2248365879058838
-1.1343226432800293 0.7513641715049744 -0.872248113155365
-0.5590187907218933 0.8331565856933594 -1.0405006408691406
-2.0153872966766357 0.8450848460197449 0.3316795527935028
0.37318485975265503 0.5438820719718933 -0.7265297174453735
-0.04154757037758827 0.8656294941902161 -0.7104853391647339
-1.3883389234542847 0.7197512984275818 -0.8078174591064453
-1.6881816387176514 0.77103590965271 0.475257009267807
-1.6904590129852295 0.7312924265861511 1.7293767929077148
-0.9370927214622498 0.429930716753006 0.5344472527503967
-1.6782464981079102 0.7686887383460999 -0.43596744537353516
-1.2106034755706787 0.4493780732154846 -0.13165557384490967
-0.029384847730398178 0.31304123997688293 0.9117780327796936
-0.5407828092575073 0.30547770857810974 1.1487139463424683
0.4933820962905884 0.6760957837104797 0.911832332611084
0.02260514721274376 0.7795095443725586 1.5380672216415405
-1.1434381008148193 0.3318902254104614 0.13022053241729736
0.6717572808265686 0.8768186569213867 -0.30785080790519714
-1.6836040019989014 0.7915897369384766 -0.023805640637874603
-0.29877135157585144 0.33404409885406494 0.484470933675766
-1.00833261013031 0.8277302384376526 -0.2799932360649109
-0.8268052339553833 0.39767956733703613 0.19446004927158356
-1.9283546209335327 0.8634958267211914 0.934180736541748
0.5224165320396423 0.9192801713943481 -0.5405890941619873
-1.0257295370101929 0.2884503901004791 -0.5492791533470154
-0.6580970287322998 0.8228195905685425 -0.8516711592674255
-1.2066621780395508 0.8296834826469421 0.1866573840379715
-1.5485411882400513 0.7356988191604614 -0.2234470695257187
0.2320467233657837 0.29520362615585327 -0.19415520131587982
-1.389848232269287 0.8089402318000793 0.04219640791416168
-0.3381360173225403 0.5965893864631653 -0.8148891925811768
-0.3304297626018524 0.8545429110527039 -0.8031214475631714
-0.5127876996994019 0.7074347138404846 0.7687963843345642
-1.2824221849441528 0.7176679372787476 -0.5217207670211792
-0.07757353782653809 0.7397692799568176 0.9204375147819519
-0.9582779407501221 0.8140363693237305 -0.6020391583442688
-0.4979304373264313 0.3658553957939148 0.5783722996711731
0.2701289653778076 0.6562473177909851 0.7523704767227173
-1.5605875253677368 0.8346295356750488 0.21084783971309662
0.3718699812889099 0.3343793451786041 0.26425981521606445
0.20790793001651764 0.862246036529541 -0.6318880915641785
-0.25770124793052673 0.3498042821884155 -0.20982331037521362
0.42525169253349304 0.8428726196289062 -0.3313322067260742
-1.298752784729004 0.33402469754219055 -0.22869592905044556
0.46653085947036743 0.7469771504402161 0.52036052942276
-0.2024134397506714 0.7143296003341675 0.9600242972373962
0.37103956937789917 0.7107279300689697 0.31346696615219116
-0.8502641320228577 0.31509509682655334 -0.30534544587135315
0.4819466173648834 0.5160636901855469 -0.035438571125268936
-0.16420190036296844 0.41452401876449585 -0.7013694643974304
-1.380143404006958 0.6133511662483215 0.8629915118217468
-1.1380707025527954 0.8127569556236267 -0.13352957367897034
0.04925934970378876 0.7308416366577148 1.298193097114563
-0.5381735563278198 0.3280232548713684 0.9362789392471313
-0.2558053433895111 0.734382688999176 1.311749815940857
-0.5998159646987915 0.8332338333129883 -0.5880951881408691
0.4162134826183319 0.6272821426391602 -0.46962690353393555
0.047254305332899094 0.7323523759841919 0.7019935250282288
0.5019948482513428 0.7819042205810547 0.14087899029254913
0.31286555528640747 0.6457979679107666 0.9585827589035034
0.12361771613359451 0.45383185148239136 -0.5694947242736816
-0.7263148427009583 0.30425316095352173 -0.3824597895145416
-0.6375267505645752 0.7335362434387207 -0.690366804599762
-0.14999163150787354 0.8045918345451355 -0.06076543405652046
-1.1004143953323364 0.7846182584762573 0.08340033143758774
-0.6799690127372742 0.32576045393943787 0.2523193955421448
-0.8565832376480103 0.34184959530830383 -0.06359199434518814
-0.837838888168335 0.7997035384178162 -0.38107648491859436
-0.018153687939047813 0.7115311622619629 1.1323546171188354
-0.4241847097873688 0.7730157971382141 1.2224059104919434
-0.550487756729126 0.31302839517593384 0.037951186299324036
-0.6725559234619141 0.5379769802093506 0.5971618890762329
0.30630314350128174 0.6863130927085876 0.5218772888183594
-0.15173174440860748 0.386255145072937 0.5926285982131958
-0.41688773036003113 0.3928697407245636 0.3591982126235962
-0.2583332061767578 0.5512229800224304 0.7464770078659058
-0.5603240132331848 0.599863588809967 -0.31673428416252136
-0.3625805377960205 0.8936610221862793 0.7976213097572327
-0.4738081693649292 0.6694218516349792 -0.00719689205288887
-1.613707423210144 0.7634811401367188 0.6708746552467346
-0.762901782989502 0.977515697479248 0.8190469145774841
-1.6311758756637573 0.7014121413230896 1.0219651460647583
-1.3543450832366943 0.5828046202659607 0.5325407981872559
-1.0988696813583374 0.731984555721283 1.4652016162872314
-0.23267528414726257 0.5089672207832336 -0.37956857681274414
-1.2179447412490845 0.5986745953559875 0.9345777630805969
-0.7976506948471069 0.35170549154281616 0.8168459534645081
-0.7358160614967346 0.7821159958839417 -0.1618524044752121
-0.8686878085136414 0.6126649975776672 0.9130819439888
-0.25833946466445923 0.515853762626648 0.030545104295015335
0.0018872639629989862 0.7692670822143555 -0.5020949244499207
-0.6987994909286499 0.6170293688774109 0.1387176662683487
-1.3599094152450562 0.759536623954773 1.459490418434143
-0.5129237771034241 0.7046496868133545 0.9527773857116699
-1.3795264959335327 0.7867260575294495 0.40324482321739197
-0.06841818243265152 0.2873426377773285 0.45157915353775024
0.19165514409542084 0.742095947265625 -0.015972834080457687
-0.3867681324481964 0.7577371001243591 -0.44008669257164
-0.794896125793457 0.8692817687988281 0.6951779127120972
-0.8850531578063965 0.7165332436561584 0.29516637325286865
-0.7712849974632263 0.6962708830833435 1.1654016971588135
-0.5592023730278015 0.837913453578949 0.7716827988624573
-0.012618143111467361 0.7194141745567322 0.48906609416007996
0.2018991857767105 0.6379042267799377 -0.2026527374982834
-0.7456738948822021 0.680732011795044 0.528118371963501
-1.267397165298462 0.5486176609992981 1.079217553138733
-0.13031429052352905 0.6834465265274048 -0.2043808251619339
-0.4093678295612335 0.6951677799224854 0.4085410535335541
0.13399043679237366 0.7497908473014832 0.2789660394191742
-0.9640636444091797 0.7080562114715576 1.3127905130386353
-0.5705602169036865 0.6056047677993774 1.1813557147979736
-0.2850720286369324 0.825327455997467 0.5870226621627808
-1.0996259450912476 0.6557392477989197 0.5723220705986023
-0.5827056169509888 1.6616108417510986 0.41795840859413147
-0.12019070237874985 0.6067065000534058 0.1716333031654358
-0.46872296929359436 1.3942863941192627 0.6407150626182556
-1.545240044593811 0.7593922019004822 1.3680843114852905
-0.4905664324760437 0.7885344624519348 0.6052572131156921
-0.720729649066925 0.8039113879203796 0.5439196228981018
-0.17901112139225006 0.9348859786987305 0.28762874007225037
-0.14951865375041962 0.960385262966156 0.620959997177124
-0.23070792853832245 1.0544034242630005 0.7865794897079468
-0.5033738613128662 1.0078095197677612 0.9112319946289062
-0.254646897315979 0.8306371569633484 0.3750711679458618
-0.6060537099838257 0.8081961870193481 0.27011650800704956
-0.7193408012390137 0.8786541819572449 0.20370034873485565
-0.39970654249191284 1.3177754878997803 0.8289164304733276
-0.47792065143585205 0.7889345288276672 0.3919903039932251
-0.9361659288406372 1.056321620941162 0.4541807770729065
-0.1247624084353447 1.1731162071228027 0.2587040662765503
-0.22865231335163116 1.4137133359909058 0.08190198242664337
-0.5021880865097046 1.8161671161651611 0.23590534925460815
-0.5436521172523499 1.1941574811935425 -0.0021698216442018747
-0.07909756153821945 1.3440606594085693 0.37200745940208435
-0.4328261911869049 0.8747535943984985 0.14331796765327454
-0.581243634223938 1.2306915521621704 0.8826509714126587
-0.8649980425834656 0.8868935704231262 0.43915894627571106
-0.870292067527771 1.13541841506958 0.6978327035903931
-0.37525612115859985 1.2886661291122437 0.040191080421209335
-0.10892519354820251 1.7012726068496704 0.1586628258228302
-0.07983148843050003 1.0797502994537354 0.4457356035709381
-1.061161756515503 0.8428270220756531 1.5307917594909668
-0.328427791595459 0.9905210137367249 0.08422427624464035
-0.04415847733616829 3.2287847995758057 0.7648636102676392
-0.04626978561282158 1.5347788333892822 0.28925663232803345
-0.8278504014015198 1.0004383325576782 0.16969004273414612
-0.4106653332710266 3.054030656814575 0.5317527055740356
-0.4265807867050171 1.6984927654266357 0.6538379788398743
-0.7896525263786316 1.3255151510238647 0.5350435972213745
-0.8317287564277649 1.2414493560791016 0.2347640097141266
-0.6292911171913147 1.03885018825531 0.033838313072919846
-0.4837135374546051 1.5697177648544312 0.10577602684497833
-0.6746864914894104 1.423791527748108 0.26700061559677124
-0.13068777322769165 3.134878158569336 0.6105096340179443
-0.4362829327583313 3.3701086044311523 0.23731036484241486
-0.07984849810600281 3.2917120456695557 0.3909836709499359
-0.22247928380966187 1.4892054796218872 0.6186813116073608
-0.1455879509449005 1.7866466045379639 0.5924213528633118
-0.21580667793750763 3.1570401191711426 0.40874361991882324
-0.2723017930984497 1.8437178134918213 0.13566280901432037
-0.054783087223768234 1.644974946975708 0.4844188094139099
-0.5932061076164246 3.177755355834961 0.4190066158771515
-0.32566729187965393 3.035592555999756 0.7384287714958191
-0.40311795473098755 3.1649975776672363 1.0454951524734497
-0.11814611405134201 1.9462430477142334 0.38242173194885254
-0.5116224884986877 3.29653263092041 1.181945562362671
-0.3947218954563141 3.1722633838653564 0.3638680875301361
-0.6206735968589783 3.124544143676758 0.9726754426956177
-0.2150270640850067 3.1145567893981934 0.8711634874343872
-0.4828696846961975 3.0539419651031494 0.8484945893287659
-0.8454197645187378 3.291720151901245 0.9021483659744263
-0.23747840523719788 3.4873831272125244 0.2230643481016159
-0.05616869404911995 3.4167566299438477 1.010036826133728
-0.7340365052223206 3.297018051147461 1.0754863023757935
-0.21072734892368317 3.2788500785827637 1.0661576986312866
-0.43828344345092773 3.5084452629089355 1.2090274095535278
-0.5838744640350342 3.062269926071167 0.6424077749252319
-0.39029258489608765 1.9350156784057617 0.5163514614105225
-0.6861729621887207 3.382749080657959 0.37421298027038574
-0.7299396991729736 3.1325721740722656 0.7905641198158264
-0.6830321550369263 3.810744285583496 1.0139038562774658
-0.5014537572860718 3.6172478199005127 0.2818220555782318
-0.06967023015022278 3.532966375350952 0.32297757267951965
0.06549046188592911 3.504678726196289 0.5440331101417542
-0.6421999931335449 3.579131603240967 1.170541524887085
-0.4545865058898926 3.801262617111206 0.5582651495933533
0.05422118678689003 3.378774404525757 0.7305142283439636
0.047407884150743484 3.6403005123138428 0.823864758014679
0.021212389692664146 3.7491860389709473 0.49479085206985474
-0.7725465297698975 3.2229506969451904 0.5951685309410095
-0.8163131475448608 3.561154842376709 0.9878480434417725
-0.4066930413246155 5.394637107849121 0.2851875424385071
-0.1998286247253418 4.077320575714111 0.6875753998756409
0.07984749972820282 5.459254264831543 0.5579720735549927
-0.1693325638771057 3.6048126220703125 1.082597017288208
-0.059845734387636185 3.8374674320220947 0.9686946868896484
-0.12356860190629959 5.371372222900391 0.34403812885284424
-0.4554239809513092 3.9295425415039062 0.8402837514877319
-0.26328620314598083 3.7849199771881104 0.3585372567176819
0.04377108812332153 5.446941375732422 0.43521615862846375
-0.3343949317932129 3.7600207328796387 1.1322466135025024
-0.4739462733268738 3.928117513656616 1.0464041233062744
-0.2556628882884979 3.9651737213134766 0.48397037386894226
0.056208617985248566 3.8645222187042236 0.7145347595214844
-0.6719492077827454 3.6261210441589355 0.5406679511070251
-0.14918142557144165 4.041684627532959 0.8938663005828857
-0.3500778377056122 5.11903715133667 0.7011229991912842
-0.28941863775253296 5.289085865020752 0.3841519355773926
-0.8457947373390198 3.5008044242858887 0.7187451720237732
-0.6070398092269897 5.389571189880371 0.4078001379966736
-0.5808994770050049 5.381066799163818 0.9404080510139465
-0.5929095149040222 5.231110095977783 0.7411147356033325
-0.5273961424827576 5.174436569213867 0.6086833477020264
-0.34921494126319885 5.269266128540039 0.9506368041038513
-0.7025969624519348 5.354403018951416 0.6460051536560059
-0.41390302777290344 5.45259952545166 1.055842399597168
0.23279672861099243 5.7580885887146 0.5460892915725708
-0.44494813680648804 5.583634853363037 0.2726067900657654
-0.23479865491390228 5.155352592468262 0.7235674262046814
-0.5585929751396179 5.674515247344971 1.002152442932129
-0.046442076563835144 5.292374134063721 0.6931424140930176
-0.3700762391090393 5.20331335067749 0.5284995436668396
-0.5418877005577087 5.949910640716553 0.5231805443763733
0.060837723314762115 5.673365116119385 0.6795699000358582
-0.22965362668037415 5.679056167602539 1.0870361328125
-0.11947013437747955 5.286977767944336 0.8656125068664551
0.022731157019734383 5.724043846130371 0.35421693325042725
0.04717092961072922 5.577992916107178 0.9170166254043579
-0.3157328963279724 5.8010478019714355 0.2636548578739166
-0.03869640454649925 5.9735636711120605 0.45793086290359497
-0.7095739841461182 5.6137285232543945 0.5353449583053589
-0.1534132957458496 5.421133041381836 1.0144108533859253
-0.027320563793182373 5.768670082092285 1.0128917694091797
-0.5386773347854614 5.8866801261901855 0.8763881325721741
-0.2913662791252136 7.3639726638793945 -0.041277069598436356
-0.7019287943840027 5.624749660491943 0.780876100063324
-0.5409384369850159 7.212460994720459 0.49045127630233765
-0.3424631953239441 5.972420692443848 0.9729592800140381
-0.5976396799087524 5.839247226715088 0.4387829601764679
-0.0019613378681242466 6.251701354980469 0.34691092371940613
-0.45017606019973755 6.019168853759766 0.596836507320404
-0.6159477829933167 5.973877906799316 0.4822438359260559
-0.03916996717453003 5.958179950714111 0.9001045227050781
0.012215064838528633 6.219693660736084 0.36980772018432617
-0.5530110001564026 7.128836154937744 0.08654224127531052
0.10959827899932861 5.925126075744629 0.7126119136810303
-0.387617290019989 7.132974624633789 0.34791386127471924
-0.23579412698745728 7.244555950164795 0.1285252720117569
-0.06929312646389008 6.242929458618164 0.319674551486969
-0.23846711218357086 6.150074005126953 0.767569363117218
-0.38225749135017395 7.155623435974121 0.11224933713674545
-0.40383249521255493 7.2636847496032715 0.6644807457923889
-0.4124758839607239 7.434744834899902 0.7359195947647095
-0.5938300490379333 7.193060398101807 0.12204964458942413
-0.2113797962665558 6.062592506408691 0.5273588299751282
-0.1957717090845108 7.555947780609131 0.6720342636108398
-0.6647411584854126 7.35947322845459 0.40389877557754517
-0.012971356511116028 7.680387496948242 0.3324638903141022
-0.39764347672462463 7.523210525512695 -0.09554807096719742
0.029612701386213303 8.104569435119629 1.0211468935012817
-0.21568021178245544 7.270368576049805 0.4772252142429352
-0.6065208315849304 7.427627086639404 0.01539634633809328
-0.11632359027862549 7.371824264526367 0.23316128551959991
0.32308250665664673 8.270655632019043 0.9998824596405029
-0.5255410671234131 7.823707103729248 0.20908257365226746
-0.47632908821105957 7.622538089752197 0.6939796209335327
-0.4279741048812866 7.16766357421875 0.4977726936340332
-0.6263724565505981 7.599036693572998 0.20524238049983978
-0.2583893835544586 7.691431522369385 -0.02797992154955864
-0.037688467651605606 7.486574172973633 0.40211787819862366
0.21773535013198853 8.168818473815918 0.9308521151542664
-0.5073412656784058 7.906458854675293 0.45227932929992676
0.1902792900800705 8.391828536987305 0.8504679203033447
-0.1022472009062767 7.651113510131836 0.10447440296411514
0.212166890501976 8.146431922912598 1.081709861755371
0.14373767375946045 8.165271759033203 1.1960999965667725
-0.0755414143204689 7.701218605041504 0.5960952043533325
-1.4748995304107666 8.282388687133789 1.2079973220825195
-0.5653559565544128 7.729096412658691 0.560597836971283
-0.12616153061389923 8.326444625854492 0.9934792518615723
-0.42263656854629517 8.091364860534668 0.09300174564123154
-0.3254443407058716 7.983201026916504 0.01878385618329048
-0.2830887734889984 8.031078338623047 0.5568336248397827
-0.09709203988313675 7.9087653160095215 0.648399293422699
-1.4526708126068115 8.247550010681152 1.1524406671524048
0.01054476574063301 8.608745574951172 1.033501386642456
-0.5253961682319641 8.633188247680664 0.3012804388999939
-0.5572775602340698 8.129074096679688 0.20292732119560242
-0.0576910525560379 8.551447868347168 1.1572428941726685
-0.14587491750717163 8.10155200958252 0.24936237931251526
-0.43559542298316956 8.404308319091797 0.10843787342309952
-0.4642641544342041 8.704872131347656 0.09780173003673553
0.028819937258958817 8.639897346496582 1.2332555055618286
-0.4942987859249115 8.526482582092285 0.16684786975383759
-0.055539317429065704 8.031418800354004 0.44334402680397034
-0.3554689288139343 9.219008445739746 0.3723781108856201
0.05825253576040268 8.84325885772705 1.2214680910110474
-0.47181791067123413 8.866347312927246 0.02277285046875477
-0.6410733461380005 8.925395965576172 0.36975616216659546
-0.6237530708312988 9.01257610321045 0.45258116722106934
-0.05491502210497856 8.261110305786133 1.1317983865737915
-0.026791498064994812 8.822643280029297 1.226171851158142
-0.6702278256416321 9.112563133239746 0.01694917492568493
-0.09129979461431503 9.038966178894043 0.9985616207122803
-0.7449782490730286 8.903265953063965 0.1893829107284546
-0.572395384311676 8.982778549194336 0.2007462978363037
-0.5414120554924011 9.263480186462402 0.4520758092403412
0.03816678375005722 8.012170791625977 0.6129113435745239
-0.6398821473121643 9.187446594238281 -0.03328866884112358
0.22919230163097382 9.938575744628906 0.3462337553501129
0.3211043179035187 9.975531578063965 0.6901742815971375
-0.5273728370666504 9.402702331542969 0.5320062637329102
-0.6906020641326904 9.383004188537598 0.09311384707689285
-0.39045754075050354 9.224846839904785 1.01668119430542
-0.2320033609867096 8.963470458984375 1.048779010772705
-0.594457745552063 9.773520469665527 0.08111640810966492
-0.6407231092453003 9.220394134521484 0.606493353843689
-0.7083361744880676 9.460987091064453 0.24681608378887177
-0.6474302411079407 9.50462532043457 0.03223656490445137
-0.5171485543251038 9.661723136901855 0.25690993666648865
-0.24542178213596344 8.937347412109375 1.0455236434936523
0.3976644277572632 9.975297927856445 0.28510868549346924
0.24973811209201813 9.855857849121094 0.6080108880996704
-0.656968355178833 9.264184951782227 0.681684672832489
0.3008332848548889 10.029730796813965 0.3144397437572479
0.09883271157741547 9.977547645568848 0.41965344548225403
-0.40128979086875916 10.01498794555664 0.209647998213768
-0.40377211570739746 9.940072059631348 0.17336441576480865
0.04504960775375366 10.12637710571289 0.32113155722618103
0.13886675238609314 9.87452507019043 0.6311138868331909
-0.6482763886451721 9.962132453918457 0.017780940979719162
-1.0636606216430664 10.342306137084961 -0.09327661991119385
-0.5033155083656311 10.094416618347168 0.7094871401786804
-1.0304737091064453 10.334199905395508 0.02037484012544155
-1.045446753501892 10.321330070495605 0.21100246906280518
0.31713050603866577 10.048689842224121 0.7537804841995239
-0.6412816643714905 10.17972183227539 0.08656729012727737
0.2740902602672577 10.1831636428833 0.36545541882514954
-0.737098217010498 10.051841735839844 0.0611438974738121
-0.9185146689414978 10.331186294555664 0.10241817682981491
0.12822182476520538 10.332086563110352 0.7783643007278442
-0.1270342767238617 10.396231651306152 0.7212938070297241
-0.23321540653705597 10.378371238708496 0.7883910536766052
-0.5280262231826782 10.424253463745117 0.017579171806573868
-0.34655290842056274 10.492000579833984 0.8284180164337158
-0.40742236375808716 10.286745071411133 0.03870236128568649
-0.04283052310347557 10.384926795959473 0.012441746890544891
-0.5994480848312378 10.40605354309082 -0.0621284544467926
-0.2925921082496643 10.530484199523926 0.620458722114563
-0.3633066713809967 10.33909797668457 -0.1085682362318039
-0.2943277955055237 10.497472763061523 0.7417778968811035
-1.2871814966201782 10.85766887664795 1.1961548328399658
0.36614131927490234 10.700312614440918 1.06309175491333
-0.9908000230789185 10.552027702331543 -0.001841684803366661
0.4394676089286804 10.740198135375977 1.0536898374557495
-0.9588279128074646 10.76349925994873 -0.05819401517510414
-0.8785152435302734 10.751880645751953 0.007434450089931488
0.16975559294223785 10.855521202087402 0.4696204364299774
0.05274316668510437 10.915218353271484 0.6158953905105591
-1.1932854652404785 10.853580474853516 0.020764507353305817
0.1367671638727188 10.956965446472168 0.5290713310241699
0.10516144335269928 10.912130355834961 1.2445112466812134
-1.0644463300704956 11.008191108703613 0.05850963294506073
0.2730351686477661 11.08619499206543 0.3017912209033966
-0.21826371550559998 11.061297416687012 -0.1006685420870781
-0.6051003932952881 10.908408164978027 -0.11912723630666733
0.3128795623779297 11.065131187438965 1.1976308822631836
-1.0436745882034302 11.138800621032715 0.01685042679309845
0.23154635727405548 11.077391624450684 0.4102921485900879
0.14035141468048096 11.155838966369629 0.47847074270248413
-1.3958810567855835 11.258504867553711 1.2861703634262085
-1.3559472560882568 11.19486141204834 0.9271145462989807
-0.7719228267669678 11.275339126586914 0.843694269657135
-0.12920290231704712 11.223922729492188 -0.23687858879566193
-0.9745305180549622 11.309964179992676 0.0989895761013031
-0.8987003564834595 11.365606307983398 0.7773755788803101
-0.7585578560829163 11.287862777709961 0.023890100419521332
-0.6491691470146179 11.43254280090332 1.2349283695220947
-0.8291875720024109 11.353031158447266 0.782759428024292
-0.088644839823246 11.413651466369629 -0.3897307813167572
-0.126428484916687 11.425002098083496 1.3207240104675293
-1.1251698732376099 11.374963760375977 0.41257432103157043
-1.335988998413086 11.447213172912598 0.9052493572235107
-0.6071261167526245 11.463452339172363 -0.13695739209651947
-0.7119989395141602 11.49283504486084 0.5514219999313354
-0.8373183012008667 11.501382827758789 0.44942644238471985
-0.3653455674648285 11.486550331115723 0.5349088907241821
-1.0626459121704102 11.50024127960205 -0.21302498877048492
0.3879046142101288 11.538558006286621 0.5359145402908325
-0.1648617684841156 11.549918174743652 -0.43476128578186035
-1.1903393268585205 11.536755561828613 0.2805939018726349
0.4147129952907562 11.562277793884277 1.057496428489685
0.163603737950325 11.565030097961426 0.6577858328819275
-0.3308483362197876 11.57277774810791 1.2299184799194336
