1154
-2.3863754272460938 0.2845063805580139 1.5951271057128906
-2.386474609375 0.2846066355705261 -0.7597188949584961
-2.3863744735717773 0.6024929881095886 0.6324938535690308
0.9210299253463745 0.5143099427223206 -0.8830381035804749
-2.115060806274414 0.284606397151947 0.048847757279872894
-1.3412537574768066 0.2846062183380127 -1.205398678779602
-0.3886662721633911 0.284606397151947 1.2279423475265503
-1.0057594776153564 0.284606397151947 -0.9334205389022827
-0.965205192565918 0.2846062183380127 -1.2053987979888916
0.9210305213928223 0.2845063805580139 -1.2053391933441162
-2.386474609375 0.28460657596588135 -0.2645159959793091
-2.386474609375 0.28460657596588135 0.2698652744293213
-2.386474609375 0.2846064567565918 -0.4966566562652588
-1.7985354661941528 0.28460800647735596 2.141308307647705
-2.386474609375 0.2846064567565918 -0.01677227020263672
-2.3863754272460938 0.2845063805580139 0.673039436340332
0.654697060585022 0.2845063805580139 -1.2052973508834839
-0.5574638843536377 0.2846064567565918 -1.2053989171981812
-2.1108500957489014 0.284606397151947 1.344428539276123
0.12570931017398834 0.2846064567565918 2.141308307647705
0.9211299419403076 0.2846064567565918 -0.8913900852203369
0.9211299419403076 0.2846064567565918 -0.7425980567932129
-2.386474609375 0.2846064567565918 0.12359285354614258
-1.5565508604049683 0.284606397151947 1.8635998964309692
-0.433765172958374 0.2846064567565918 -1.2053989171981812
-2.370288610458374 0.2846081256866455 2.141308307647705
-2.386474609375 0.28460657596588135 -0.13631212711334229
0.9211299419403076 0.2846064567565918 -0.996589183807373
-2.1643359661102295 0.284606397151947 1.7050193548202515
-1.0950977802276611 0.2846064567565918 -1.205398678779602
0.9211300611495972 0.28460657596588135 1.3633573055267334
0.9210300445556641 0.560031533241272 1.5230504274368286
-1.9214088916778564 0.284606397151947 1.7077183723449707
-2.3863744735717773 0.5485023260116577 1.731289029121399
-2.180294990539551 0.2845063805580139 2.141206741333008
0.9210296869277954 0.2845063805580139 -0.6781225800514221
-2.386474609375 0.28460657596588135 -0.6355632543563843
0.9211058616638184 0.28460657596588135 -1.2053993940353394
-2.386474609375 0.2846065163612366 -0.8734829425811768
-1.9465866088867188 0.2845063805580139 2.141206741333008
0.9210286736488342 0.2845063805580139 0.8816919326782227
-1.4521350860595703 0.2845063805580139 -1.2053022384643555
0.2824901342391968 0.284606397151947 1.5393404960632324
-0.5838977694511414 0.284606397151947 -0.9598795771598816
0.3899315595626831 0.28460633754730225 -1.2053991556167603
-2.386474370956421 0.2845876216888428 2.1412086486816406
-2.1285102367401123 0.284606397151947 0.951435923576355
-0.4380470812320709 0.284606397151947 -0.7992015480995178
-2.386474609375 0.5863928198814392 -1.2052984237670898
-2.3863742351531982 0.2934858798980713 -1.2053983211517334
-1.7075201272964478 0.284606397151947 -0.5308728218078613
-1.4880892038345337 0.284606397151947 -0.9140782356262207
-2.3863754272460938 0.2845063805580139 1.6886119842529297
-1.9851453304290771 0.284606397151947 -0.6818943619728088
0.9210309982299805 0.2845063805580139 2.0373945236206055
-1.9022570848464966 0.284606397151947 1.348313808441162
0.3311968445777893 0.284606397151947 -0.925395131111145
-1.5376996994018555 0.2845063805580139 -1.205301284790039
-2.386474609375 0.2846064567565918 0.5224802494049072
-1.655335545539856 0.284606397151947 -0.7237178683280945
-0.06959036737680435 0.284606397151947 -0.9823159575462341
-1.2528517246246338 0.284606397151947 -0.9797158241271973
-1.8781766891479492 0.2845063805580139 -1.2052993774414062
-2.386474609375 0.2846065163612366 -1.2053008079528809
0.9210329055786133 0.2845063805580139 1.7739543914794922
-2.386474370956421 0.2846064567565918 1.7972242832183838
-2.036383867263794 0.284606397151947 1.8908497095108032
0.9210309982299805 0.2845063805580139 1.1060256958007812
-0.11876773834228516 0.2845063805580139 2.141206741333008
-2.386474609375 0.2846064567565918 -0.37788569927215576
0.5504130721092224 0.28460636734962463 2.141308307647705
0.9211301207542419 0.28459861874580383 2.1412084102630615
-2.386474370956421 0.2846064567565918 1.4840850830078125
0.9210309982299805 0.2845063805580139 1.6777935028076172
0.6539891362190247 0.284606397151947 1.8568514585494995
-1.2225608825683594 0.2845063805580139 -1.205301284790039
-1.9650893211364746 0.284606397151947 -0.13116706907749176
0.9210281372070312 0.2845063805580139 1.4640617370605469
0.9211300611495972 0.2846065163612366 1.5733758211135864
-1.8564350605010986 0.284606397151947 1.1695791482925415
-2.094461679458618 0.284606397151947 0.7294121980667114
-1.323868751525879 0.2845063805580139 2.141207695007324
0.9210300445556641 0.2845063805580139 -0.5857058167457581
0.9211301207542419 0.2846065163612366 2.141240358352661
-2.386474370956421 0.2846066951751709 0.9367005825042725
-1.7729434967041016 0.2845063805580139 -1.2053003311157227
-1.2962920665740967 0.284606397151947 -0.7854537963867188
0.9211300611495972 0.2846066355705261 1.8780319690704346
0.25990962982177734 0.801995575428009 2.1412081718444824
-0.37169456481933594 0.2845063805580139 2.141207695007324
-0.012924909591674805 0.2845063805580139 -1.2052996158599854
-1.6769647598266602 0.2845063805580139 -1.205301284790039
-1.9553881883621216 0.284606397151947 -0.9009144306182861
-1.8855713605880737 0.5483847260475159 -1.2052985429763794
0.5946564674377441 0.284606397151947 0.43532630801200867
-1.446405053138733 0.2846081256866455 2.141308307647705
-1.9549286365509033 0.2846064567565918 -1.205398440361023
-0.6600570678710938 0.2845063805580139 2.141207695007324
-2.386474370956421 0.6811275482177734 2.141207456588745
-2.386474370956421 0.2846064567565918 1.3116939067840576
-0.7712888717651367 0.2845063805580139 2.141207695007324
0.921028733253479 0.2845063805580139 0.6519576907157898
-2.3863725662231445 0.2845063805580139 1.9154052734375
-2.0856428146362305 0.284606397151947 1.1508078575134277
0.9210300445556641 0.2845063805580139 0.04075196385383606
-2.359856367111206 0.2846062183380127 -1.2053983211517334
-2.3863744735717773 0.532540500164032 1.2411023378372192
-0.6962600946426392 0.2845063805580139 -1.2053000926971436
-0.8812532424926758 0.2845063805580139 2.141207695007324
0.6746740341186523 0.2845063805580139 2.141207695007324
-2.386474370956421 0.2846064567565918 1.1822516918182373
-0.9478693604469299 0.284606397151947 1.7205387353897095
-2.3863742351531982 0.799619197845459 -1.2053983211517334
0.9211300015449524 0.2846064567565918 0.12686800956726074
-2.1449451446533203 0.284606397151947 0.5120827555656433
-1.6910104751586914 0.2845063805580139 2.141207695007324
-2.386474609375 0.2846065163612366 -1.0040266513824463
-2.1461191177368164 0.2846064567565918 -1.205398440361023
-2.3863725662231445 0.2845063805580139 1.0598220825195312
0.9210299849510193 0.523755669593811 -0.554408609867096
-0.5797553062438965 0.284606397151947 1.9028759002685547
-1.2784732580184937 0.284606397151947 1.86911141872406
-1.724351406097412 0.284606397151947 -0.9303579926490784
-2.1614105701446533 0.284606397151947 -0.8461757302284241
-2.171823263168335 0.284606397151947 -0.20014970004558563
-1.7878443002700806 0.284606397151947 1.8503328561782837
-0.8959732055664062 0.2846062183380127 -1.2053987979888916
-2.0203428268432617 0.2846064567565918 -1.205398440361023
0.07578257471323013 0.569414496421814 -1.2052991390228271
0.41036155819892883 0.2846064269542694 2.141308307647705
0.9210299253463745 0.7709786295890808 -1.2053993940353394
-1.5710086822509766 0.2845063805580139 2.141206741333008
-2.3837761878967285 0.9093607664108276 -1.2046103477478027
-2.0484628677368164 0.2845063805580139 2.141206741333008
-0.3502779006958008 0.2846064567565918 -1.2053989171981812
0.9211300611495972 0.2846064567565918 1.2191104888916016
0.6269678473472595 0.284606397151947 -0.1415139138698578
0.9210302233695984 0.5345873236656189 -1.2053993940353394
-1.9204663038253784 0.284606397151947 0.6081514954566956
0.9210296869277954 0.2845063805580139 -0.25461700558662415
0.2683558464050293 0.28460633754730225 -1.2053991556167603
-0.8176705837249756 0.2846064567565918 -1.2053987979888916
-0.008686065673828125 0.28460636734962463 2.141308307647705
-0.2714576721191406 0.28460657596588135 -1.2053989171981812
0.8251602649688721 0.2845063805580139 -1.2052972316741943
0.5527211427688599 0.284606397151947 -0.920056164264679
-0.8069584965705872 0.284606397151947 1.909443974494934
0.9210320711135864 0.2845063805580139 0.2513870298862457
-1.080296516418457 0.2845063805580139 2.141207695007324
0.2834606170654297 0.2845063805580139 2.1412086486816406
0.4457343816757202 0.284606397151947 1.1959227323532104
0.11491727828979492 0.2846062183380127 -1.2053991556167603
-2.383023977279663 0.9015215635299683 2.1382243633270264
-1.6323992013931274 0.5289598703384399 -1.2052985429763794
0.9211300015449524 0.2846064567565918 0.5541326999664307
-0.2568264603614807 0.284606397151947 1.6915708780288696
-1.870105504989624 0.2846062183380127 2.141308307647705
-0.6073302030563354 0.476547509431839 -1.205298900604248
0.5346049070358276 0.2846064567565918 -1.2053992748260498
0.40974703431129456 0.284606397151947 1.892137050628662
-0.5820504426956177 0.2846064567565918 2.141308307647705
-0.49256324768066406 0.2845063805580139 2.141207695007324
0.4687223434448242 0.2845063805580139 -1.2052993774414062
-0.1553386002779007 0.284606397151947 0.8910270929336548
0.6629544496536255 0.284606397151947 -0.334850013256073
0.18697404861450195 0.2845063805580139 -1.205297589302063
0.0405704490840435 0.284606397151947 0.20411746203899384
-1.2033576965332031 0.2845063805580139 2.141207695007324
-0.12495052069425583 0.284606397151947 1.905277967453003
0.9210318922996521 0.2845063805580139 -0.05751076713204384
0.9210294485092163 0.2845063805580139 0.7844000458717346
0.10650576651096344 0.284606397151947 -0.8805460929870605
0.9210301637649536 0.2845063805580139 -0.48114028573036194
-1.8776214122772217 0.284606397151947 0.26046180725097656
-2.3863754272460938 0.2845063805580139 0.4003772735595703
0.9211300015449524 0.2846064567565918 -0.3696560859680176
0.2769634425640106 0.284606397151947 -0.5692664980888367
0.6195214986801147 0.284606397151947 1.3968322277069092
0.9210301041603088 0.3236662745475769 2.141308307647705
-0.2985624372959137 0.284606397151947 -0.664538562297821
-1.4716639518737793 0.284606397151947 -0.7029040455818176
-0.7922194004058838 0.284606397151947 -0.9020601511001587
0.12745675444602966 0.284606397151947 1.659497857093811
-0.04822525009512901 0.284606397151947 1.7378175258636475
0.6732270121574402 0.284606397151947 -0.7796990871429443
0.9210325479507446 0.2845063805580139 0.4238179326057434
-0.31196627020835876 0.284606397151947 -0.9378982782363892
-0.08865759521722794 0.284606397151947 -0.6462022662162781
0.6429740786552429 0.284606397151947 -0.5623080134391785
-1.324540376663208 0.284606397151947 -0.5873614549636841
-2.082685708999634 0.284606397151947 0.27678191661834717
-1.905089259147644 0.284606397151947 0.805858850479126
-1.1017028093338013 0.5337050557136536 2.1412081718444824
-2.047755002975464 0.284606397151947 1.5389963388442993
0.6883236765861511 0.284606397151947 1.609458088874817
-2.386474609375 0.2846064567565918 -0.5699031352996826
-2.1083173751831055 0.284606397151947 -0.5577436685562134
0.9211300611495972 0.28460657596588135 1.284584641456604
0.026666289195418358 0.284606397151947 -0.5218581557273865
-1.8532356023788452 0.284606397151947 1.5481427907943726
-2.386448621749878 0.28460609912872314 2.141308307647705
-1.759782314300537 0.284606397151947 0.9762943387031555
0.4841136932373047 0.2845063805580139 2.1412086486816406
0.9211301207542419 0.8393176794052124 2.141209602355957
-2.3863744735717773 0.7177322506904602 1.8664436340332031
-2.3863754272460938 0.2845063805580139 0.8575649261474609
-0.734161913394928 0.284606397151947 -0.39144599437713623
-0.26657676696777344 0.2845063805580139 2.141207695007324
-1.8260948657989502 0.284606397151947 -0.7413787245750427
-2.386474609375 0.44733351469039917 -1.2052984237670898
-1.6891357898712158 0.284606397151947 1.6739580631256104
-2.3863744735717773 0.5594564080238342 -0.3944301903247833
-2.3863744735717773 0.5207744836807251 -0.8459622263908386
-1.4864192008972168 0.284606397151947 1.3242332935333252
-1.4360812902450562 0.284606397151947 1.1263542175292969
-2.3863744735717773 1.0913423299789429 -1.0473134517669678
-1.3318166732788086 0.4912327826023102 -1.205298662185669
-2.38637638092041 0.2845063805580139 0.19271373748779297
-0.5656682252883911 0.7230480909347534 -1.205298900604248
-2.0203239917755127 0.284606397151947 -0.3558633029460907
-1.8481172323226929 0.284606397151947 -0.2668837606906891
-2.3863744735717773 0.6072778105735779 1.064482569694519
-1.9211543798446655 0.284606397151947 0.07094504684209824
-1.869701862335205 0.284606397151947 -0.5024228096008301
-0.7695028185844421 0.284606397151947 1.698911190032959
0.4834223687648773 0.284606397151947 -0.7051010727882385
-1.5146825313568115 0.284606397151947 -0.48916393518447876
0.9211299419403076 0.6519930362701416 -1.205298900604248
-1.7020801305770874 0.284606397151947 1.2665214538574219
-1.951968789100647 0.284606397151947 0.43359023332595825
0.5707499384880066 0.5463460087776184 -1.2052992582321167
0.10061663389205933 0.284606397151947 -0.15659086406230927
0.2036512792110443 0.2846064269542694 2.141308307647705
0.9210309982299805 0.2845063805580139 0.9910087585449219
0.2850806713104248 0.284606397151947 0.5776790380477905
-2.3614020347595215 1.0281177759170532 -1.2052984237670898
-1.0803511142730713 0.5424301028251648 -1.2052987813949585
-0.9843597412109375 0.2845063805580139 2.141206741333008
-0.9053370356559753 0.284606397151947 -0.725071370601654
-1.2709729671478271 0.284606397151947 1.6978152990341187
-2.3863744735717773 0.4894539415836334 -0.1404784768819809
0.9211299419403076 0.39799976348876953 -1.2052996158599854
-1.870529294013977 0.7404873967170715 2.1412081718444824
-1.0670987367630005 0.284606397151947 1.2930680513381958
-2.386474370956421 0.5648238658905029 2.1412086486816406
-1.6883795261383057 0.284606397151947 -0.2932871878147125
0.9211301207542419 0.48865923285484314 2.1412081718444824
-1.4637136459350586 0.284606397151947 1.7107502222061157
0.09560038894414902 0.284606397151947 0.4353286325931549
-1.0606966018676758 0.284606397151947 0.8772397637367249
-2.3863744735717773 0.7359086275100708 -0.901830792427063
-0.9829707741737366 0.284606397151947 1.5135014057159424
-2.386474609375 0.6989638209342957 -1.2052984237670898
-2.386376142501831 0.4543421268463135 2.141308307647705
-2.3863744735717773 1.0329056978225708 2.003533124923706
-2.386474370956421 0.792252779006958 2.1412088871002197
-0.5131129622459412 0.5891540050506592 2.1412081718444824
-0.14348204433918 0.5127103328704834 -1.2052990198135376
0.9210300445556641 0.5644243359565735 0.9578378796577454
-2.3863744735717773 0.42888572812080383 0.4820932149887085
0.9211301207542419 0.6173199415206909 2.1412081718444824
0.629162073135376 0.7526931166648865 -1.2052992582321167
-0.18947696685791016 0.2845063805580139 2.141207695007324
0.9210300445556641 0.5526258945465088 1.7580326795578003
0.9211300015449524 0.2846064567565918 0.34496545791625977
0.9210312366485596 0.2845063805580139 -0.1633952558040619
-2.3863744735717773 0.6557602882385254 -0.000991278444416821
-0.8662374019622803 0.284606397151947 0.15699800848960876
-1.9358280897140503 0.7597241401672363 -1.2052985429763794
-2.3863744735717773 0.588370680809021 -0.6401515603065491
-1.1793442964553833 0.284606397151947 1.4508520364761353
-1.3251056671142578 0.284606397151947 -0.38673102855682373
-2.386474370956421 0.2846066951751709 1.3942124843597412
-0.02337494120001793 0.284606397151947 -0.30013754963874817
0.45910874009132385 0.284606397151947 -0.3364396095275879
0.1366102546453476 0.284606397151947 1.8905620574951172
-0.5128064155578613 0.284606397151947 -0.6348589062690735
-1.7708466053009033 0.284606397151947 -0.05256789177656174
0.9211301207542419 0.9374885559082031 2.141209602355957
-0.8285989761352539 0.5853772163391113 -1.205298900604248
0.9210300445556641 0.5207101106643677 0.6919041872024536
-1.6079745292663574 0.284606397151947 1.0982704162597656
-2.0183019638061523 0.5867844820022583 2.1412081718444824
-2.3863744735717773 0.5619122385978699 0.8501542210578918
-1.3840951919555664 0.2845063805580139 2.141207695007324
-2.3863744735717773 0.7212970852851868 -0.26520872116088867
-1.3373476266860962 0.284606397151947 1.5055757761001587
-2.111079454421997 0.6093766093254089 -1.2052984237670898
-0.7890060544013977 0.5922049880027771 2.1412081718444824
-0.6349964141845703 0.284606397151947 1.5761306285858154
-0.2856123149394989 0.284606397151947 0.07494785636663437
0.6375194787979126 0.6489681005477905 2.1412081718444824
0.9210386276245117 0.8894408941268921 -1.2053992748260498
0.9206225275993347 0.9889642596244812 -1.2001426219940186
0.9210299849510193 0.6333145499229431 -0.3538508415222168
0.9210300445556641 0.7432622909545898 1.8391622304916382
-2.3863744735717773 0.6598301529884338 0.3715795576572418
0.9210299253463745 0.6570252776145935 -0.709149956703186
0.9210300445556641 0.7447072863578796 1.607284665107727
0.9210299849510193 0.559712827205658 0.18493054807186127
-1.1855477094650269 0.284606397151947 -0.2915991246700287
0.4355756640434265 0.284606397151947 -0.12082686275243759
-2.3863744735717773 0.8153281211853027 1.7045745849609375
0.6477611064910889 0.284606397151947 1.1703139543533325
0.037526026368141174 0.284606397151947 1.517172932624817
0.44914793968200684 0.5797989964485168 2.1412081718444824
0.9210299253463745 0.7718195915222168 -0.859502375125885
-2.079669237136841 0.7946353554725647 2.1412081718444824
-1.3441890478134155 0.5981996059417725 2.1412081718444824
0.9210300445556641 0.7378537654876709 2.141308307647705
-0.09849663823843002 0.3176124393939972 2.697237730026245
-1.7570809125900269 0.284606397151947 0.4286631941795349
0.4992820918560028 0.284606397151947 1.7020350694656372
0.9210300445556641 0.5781131982803345 1.1872646808624268
0.9210299849510193 0.7795769572257996 0.29292213916778564
0.9210300445556641 0.9602680802345276 1.726226806640625
-1.9966853857040405 1.0124492645263672 2.1412081718444824
-2.3863744735717773 0.5797942876815796 1.517289400100708
-1.2901041507720947 0.284606397151947 1.2585108280181885
-0.8023271560668945 0.284606397151947 1.485514760017395
-2.3863744735717773 0.7422608733177185 1.3179426193237305
-2.3863744735717773 0.7935919761657715 1.5106068849563599
-2.3863744735717773 0.7995452880859375 -0.7112417221069336
-1.0523854494094849 0.284606397151947 1.9002357721328735
0.25188520550727844 0.5845634341239929 2.1412081718444824
-0.6669573783874512 0.284606397151947 -0.7441552877426147
-1.692867636680603 0.284606397151947 1.474258303642273
-2.3863744735717773 0.7901256084442139 0.9612834453582764
-1.7251806259155273 0.284606397151947 0.1745305061340332
-1.534293293952942 0.6127975583076477 2.1412081718444824
-0.35674116015434265 0.284606397151947 1.8560974597930908
-0.8545867204666138 0.749839723110199 2.53920316696167
-1.4147874116897583 0.284606397151947 0.31310343742370605
-1.1004645824432373 0.284606397151947 -0.7545291185379028
-1.2511558532714844 1.0286065340042114 2.1412081718444824
-0.3674623370170593 0.5932432413101196 -1.2052990198135376
-1.228123664855957 0.7130865454673767 -1.2052987813949585
-2.3863744735717773 1.0488295555114746 1.35735023021698
-2.055713415145874 0.9088066816329956 -1.2052984237670898
-2.369600772857666 1.0649725198745728 1.7887132167816162
0.7341110706329346 0.284606397151947 0.6114777326583862
-0.019622834399342537 0.5912491083145142 2.1412081718444824
0.10548389703035355 0.284606397151947 -0.6953747272491455
-0.010848304256796837 0.749839723110199 2.5660078525543213
0.312981516122818 0.5616852045059204 -1.2052992582321167
-2.3863744735717773 0.8093547821044922 0.5075449347496033
0.9210299849510193 0.5272353887557983 -0.13842199742794037
0.4473678767681122 1.1264517307281494 1.9190495014190674
-2.0964195728302 0.8900266289710999 -0.004138096235692501
-1.4489554166793823 0.6857943534851074 -1.205298662185669
0.6736859083175659 0.284606397151947 0.05300925299525261
-0.14038562774658203 0.2845063805580139 -1.205299735069275
-0.654836893081665 0.3199816346168518 2.6925244331359863
0.9210299849510193 0.5754268765449524 0.4255525767803192
-1.9739457368850708 0.8810134530067444 1.8197941780090332
-1.061668038368225 0.284606397151947 0.311250239610672
-2.0429928302764893 0.7449474930763245 -0.27764350175857544
-1.677552342414856 0.7955917716026306 2.1412081718444824
0.3858245611190796 0.284606397151947 1.36833655834198
0.476802796125412 0.8976460099220276 -1.2052992582321167
-1.8147300481796265 1.1994048357009888 -0.8947929739952087
-1.5818135738372803 0.284606397151947 0.5699764490127563
-1.749885082244873 0.284606397151947 0.6654449701309204
-1.5931662321090698 0.284606397151947 -0.06164517626166344
-1.148720383644104 0.7365747690200806 2.1412081718444824
-1.6517304182052612 0.284606397151947 0.8436136245727539
-1.785288691520691 1.030588984489441 2.1412081718444824
-2.3863744735717773 0.8269540071487427 -0.08757930248975754
0.44149383902549744 0.284606397151947 -0.5206408500671387
-1.5511555671691895 0.284606397151947 0.16688038408756256
-2.375080108642578 1.066420078277588 -0.8510566353797913
0.3676682114601135 0.7379881739616394 -1.2052992582321167
-1.7647584676742554 0.5633500218391418 2.1412081718444824
0.9210299849510193 0.7174066305160522 0.04402942210435867
0.9210299849510193 0.7608926296234131 -0.18110917508602142
-1.5090827941894531 0.284606397151947 1.5358082056045532
-1.937774419784546 0.284606397151947 1.0012651681900024
0.4784044027328491 0.284606397151947 1.532389760017395
-2.3863744735717773 0.7890014052391052 0.7430576682090759
-0.8552267551422119 0.7498396635055542 2.4900174140930176
-0.41633978486061096 0.284606397151947 2.705538749694824
-0.7495116591453552 0.284606397151947 1.0584046840667725
0.4134354889392853 0.284606397151947 0.39859244227409363
-2.0337069034576416 0.6681890487670898 -0.6244510412216187
-1.754601240158081 0.7264689207077026 -1.2052985429763794
-2.3863744735717773 0.7615504264831543 -0.5057084560394287
-1.416232943534851 0.8071776628494263 2.1412081718444824
-2.3863744735717773 0.5655534863471985 0.17700259387493134
-1.2679858207702637 0.284606397151947 0.17481131851673126
-1.3101942539215088 0.907858669757843 -1.205298662185669
-1.2652623653411865 0.284606397151947 0.4067953824996948
-0.28876715898513794 0.6028624773025513 2.1412081718444824
-2.3863744735717773 0.8881754279136658 1.158136248588562
-1.472991704940796 0.284606397151947 0.7474009990692139
-2.1006124019622803 0.8567924499511719 0.9350783824920654
0.30542057752609253 0.284606397151947 1.7329087257385254
0.4606364667415619 1.0456966161727905 -1.1881217956542969
-1.4386703968048096 0.284606397151947 0.9459776878356934
-1.4192874431610107 0.6571206450462341 1.7670860290527344
-0.5318081378936768 0.284606397151947 1.7161020040512085
-2.074634313583374 0.8507842421531677 -0.8105361461639404
-2.174313545227051 1.1274579763412476 -1.1884499788284302
-0.7492541074752808 0.3812028467655182 2.896233558654785
-0.3712848722934723 0.302341103553772 3.0897388458251953
-1.2081886529922485 0.8718352913856506 2.0042331218719482
-2.0431630611419678 0.7543320059776306 1.4238672256469727
-1.872961401939392 0.6472574472427368 1.7406522035598755
-1.5682612657546997 0.284606397151947 0.3822748363018036
0.4927246868610382 0.8077466487884521 2.1412081718444824
-0.193380206823349 0.2999646067619324 2.727890968322754
0.7160542607307434 1.0039578676223755 2.1412081718444824
0.33126217126846313 0.284606397151947 0.9725022315979004
-1.3699880838394165 0.284606397151947 -0.1525910496711731
0.3781179189682007 1.050544023513794 2.1412081718444824
-0.48305433988571167 0.284606397151947 -0.32125258445739746
0.7216370105743408 0.284606397151947 0.9335309863090515
0.9210300445556641 0.7213027477264404 1.3860830068588257
-1.0296909809112549 1.0420761108398438 2.1412081718444824
-2.375728130340576 1.055416226387024 1.583906650543213
0.5687019228935242 1.072914719581604 2.1160025596618652
-0.15341722965240479 0.284606397151947 1.5465922355651855
-0.5186817646026611 0.3510166108608246 3.088367462158203
-0.20072486996650696 0.765474259853363 -1.2052990198135376
0.9210300445556641 1.0412828922271729 1.5529348850250244
0.9210299849510193 0.7318481206893921 0.6207296252250671
0.9210301041603088 1.0399309396743774 2.0746171474456787
0.9210299849510193 1.0329028367996216 0.16071048378944397
-2.3863744735717773 1.0523767471313477 0.09572676569223404
-0.26435765624046326 0.284606397151947 1.379348874092102
0.9210300445556641 0.7502967119216919 0.8496122360229492
0.004490107763558626 0.7633941769599915 -1.2052991390228271
-1.7040411233901978 0.7115342020988464 -0.840550422668457
0.9210299253463745 1.0030145645141602 -0.9943371415138245
-0.07073763012886047 0.4745219647884369 2.764346122741699
0.9210299849510193 0.9247115254402161 -0.40728941559791565
-2.33113956451416 1.034806251525879 2.140071392059326
0.9210299849510193 0.8977757692337036 0.5054865479469299
-2.3863744735717773 0.9932418465614319 -0.5690082311630249
-2.024843454360962 1.191209316253662 -1.0719057321548462
0.9210300445556641 0.9974045753479004 1.086206316947937
0.9207643270492554 1.0894461870193481 1.8683079481124878
0.6274029612541199 0.7307122349739075 1.735634684562683
-1.6053764820098877 0.8316448330879211 -1.205298662185669
-0.7343465685844421 0.7912087440490723 -1.205298900604248
-2.3863744735717773 0.7926493883132935 0.1901596188545227
0.42686280608177185 0.7398906350135803 -0.8844633102416992
-0.10452316701412201 0.9789567589759827 -1.2025705575942993
-1.881160020828247 1.0320932865142822 -1.2052985429763794
-2.3863744735717773 0.9906175136566162 0.3958834707736969
-2.1091508865356445 1.1530131101608276 2.1076600551605225
-1.3682442903518677 0.284606397151947 0.5884191989898682
-1.8861191272735596 0.6259217858314514 -0.7962969541549683
-1.8140918016433716 0.6503579616546631 -0.547227144241333
0.2526530921459198 0.284606397151947 1.139610767364502
-0.8375236988067627 0.284606397151947 1.296863079071045
0.9210300445556641 0.7809252142906189 1.137983798980713
-0.01477467268705368 0.7319110631942749 2.726269006729126
-1.4175173044204712 0.284606397151947 0.04183363914489746
0.9210299849510193 0.7878329157829285 -0.5605657696723938
-2.3863744735717773 0.9737088084220886 -0.2906583845615387
-0.5599067807197571 0.284606397151947 0.5817102193832397
-1.74374520778656 1.1030592918395996 -1.179101824760437
-1.2267775535583496 0.284606397151947 -0.054056018590927124
-2.3863744735717773 1.0449095964431763 0.9258527159690857
0.6964706778526306 1.0157244205474854 -1.2029529809951782
-1.149418830871582 0.284606397151947 -0.5663772225379944
-0.9817047715187073 0.7377244234085083 -1.2052987813949585
-2.241057872772217 1.2175915241241455 -0.14923135936260223
-2.361323118209839 1.1276389360427856 -0.7394272089004517
0.190904900431633 0.284606397151947 -0.38867875933647156
-2.3805692195892334 1.1162188053131104 -0.42695415019989014
-0.5107131004333496 0.9023159742355347 -0.8915991187095642
-0.39545929431915283 0.8382589817047119 -1.2052990198135376
-0.7094020843505859 0.8535398840904236 2.261138439178467
-1.855047583580017 0.8959653973579407 -0.7414480447769165
0.7962406277656555 1.1856838464736938 1.6528546810150146
-1.5656782388687134 1.066362738609314 -1.205298662185669
-0.9522355794906616 0.284606397151947 0.4754706919193268
0.9119422435760498 1.107017993927002 1.287737250328064
-2.3656885623931885 1.1044261455535889 -0.1087869256734848
0.25249356031417847 0.284606397151947 -0.03390977159142494
-0.2861238121986389 0.284606397151947 -0.490185022354126
0.9210299253463745 0.9683215022087097 -0.7476517558097839
-1.5061811208724976 0.284606397151947 -0.26446425914764404
0.9210300445556641 0.9684051871299744 0.8570022583007812
-0.3006327748298645 0.7121955752372742 2.796048641204834
-0.9696340560913086 0.284606397151947 -0.5423130989074707
0.5912888646125793 0.9880364537239075 -0.6451047658920288
-0.1482093185186386 0.284606397151947 -0.80415278673172
-2.3797359466552734 1.086228609085083 1.1373796463012695
-2.085218667984009 1.1974210739135742 -0.7435081601142883
0.024243421852588654 1.088523507118225 2.1412081718444824
-0.9895933270454407 0.284606397151947 1.1046979427337646
-0.1772967129945755 0.4015185832977295 3.0271894931793213
-0.871640682220459 0.9723922610282898 -1.2037123441696167
0.5805937647819519 0.6855579614639282 -0.7090593576431274
0.9210300445556641 0.9624468088150024 1.382704496383667
0.9210299849510193 0.9568266868591309 -0.008367559872567654
0.45291757583618164 1.2406361103057861 1.6560181379318237
0.30947577953338623 0.284606397151947 -0.7541146278381348
-0.7865201830863953 0.284606397151947 -0.589138925075531
-1.0646172761917114 0.9574548602104187 -1.2052987813949585
0.2830469310283661 0.9716212749481201 -0.8035456538200378
-2.011063814163208 0.9470463991165161 -0.47248926758766174
-0.815786600112915 0.284606397151947 -0.0672096237540245
-1.0110522508621216 0.284606397151947 -0.35235777497291565
-1.4073309898376465 0.7615413069725037 -0.8861347436904907
0.15626734495162964 1.2214696407318115 1.928629994392395
-0.31402307748794556 0.33134692907333374 3.006178379058838
-0.6318289041519165 0.284606397151947 -0.17616041004657745
-2.107867956161499 1.1937249898910522 0.9617087244987488
0.9210300445556641 1.0677852630615234 0.684490442276001
-0.1908172219991684 0.284606397151947 0.5396526455879211
-0.31056591868400574 0.284606397151947 -0.2553803324699402
0.39624565839767456 0.7276281714439392 1.8982304334640503
-1.1379119157791138 0.9528392553329468 -0.8946579098701477
-0.015079648233950138 0.7566693425178528 2.498884677886963
-0.8334654569625854 0.655899703502655 -0.8394818902015686
-2.3837482929229736 1.0432449579238892 0.742974579334259
-1.9661576747894287 1.2347675561904907 1.6959357261657715
-2.0617661476135254 0.7044887542724609 1.1530860662460327
-2.0846643447875977 0.8203324675559998 0.5311566591262817
-1.5653082132339478 1.0328278541564941 2.1412081718444824
-0.06979134678840637 0.8894128203392029 -0.8709897994995117
-2.2662441730499268 1.1901321411132812 1.4933478832244873
-1.210260272026062 0.284606397151947 1.0596368312835693
-1.398258090019226 1.094732403755188 -1.1925381422042847
-1.8517462015151978 0.6497899293899536 1.5245335102081299
-0.28691694140434265 0.6918904185295105 -0.8509926199913025
0.205637127161026 0.8398144841194153 -1.2052991390228271
-1.5050432682037354 0.6444235444068909 -0.6429819464683533
-1.839176058769226 1.203901767730713 2.009165048599243
-0.7964127063751221 0.417168527841568 2.7197396755218506
-2.3638854026794434 1.1253834962844849 0.29073721170425415
0.6373356580734253 0.284606397151947 0.2657148540019989
0.895007848739624 1.0372363328933716 -0.5715791583061218
-0.5818221569061279 1.0273311138153076 -1.1992340087890625
-1.909771203994751 0.6366140842437744 0.9522056579589844
-1.9502891302108765 0.6347524523735046 -0.05436393618583679
-1.3872195482254028 1.1182337999343872 2.0948598384857178
-1.7213541269302368 0.7836990356445312 1.8571562767028809
0.919022798538208 1.1022075414657593 0.3301028609275818
0.8158090114593506 1.0928891897201538 -0.8788866996765137
-1.8907370567321777 0.6499773263931274 0.20578718185424805
-2.1869168281555176 1.2091994285583496 1.7811814546585083
0.1261846125125885 1.0205613374710083 -1.199830174446106
-0.820454478263855 0.987919807434082 -0.7778294086456299
0.8844731450080872 1.1218018531799316 -0.16032381355762482
-1.6084438562393188 1.2262072563171387 1.9535151720046997
-0.8427985906600952 0.8483185172080994 2.5660274028778076
0.20850975811481476 0.284606397151947 1.3287932872772217
-1.98125159740448 1.226003885269165 -0.056265946477651596
0.35865864157676697 0.5900295972824097 -0.7299805879592896
-1.6095269918441772 0.6514241695404053 1.6054327487945557
-2.073831081390381 0.7207857966423035 1.6427921056747437
-1.2771782875061035 0.284606397151947 0.8575939536094666
-1.9591346979141235 0.6254933476448059 0.6840885281562805
0.30747389793395996 0.284606397151947 -0.25792571902275085
0.44837233424186707 0.8767746090888977 1.615645408630371
0.1926703155040741 1.1066523790359497 2.1353702545166016
-0.7957038879394531 0.5698736310005188 2.794494390487671
0.6039722561836243 0.9021289944648743 -0.3361021876335144
-1.7251965999603271 0.8933662176132202 -0.49743297696113586
-1.8204128742218018 1.2113299369812012 -0.6176377534866333
-0.6749982833862305 0.37144216895103455 3.020021915435791
-1.836485505104065 0.6663609743118286 -0.2662416696548462
-2.361987590789795 1.10653555393219 0.5937216281890869
0.5134867429733276 1.0973001718521118 -0.8767651319503784
-0.17017623782157898 1.123204231262207 -1.162545084953308
-1.3169615268707275 1.1978542804718018 -0.8128362894058228
-1.1566121578216553 1.098755121231079 -1.1853057146072388
0.912466824054718 1.0160733461380005 -0.25384703278541565
-1.2179372310638428 0.6212424635887146 -0.7668431997299194
-1.7433702945709229 1.2319142818450928 1.6478655338287354
-2.0536866188049316 0.7966468334197998 0.2735024690628052
-2.1318469047546387 1.2105894088745117 1.2948222160339355
-0.8000282049179077 1.1027827262878418 -1.1969614028930664
0.23090040683746338 1.10956871509552 -1.1063780784606934
0.6661879420280457 0.8880519270896912 1.5316802263259888
-1.1156750917434692 0.284606397151947 1.6372172832489014
-0.378976970911026 1.0512855052947998 -1.178062915802002
0.3671889007091522 0.284606397151947 0.7792152166366577
0.6956412196159363 1.1559609174728394 -0.4639756679534912
-2.1098861694335938 1.217363715171814 -0.435405433177948
-0.715620219707489 0.284606397151947 0.4226382076740265
-1.4294942617416382 1.237338662147522 1.8086357116699219
-2.145437002182007 1.2090121507644653 0.5689203143119812
-2.202589511871338 1.219110369682312 0.21999643743038177
-1.5963853597640991 0.9752782583236694 -0.7732399702072144
-1.5268369913101196 1.200337290763855 -0.9126666188240051
-1.8340449333190918 1.219848394393921 -0.36109447479248047
0.4731703996658325 0.284606397151947 0.10766158252954483
-1.0816653966903687 1.2013611793518066 -0.8288978338241577
0.43974992632865906 0.7449552416801453 -0.5402897000312805
-0.3498537540435791 0.8942127823829651 2.625631809234619
0.5004786849021912 0.284606397151947 0.9950079321861267
-0.10668804496526718 0.284606397151947 -0.08504023402929306
-0.770301103591919 1.1827317476272583 -0.963494062423706
0.5673882365226746 0.284606397151947 0.7740073800086975
-1.0627925395965576 0.284606397151947 0.09965421259403229
-0.25904133915901184 0.284606397151947 1.0546480417251587
-0.39693111181259155 0.284606397151947 1.5638576745986938
-0.015214462764561176 1.2051390409469604 -0.6877948045730591
-0.8558347225189209 1.0867987871170044 2.326789379119873
-1.3618146181106567 0.8602163195610046 -0.6534714102745056
-1.285042405128479 0.6675122976303101 1.6308344602584839
-0.09166871011257172 0.284606397151947 1.1999119520187378
-0.6731125712394714 0.284606397151947 0.8190358877182007
-1.9182307720184326 1.2145814895629883 1.2416698932647705
-0.4727936387062073 1.175549030303955 -0.956222414970398
0.587797999382019 1.2220022678375244 1.8354501724243164
-1.5892033576965332 0.9400821924209595 1.738639235496521
-0.04290108010172844 0.8407132029533386 2.2550649642944336
-0.5176421999931335 0.7930024266242981 2.6699953079223633
-1.877976655960083 0.661015510559082 0.4462774991989136
-1.546284794807434 1.2166985273361206 -0.5856093764305115
-1.6721326112747192 1.2144368886947632 -0.17076635360717773
-1.1724872589111328 0.284606397151947 0.6962154507637024
-1.6598750352859497 0.6567292213439941 1.3115818500518799
-1.399733304977417 1.2256741523742676 -0.3453432023525238
0.06897938996553421 1.1435389518737793 -0.8739078044891357
0.7526048421859741 1.2714431285858154 0.12161067128181458
-1.1551789045333862 1.212511658668518 2.03208327293396
-1.606052041053772 0.6603803038597107 -0.30310961604118347
0.7998482584953308 1.264277696609497 0.7209897041320801
0.8723443746566772 1.1846204996109009 1.0334988832473755
0.4215121567249298 1.1459722518920898 -0.6401886343955994
-1.844058632850647 1.2188434600830078 0.4812714755535126
-1.7286171913146973 1.2215824127197266 1.3540838956832886
-1.017188310623169 0.7741457223892212 -0.7425011992454529
0.5372840762138367 0.6473482847213745 -0.2572106719017029
0.6526243090629578 1.2981736660003662 1.178510069847107
-0.16262710094451904 0.9618028402328491 2.472771644592285
0.4164564311504364 0.614090621471405 1.6980061531066895
0.1909659206867218 0.7909525632858276 -0.6730391383171082
-1.0175737142562866 0.7903794646263123 1.803027629852295
-0.30282196402549744 1.2076365947723389 -0.7873687744140625
0.8429631590843201 1.1923213005065918 0.48594698309898376
-0.5046224594116211 0.6633195281028748 2.916658878326416
-0.9362533688545227 0.7333791851997375 2.0230472087860107
0.023504571989178658 0.6364062428474426 -0.7804486751556396
0.723761260509491 1.021334171295166 0.12907972931861877
-1.9269623756408691 1.2310500144958496 0.23219524323940277
-0.2809413969516754 1.0631661415100098 2.203441619873047
-1.6601632833480835 0.648720920085907 0.8614619970321655
-0.5511047840118408 0.6762491464614868 -0.7615126967430115
-1.9676839113235474 1.0502609014511108 0.7802913784980774
-1.846113920211792 1.024594783782959 -0.18448516726493835
-1.3204118013381958 0.9594359397888184 1.7072023153305054
-1.6563698053359985 0.934320330619812 1.4962259531021118
-1.854032278060913 0.8002190589904785 0.6709520816802979
-0.5550474524497986 0.284606397151947 1.4210618734359741
-1.8302972316741943 1.2062891721725464 1.0232330560684204
-0.6574795246124268 1.0109779834747314 2.5033371448516846
0.6209768652915955 1.2961738109588623 0.5385192036628723
-1.0380007028579712 0.284606397151947 -0.13578008115291595
-0.41014397144317627 0.284606397151947 0.41888028383255005
-0.9030192494392395 1.2307496070861816 1.9547433853149414
0.18456947803497314 0.284606397151947 0.8509390354156494
-0.5505540370941162 0.284606397151947 -0.00335768167860806
-1.3183681964874268 1.2307287454605103 1.6199121475219727
0.6449254751205444 1.2802108526229858 1.4095659255981445
-0.4368431568145752 1.057958960533142 2.3898210525512695
0.07279679924249649 0.284606397151947 1.0330075025558472
0.38393768668174744 1.1811901330947876 -0.37473538517951965
0.20883728563785553 0.8433606624603271 1.859827995300293
-0.5741836428642273 0.284606397151947 -0.4974328279495239
0.6152393817901611 1.2033686637878418 -0.17613807320594788
-1.868397831916809 1.2223550081253052 0.7204763293266296
-0.4547649025917053 0.8380557298660278 2.286256790161133
-0.12436910718679428 1.214332938194275 1.982972264289856
-0.995562732219696 1.2289906740188599 1.6919203996658325
-0.08004111051559448 0.8052787184715271 -0.6399033069610596
-1.4947062730789185 1.2545922994613647 1.391255497932434
-1.8235849142074585 1.031402349472046 0.33298221230506897
-0.6968995928764343 1.2324738502502441 1.741401195526123
-1.8358324766159058 0.8390984535217285 0.013623569160699844
0.10647416114807129 0.284606397151947 0.6601489186286926
-0.6304435133934021 1.1643531322479248 2.1287224292755127
-1.7999918460845947 0.744307816028595 1.1443243026733398
-0.36569952964782715 1.2179216146469116 1.9891616106033325
0.7170653939247131 0.8193131685256958 1.1580764055252075
-0.7544355988502502 0.6697933077812195 -0.6574202179908752
0.1298968493938446 1.2565739154815674 1.6756939888000488
-0.5381049513816833 0.284606397151947 0.1926039606332779
0.30358362197875977 0.8620948791503906 -0.3886393904685974
-1.3756914138793945 0.6690059900283813 -0.40838706493377686
-0.01914038509130478 0.6755779385566711 1.9040758609771729
-0.37014004588127136 0.284606397151947 -0.08523791283369064
-0.9395081996917725 0.284606397151947 0.6925939321517944
-1.4372566938400269 0.8703621625900269 1.4451204538345337
-1.3935531377792358 1.056510329246521 -0.4652724862098694
-0.6312471032142639 0.284606397151947 1.224561333656311
-0.6711410880088806 0.7001268267631531 1.89530348777771
-1.7072808742523193 1.2065404653549194 0.1514129489660263
0.5076637268066406 1.2605242729187012 0.25394147634506226
-0.8169687390327454 1.2166600227355957 -0.7170906662940979
-0.05291822552680969 0.6492820382118225 1.6755082607269287
-0.3724115490913391 0.284606397151947 0.738049328327179
-1.128876805305481 1.2267512083053589 -0.5737861394882202
0.6010522842407227 0.7999860048294067 -0.053256820887327194
0.6579331159591675 0.8964762687683105 0.8763151168823242
-1.5565834045410156 0.8551913499832153 -0.2316749393939972
-1.048365592956543 0.9395623803138733 1.593356966972351
-1.6840600967407227 0.7176721096038818 0.014678798615932465
-1.4019050598144531 1.2538378238677979 -0.0360158272087574
0.16365692019462585 1.1965092420578003 -0.5501421093940735
0.46597597002983093 0.284606397151947 0.6101480722427368
-0.8719453811645508 0.320770263671875 0.8971831798553467
-1.6358222961425781 0.9211670756340027 0.5723897814750671
0.2813878655433655 0.284606397151947 0.3110486567020416
0.37274497747421265 1.2287315130233765 -0.08468960225582123
0.4101530909538269 0.6692105531692505 1.4833438396453857
-0.12184926122426987 0.9114736914634705 1.8444106578826904
0.0021146603394299746 0.284606397151947 1.3552676439285278
-1.9126049280166626 0.9971675276756287 1.5255279541015625
-1.5448275804519653 1.2090708017349243 1.1351011991500854
-1.5413092374801636 0.729006826877594 1.1147962808609009
-1.1412129402160645 0.6894646286964417 -0.5729798674583435
-0.24990111589431763 0.9982383847236633 -0.6986785531044006
-1.7438381910324097 0.8794493079185486 0.9192540049552917
-0.4699682593345642 1.0457574129104614 1.8458648920059204
-1.9189749956130981 0.8501222729682922 1.2537727355957031
0.6922836303710938 0.8632350564002991 0.4446652829647064
0.6520017981529236 1.302398681640625 0.9127377271652222
-1.711237907409668 0.7655699253082275 0.3108357787132263
-0.505475640296936 1.2157734632492065 1.6315131187438965
-0.3069789707660675 0.6767476201057434 -0.6458396315574646
-0.4366069734096527 0.284606397151947 0.925460696220398
0.5339783430099487 0.6808595657348633 0.9308127164840698
0.3795212209224701 1.2810783386230469 1.4277937412261963
0.5299221873283386 0.6650823354721069 1.2724205255508423
-0.11806446313858032 0.284606397151947 0.2968335747718811
0.3201278746128082 0.284606397151947 0.12084808945655823
0.5085123777389526 1.2763491868972778 0.9147533178329468
0.35924360156059265 0.7363118529319763 -0.21712875366210938
-0.7221988439559937 0.6979506015777588 1.6869966983795166
-0.2469160407781601 1.1946383714675903 1.6338173151016235
-0.74616938829422 0.9593389630317688 1.920263409614563
-0.07964947074651718 1.2078218460083008 1.6348178386688232
-0.8573042750358582 0.30371278524398804 -0.26242831349372864
0.21759803593158722 1.2649824619293213 1.4954757690429688
-1.1437437534332275 0.2949131727218628 0.5366841554641724
0.5496282577514648 0.6964820623397827 0.27185559272766113
0.46149951219558716 0.9244080781936646 1.2152667045593262
-0.3474772870540619 0.7622541785240173 1.9974324703216553
-0.1758539080619812 0.3441654443740845 -0.39119482040405273
-0.44563740491867065 1.2585831880569458 -0.5250163674354553
0.4991544485092163 0.6530511379241943 0.4967099130153656
0.3672907054424286 0.6799868941307068 1.198245644569397
-1.5174447298049927 0.6851630806922913 0.0923663079738617
-0.005024212412536144 0.284606397151947 0.05987350270152092
0.11122767627239227 0.8954716920852661 1.6637767553329468
-0.00599004328250885 0.3789723217487335 1.224473476409912
0.21565592288970947 0.805107831954956 1.528809905052185
-0.37125924229621887 0.7633221745491028 1.789682149887085
-0.7958524227142334 0.3429996967315674 0.2680618464946747
-0.047472015023231506 0.35153934359550476 0.6460723876953125
-0.9650450348854065 0.6493315696716309 1.6875454187393188
0.1067085713148117 1.0335979461669922 -0.16388922929763794
-0.5616589784622192 0.9675094485282898 -0.6252034902572632
-1.3745514154434204 0.7658104300498962 1.3073089122772217
0.10282248258590698 0.7580598592758179 -0.4610801041126251
0.4075794219970703 0.6812833547592163 0.9561604857444763
-0.3628586232662201 0.6354960799217224 1.6430127620697021
-1.3106707334518433 0.5998261570930481 1.204119324684143
-0.3533421456813812 0.2908191382884979 0.20982854068279266
-0.4203512966632843 0.736825168132782 -0.49638059735298157
-1.1368906497955322 0.5996007323265076 -0.05335971340537071
-0.7412096261978149 1.2364422082901 -0.5093277096748352
0.09232491254806519 0.8028589487075806 1.415277123451233
-1.3149265050888062 0.7977676391601562 -0.2233734130859375
-0.5443025827407837 0.3347131609916687 1.0525729656219482
-0.08460623770952225 0.7064241170883179 -0.400001585483551
-1.098455548286438 0.7346550822257996 1.491729736328125
0.4398900270462036 0.736246645450592 0.03652828931808472
-1.5462546348571777 0.6835998892784119 0.4322766363620758
-1.4868096113204956 0.6283966898918152 0.6255984306335449
-0.17127074301242828 1.2623358964920044 -0.3376203179359436
0.14498552680015564 1.2744423151016235 -0.26714852452278137
0.41260600090026855 1.1885384321212769 1.15111243724823
-0.6099346280097961 1.2378913164138794 -0.19041456282138824
-0.8759995698928833 0.8129410743713379 -0.5121998190879822
-0.12068962305784225 0.8789063096046448 1.58758544921875
-1.0794358253479004 0.9602546095848083 -0.41453859210014343
-0.3303432762622833 1.278198480606079 -0.3406292200088501
-1.1369656324386597 0.6949234008789062 -0.29207515716552734
0.5512019395828247 0.9754781126976013 0.6731647849082947
-1.0852094888687134 1.1663488149642944 1.2914341688156128
-0.18552273511886597 0.4980737566947937 -0.1833091378211975
-1.4364839792251587 1.1750084161758423 0.05183880403637886
-0.15931139886379242 0.9155974388122559 -0.32405394315719604
-1.1475162506103516 1.2120033502578735 -0.26979443430900574
-0.9000102281570435 1.224064588546753 -0.3058300316333771
0.3167535662651062 0.4949950873851776 0.2506864070892334
-0.11074002832174301 1.2761324644088745 -0.1846253126859665
-0.6774978041648865 0.7224614024162292 -0.41978690028190613
0.41862353682518005 0.9100908041000366 0.2034849375486374
0.23143455386161804 1.2726383209228516 -0.0030186735093593597
-0.9481197595596313 0.7580844759941101 -0.22325822710990906
0.4676615595817566 0.7859491109848022 0.6538435220718384
-1.096359372138977 1.1717802286148071 -0.018634101375937462
-1.3477261066436768 0.7928638458251953 0.00020662695169448853
0.4282432496547699 1.2126235961914062 0.12722186744213104
-1.3641263246536255 0.6573867797851562 0.7484050393104553
0.25779831409454346 0.6371467709541321 -0.12742798030376434
0.47762611508369446 1.2087827920913696 0.4929129481315613
-0.45465078949928284 0.4823051989078522 1.384232521057129
-0.5573354363441467 0.9807000756263733 1.6259739398956299
-0.576589822769165 0.6259413957595825 -0.2867354452610016
-1.3886139392852783 1.0419318675994873 0.3276839554309845
-1.228147268295288 0.945444643497467 1.2192237377166748
-1.2877345085144043 1.1902756690979004 0.9844609498977661
-1.2536650896072388 1.2302439212799072 1.235917568206787
0.1258934736251831 0.8389766812324524 -0.11468994617462158
-0.8280456066131592 1.06221342086792 1.5526936054229736
-1.2189301252365112 0.96282958984375 0.1447400003671646
-0.38442450761795044 0.4956037998199463 0.8151028752326965
-0.8176069259643555 0.3779023289680481 0.6234785914421082
-0.03542815148830414 0.3313075304031372 0.9116804599761963
-1.4247490167617798 1.2512483596801758 0.7314529418945312
-1.3800787925720215 1.0300357341766357 0.7009817361831665
-1.3159501552581787 1.1970577239990234 0.526871919631958
-0.803933322429657 0.8986836671829224 -0.21153835952281952
-1.4985183477401733 1.241524577140808 0.33634716272354126
0.05544663593173027 0.5376451015472412 0.7555046081542969
-1.4340590238571167 0.9196701049804688 0.9654864072799683
-1.6082285642623901 1.2360275983810425 0.8453214764595032
-0.7882765531539917 0.4659070372581482 1.2246432304382324
-0.2689153552055359 0.3855903148651123 0.24278129637241364
-1.1399528980255127 1.2044247388839722 0.22713522613048553
-1.160651683807373 0.5378756523132324 0.3630800247192383
-0.43981313705444336 1.1142070293426514 -0.26041045784950256
-1.269845724105835 0.6891761422157288 0.1578214466571808
-0.753593385219574 0.6281263828277588 -0.05217597633600235
-0.9025588631629944 1.1996512413024902 -0.00468182098120451
-1.0261162519454956 1.2499431371688843 1.464061975479126
-0.08464913070201874 0.6144986748695374 1.3273316621780396
-1.3262240886688232 0.8211647868156433 0.4619913399219513
-1.0800042152404785 0.4849950075149536 1.110697865486145
-0.7003893256187439 1.1345925331115723 -0.1142071783542633
-0.8419032096862793 0.7764167785644531 0.2323203980922699
-0.23083488643169403 0.3398548662662506 0.5387628674507141
-0.35298609733581543 0.8905938863754272 1.566854476928711
0.13869217038154602 0.5646716356277466 0.2924107611179352
-0.4471529424190521 0.5531020164489746 0.537487804889679
-0.8051777482032776 0.34128472208976746 0.004567544907331467
-1.282181978225708 0.7167901396751404 0.8889553546905518
-0.7330231070518494 0.6927270293235779 1.4989638328552246
-0.39415162801742554 0.8652858734130859 -0.28672415018081665
-0.42672544717788696 0.6691205501556396 0.15232226252555847
-1.0196945667266846 0.7047656178474426 0.1732681691646576
-0.4980441927909851 0.29328668117523193 0.5977416038513184
0.2744429111480713 0.98298180103302 1.298830270767212
-1.088599443435669 0.7805909514427185 0.8788957595825195
-0.8155370950698853 0.5772399306297302 0.8136538863182068
-0.627752959728241 0.5006423592567444 0.726963460445404
-0.08003084361553192 0.7706836462020874 -0.1682211309671402
0.40858450531959534 0.9247251749038696 0.8236229419708252
-0.9635118246078491 0.6669657826423645 0.5114253759384155
0.3199155926704407 0.7892422080039978 0.47086355090141296
-0.25676196813583374 0.6627851128578186 1.2615118026733398
-0.4676770865917206 0.758577823638916 1.3369160890579224
-0.09650760143995285 0.8043828010559082 -0.03637681156396866
-0.27922752499580383 0.7998560667037964 -0.009516440331935883
-0.605459451675415 0.7766605019569397 -0.11153243482112885
-0.05617804452776909 0.7292097210884094 0.8926525115966797
0.2804833650588989 0.889920711517334 0.1817912459373474
-1.0641788244247437 0.7247765064239502 1.1866002082824707
-1.051844596862793 0.7982556819915771 0.6099557280540466
-0.25990402698516846 0.6420482993125916 0.9879710674285889
-0.008375909179449081 0.7141419053077698 0.1742197722196579
-0.6553344130516052 0.6005196571350098 0.39842307567596436
0.13563339412212372 0.9245465397834778 1.2430952787399292
-0.9204957485198975 0.7970744371414185 1.0717636346817017
0.013583429157733917 0.769082248210907 0.3581484854221344
0.18409910798072815 0.7081112861633301 0.928135871887207
-0.7884599566459656 0.7973743677139282 1.3569276332855225
0.14988422393798828 0.7331860661506653 0.6152198910713196
-0.07576502114534378 0.8241772651672363 1.0631173849105835
-0.5337859988212585 0.7824804186820984 0.14627254009246826
-0.41128191351890564 0.7789413928985596 1.1352777481079102
0.03402966260910034 0.8045620918273926 0.644019365310669
-0.6726443767547607 0.7876425385475159 1.1937694549560547
-0.18822446465492249 0.7626067399978638 0.2865230143070221
-0.4478253126144409 0.9200319647789001 0.3579520285129547
-0.6963468194007874 0.8298406004905701 1.0481241941452026
-0.8293284177780151 0.8119001984596252 0.4199967086315155
-0.3203018605709076 0.8349276781082153 0.31119218468666077
-0.7655280828475952 0.8464301824569702 0.5839954018592834
-0.8923330307006836 0.8165585994720459 0.7935476899147034
-0.5877345204353333 0.8170490860939026 0.29867586493492126
-0.0066598691046237946 0.8840892910957336 0.805124819278717
-0.34263113141059875 0.8615214228630066 1.0860618352890015
-0.1978968232870102 0.9273502230644226 0.9875311851501465
-0.08541896939277649 0.959476113319397 0.48204609751701355
-0.056815966963768005 0.862205445766449 0.48657283186912537
-0.6293741464614868 0.8815546631813049 0.9344428777694702
0.008890797384083271 2.3581058979034424 0.47807273268699646
-0.5096588134765625 0.9864940643310547 0.8939017653465271
-0.1804439127445221 2.1612212657928467 0.46133852005004883
-0.6736368536949158 0.9430415630340576 0.6460562348365784
-0.06583429872989655 2.2211833000183105 0.3128799498081207
-0.16979415714740753 1.023152470588684 0.8652956485748291
-0.32866543531417847 2.16849946975708 0.3173985481262207
-0.5432467460632324 1.0429900884628296 0.5550325512886047
-0.5256388783454895 2.226052761077881 0.3566281795501709
-0.1718767136335373 1.094871997833252 0.6499992609024048
-0.3609931468963623 2.1856956481933594 0.19266343116760254
-0.34110409021377563 3.0990524291992188 0.2461988478899002
-0.33198976516723633 2.153188943862915 0.45047450065612793
0.02612215280532837 2.539252519607544 0.289358526468277
-0.21921616792678833 2.2899701595306396 0.6520158052444458
-0.2852330207824707 1.0786248445510864 0.5244621634483337
-0.6449493169784546 2.529268980026245 0.5614954233169556
-0.5018503069877625 2.7820863723754883 0.2319316416978836
-0.18072587251663208 2.239222526550293 0.13499701023101807
-0.198592409491539 2.8720099925994873 0.22940686345100403
-0.6373319625854492 2.7600772380828857 0.5063167214393616
-0.2504565715789795 2.603900194168091 0.7321812510490417
-0.475933313369751 2.341668128967285 0.11057263612747192
-0.42383629083633423 2.885953426361084 0.8108704686164856
-1.4476455450057983 4.544726371765137 0.10366745293140411
-0.06909091770648956 2.853909730911255 0.6230409741401672
-0.060942601412534714 3.0402441024780273 0.4493575692176819
-0.10198413580656052 2.478736400604248 0.6793726682662964
-0.04788954555988312 2.7598485946655273 0.42660456895828247
-0.6155160665512085 2.3969359397888184 0.46832314133644104
-0.43589645624160767 2.31854248046875 0.6365686058998108
-0.5024964809417725 3.2257628440856934 0.3413408100605011
-0.14322815835475922 3.04695725440979 0.7625896334648132
-0.3265136480331421 2.7417263984680176 0.7623918652534485
-0.15797442197799683 2.4243571758270264 0.058524057269096375
-0.6042270064353943 2.963214159011841 0.34289979934692383
-0.24685458838939667 4.741477012634277 0.23866212368011475
-0.5701508522033691 2.528219223022461 0.16161523759365082
-0.6802104115486145 2.9934511184692383 0.5901686549186707
-1.398063063621521 4.342113494873047 0.23231302201747894
-0.24021151661872864 2.677706480026245 0.10246513038873672
-1.2358123064041138 4.321832656860352 0.20047475397586823
-1.3404067754745483 4.284692287445068 0.1117560863494873
-0.15591135621070862 4.764895439147949 0.06703273952007294
-0.12614805996418 3.2563107013702393 0.6735508441925049
-0.1851106882095337 3.265228271484375 0.4255926311016083
-0.44893863797187805 3.394841432571411 0.5935449600219727
0.003391316859051585 4.8560285568237305 0.3409351110458374
-0.049283161759376526 4.961366653442383 0.5088082551956177
-0.670001745223999 3.1898369789123535 0.576469898223877
-1.2798978090286255 4.263393878936768 0.03670832887291908
-0.4005596935749054 3.2230958938598633 0.7997580170631409
0.0775168240070343 4.905343532562256 0.0377335362136364
-1.2084752321243286 4.285675525665283 0.07264436781406403
-0.6769581437110901 4.9939141273498535 1.0323196649551392
-0.8269074559211731 5.103612899780273 1.2260079383850098
-0.7815824151039124 5.043039321899414 1.1742380857467651
-0.7289766669273376 5.23904275894165 1.16267728805542
-0.22672373056411743 4.810577869415283 0.46185457706451416
-0.01449026819318533 4.796498775482178 0.16304513812065125
-1.4253956079483032 4.334843158721924 0.10438050329685211
0.15689170360565186 5.027158260345459 0.19828318059444427
-0.8545194268226624 4.994753360748291 1.0511378049850464
-0.2600958049297333 4.962905406951904 0.6207212805747986
-0.44632381200790405 4.768830299377441 0.2989746332168579
-0.5371496081352234 3.0055601596832275 0.7896998524665833
0.09983213245868683 5.149300575256348 0.3840876519680023
-0.2595824599266052 4.767599582672119 -0.06586533784866333
-0.7155702710151672 4.999442100524902 0.7204365730285645
-0.7060354948043823 5.19054651260376 0.6089063286781311
-0.09800481796264648 4.972458839416504 -0.21371310949325562
-0.1321449875831604 5.22063684463501 -0.22203782200813293
0.07715451717376709 5.090546607971191 -0.09073047339916229
-0.49756044149398804 4.859117031097412 0.0984717383980751
-0.28089120984077454 4.902831554412842 -0.16484421491622925
-0.6606912016868591 4.9467267990112305 0.3723050057888031
-0.7577580213546753 5.266149044036865 0.537712037563324
-0.8918142914772034 5.163558483123779 1.2423830032348633
-0.39789628982543945 5.4762701988220215 0.09526068717241287
-0.4730982184410095 5.4753007888793945 0.44221773743629456
0.03863326832652092 5.334103584289551 0.11165131628513336
-0.4759487211704254 5.112555503845215 -0.14001525938510895
-0.071902334690094 5.251636505126953 0.4975067973136902
-0.3067873418331146 5.315168857574463 0.5973833799362183
-0.13934150338172913 5.4930291175842285 0.17140109837055206
-0.6021641492843628 4.939778804779053 0.5583586692810059
-0.5081222057342529 4.946535587310791 -0.0745963305234909
0.03692471608519554 6.139376163482666 0.6609532237052917
-0.29652005434036255 5.904115200042725 0.36455515027046204
-0.13256579637527466 5.601145267486572 0.3892267942428589
-0.5095369219779968 4.9586591720581055 0.6427212953567505
-0.1942460536956787 5.8333234786987305 0.20089158415794373
-0.16318978369235992 6.169965744018555 0.6553004384040833
-0.32630956172943115 6.426736831665039 0.6049635410308838
-0.641422688961029 4.945793628692627 0.18251687288284302
-0.31381678581237793 6.118818759918213 0.49358537793159485
-0.01808692142367363 5.769832611083984 0.37586161494255066
-0.3131607472896576 5.326591491699219 -0.05943613499403
-0.6495072245597839 5.255924224853516 0.24657592177391052
-0.017106464132666588 5.913118839263916 0.5308539271354675
-0.20826435089111328 6.090637683868408 0.22369036078453064
-0.09190625697374344 6.450967311859131 0.7591421008110046
-0.36100906133651733 6.465753555297852 0.30595481395721436
-0.08232271671295166 6.426537036895752 0.22549307346343994
-0.39592596888542175 6.67526912689209 0.38030171394348145
-0.08339865505695343 6.940089225769043 0.8117325305938721
-0.4220294952392578 6.720221042633057 0.5922292470932007
-0.2867780029773712 7.090819835662842 0.2742336094379425
0.15360592305660248 6.650350570678711 0.507966160774231
0.07588715851306915 5.995396137237549 0.3710485100746155
-0.06030401960015297 6.9402971267700195 0.2804417312145233
0.03084668517112732 6.615333080291748 0.731124758720398
-0.2233952134847641 6.778482437133789 0.728879988193512
0.1124357208609581 6.861164093017578 0.6368640661239624
0.1606173813343048 6.154167175292969 0.5367121696472168
0.17339274287223816 6.35801887512207 0.5963968634605408
0.06291946768760681 6.825912952423096 0.3783215880393982
-0.3898170590400696 7.243826866149902 0.37864595651626587
-0.42237815260887146 6.980053901672363 0.6121770739555359
-0.27537786960601807 6.86007833480835 0.261648952960968
-0.14093570411205292 7.47127103805542 0.7562732696533203
0.18152888119220734 6.318872451782227 0.36807698011398315
-0.2641361355781555 6.3618483543396 0.26222676038742065
-0.898783266544342 8.155831336975098 0.37980833649635315
-0.5859596729278564 8.095342636108398 0.5517361760139465
-0.4169316291809082 7.0048699378967285 0.8085170984268188
-0.5251654982566833 7.996700763702393 0.45267024636268616
-0.25835442543029785 7.22248649597168 0.8825982213020325
-0.6799488663673401 8.092645645141602 0.22460970282554626
-0.5370023250579834 7.1885528564453125 0.6489431858062744
-0.01930650696158409 7.161951065063477 0.47589612007141113
-0.4249607026576996 7.756434917449951 0.6518617272377014
-0.5243443846702576 7.338480472564697 0.5850309729576111
-0.40165379643440247 7.169608116149902 0.8334780931472778
-0.25126922130584717 7.687964916229248 0.599367618560791
-0.42815548181533813 7.539187431335449 0.48510414361953735
-0.5212873816490173 8.320024490356445 0.2589244842529297
-1.029866099357605 8.346818923950195 0.3383736312389374
-0.6622439622879028 8.16672134399414 0.2061271071434021
-0.45860379934310913 8.315047264099121 0.546032726764679
-0.1420576572418213 7.445564270019531 0.46782365441322327
-0.906682014465332 8.29699420928955 0.16899552941322327
0.12395218014717102 9.030121803283691 0.5794464945793152
-0.45230963826179504 8.081472396850586 0.45716822147369385
-0.8983767032623291 8.50987434387207 0.5372074246406555
-0.6584487557411194 9.047186851501465 0.6608689427375793
-0.06849050521850586 8.986148834228516 0.5415273308753967
-0.43225133419036865 9.160557746887207 0.9699170589447021
-1.1496355533599854 8.471988677978516 0.2606161832809448
0.02757517248392105 8.848488807678223 0.5794553756713867
-0.5600717663764954 8.597490310668945 0.40469565987586975
-0.42914697527885437 9.108454704284668 0.979192316532135
-0.7571245431900024 8.487510681152344 0.09289855509996414
-0.7365269660949707 8.485612869262695 0.5662444829940796
-0.042779721319675446 9.0675687789917 0.3803252875804901
-1.0572980642318726 8.702269554138184 0.2315688133239746
0.06416130065917969 8.896035194396973 0.45082658529281616
0.040625885128974915 8.875530242919922 0.3877570331096649
-1.0664241313934326 9.010544776916504 0.22804397344589233
-0.67668217420578 9.415332794189453 0.9359903335571289
-0.774724006652832 8.805563926696777 0.34797102212905884
-0.808783769607544 8.657729148864746 0.06212804093956947
-0.6788870692253113 9.046879768371582 1.0202852487564087
-0.8852580189704895 8.787647247314453 0.08505339920520782
0.1368645578622818 9.348552703857422 0.2947773337364197
-0.6186644434928894 9.042080879211426 1.032304286956787
0.345196932554245 9.61147689819336 0.1476193219423294
0.12408380210399628 9.3849458694458 0.2755213677883148
-0.6200923919677734 9.042780876159668 0.7905075550079346
-0.026415903121232986 9.49134635925293 0.46390652656555176
-0.9756737947463989 9.432099342346191 1.0443618297576904
-1.1571500301361084 9.134366035461426 0.20963391661643982
-0.8145279288291931 9.144919395446777 0.30758538842201233
-0.87110835313797 9.557756423950195 0.8743017911911011
-1.0624767541885376 9.323765754699707 0.18772634863853455
0.023218635469675064 9.411492347717285 0.5061825513839722
-0.9059468507766724 9.298809051513672 0.9792965054512024
-0.8454380631446838 9.31818675994873 0.915709376335144
-0.8588438630104065 9.40043830871582 0.31730595231056213
-0.9399846792221069 9.50101375579834 0.19708658754825592
0.0478370264172554 9.400327682495117 0.11545766890048981
-0.8399661779403687 9.402904510498047 0.530552327632904
0.090639628469944 9.798699378967285 0.554190456867218
0.13771016895771027 9.630306243896484 0.03263172507286072
0.1974189579486847 9.575855255126953 -0.013513751327991486
0.0544724315404892 9.62351131439209 0.18334531784057617
0.34556010365486145 10.028827667236328 0.6045495271682739
-0.7668748497962952 9.686800956726074 0.27555957436561584
-0.9843054413795471 9.510584831237793 0.8604367971420288
0.040184736251831055 9.791691780090332 0.5067184567451477
-0.8632867932319641 9.994415283203125 0.08582920581102371
-0.07522561401128769 10.241435050964355 0.6721180081367493
-0.9979923963546753 9.853379249572754 0.13360373675823212
-0.9337003231048584 9.744211196899414 0.21024292707443237
0.23865005373954773 9.73774528503418 0.4268682301044464
-0.755409300327301 10.181211471557617 0.16848258674144745
-0.8393015265464783 10.248082160949707 0.032960593700408936
-0.5963914394378662 10.344151496887207 0.9987761974334717
-0.08576205372810364 10.38497257232666 0.8849673867225647
-0.5330255031585693 10.377687454223633 0.7544431090354919
0.23719874024391174 10.50472640991211 0.6366940140724182
-1.3646326065063477 10.635998725891113 -0.34547924995422363
-0.42545950412750244 10.647232055664062 0.3418029546737671
0.24192208051681519 10.347965240478516 0.67826908826828
0.004695449955761433 10.477640151977539 0.8566086888313293
0.19691555202007294 10.382246971130371 0.5879798531532288
0.35376226902008057 10.61032772064209 0.6521058678627014
0.40433284640312195 10.606755256652832 -0.21027317643165588
-0.9066789746284485 10.572656631469727 0.876625657081604
-0.8892457485198975 10.620689392089844 0.7990603446960449
-0.6874914169311523 10.651308059692383 -0.029811367392539978
0.12871189415454865 10.712696075439453 0.7465124130249023
-0.5123528242111206 10.769003868103027 0.24162885546684265
-0.6705021858215332 10.530324935913086 0.9234411716461182
0.16815195977687836 10.811123847961426 1.0266395807266235
-0.5218831896781921 10.770995140075684 0.11466842144727707
-1.0828899145126343 10.771260261535645 0.8499919772148132
-0.9559449553489685 10.846264839172363 0.8858826160430908
-0.6474012136459351 10.863274574279785 0.18069368600845337
-0.12246382236480713 10.865418434143066 0.6770302057266235
-0.03080516867339611 10.87077808380127 0.7100588083267212
-1.3063071966171265 10.943419456481934 -0.3036695718765259
0.24953880906105042 10.841259956359863 0.9034409523010254
-0.8733503222465515 10.828524589538574 0.7432145476341248
-0.4506828784942627 11.01856517791748 0.4568728804588318
0.3412174582481384 11.104133605957031 0.3864179849624634
-0.896872341632843 10.967287063598633 -0.16520068049430847
0.153617724776268 11.060467720031738 0.6523889899253845
-0.27638381719589233 11.135540008544922 0.4098411202430725
0.29346203804016113 11.127944946289062 0.8106188178062439
-0.8302725553512573 11.074042320251465 1.0260690450668335
-0.8139114379882812 11.17855167388916 -0.06776448339223862
0.2697378695011139 11.225507736206055 -0.3635469675064087
0.1842246651649475 11.23674201965332 0.6026846766471863
0.15548600256443024 11.16649341583252 1.299930453300476
0.4211307764053345 11.235153198242188 0.879240095615387
-0.5085036158561707 11.324399948120117 0.9912003874778748
-1.1467301845550537 11.224332809448242 0.8790004849433899
0.27622824907302856 11.263172149658203 0.38231444358825684
-0.5318185687065125 11.331571578979492 0.5811405181884766
-0.668826162815094 11.374222755432129 0.23357291519641876
-0.20837461948394775 11.423422813415527 1.2434208393096924
-1.3427128791809082 11.404218673706055 1.3854482173919678
-0.3822218179702759 11.363668441772461 0.6785875558853149
-0.4609767198562622 11.4190034866333 1.2469745874404907
0.45595961809158325 11.435052871704102 -0.2645244598388672
-0.5153457522392273 11.492199897766113 0.9352708458900452
0.43181005120277405 11.499795913696289 0.6068097352981567
-1.2313166856765747 11.492048263549805 -0.3135091960430145
-0.4568096101284027 11.503362655639648 1.3641035556793213
0.12850046157836914 11.524087905883789 -0.03405405580997467
-1.1198171377182007 11.528413772583008 0.455387681722641
-0.7831665277481079 11.54658317565918 0.8085938692092896
-0.2483036071062088 11.5582275390625 0.8678061366081238
-0.7817478775978088 11.57765007019043 -0.5033187866210938
-0.4929429292678833 11.580373764038086 0.06955526769161224
