433
-1.597527265548706 0.5106639266014099 1.0860967636108398
-1.5386338233947754 0.5077275037765503 -0.11939803510904312
-1.1231058835983276 0.3896755576133728 0.47934070229530334
0.3043823838233948 0.623711347579956 0.13311073184013367
-1.6224982738494873 0.6345488429069519 0.1775212287902832
-0.8963922262191772 0.49824148416519165 -0.8685691356658936
-0.2436324656009674 0.35262545943260193 0.5374665856361389
-1.6267560720443726 0.5367041826248169 1.296195149421692
-0.6054844856262207 0.32974982261657715 -0.6987475752830505
-0.5717710852622986 0.8004910349845886 -0.8386797308921814
0.5113701820373535 0.5339688658714294 -0.22787940502166748
-1.9032502174377441 0.40509334206581116 -0.2047923356294632
-1.595707893371582 0.3420483469963074 0.4187681972980499
-1.9029498100280762 0.5767366290092468 -0.04688990116119385
-1.2507158517837524 0.5454220771789551 1.1836737394332886
-1.9470279216766357 0.35778042674064636 0.16647915542125702
-1.9122737646102905 0.6250007152557373 0.330581396818161
0.12108968943357468 0.5368282794952393 -0.258381724357605
-0.5919160842895508 0.7508199214935303 -0.6915194392204285
-1.4697089195251465 0.4197629392147064 0.69880211353302
0.061678364872932434 0.3867010474205017 0.8178479671478271
0.6300186514854431 0.3997725546360016 -0.2779908776283264
0.7599576115608215 0.5046831369400024 -0.1010979488492012
-2.088930130004883 0.47043856978416443 0.12725719809532166
-0.7576711773872375 0.32085832953453064 0.7760330438613892
0.017961546778678894 0.4647902250289917 -0.5705888271331787
-1.4168800115585327 0.3185604214668274 1.610703706741333
-2.0829172134399414 0.4636062681674957 0.10295304656028748
0.6485042572021484 0.5212370753288269 -0.44556325674057007
-0.9722221493721008 0.4272441864013672 0.9035213589668274
-0.6726725697517395 0.5486832857131958 -0.9109096527099609
0.5065436959266663 0.579224169254303 0.7966100573539734
0.4061920940876007 0.6392198801040649 0.8183702230453491
-1.2225724458694458 0.6559687852859497 0.9400243759155273
-1.274836778640747 0.4071582555770874 0.9275935888290405
-1.0768694877624512 0.5379237532615662 1.5316283702850342
0.4746232330799103 0.5813831686973572 -0.06244543567299843
-1.8740036487579346 0.31546756625175476 -0.19476652145385742
0.4929194450378418 0.4862811863422394 -0.5488801002502441
-1.4339407682418823 0.3384968042373657 -0.1701933741569519
-1.372861623764038 0.6295408606529236 1.4542909860610962
0.48274797201156616 0.33766233921051025 0.7849424481391907
-0.7880226373672485 0.42673826217651367 -0.7333235144615173
0.3573148548603058 0.2912095785140991 1.0724005699157715
-0.5099508166313171 0.3390307128429413 -0.656434178352356
0.14775677025318146 0.4551858603954315 -0.593941330909729
-1.2781895399093628 0.7853765487670898 1.0150022506713867
-1.6019361019134521 0.474930077791214 0.535169780254364
-0.341859370470047 0.3401193916797638 0.17088086903095245
-1.0147939920425415 0.5611542463302612 -0.053622085601091385
-1.254189372062683 0.8846647143363953 -0.15326429903507233
-0.3392890989780426 0.3028757572174072 0.24524278938770294
-0.5101098418235779 0.4463532865047455 -0.22022005915641785
-1.369504690170288 0.7498260736465454 1.2156767845153809
-0.6404745578765869 0.6658174395561218 0.10639800131320953
0.60652756690979 0.5606058835983276 1.5799661874771118
-0.686938464641571 0.48701295256614685 0.5959590673446655
0.1512289196252823 0.3775177299976349 -0.037421826273202896
-1.0346192121505737 0.4820151627063751 -0.8270012736320496
-2.114368200302124 0.2959785759449005 0.31652840971946716
-0.6975352764129639 0.7158474922180176 -0.09762497246265411
-0.21140263974666595 0.42937129735946655 -0.14161936938762665
-0.6275435090065002 0.9052106142044067 -0.5471176505088806
-1.1053047180175781 0.41122347116470337 -0.6965896487236023
-1.4544917345046997 0.3199322521686554 1.5542949438095093
-1.4189574718475342 0.35108309984207153 -0.39689499139785767
0.7328898310661316 1.2967084646224976 1.345353364944458
-1.6923942565917969 0.5409472584724426 1.251649022102356
-1.1773892641067505 0.3187488317489624 1.4217480421066284
0.43876147270202637 0.3838996887207031 0.4494609236717224
-0.14539280533790588 0.7855404019355774 1.650977373123169
-1.4637634754180908 0.3113129734992981 0.13535146415233612
-0.43957704305648804 0.7209911942481995 -0.5135642290115356
0.28841841220855713 0.5000931620597839 0.8399866819381714
0.6578047275543213 1.0802242755889893 1.1428754329681396
-1.7057772874832153 0.6258893013000488 1.0730458498001099
0.7361290454864502 1.3699842691421509 1.1592700481414795
0.6095645427703857 1.4497008323669434 1.2198189496994019
-0.7965245246887207 0.9456013441085815 -0.7151938676834106
-0.7181252241134644 0.47367918491363525 0.30530524253845215
0.6894583702087402 1.428073525428772 1.1161584854125977
0.2480345368385315 0.4195343554019928 0.6169126033782959
-0.9724962115287781 0.4398868680000305 0.5654802918434143
-1.3811854124069214 0.3318338692188263 0.43728703260421753
-0.6842620372772217 0.9251754879951477 1.5666078329086304
0.2597750723361969 0.3002581298351288 0.17995835840702057
0.5597618222236633 1.2093548774719238 1.2379274368286133
-2.0619211196899414 0.32424286007881165 0.540459394454956
-1.0198196172714233 1.1277925968170166 -0.5159010887145996
-0.5235143303871155 0.29310035705566406 -0.060764506459236145
0.8127245903015137 1.1366921663284302 1.2275501489639282
-0.016470078378915787 0.4446457624435425 0.33010873198509216
0.07334146648645401 0.8659663796424866 1.560043215751648
-0.34030085802078247 0.7395931482315063 -0.4323490560054779
-1.1432805061340332 0.8410156965255737 -0.6956117749214172
-0.7572648525238037 0.7334643006324768 -0.4281992018222809
-1.7574701309204102 0.6910854578018188 0.5966599583625793
-0.46222415566444397 0.9868573546409607 -0.13804668188095093
-0.011894512921571732 1.0000827312469482 0.5270140767097473
0.01219136267900467 0.9774358868598938 1.5854607820510864
-0.8479671478271484 0.8366069793701172 1.58956778049469
-0.7742170095443726 1.1050735712051392 -0.511114239692688
-0.7268904447555542 1.0863372087478638 1.4845921993255615
-0.4191838502883911 1.3199901580810547 0.5448576211929321
-1.6695632934570312 0.5958294868469238 0.9032877087593079
-0.347304105758667 0.9243014454841614 1.6148974895477295
0.599978506565094 0.32597804069519043 0.45981818437576294
-1.6435637474060059 0.5100052952766418 1.4938452243804932
-1.2432633638381958 0.931515634059906 0.7398059964179993
0.6771706938743591 1.1464568376541138 1.0812820196151733
-1.2919981479644775 0.7608122229576111 -0.5184761881828308
-1.2143313884735107 0.5952513217926025 0.7092396020889282
-0.013733933679759502 0.42666471004486084 -0.33621692657470703
-0.5282461047172546 1.0212798118591309 1.596910834312439
0.13173604011535645 0.9070276618003845 1.2499791383743286
-1.9075050354003906 0.7868753671646118 0.5584140419960022
-0.3165048658847809 0.39533731341362 0.4063345193862915
-1.3060318231582642 0.6216548681259155 0.12743934988975525
0.762127161026001 0.5053919553756714 0.2048158049583435
-0.8831431865692139 0.33869338035583496 0.34649839997291565
-0.8540583252906799 0.7535223364830017 1.1684463024139404
-1.5272481441497803 0.6256324648857117 -0.3147484362125397
-1.094201922416687 0.7506596446037292 -0.5162873864173889
-1.7915151119232178 0.7132751941680908 0.7967436909675598
0.586210310459137 0.45809972286224365 0.31455129384994507
0.01829369366168976 0.3882649540901184 0.7464994788169861
-0.5602517127990723 0.5175429582595825 0.8149275183677673
-0.6372101902961731 0.3661292493343353 -0.17261920869350433
-1.057967185974121 0.46860960125923157 -0.005479416344314814
-1.1602845191955566 0.547451913356781 0.20038698613643646
-0.7107830047607422 0.6868710517883301 1.1362348794937134
-0.2927401661872864 0.5480486750602722 -0.19778001308441162
-1.213209867477417 0.8176456689834595 -0.22462710738182068
0.7896400690078735 0.31673455238342285 -0.3208066523075104
-0.07744451612234116 0.5780984163284302 0.9449301958084106
0.7743890285491943 0.3524499237537384 0.12319972366094589
-0.9105083346366882 0.5819728970527649 0.9400423765182495
-0.35676008462905884 0.668463408946991 0.18356464803218842
-0.4814247190952301 1.5130019187927246 0.7165340781211853
0.29253286123275757 0.4223882257938385 -0.6389721035957336
0.6276761293411255 0.4262402057647705 0.340618371963501
0.008957033976912498 0.6478778123855591 0.3040488362312317
0.7002789378166199 0.4793345332145691 -0.24675793945789337
-0.5057557225227356 0.417601078748703 0.41880616545677185
0.6301884651184082 0.48346489667892456 0.11512864381074905
0.23506444692611694 0.306732177734375 -0.7032082080841064
-0.057714369148015976 0.43593084812164307 -0.5501253008842468
-0.06873771548271179 1.5168461799621582 0.9257162809371948
-0.1859387308359146 0.37515896558761597 -0.4677632451057434
0.2955102026462555 0.5865053534507751 -0.39959198236465454
0.35655397176742554 0.6225625872612 -0.08705402165651321
-0.18935298919677734 0.5978686213493347 0.5085775852203369
0.213160902261734 1.3618242740631104 0.5185311436653137
-0.2367376685142517 0.44921499490737915 0.5793547630310059
0.08749024569988251 1.3418766260147095 0.7352979183197021
0.15973614156246185 0.31933003664016724 0.524864673614502
-0.053872305899858475 0.3231655955314636 0.1356607973575592
-0.4543006122112274 1.7737815380096436 0.5626734495162964
-0.48325541615486145 1.6846410036087036 0.3104470372200012
0.2261885553598404 0.5839768052101135 0.5709500312805176
-0.07650843262672424 1.2225366830825806 0.6861144304275513
-0.34972766041755676 1.3408130407333374 0.7738330960273743
-0.3440450429916382 1.3681554794311523 0.2361694872379303
-0.10453768819570541 0.6719092726707458 -0.2506691515445709
0.18560311198234558 1.5330228805541992 0.7663534283638
-0.2643224895000458 1.2285515069961548 0.6414546370506287
-0.1441008448600769 1.3479738235473633 0.8608354330062866
0.05003315955400467 0.6534437537193298 -0.01876293495297432
0.05317287892103195 1.2422584295272827 0.5036469101905823
0.3040321469306946 0.6137272119522095 0.27289310097694397
-0.09591076523065567 1.3071919679641724 0.19525109231472015
-0.25295817852020264 1.2292604446411133 0.38330239057540894
-0.35564109683036804 1.638392686843872 0.85506272315979
-0.1454668790102005 1.788339614868164 0.8872671127319336
0.126952663064003 1.3601328134536743 0.2688140869140625
0.2969784438610077 1.567730188369751 0.4885932505130768
-0.052582573145627975 1.6383605003356934 0.030880844220519066
0.15933604538440704 1.5046913623809814 0.15465500950813293
-0.5074009299278259 1.510683536529541 0.41408810019493103
-1.1944628953933716 3.122178792953491 0.3861897587776184
0.2534013092517853 1.6727279424667358 0.20826779305934906
-0.3959304988384247 1.2958589792251587 0.47282537817955017
0.22992947697639465 1.7876203060150146 0.6544570922851562
0.15320591628551483 2.0119214057922363 0.5586597323417664
-0.30696427822113037 1.880805253982544 0.13075099885463715
-0.9234905242919922 3.048246145248413 0.1389654129743576
-0.31209471821784973 1.6499907970428467 0.08706419914960861
-0.2720130980014801 1.926417589187622 0.6110643148422241
0.06943726539611816 1.7997708320617676 0.8270987868309021
0.18791629374027252 1.9171139001846313 0.17100195586681366
0.30694580078125 1.8084609508514404 0.40802985429763794
-0.16796334087848663 1.4626595973968506 0.07248283922672272
-0.021205628290772438 1.8463480472564697 0.026158876717090607
-0.052953049540519714 1.2055937051773071 0.36011412739753723
-0.7574136853218079 3.1205146312713623 0.11004546284675598
-1.0265257358551025 3.0294272899627686 0.25650355219841003
-0.9910528659820557 3.0999796390533447 0.4766596555709839
-0.5453312993049622 3.2712576389312744 1.0952223539352417
-1.1662731170654297 3.2666568756103516 0.5223586559295654
-0.08683838695287704 2.076949119567871 0.5266171097755432
-1.2969698905944824 3.234797716140747 0.20461422204971313
-1.1639833450317383 3.084277868270874 0.15199637413024902
-0.4512215256690979 3.2817394733428955 0.9837592244148254
-0.2613626718521118 2.0217907428741455 0.31433549523353577
-0.7117580771446228 3.317172050476074 1.07310152053833
-0.6030584573745728 3.426570415496826 1.3252688646316528
-0.8661127090454102 3.2299818992614746 0.554366409778595
-0.38073626160621643 3.3449628353118896 1.217423915863037
-0.3155589699745178 3.41377329826355 1.0140475034713745
-0.7245014905929565 3.593583106994629 1.1661158800125122
-1.159433364868164 3.4812986850738525 0.4679155647754669
0.031147923320531845 2.0923304557800293 0.25601646304130554
-0.5619089603424072 3.2924187183380127 1.2381892204284668
-0.9763454794883728 3.1667492389678955 -0.040451906621456146
-1.1665456295013428 3.246548652648926 -0.02134101837873459
-0.2980816662311554 4.904232501983643 0.7337440252304077
-0.22177323698997498 4.592508316040039 0.5723235607147217
-0.38984233140945435 4.595358848571777 0.30815809965133667
-0.10874232649803162 4.880796909332275 -0.05708225071430206
-0.4741382598876953 3.6098504066467285 0.8887267112731934
-0.5866270065307617 3.2976279258728027 0.8902837038040161
-0.8095049262046814 3.5483837127685547 0.2056286334991455
-0.2753961384296417 4.62918758392334 0.1442694514989853
-0.5582892894744873 4.855978012084961 0.45371586084365845
-0.7001007199287415 3.2747719287872314 0.07457969337701797
-1.2233346700668335 3.4838144779205322 0.08564195781946182
-0.45446354150772095 4.760763168334961 0.17599639296531677
-0.45322325825691223 4.705759048461914 0.5072591304779053
-1.0432853698730469 3.613837957382202 0.3042290210723877
-0.8941980004310608 3.4113478660583496 -0.05916932597756386
-0.35689419507980347 3.5761961936950684 1.2474969625473022
-0.03501443192362785 4.703680515289307 -0.015223247930407524
-0.719501256942749 3.2785484790802 0.435699999332428
0.182402566075325 4.6655731201171875 0.14088048040866852
-0.7479187846183777 3.412079334259033 0.8551945090293884
-0.8127429485321045 3.074467420578003 0.32083338499069214
0.03219036012887955 4.555190563201904 0.1332128494977951
0.13253115117549896 4.586386203765869 0.3429027497768402
-0.042431943118572235 4.888004779815674 0.7025944590568542
0.24642439186573029 4.7643022537231445 0.35883137583732605
0.01861271820962429 4.554549694061279 0.447340190410614
-0.2596151828765869 4.528067111968994 0.31395503878593445
-0.14083769917488098 4.506830215454102 0.38868027925491333
-0.8072490096092224 5.706257343292236 1.2141010761260986
-0.2902585566043854 5.032085418701172 0.034256502985954285
-0.23771898448467255 4.697700500488281 0.6769254207611084
-0.5673502683639526 5.045441627502441 0.4259035289287567
0.17075559496879578 4.87346076965332 0.04550553113222122
-0.9873654842376709 5.617956638336182 1.0721685886383057
-0.3628307580947876 6.080394268035889 0.4550493061542511
-0.8503042459487915 5.5092010498046875 1.0706958770751953
-0.43159592151641846 5.131574630737305 0.24290654063224792
0.08314376324415207 4.903674602508545 0.6107038855552673
-0.7575840950012207 5.540892601013184 1.165772795677185
-0.2783827781677246 6.127177715301514 0.3562606871128082
-0.26266220211982727 5.1884989738464355 0.47802066802978516
-1.2626464366912842 5.692659854888916 -0.4012550711631775
-0.3143181800842285 5.098997592926025 0.6540043354034424
-1.3063839673995972 5.6673455238342285 -0.4258212149143219
-0.8905487060546875 5.563380241394043 1.12155020236969
-0.47913578152656555 6.129260063171387 0.5163002014160156
-0.7792340517044067 5.542265892028809 1.0791640281677246
-0.3095904290676117 6.097516059875488 0.5307973623275757
-0.243424654006958 6.682689189910889 0.177458718419075
0.10486959666013718 5.067458629608154 0.21309635043144226
-0.07125415652990341 6.639673709869385 0.7177481651306152
-0.588986337184906 6.239957809448242 0.5294625759124756
-0.13449254631996155 6.177724361419678 0.5523146986961365
-0.08941477537155151 6.433600425720215 0.6996169686317444
-0.2480781376361847 6.321425914764404 0.21944813430309296
-0.005549812689423561 6.431037425994873 0.3014293611049652
-0.2870790958404541 6.280493259429932 0.7289525270462036
0.18738125264644623 4.93260383605957 0.4870653450489044
0.025283999741077423 6.375753879547119 0.42346006631851196
0.04891767352819443 6.649157524108887 0.3944031000137329
-0.5742408037185669 6.702802658081055 0.42252063751220703
-0.15966595709323883 5.190805912017822 0.216880202293396
-0.323138952255249 6.511115550994873 0.17114213109016418
-0.5609409213066101 6.391017436981201 0.331790953874588
-0.3639105260372162 6.6233367919921875 0.7997499108314514
-0.45361393690109253 6.89569616317749 0.3166685700416565
-0.6002256870269775 6.520325660705566 0.5675560235977173
-0.20009276270866394 6.951174736022949 0.2508505582809448
-0.03745897859334946 6.842930793762207 0.3813380300998688
-0.1256243735551834 6.807308673858643 0.8238112926483154
-0.16277314722537994 6.275350093841553 0.10100358724594116
-0.7862325310707092 6.908740997314453 0.05291733890771866
-0.13302095234394073 7.232395172119141 0.471102237701416
-0.09682085365056992 7.094737529754639 0.829846203327179
-0.4065813422203064 7.203420162200928 0.36870333552360535
-0.05062025412917137 6.9842095375061035 0.6614879369735718
-0.5446359515190125 6.875711441040039 0.621846616268158
-0.41534852981567383 6.44702672958374 0.7659159302711487
-0.6138606667518616 7.149046897888184 0.7287214994430542
-0.39810889959335327 7.197536468505859 0.9915961623191833
-0.5781232118606567 7.190903186798096 0.5540184378623962
-0.5106958746910095 7.034603595733643 0.8654610514640808
-0.4956805109977722 7.532341957092285 0.5087284445762634
-0.34760525822639465 7.514559745788574 1.0012187957763672
-0.3611340820789337 6.894484996795654 0.8577596545219421
-0.18779253959655762 7.529257297515869 0.5430036783218384
-0.2290487438440323 7.294185161590576 0.9989032745361328
-0.305046021938324 7.322654724121094 0.3745449185371399
-0.4098087251186371 7.82390022277832 0.38601377606391907
-0.4918442964553833 8.011556625366211 0.238836869597435
-0.27140188217163086 8.11991024017334 0.3727210462093353
-0.5915303826332092 7.624363422393799 0.664190948009491
-0.5647053122520447 8.27414608001709 0.10671111941337585
-0.1074802353978157 7.376092433929443 0.8437472581863403
-0.4310363531112671 8.265068054199219 0.12119807302951813
-0.7095041871070862 8.217596054077148 0.19459258019924164
-0.6195901036262512 7.995458126068115 0.36318761110305786
-0.5687497854232788 7.455910682678223 0.8637967705726624
-0.1573079377412796 7.811598300933838 0.6030399203300476
-0.08459196239709854 7.543332576751709 0.7449631094932556
-0.32431507110595703 7.757584095001221 0.9733489751815796
-0.38525137305259705 8.55808162689209 0.05285658687353134
-0.5489126443862915 7.903873920440674 0.8623085021972656
-0.5258017778396606 7.806753635406494 0.9236931800842285
-0.25344905257225037 8.113064765930176 0.7493016719818115
-0.490738183259964 8.154093742370605 0.8889508247375488
-0.7303685545921326 8.09229564666748 0.3973405063152313
-0.31809940934181213 8.393071174621582 0.38083332777023315
-0.29746317863464355 7.915866851806641 0.53525310754776
-0.3001217246055603 8.700180053710938 0.09202362596988678
-0.5515060424804688 8.598250389099121 -0.0399739071726799
-0.35462772846221924 8.65836238861084 0.4521366059780121
-0.7407244443893433 8.270429611206055 0.6829338669776917
-0.7908560037612915 8.135220527648926 0.6094898581504822
-0.6970463395118713 9.120888710021973 0.9390090703964233
-0.6189597845077515 9.010025024414062 0.9654784202575684
-0.8254791498184204 8.379988670349121 0.21657821536064148
-0.8003523349761963 8.624409675598145 0.3770115375518799
-0.4067941904067993 8.890036582946777 -0.018357407301664352
-0.8109630942344666 8.744081497192383 0.48942264914512634
-0.46655458211898804 8.37745475769043 0.8041877150535583
-0.26255863904953003 8.89091968536377 -0.002860674634575844
-0.7293282151222229 8.491789817810059 0.7150965929031372
-0.7094990611076355 8.631640434265137 0.12053772807121277
-0.3334329128265381 9.208992004394531 0.08447768539190292
0.02990732528269291 9.718537330627441 0.679156482219696
-0.5249250531196594 8.67055892944336 0.7116138935089111
-0.6328454613685608 8.623098373413086 0.8478748798370361
-0.9782342910766602 9.661792755126953 0.41763848066329956
-0.995768129825592 9.657795906066895 0.3641652464866638
0.09014429152011871 9.6858549118042 0.7709115147590637
-0.5286458730697632 9.041769981384277 0.9424310326576233
-0.09841959923505783 9.492056846618652 0.28117382526397705
-0.21089398860931396 9.025890350341797 -0.012894350104033947
-0.08576978743076324 9.674591064453125 0.9164244532585144
0.032392386347055435 9.196521759033203 0.018148846924304962
-1.183051347732544 10.040010452270508 0.2553340196609497
-0.09406872093677521 9.139482498168945 0.05506940931081772
-0.7460457682609558 8.946846961975098 0.938612163066864
-0.892932653427124 9.216339111328125 0.46565359830856323
-0.8124731183052063 9.737726211547852 0.44072425365448
-0.9072448015213013 9.774892807006836 0.36436590552330017
-0.1935018002986908 9.839836120605469 0.8961654305458069
-0.06642469018697739 9.553969383239746 0.6339474320411682
0.013597778975963593 9.691139221191406 0.958709180355072
-1.0408416986465454 10.0198974609375 0.16334277391433716
-0.1096988320350647 9.355955123901367 0.03269178047776222
-0.0018585678189992905 9.349602699279785 0.09259207546710968
-0.8670386672019958 10.075647354125977 0.03080204874277115
-0.8838226795196533 9.971495628356934 0.45964956283569336
-0.8060423731803894 10.015082359313965 0.03229521960020065
-1.0955764055252075 9.88376235961914 0.39074409008026123
0.17522700130939484 9.920112609863281 0.8019397854804993
-0.11793655902147293 9.773504257202148 0.7065557241439819
-0.7050039768218994 10.370342254638672 0.988444447517395
-0.6336923241615295 10.303932189941406 0.8304733633995056
-0.8178179860115051 10.17580509185791 0.07610203325748444
-0.14167189598083496 10.553442001342773 -0.051065023988485336
-0.8959647417068481 10.346207618713379 0.16700609028339386
-0.6105502843856812 10.415753364562988 0.567058265209198
-0.559158205986023 10.47408676147461 0.11557621508836746
-0.6870632171630859 10.392425537109375 0.8909353017807007
-0.7990911602973938 10.424899101257324 0.8640404939651489
-0.7246791124343872 10.556855201721191 0.18789589405059814
-0.9418004155158997 10.315473556518555 0.5679022073745728
-0.7605530619621277 10.421361923217773 0.2294776290655136
0.12395837903022766 10.205831527709961 1.0462721586227417
-0.42659977078437805 10.505615234375 -0.042780935764312744
-0.049655478447675705 10.6046781539917 -0.11123775690793991
-0.10087256133556366 10.514123916625977 -0.22854940593242645
-0.9690849184989929 10.199294090270996 0.48687025904655457
-0.5854580402374268 10.449745178222656 0.3276343047618866
-0.07580751180648804 10.504016876220703 -0.17101481556892395
-0.6819033622741699 10.566425323486328 0.9428049325942993
-0.6694377660751343 10.67203426361084 0.9473058581352234
0.2078988254070282 10.781245231628418 1.0296705961227417
-1.0169492959976196 10.426633834838867 0.5876855254173279
-0.5153347253799438 10.573334693908691 0.808833658695221
0.3712936341762543 10.985569953918457 0.9790651202201843
-1.0920631885528564 11.027631759643555 1.086488127708435
0.09819857776165009 10.824522018432617 -0.061825577169656754
-0.7244898676872253 10.874186515808105 -0.1594250202178955
-0.6418055891990662 10.903965950012207 -0.18976791203022003
-0.7151272296905518 10.82925796508789 -0.038975123316049576
-0.6189693808555603 10.89529800415039 0.8217332363128662
-0.7131187319755554 11.061742782592773 -0.2764192819595337
0.3325839638710022 11.000123977661133 0.07512674480676651
0.17867574095726013 10.951664924621582 0.2210593819618225
-0.73306804895401 10.964643478393555 -0.06655284017324448
0.2439001053571701 11.152044296264648 0.8065788745880127
-0.8676503896713257 11.070721626281738 0.9996734857559204
-1.0651819705963135 11.073925971984863 1.1688146591186523
-0.725322961807251 11.03156852722168 0.7589567303657532
-0.6264657378196716 11.02595043182373 0.6206842064857483
0.495033860206604 11.109602928161621 0.06706758588552475
-0.19549477100372314 11.31287956237793 1.3178074359893799
-0.9510844349861145 11.240562438964844 -0.31693631410598755
0.36984407901763916 11.26132583618164 1.2428863048553467
-0.5543392896652222 11.18528938293457 -0.17329294979572296
0.429453581571579 11.343681335449219 0.3527695834636688
-0.010484924539923668 11.355290412902832 1.2005374431610107
0.12765271961688995 11.382680892944336 1.139110803604126
-1.0879290103912354 11.38187026977539 1.039366602897644
-0.17141474783420563 11.391827583312988 0.6797995567321777
-0.9079052805900574 11.421375274658203 0.8667622804641724
-0.6785978078842163 11.412457466125488 -0.26236051321029663
0.4986240267753601 11.416062355041504 1.3867696523666382
-0.454354852437973 11.409037590026855 0.5701385736465454
0.536883533000946 11.486737251281738 1.0757051706314087
-0.40184485912323 11.502787590026855 0.873595118522644
-0.8719652891159058 11.49986743927002 0.04005344212055206
0.3275247812271118 11.501132011413574 1.0660675764083862
-1.1040027141571045 11.549266815185547 0.02207038924098015
0.12823137640953064 11.533367156982422 0.854425311088562
0.2948721647262573 11.55472469329834 -0.08920501172542572
0.3944021165370941 11.558526992797852 -0.5094159841537476
-1.0454658269882202 11.575993537902832 -0.262350469827652
0.10961435735225677 11.578763961791992 0.7500594854354858
