146
-0.6898191571235657 8.021154403686523 0.6631540656089783
-0.7798751592636108 7.932066917419434 0.2937634587287903
-0.5421267151832581 7.858902931213379 0.7212175726890564
-0.06772004067897797 8.097521781921387 0.3966941237449646
-0.6397371292114258 7.760635852813721 0.2720569670200348
-0.1056172251701355 7.763299465179443 0.0011923573911190033
-0.2445669323205948 7.818035125732422 0.6997340321540833
-0.4497721791267395 7.944796085357666 0.9110682606697083
-0.0991983562707901 7.778872489929199 -0.05611133947968483
-0.46274465322494507 7.915270805358887 -0.11721959710121155
-0.19509676098823547 7.908169269561768 0.497972697019577
-0.533288300037384 7.7341132164001465 0.18571420013904572
-0.6863670349121094 7.943760871887207 0.516414999961853
-0.6712836623191833 7.813809394836426 0.043335262686014175
-0.3942060172557831 7.804710388183594 0.6488062143325806
-0.3349219858646393 7.741494178771973 0.23501291871070862
-0.4806012511253357 7.730773448944092 0.36274880170822144
-0.23407070338726044 7.779457092285156 0.14817385375499725
-0.2957485616207123 8.020033836364746 -0.14402805268764496
-1.0482563972473145 8.781906127929688 0.6129779815673828
-0.8047037124633789 8.700109481811523 0.6898098587989807
-0.05396480858325958 7.858917713165283 -0.04948098212480545
-0.1710127741098404 8.28914737701416 0.29986676573753357
-0.8192066550254822 8.12027359008789 0.27095887064933777
-0.5494391322135925 8.321174621582031 0.40951475501060486
0.004044555127620697 7.967924118041992 0.029683012515306473
-0.2950551211833954 7.8387837409973145 0.8443337678909302
-0.6473711729049683 7.997650146484375 -0.08155544102191925
-0.24276642501354218 8.245879173278809 -0.07220591604709625
-0.33825424313545227 8.361372947692871 0.9019443392753601
-0.527920663356781 8.212985038757324 -0.14731715619564056
-0.4572974145412445 8.317279815673828 0.6493120789527893
-0.47912973165512085 8.480803489685059 0.3269833028316498
-0.8298875689506531 8.485655784606934 0.6992965936660767
-0.36609914898872375 7.993896007537842 1.0205575227737427
-0.38460272550582886 8.180107116699219 1.0895369052886963
-0.3860757648944855 8.537446022033691 -0.006043391302227974
-0.7760560512542725 8.231569290161133 0.09960814565420151
-0.37502235174179077 8.538030624389648 -0.1504235714673996
-0.6512902975082397 8.340733528137207 -0.12260596454143524
-1.0316619873046875 8.581528663635254 0.6344203352928162
-0.10671449452638626 8.050509452819824 0.9532941579818726
-0.25969627499580383 8.393670082092285 0.6692383289337158
-0.061390601098537445 9.512746810913086 0.015311897732317448
-0.4690092206001282 8.542703628540039 0.20864185690879822
-0.601945161819458 8.727568626403809 -0.12197180837392807
-0.3634967803955078 8.737811088562012 -0.18781433999538422
-0.9577084183692932 8.64673900604248 0.9118051528930664
-0.938316285610199 8.433719635009766 0.6666800379753113
-0.07326371967792511 8.033300399780273 0.8446012139320374
-0.3611840307712555 8.933755874633789 0.031167812645435333
-0.364590585231781 9.353475570678711 0.09177249670028687
-0.2257038950920105 9.397571563720703 0.19335538148880005
-0.6004495620727539 9.163644790649414 -0.093023382127285
-0.5278182625770569 8.989890098571777 -0.19156306982040405
-0.971296489238739 8.546829223632812 0.8402600288391113
0.0582943931221962 9.488551139831543 0.21320974826812744
-0.8365351557731628 8.742314338684082 0.8926194310188293
-0.49004000425338745 8.859901428222656 0.06721001863479614
-0.32043275237083435 9.138507843017578 -0.052450649440288544
-0.8116068840026855 9.610360145568848 0.020635951310396194
-0.6026560068130493 9.434144020080566 0.16807937622070312
-0.035365909337997437 9.440340042114258 0.3100501298904419
-0.037850793451070786 9.851906776428223 0.041008852422237396
-0.28469184041023254 9.703972816467285 0.08315816521644592
-0.6759989261627197 9.50309944152832 0.010014733299612999
-0.16962149739265442 9.597067832946777 0.35105225443840027
-0.7042779326438904 9.544987678527832 0.2697506546974182
0.1699618101119995 10.16527271270752 1.2230058908462524
-1.2089664936065674 9.722378730773926 1.0619601011276245
-0.6274061799049377 9.705330848693848 0.390466570854187
0.23051726818084717 9.638447761535645 0.21898429095745087
-1.1901133060455322 10.418383598327637 0.022621512413024902
-0.9077100157737732 9.806000709533691 0.3136668801307678
-0.8983047008514404 9.935009002685547 0.06398683786392212
0.031236106529831886 9.727144241333008 0.42808324098587036
0.24208831787109375 10.115232467651367 1.0783907175064087
-1.0861868858337402 9.647724151611328 1.0306408405303955
0.05303739756345749 10.162796974182129 1.2833869457244873
0.07111655920743942 10.091907501220703 1.1536961793899536
-0.7400323152542114 9.75129222869873 0.06338164955377579
-0.8759229183197021 10.196248054504395 0.21678730845451355
0.13642162084579468 10.02883529663086 1.2810683250427246
0.16764408349990845 9.78899097442627 0.3415371775627136
-0.9232053756713867 10.354013442993164 -0.0324343666434288
-0.8196574449539185 10.04061508178711 0.29020342230796814
-1.1010416746139526 10.411036491394043 0.17992953956127167
-0.5964171886444092 9.850871086120605 0.2009979635477066
0.1940629631280899 10.328106880187988 1.2196123600006104
-1.2863471508026123 10.42021656036377 0.008873704820871353
-0.29039469361305237 10.627924919128418 -0.03827806934714317
-0.8040137887001038 10.086888313293457 0.333653062582016
0.2453896403312683 10.307843208312988 1.3233330249786377
0.04595034942030907 9.907012939453125 0.06272336840629578
-0.7887628674507141 10.747381210327148 0.9726224541664124
-0.9163647890090942 10.66195297241211 1.0252506732940674
-1.141471266746521 10.45101261138916 -0.075503408908844
-0.715503990650177 10.775006294250488 0.802924633026123
-1.193135380744934 10.622925758361816 0.052933357656002045
-0.7916105389595032 10.435966491699219 0.01805046945810318
-0.9169483184814453 10.68502426147461 0.3188358247280121
-0.4719667136669159 10.72988510131836 0.894257664680481
-0.856987476348877 10.780035972595215 1.0997885465621948
-0.9440192580223083 10.65288257598877 -0.07648574560880661
-0.39801397919654846 10.79875659942627 1.014872670173645
-0.498351126909256 10.743560791015625 0.8439703583717346
-0.8009569644927979 10.958585739135742 0.8283388018608093
-0.4337712228298187 10.712868690490723 -0.2192532867193222
0.01577000319957733 10.936136245727539 -0.017497709020972252
-0.9845319986343384 10.811391830444336 0.4588800072669983
-0.6792780160903931 10.899807929992676 1.0519698858261108
0.2362683117389679 10.571368217468262 1.203644037246704
-1.1099438667297363 10.891366958618164 0.1337805539369583
-0.6553125977516174 11.161460876464844 0.9724782705307007
-0.06153452768921852 11.123858451843262 -0.274310827255249
-0.405846506357193 11.044733047485352 1.0517454147338867
-0.337393581867218 11.19014835357666 0.9174495935440063
-1.0260127782821655 11.107596397399902 0.41086071729660034
-0.2999739944934845 11.104089736938477 0.5999894738197327
-1.0556995868682861 11.15869140625 0.48610642552375793
-0.027805626392364502 11.221025466918945 -0.378635048866272
-0.49503421783447266 11.251121520996094 0.28761693835258484
-0.3687107563018799 11.179454803466797 1.1119296550750732
-1.224431037902832 11.169046401977539 0.1058427095413208
-0.8438011407852173 11.133469581604004 -0.05365612730383873
-1.1543159484863281 11.175735473632812 0.695667028427124
0.10974381119012833 11.29544448852539 -0.4290432333946228
-0.10724885761737823 11.33752155303955 0.8430042266845703
-0.043671391904354095 11.305416107177734 0.4917917847633362
-0.4763176441192627 11.365161895751953 0.323997437953949
-0.5689662098884583 11.422309875488281 0.20376771688461304
-1.2908170223236084 11.420726776123047 0.9067100286483765
-0.1636636108160019 11.385037422180176 1.3281251192092896
-0.9360583424568176 11.470627784729004 -0.3749231994152069
-0.8722559809684753 11.416708946228027 0.3838147222995758
-0.14688286185264587 11.468993186950684 -0.15456993877887726
-0.8219858407974243 11.43968677520752 1.3260172605514526
0.009242157451808453 11.495247840881348 0.2875913381576538
-0.7178404927253723 11.51653003692627 1.3661279678344727
-1.1300395727157593 11.510858535766602 -0.2954534590244293
0.4596482217311859 11.51491928100586 1.2792805433273315
0.4549494683742523 11.546269416809082 -0.19287484884262085
-0.41534703969955444 11.563164710998535 -0.32629460096359253
0.4634163975715637 11.569311141967773 0.12878678739070892
0.3836888074874878 11.570931434631348 -0.2063191682100296
-1.1474477052688599 11.580680847167969 0.1798020899295807
