990
-2.3863754272460938 0.2845063805580139 1.5959196090698242
-2.386474609375 0.28460657596588135 -0.7573604583740234
-2.3863744735717773 0.5619708299636841 0.6426448225975037
0.9210299253463745 0.5591548085212708 -0.8320727348327637
-2.11690616607666 0.284606397151947 0.04206952452659607
-1.342345952987671 0.2846064567565918 -1.205398678779602
-0.3622632920742035 0.284606397151947 0.8745000958442688
-0.90751051902771 0.284606397151947 -0.9267293214797974
-0.9578394889831543 0.2846064567565918 -1.2053987979888916
0.9210317134857178 0.2845063805580139 -1.2053296566009521
-2.386474609375 0.28460657596588135 -0.26623761653900146
-2.386474609375 0.2846064567565918 0.26485633850097656
-2.386474609375 0.2846066951751709 -0.502140998840332
-1.803125262260437 0.2846081256866455 2.141308307647705
-2.386474609375 0.28460633754730225 -0.016450166702270508
-2.3863744735717773 0.2845063805580139 0.6773605346679688
0.650214433670044 0.2845063805580139 -1.2052973508834839
-0.5555393695831299 0.28460657596588135 -1.2053989171981812
-2.1704163551330566 0.284606397151947 1.3244587182998657
0.1322648823261261 0.2846064269542694 2.141308307647705
0.9211299419403076 0.2846064567565918 -0.8919589519500732
0.9211299419403076 0.2846066951751709 -0.7334737777709961
-2.386474609375 0.28460657596588135 0.13189494609832764
-1.544661045074463 0.284606397151947 1.8530445098876953
-0.42882394790649414 0.28460633754730225 -1.2053989171981812
-2.369004726409912 0.2846081256866455 2.141308307647705
-2.386474609375 0.28460633754730225 -0.1362828016281128
0.9211299419403076 0.2846064567565918 -0.9941632747650146
-2.1294076442718506 0.284606397151947 1.6791425943374634
-1.0934908390045166 0.2846066951751709 -1.205398678779602
0.9211300611495972 0.28460633754730225 1.3599116802215576
0.9210300445556641 0.5170267224311829 1.5260210037231445
-1.8938231468200684 0.284606397151947 1.6879185438156128
-2.3863744735717773 0.5802807807922363 1.7439652681350708
-2.1788530349731445 0.2845063805580139 2.141206741333008
0.9190278649330139 0.29322946071624756 -0.6833853125572205
-2.386474609375 0.2846067547798157 -0.6288620233535767
0.921111524105072 0.2846064567565918 -1.2053993940353394
-2.386474609375 0.28460633754730225 -0.8711674809455872
-1.9426708221435547 0.2845063805580139 2.141206741333008
0.9210292100906372 0.2845063805580139 0.8819150924682617
-1.4540915489196777 0.284606397151947 -1.2044273614883423
0.19256491959095 0.284606397151947 1.429182767868042
-0.5593259930610657 0.284606397151947 -0.9264788627624512
0.3945322036743164 0.2846064567565918 -1.2053991556167603
-2.386474370956421 0.28459954261779785 2.141207695007324
-2.0903406143188477 0.284606397151947 0.9111652374267578
-0.4010942578315735 0.284606397151947 -0.7399365901947021
-2.386474609375 0.5922865271568298 -1.2052984237670898
-2.3863751888275146 0.31149721145629883 -1.2053983211517334
-1.6752139329910278 0.284606397151947 -0.5157885551452637
-1.4676141738891602 0.284606397151947 -0.8964771628379822
-2.3863773345947266 0.2845063805580139 1.6861944198608398
-1.9677098989486694 0.284606397151947 -0.6616876125335693
0.9210300445556641 0.2845063805580139 2.041008949279785
-1.9282381534576416 0.284606397151947 1.3189477920532227
0.34281685948371887 0.284606397151947 -0.8837687373161316
-1.5348453521728516 0.2845063805580139 -1.2053003311157227
-2.386474609375 0.2846064567565918 0.519519567489624
-1.6421037912368774 0.284606397151947 -0.7136006951332092
-0.07717951387166977 0.284606397151947 -0.9953325390815735
-1.1796188354492188 0.284606397151947 -0.9329346418380737
-1.880558967590332 0.2845063805580139 -1.2052984237670898
-2.386375665664673 0.28458476066589355 -1.2053983211517334
0.9210281372070312 0.2845063805580139 1.7728967666625977
-2.386474370956421 0.2846066951751709 1.7940764427185059
-2.0156028270721436 0.284606397151947 1.8495749235153198
0.9210309982299805 0.2845063805580139 1.1093921661376953
-0.12622356414794922 0.2845063805580139 2.141207695007324
-2.386474609375 0.28460633754730225 -0.38038575649261475
0.5407020449638367 0.28460636734962463 2.141308307647705
0.9211301207542419 0.28454622626304626 2.1412081718444824
-2.386474370956421 0.2846064567565918 1.4853689670562744
0.9210300445556641 0.2845063805580139 1.6782207489013672
0.5933331251144409 0.284606397151947 1.7566871643066406
-1.2234525680541992 0.2845063805580139 -1.205301284790039
-1.94739830493927 0.284606397151947 -0.13755525648593903
0.9210281372070312 0.2845063805580139 1.4608421325683594
0.9211300611495972 0.2846065163612366 1.572461485862732
-1.825162410736084 0.284606397151947 1.1745898723602295
-2.1007118225097656 0.284606397151947 0.6801477670669556
-1.3286752700805664 0.2845063805580139 2.141207695007324
0.9210300445556641 0.2845063805580139 -0.5881672501564026
0.92048180103302 0.2846064567565918 2.141308307647705
-2.386474370956421 0.2846064567565918 0.9303615093231201
-1.7744998931884766 0.2845063805580139 -1.205301284790039
-1.3049453496932983 0.284606397151947 -0.7978243231773376
0.9211300611495972 0.28460657596588135 1.876280426979065
0.2570536732673645 0.8070130944252014 2.1412081718444824
-0.36872196197509766 0.2845063805580139 2.1412057876586914
-0.01051628589630127 0.2845063805580139 -1.2052977085113525
-1.680678367614746 0.2845063805580139 -1.205301284790039
-1.926424264907837 0.284606397151947 -0.9412156939506531
-2.3863744735717773 0.2845063805580139 0.7847976684570312
-1.770569086074829 0.5574548244476318 -1.2052985429763794
0.5570542216300964 0.284606397151947 0.37604036927223206
-1.4421271085739136 0.2846078872680664 2.141308307647705
-1.9968446493148804 0.44109606742858887 -1.2052985429763794
-0.6543655395507812 0.2845063805580139 2.141206741333008
-2.3863742351531982 0.6889325976371765 2.1316587924957275
-2.386474370956421 0.2846066951751709 1.3136193752288818
-0.7690496444702148 0.2845063805580139 2.141207695007324
0.9210291504859924 0.2845063805580139 0.6495258212089539
-2.3863744735717773 0.2845063805580139 1.9126920700073242
-2.0816221237182617 0.284606397151947 1.1300373077392578
0.9210303425788879 0.2845063805580139 0.04099324345588684
-2.3577158451080322 0.2846064567565918 -1.2053983211517334
-2.3863744735717773 0.5252103805541992 1.2414644956588745
-0.6985775232315063 0.2845063805580139 -1.2052981853485107
-0.8813505172729492 0.2845063805580139 2.141207695007324
0.6698198318481445 0.2845063805580139 2.1412086486816406
-2.386474370956421 0.2846066951751709 1.1828162670135498
-0.8958322405815125 0.284606397151947 1.6986329555511475
-2.3859739303588867 0.8252981305122375 -1.193916916847229
0.9211300015449524 0.28460657596588135 0.12338519096374512
-2.1281330585479736 0.284606397151947 0.4602664113044739
-1.6936769485473633 0.2845063805580139 2.141206741333008
-2.386474609375 0.28460657596588135 -1.0024487972259521
-2.1408026218414307 0.2846062183380127 -1.205398440361023
-2.3863744735717773 0.2845063805580139 1.0575981140136719
0.9210299849510193 0.5400370955467224 -0.5412384271621704
-0.4948604702949524 0.284606397151947 1.7986905574798584
-1.2921077013015747 0.284606397151947 1.8591045141220093
-1.6845698356628418 0.284606397151947 -0.9222813844680786
-2.102865695953369 0.284606397151947 -0.8330720663070679
-2.135321855545044 0.284606397151947 -0.2183283418416977
-1.7768988609313965 0.284606397151947 1.8577320575714111
-0.896841287612915 0.2846064567565918 -1.2053987979888916
-2.013507127761841 0.2846064567565918 -1.205398440361023
0.10533241927623749 0.5914614200592041 -1.2052991390228271
0.41517379879951477 0.2846064269542694 2.141308307647705
0.9210302233695984 0.7762426733970642 -1.2053993940353394
-1.5698699951171875 0.2845063805580139 2.141206741333008
-2.24402117729187 0.7963845729827881 -1.2052984237670898
-2.04302978515625 0.2845063805580139 2.141207695007324
-0.35020995140075684 0.2846064567565918 -1.2053989171981812
0.9211300611495972 0.2846066951751709 1.2251993417739868
0.5570471286773682 0.284606397151947 -0.1253560185432434
0.9210299253463745 0.5378367304801941 -1.2053993940353394
-1.891463041305542 0.284606397151947 0.5958186984062195
0.92103111743927 0.2845063805580139 -0.2519839107990265
0.26486778259277344 0.28460657596588135 -1.2053991556167603
-0.8245255947113037 0.2846064567565918 -1.2053987979888916
-0.011922106146812439 0.2846064567565918 2.141308307647705
-0.27738165855407715 0.2846064567565918 -1.2053989171981812
0.8259246349334717 0.2845063805580139 -1.2052972316741943
0.5452311038970947 0.284606397151947 -0.9210942983627319
-0.7299025654792786 0.284606397151947 1.8187305927276611
0.921032190322876 0.2845063805580139 0.2537330687046051
-1.0776033401489258 0.2845063805580139 2.141207695007324
0.27941226959228516 0.2845063805580139 2.141206741333008
0.41421833634376526 0.284606397151947 1.0967307090759277
0.12295210361480713 0.2846064567565918 -1.2053991556167603
-2.1941120624542236 0.8088337182998657 2.1412081718444824
-1.5316003561019897 0.5665304660797119 -1.205298662185669
0.9211300015449524 0.2846064567565918 0.5549378395080566
-0.27943673729896545 0.284606397151947 1.5180411338806152
-1.9484161138534546 0.4063849151134491 2.1412081718444824
-0.5455608367919922 0.47734200954437256 -1.205298900604248
0.5259789228439331 0.28460633754730225 -1.2053992748260498
0.38543668389320374 0.284606397151947 1.8003283739089966
-0.5828781127929688 0.2846064567565918 2.141308307647705
-0.49689292907714844 0.2845063805580139 2.141207695007324
0.4747962951660156 0.29075995087623596 -1.1993494033813477
-0.02937496080994606 0.284606397151947 0.747850239276886
0.6234129071235657 0.284606397151947 -0.31425249576568604
0.18737828731536865 0.2845063805580139 -1.2053004503250122
-0.00289007555693388 0.284606397151947 0.2015797346830368
-1.2051172256469727 0.2845063805580139 2.1412057876586914
-0.14467574656009674 0.284606397151947 1.8229395151138306
0.9210296273231506 0.2845063805580139 -0.05641976371407509
0.9210291504859924 0.2845063805580139 0.7867613434791565
0.1265168935060501 0.284606397151947 -0.8799506425857544
0.9210312366485596 0.2845063805580139 -0.48312869668006897
-1.8215728998184204 0.284606397151947 0.2297639399766922
-2.3863754272460938 0.2845063805580139 0.3989582061767578
0.9211300015449524 0.2846064567565918 -0.3704833984375
0.2446080595254898 0.284606397151947 -0.5016714334487915
0.5595332980155945 0.284606397151947 1.251444697380066
0.9210300445556641 0.33090853691101074 2.141308307647705
-0.2815377116203308 0.284606397151947 -0.5851700901985168
-1.4438475370407104 0.284606397151947 -0.6545040607452393
-0.7278430461883545 0.284606397151947 -0.8479832410812378
-0.018939880654215813 0.284606397151947 1.506081461906433
-0.048971887677907944 0.284606397151947 1.6701405048370361
0.6420684456825256 0.284606397151947 -0.7624906897544861
0.9210302233695984 0.2845063805580139 0.41906386613845825
-0.328329861164093 0.284606397151947 -0.9219219088554382
-0.09464938938617706 0.284606397151947 -0.6354617476463318
0.6119518280029297 0.284606397151947 -0.5541525483131409
-1.2385681867599487 0.284606397151947 -0.6038516163825989
-2.062641143798828 0.284606397151947 0.2510780692100525
-1.8756051063537598 0.284606397151947 0.7939863801002502
-1.0850005149841309 0.525457501411438 2.1412081718444824
-2.0324063301086426 0.284606397151947 1.5164027214050293
0.6130055785179138 0.284606397151947 1.51364004611969
-2.3863744735717773 0.4156913459300995 -0.5802821516990662
-2.125515937805176 0.284606397151947 -0.5743939876556396
0.9210300445556641 0.43218994140625 1.2375307083129883
-0.011399638839066029 0.284606397151947 -0.4772821068763733
-1.8120837211608887 0.284606397151947 1.498462200164795
-2.386460542678833 0.28460800647735596 2.141308307647705
-1.7021757364273071 0.284606397151947 0.9253085255622864
0.4829235076904297 0.2845063805580139 2.141207695007324
0.8984792828559875 0.8511931896209717 2.1385462284088135
-2.3863744735717773 0.8106504678726196 1.9200584888458252
-2.3863754272460938 0.2845063805580139 0.8569450378417969
-0.6697626113891602 0.284606397151947 -0.2726490795612335
-0.2611703872680664 0.2845063805580139 2.141206741333008
-1.831264853477478 0.284606397151947 -0.7711294293403625
-2.386474609375 0.45155781507492065 -1.2052984237670898
-1.6813987493515015 0.284606397151947 1.6592820882797241
-2.3863744735717773 0.6025531888008118 -0.3705480396747589
-2.3863744735717773 0.5467942357063293 -0.836085319519043
-1.3997228145599365 0.284606397151947 1.2569737434387207
-1.3266794681549072 0.284606397151947 1.0183669328689575
-2.279897928237915 0.939079761505127 -0.8558931350708008
-1.233991026878357 0.439314603805542 -1.205298662185669
-2.3757474422454834 0.31581246852874756 0.15615923702716827
-0.5219427347183228 0.7014999985694885 -1.205298900604248
-2.0174429416656494 0.284606397151947 -0.3716427683830261
-1.8148483037948608 0.284606397151947 -0.27717500925064087
-2.3863744735717773 0.5527361631393433 1.005751371383667
-1.912160038948059 0.284606397151947 0.059878528118133545
-1.8578606843948364 0.284606397151947 -0.5064969062805176
-0.6989914178848267 0.284606397151947 1.529732584953308
0.4535536766052246 0.284606397151947 -0.6951178312301636
-1.4691003561019897 0.284606397151947 -0.44648876786231995
0.9211299419403076 0.6556484699249268 -1.2052998542785645
-1.6408462524414062 0.284606397151947 1.2002201080322266
-1.9126307964324951 0.284606397151947 0.41240257024765015
0.4968099892139435 0.6462262868881226 -1.2052992582321167
-0.013255047611892223 0.284606397151947 -0.07757441699504852
0.20401158928871155 0.2846064269542694 2.141308307647705
0.9210300445556641 0.2845063805580139 0.9915399551391602
0.2798409163951874 0.284606397151947 0.5301228165626526
-2.194899559020996 0.9212984442710876 -1.1701685190200806
-1.0231043100357056 0.6045262813568115 -1.2052987813949585
-0.9846172332763672 0.2845063805580139 2.141206741333008
-0.8261982202529907 0.284606397151947 -0.6739673018455505
-1.2159812450408936 0.284606397151947 1.6501386165618896
-2.3863744735717773 0.495297372341156 -0.13226059079170227
0.9211299419403076 0.40395045280456543 -1.2053000926971436
-1.7233283519744873 0.7643051743507385 2.1412081718444824
-0.9353641867637634 0.284606397151947 1.129284381866455
-2.386474370956421 0.5667469501495361 2.141207695007324
-1.6404751539230347 0.284606397151947 -0.2571410536766052
0.9211301207542419 0.4907694160938263 2.1412084102630615
-1.4149794578552246 0.284606397151947 1.6892099380493164
0.07550640404224396 0.284606397151947 0.40871718525886536
-0.7864764928817749 0.284606397151947 0.7392804622650146
-2.3863744735717773 0.7999835014343262 -0.8870223164558411
-0.9153286218643188 0.284606397151947 1.4606318473815918
-2.386474609375 0.7035729289054871 -1.2052981853485107
-2.3863728046417236 0.46107542514801025 2.141308307647705
-2.381204843521118 0.9427791833877563 1.8794749975204468
-2.3819475173950195 0.8129835724830627 2.1365740299224854
-0.4248931109905243 0.5352016091346741 2.1412081718444824
-0.09122174978256226 0.6487210988998413 -1.2052991390228271
0.9210300445556641 0.5686485171318054 0.9956458806991577
-2.3863744735717773 0.4475446343421936 0.42119985818862915
0.9211301207542419 0.6217960119247437 2.1412081718444824
0.6242749691009521 0.7803216576576233 -1.2052992582321167
-0.18952083587646484 0.2845063805580139 2.141206741333008
0.9210300445556641 0.5524178147315979 1.7641589641571045
0.9211300015449524 0.2846066951751709 0.3458542823791504
0.9210308790206909 0.2845063805580139 -0.16335901618003845
-2.3863744735717773 0.6914311647415161 -0.023486310616135597
-0.6704601049423218 0.284606397151947 0.1498684585094452
-1.7933006286621094 0.8127833604812622 -1.2052985429763794
-2.3863744735717773 0.6718133687973022 -0.6572469472885132
-1.0988643169403076 0.284606397151947 1.3199132680892944
-1.2701846361160278 0.284606397151947 -0.40301313996315
-2.3863744735717773 0.4687722325325012 1.496497631072998
-0.04537610709667206 0.284606397151947 -0.264083594083786
0.40821194648742676 0.284606397151947 -0.25227266550064087
0.1324080228805542 0.284606397151947 1.797890305519104
-0.4654267728328705 0.284606397151947 -0.5134482979774475
-1.7344450950622559 0.284606397151947 -0.035206716507673264
0.9210301041603088 0.9486042857170105 2.088322639465332
-0.7827966213226318 0.6043123006820679 -1.205298900604248
0.9210300445556641 0.49769818782806396 0.7295319437980652
-1.5097625255584717 0.284606397151947 1.062721848487854
-1.938210368156433 0.6544309854507446 2.1412081718444824
-2.3863744735717773 0.706157386302948 0.78525710105896
-1.3902674913406372 0.4473210275173187 2.1412081718444824
-2.3863744735717773 0.7799067497253418 -0.22891730070114136
-1.2926684617996216 0.284606397151947 1.441648006439209
-1.954584002494812 0.7161562442779541 -1.2052985429763794
-0.7797942757606506 0.566182017326355 2.1412081718444824
-0.5159220695495605 0.284606397151947 1.4271470308303833
-0.2783983647823334 0.284606397151947 0.16365572810173035
0.6164560914039612 0.6735429763793945 2.1412081718444824
0.9149755835533142 0.869114875793457 -1.183082103729248
0.9210299253463745 0.8325221538543701 -1.0043647289276123
0.9210299849510193 0.6721745729446411 -0.35549890995025635
0.9210300445556641 0.7747758626937866 1.7959585189819336
-2.3863744735717773 0.6784546971321106 0.4048622250556946
0.9210299253463745 0.7139454483985901 -0.6509816646575928
0.9210300445556641 0.7444069385528564 1.5856393575668335
0.9210299849510193 0.5666258335113525 0.12733760476112366
-1.085870385169983 0.284606397151947 -0.2953159809112549
0.3371254801750183 0.284606397151947 -0.05271141603589058
-2.3852999210357666 0.8456404805183411 1.6868414878845215
0.6017447113990784 0.284606397151947 1.0315572023391724
0.03394566476345062 0.284606397151947 1.2601568698883057
0.4389943778514862 0.5498589277267456 2.1412081718444824
0.9210299253463745 0.8231853246688843 -0.7988191843032837
-2.0470328330993652 0.8818960785865784 2.134620428085327
-1.3054136037826538 0.6797714829444885 2.1412081718444824
0.9210300445556641 0.7450551986694336 2.141308307647705
-0.14484012126922607 0.749839723110199 2.6072397232055664
-1.703165054321289 0.284606397151947 0.441501259803772
0.42951658368110657 0.284606397151947 1.5974271297454834
0.9210300445556641 0.703617513179779 1.144523024559021
0.9210299849510193 0.7321349382400513 0.3040542006492615
0.8868544697761536 0.9515733122825623 1.6991591453552246
-1.8546537160873413 0.8822188973426819 2.1262400150299072
-2.3863744735717773 0.6963098049163818 1.5459048748016357
-1.1942689418792725 0.284606397151947 1.1567414999008179
-0.7652198672294617 0.284606397151947 1.316800594329834
-2.3863744735717773 0.7371490001678467 1.2360000610351562
-2.378812551498413 0.8695417046546936 1.454533338546753
-2.3743741512298584 0.8450886607170105 -0.6364507675170898
-1.0555921792984009 0.284606397151947 1.8336710929870605
0.19674143195152283 0.5477169156074524 2.1412081718444824
-0.6066217422485352 0.284606397151947 -0.6713797450065613
-1.6430413722991943 0.284606397151947 1.4080660343170166
-2.377002000808716 0.8085343837738037 0.9180154204368591
-1.6400104761123657 0.284606397151947 0.19784018397331238
-1.4901666641235352 0.7374652028083801 2.1412081718444824
-0.3256637454032898 0.284606397151947 1.7028223276138306
-0.8550003170967102 0.7498397827148438 2.507420063018799
-1.2493305206298828 0.284606397151947 0.31551235914230347
-1.0330108404159546 0.284606397151947 -0.7792121767997742
-1.0142892599105835 1.0019758939743042 2.0047614574432373
-0.46512311697006226 0.284606397151947 1.1519144773483276
-0.29239046573638916 0.6568007469177246 -1.2052990198135376
-1.2003793716430664 0.7764243483543396 -1.2052987813949585
-2.3673322200775146 0.9358611702919006 1.290236234664917
-1.9766913652420044 0.9186614751815796 -1.1844757795333862
-2.1162912845611572 0.889957070350647 1.6344361305236816
0.643997073173523 0.284606397151947 0.5546598434448242
0.038585808128118515 0.7318969964981079 2.1412081718444824
0.0724726989865303 0.284606397151947 -0.7041946053504944
-0.011177290230989456 0.7510436773300171 2.527359962463379
0.3120061755180359 0.640575110912323 -1.2052992582321167
-2.3667147159576416 0.9100370407104492 0.5256279110908508
0.9210299849510193 0.5552359223365784 -0.1568615734577179
0.42582857608795166 0.728018045425415 1.7973943948745728
-1.9402763843536377 0.6316653490066528 0.23554342985153198
-1.3711929321289062 0.6880999803543091 -1.205298662185669
0.6273987889289856 0.284606397151947 0.06193692609667778
-0.1299135535955429 0.3105253279209137 -1.201027512550354
-0.690050482749939 0.755776584148407 2.595484733581543
0.9210299849510193 0.5649415254592896 0.43930041790008545
-1.9086991548538208 0.636591374874115 1.721315622329712
-0.9402408599853516 0.284606397151947 0.2864201068878174
-1.9163177013397217 0.6262069344520569 -0.08422155678272247
-1.5347294807434082 0.8996211886405945 2.138667345046997
0.2742588520050049 0.284606397151947 1.2270532846450806
0.5068058967590332 0.8928539752960205 -1.1966325044631958
-1.4589589834213257 0.9975987672805786 -0.5713008046150208
-1.502236247062683 0.284606397151947 0.5407534241676331
-1.691204309463501 0.284606397151947 0.6685912609100342
-1.520015835762024 0.284606397151947 -0.048846982419490814
-1.085089921951294 0.819010317325592 2.1412081718444824
-1.5260387659072876 0.284606397151947 0.8359000086784363
-1.6883699893951416 0.9899123311042786 1.9434230327606201
-2.3645753860473633 0.8635693192481995 -0.022671574726700783
0.435918390750885 0.284606397151947 -0.45647722482681274
-1.446791410446167 0.284606397151947 0.14871197938919067
-2.116391658782959 0.9426130056381226 -0.6785203814506531
0.3102806806564331 0.82010817527771 -1.195729374885559
-1.7065685987472534 0.5225748419761658 2.1412081718444824
0.9210299849510193 0.754429042339325 0.003971871919929981
0.9210299849510193 0.8423749804496765 -0.21708552539348602
-1.4862638711929321 0.284606397151947 1.5214505195617676
-1.8987042903900146 0.284606397151947 0.9960479736328125
0.40368303656578064 0.284606397151947 1.4022125005722046
-2.3816914558410645 0.8215508460998535 0.6288611888885498
-0.8475986123085022 0.7625600695610046 2.476600408554077
-0.540871262550354 0.8048813939094543 2.6615192890167236
-0.6274910569190979 0.284606397151947 0.8928933143615723
0.3541090488433838 0.284606397151947 0.35751673579216003
-1.9027687311172485 0.6231622695922852 -0.37279200553894043
-1.6271392107009888 0.8176228404045105 -1.2052985429763794
-2.3648757934570312 0.8315292596817017 -0.42861083149909973
-1.262969732284546 0.8890183568000793 2.1322097778320312
-2.38619327545166 0.6935836672782898 0.17283238470554352
-1.1159371137619019 0.284606397151947 0.15871170163154602
-1.0792399644851685 0.8916895389556885 -1.176169753074646
-1.0442699193954468 0.284606397151947 0.473229318857193
-0.2136591374874115 0.66679447889328 2.0609521865844727
-2.3864543437957764 0.8845515847206116 1.083566427230835
-1.3909471035003662 0.284606397151947 0.7037816643714905
-1.92337965965271 0.625656247138977 0.7318016290664673
0.22267384827136993 0.284606397151947 1.622222661972046
0.36399880051612854 1.0332523584365845 -0.6985445618629456
-1.2535979747772217 0.284606397151947 0.8611259460449219
-1.182837724685669 0.6088364124298096 1.5859837532043457
-0.5111566185951233 0.284606397151947 1.5954476594924927
-1.9777480363845825 0.6561081409454346 -0.7499200105667114
-1.9022340774536133 0.9413949847221375 -0.9221308827400208
-0.6220939755439758 0.7822086215019226 2.4403278827667236
-0.4042496085166931 0.749839723110199 2.639477491378784
-1.121850609779358 0.7400235533714294 1.7691839933395386
-2.0278735160827637 0.7126471996307373 1.2278393507003784
-1.5855755805969238 0.6424384713172913 1.6908597946166992
-1.4515115022659302 0.284606397151947 0.3602758049964905
0.4405776262283325 0.8109130859375 2.1412081718444824
-0.24110139906406403 0.800356388092041 2.6469759941101074
0.6175300478935242 0.9408661127090454 2.112551689147949
0.34196314215660095 0.284606397151947 0.8813436031341553
-1.2465026378631592 0.284606397151947 -0.14837032556533813
0.3958981931209564 1.0022492408752441 2.109484910964966
-0.4588952362537384 0.284606397151947 -0.3114304840564728
0.54322749376297 0.284606397151947 0.8470383286476135
0.9210300445556641 0.7141323089599609 1.3833805322647095
-0.9142809510231018 0.8906091451644897 2.139833688735962
-2.084183692932129 0.9938852190971375 1.4432569742202759
0.5226948857307434 1.0308573246002197 1.8593101501464844
-0.1566128432750702 0.284606397151947 1.3701082468032837
-0.3728148639202118 0.8696274757385254 2.3931069374084473
-0.17952458560466766 0.8480611443519592 -1.1814550161361694
0.9008477330207825 0.9256167411804199 1.4500502347946167
0.9210299849510193 0.723112165927887 0.57914799451828
0.8890907764434814 0.9550518989562988 1.978012204170227
0.9153193831443787 0.9036331176757812 0.15495510399341583
-2.2144970893859863 0.996947705745697 0.10364911705255508
-0.2014143019914627 0.284606397151947 1.169755220413208
0.9210300445556641 0.7277153134346008 0.8374032974243164
0.06581657379865646 0.8157461881637573 -1.1905033588409424
-1.3817660808563232 0.6273289918899536 -0.7686554789543152
0.9056751132011414 0.9647465348243713 -0.9440476894378662
-0.012486116960644722 0.8154621720314026 2.4927475452423096
0.8904390931129456 0.934202253818512 -0.3489929437637329
-2.091038942337036 1.0247069597244263 1.927007794380188
0.9061815738677979 0.9111199378967285 0.4898469150066376
-2.2431907653808594 0.9575063586235046 -0.38055625557899475
-1.725509762763977 0.9766958355903625 -0.800059974193573
0.9015294909477234 0.9110142588615417 0.9371094703674316
0.7302863597869873 1.0498239994049072 1.6820225715637207
0.5179858803749084 0.6299278140068054 1.587721586227417
-1.4173105955123901 0.8834981918334961 -1.1752734184265137
-0.6960250735282898 0.8209171295166016 -1.205298900604248
-2.3695297241210938 0.8562024235725403 0.29064005613327026
0.3398022949695587 0.6532778143882751 -0.850009024143219
-0.19914190471172333 1.0041338205337524 -1.0785104036331177
-1.5995358228683472 0.9640007019042969 -1.0526055097579956
-2.1499826908111572 0.9808609485626221 0.3642582297325134
-1.90224289894104 1.0195543766021729 1.8245130777359009
-1.262312412261963 0.284606397151947 0.5607376098632812
-1.8088730573654175 0.6462927460670471 -0.6995319724082947
-1.528875708580017 0.6302304863929749 -0.3029352128505707
0.20735032856464386 0.284606397151947 0.9997118711471558
-0.6670727729797363 0.284606397151947 1.1716090440750122
0.9008692502975464 0.9064276814460754 1.1721971035003662
0.012609142810106277 1.0175882577896118 2.0953118801116943
-1.2820178270339966 0.284606397151947 0.04411111772060394
0.9091318845748901 0.872255265712738 -0.5297223925590515
-2.1124773025512695 0.9272826313972473 -0.18609386682510376
-0.44189995527267456 0.284606397151947 0.47821253538131714
-1.4575680494308472 1.0091371536254883 -0.8237941265106201
-1.0454295873641968 0.284606397151947 -0.0682363212108612
-2.2365758419036865 1.007628321647644 0.9465907216072083
0.5889644622802734 0.9930787086486816 -0.901384174823761
-1.0471694469451904 0.284606397151947 -0.5953391790390015
-0.8931812644004822 0.8167462348937988 -1.1992418766021729
-1.7887455224990845 0.9399584531784058 0.0025688838213682175
-1.9524157047271729 0.9711837768554688 -0.5721006989479065
0.1726434826850891 0.284606397151947 -0.3228739798069
-1.9259153604507446 0.9719576835632324 -0.3223333954811096
-0.46028533577919006 0.7237542271614075 -0.8601683974266052
-0.4410780072212219 0.8616322875022888 -1.1979799270629883
-0.7294197082519531 0.510953962802887 1.7025346755981445
-1.6034656763076782 0.6406055688858032 -0.6466993689537048
0.6187741756439209 1.051301121711731 1.4727734327316284
-1.2819838523864746 0.925572395324707 -0.9615944027900696
-0.7995731830596924 0.284606397151947 0.4927119314670563
0.5885253548622131 0.9990576505661011 1.0203827619552612
-1.9923981428146362 0.9551830291748047 0.023895448073744774
0.19939908385276794 0.284606397151947 0.1706082820892334
-0.22969043254852295 0.284606397151947 -0.366402268409729
0.7943615317344666 1.0068275928497314 -0.6283612251281738
-1.423719048500061 0.284606397151947 -0.21609653532505035
0.8900314569473267 0.8929915428161621 0.7295982837677002
-0.15593427419662476 1.0314730405807495 1.80097496509552
0.8626946210861206 1.0251009464263916 0.2571094334125519
-0.922390341758728 0.284606397151947 -0.45786207914352417
0.5183208584785461 0.6572341322898865 -0.4130104184150696
-0.16172628104686737 0.284606397151947 -0.8049286603927612
-2.008633852005005 0.9726883172988892 0.9979034066200256
-1.6903177499771118 0.9778497219085693 -0.5780033469200134
0.16880491375923157 1.0242682695388794 2.0372233390808105
-0.8029939532279968 0.284606397151947 0.9488333463668823
-0.1892300546169281 0.9503907561302185 2.218921661376953
-0.7292580008506775 1.007847547531128 -1.092020034790039
0.5089591145515442 0.6444597244262695 -0.741371214389801
0.8762502670288086 1.0099079608917236 1.197697401046753
0.887449324131012 0.9444193840026855 -0.06804191321134567
0.38800951838493347 1.003562331199646 1.258487343788147
0.2747182846069336 0.284606397151947 -0.6729670166969299
-0.6976240277290344 0.284606397151947 -0.4866155982017517
-0.9677347540855408 1.0063517093658447 -1.0415452718734741
0.17651057243347168 0.7577628493309021 -0.7574105858802795
-1.7328205108642578 0.8353748917579651 -0.3153194785118103
-0.7642989158630371 0.284606397151947 -0.07013531774282455
-0.8978988528251648 0.284606397151947 -0.2294217050075531
-1.0575629472732544 0.6264364719390869 -0.7520920038223267
0.18544861674308777 0.9934767484664917 1.5179905891418457
-0.42397165298461914 0.996801495552063 2.0939574241638184
-0.5120230317115784 0.284606397151947 -0.10302272439002991
-1.6303985118865967 1.0569977760314941 0.7861846089363098
0.6128088235855103 1.0367403030395508 0.6185761094093323
-0.12200157344341278 0.284606397151947 0.4287149906158447
-0.26971596479415894 0.284606397151947 -0.16884160041809082
0.267548531293869 0.5772944092750549 1.690942645072937
-0.7878204584121704 0.68655925989151 -0.7933604717254639
-0.13205523788928986 0.7937257885932922 1.8411242961883545
-0.5318281054496765 0.5913651585578918 -0.6911991238594055
-2.143223524093628 0.9799334406852722 0.6927788853645325
-1.6797033548355103 0.9966094493865967 1.424411654472351
-1.9086346626281738 0.6000038981437683 1.0271339416503906
-1.974900245666504 0.7139548659324646 0.5036081075668335
-1.3916610479354858 0.9795828461647034 1.9130531549453735
-0.09943985939025879 0.669754683971405 -0.8308243751525879
-1.9408962726593018 0.9440346360206604 1.2382848262786865
-1.0189560651779175 0.284606397151947 0.9784597158432007
-1.1582040786743164 1.0428380966186523 -0.8419117331504822
-1.6585354804992676 0.6578713059425354 1.3601034879684448
-0.10483124107122421 0.6321439743041992 -0.6593299508094788
0.09632156044244766 0.9852107763290405 -1.1232647895812988
-1.2200603485107422 0.6112942099571228 -0.4249694347381592
-1.6716363430023193 0.997341513633728 1.7053332328796387
-0.6645669341087341 0.962057888507843 2.178713798522949
-1.920564889907837 0.9856531620025635 0.30842363834381104
0.49876928329467773 0.284606397151947 0.22149549424648285
0.6233857870101929 1.000260591506958 -0.3748752772808075
-0.4951411485671997 1.0263134241104126 -1.026749849319458
-1.6981884241104126 0.6390992999076843 0.9960650205612183
-1.679107666015625 0.648613691329956 -0.01931583136320114
-1.1557984352111816 1.021484613418579 1.7490496635437012
-1.4402151107788086 0.7709025144577026 1.6238247156143188
0.6883369088172913 1.1248700618743896 0.4317559599876404
0.5475624799728394 0.9109684228897095 -0.6870431900024414
-1.5464509725570679 0.6613302826881409 0.3505285680294037
-1.8586640357971191 0.9219245314598083 1.5411782264709473
0.06022428721189499 1.036329746246338 -0.8814635276794434
-0.481923371553421 0.6939303874969482 -0.5780225396156311
0.49034127593040466 1.0455915927886963 -0.0016112755984067917
-1.3807358741760254 1.01828932762146 1.5926628112792969
-0.7770164608955383 0.7425826191902161 1.85200035572052
0.06345123052597046 0.2901715338230133 1.1041476726531982
-1.8997818231582642 0.8843459486961365 0.7890022993087769
-1.4599250555038452 1.0272775888442993 0.14086851477622986
0.33012351393699646 0.6692426204681396 -0.5613206028938293
-1.3920209407806396 0.6102685928344727 1.276252031326294
-1.8747014999389648 0.6192808151245117 1.5115022659301758
-1.1198762655258179 0.3375226557254791 0.8096949458122253
-1.6862801313400269 0.6336337924003601 0.6642493009567261
0.21905088424682617 0.31252846121788025 -0.16655777394771576
0.42598438262939453 0.5786433815956116 1.2057749032974243
0.3292093276977539 0.9924249053001404 1.6545405387878418
-0.7990492582321167 1.0547637939453125 1.8750554323196411
0.5001950860023499 0.645001232624054 -0.11351444572210312
-1.2623341083526611 0.7018077969551086 -0.2254372239112854
-1.4012432098388672 0.9682437181472778 -0.36931121349334717
-0.5110335350036621 0.7724097371101379 2.0399060249328613
-1.4245696067810059 0.6894821524620056 -0.00907618086785078
-1.8721684217453003 1.008886456489563 0.581358790397644
0.3156610429286957 1.0865429639816284 -0.48234429955482483
-0.21855874359607697 0.978058934211731 -0.70197594165802
-0.9448058605194092 1.0637506246566772 -0.4778781235218048
-0.9153820872306824 1.0169603824615479 -0.7725600600242615
0.5984185338020325 0.8677518963813782 -0.00948617048561573
-0.870414137840271 0.6356512904167175 -0.5945209264755249
-1.3527100086212158 1.02889084815979 1.2697291374206543
-1.7647361755371094 0.6804834008216858 0.32942694425582886
-1.7663074731826782 0.9733129739761353 1.0933856964111328
-0.6587249040603638 1.0580558776855469 -0.7972236275672913
0.011304332874715328 1.0704634189605713 -0.6393346786499023
0.49848178029060364 0.7000808119773865 0.9927337169647217
-1.0550894737243652 0.284606397151947 1.559425711631775
-0.3095899224281311 1.0773042440414429 -0.8722834587097168
0.3683510720729828 0.29539579153060913 0.6730768084526062
0.4269631505012512 1.0638391971588135 -0.212349072098732
-1.6452093124389648 1.0458102226257324 -0.19672521948814392
-0.6492713093757629 0.3151046633720398 0.4200173020362854
-1.1064764261245728 1.089367151260376 1.3019063472747803
-1.585160493850708 1.0553778409957886 0.5647839307785034
-1.711795687675476 1.0355294942855835 0.2589506506919861
-1.2486891746520996 0.7387466430664062 -0.6399784684181213
-1.1426234245300293 1.0137689113616943 -0.5816501975059509
-1.4072489738464355 1.033333659172058 -0.15948817133903503
0.39126941561698914 0.28954216837882996 0.09581484645605087
-0.7220800518989563 0.9334128499031067 -0.5392265915870667
0.3505779206752777 0.7120400667190552 -0.2880570590496063
-0.23259776830673218 0.5976143479347229 1.7389086484909058
0.32686203718185425 0.47252821922302246 0.811848521232605
-0.07939551025629044 0.36250776052474976 0.037177540361881256
-0.5895601511001587 1.0868529081344604 -0.5766188502311707
0.5131638050079346 0.284606397151947 0.6415726542472839
-0.9144832491874695 0.3075065612792969 0.10378888249397278
-0.20114439725875854 0.2859555184841156 0.8314636945724487
-0.37791094183921814 0.2986128628253937 1.3231620788574219
0.024945735931396484 0.8026673197746277 -0.5119774341583252
-0.7318661212921143 1.0459010601043701 1.6084097623825073
-0.861681342124939 0.6643920540809631 -0.3961654603481293
-0.9186971187591553 0.4821447730064392 1.2538124322891235
-0.1351979821920395 0.284606397151947 1.019830584526062
-0.46730712056159973 0.38558074831962585 0.7633499503135681
-1.454501986503601 0.9000113606452942 0.84527188539505
-0.3591604232788086 1.0966064929962158 -0.520887553691864
0.4751337170600891 0.8994210362434387 1.3797147274017334
-1.233883023262024 0.751400351524353 1.4541058540344238
0.06622772663831711 0.7046133279800415 1.655357003211975
-0.5094325542449951 1.0618005990982056 1.7249983549118042
-1.332594633102417 0.5442883372306824 0.36475715041160583
-1.0855164527893066 1.0388439893722534 -0.31161656975746155
-1.2198573350906372 1.0543698072433472 0.027458567172288895
-1.007871150970459 0.284606397151947 0.6870113015174866
-1.3628019094467163 0.6403376460075378 1.0400484800338745
-1.043550968170166 0.8798813819885254 -0.1944139152765274
0.01629084348678589 1.0695281028747559 -0.4048301577568054
0.4704536497592926 1.0656758546829224 0.22351713478565216
-0.9779278635978699 1.0711543560028076 1.52260422706604
-1.0806899070739746 0.5860441327095032 -0.08642148971557617
0.5316821932792664 0.7256959676742554 0.6242345571517944
0.49511367082595825 1.0432310104370117 0.8173882961273193
0.2485983669757843 1.0289705991744995 -0.2572827637195587
-1.3753185272216797 1.0438841581344604 0.4209526777267456
-1.2613484859466553 1.0458163022994995 1.0524592399597168
-0.739861249923706 0.5586293935775757 -0.29530069231987
0.19708117842674255 0.4839698076248169 0.1719897836446762
0.39512404799461365 0.7542348504066467 0.7535675168037415
-0.08255941420793533 1.0310379266738892 1.56303870677948
0.27752700448036194 0.6510235667228699 1.444288730621338
-0.0037202872335910797 0.5618724822998047 -0.20816834270954132
-0.7698495984077454 0.7420645952224731 1.2295441627502441
-0.34161123633384705 0.8459104895591736 -0.4665158987045288
0.45900875329971313 0.748455286026001 0.3364884853363037
-0.4169921576976776 0.8273606300354004 1.7835396528244019
-0.8023796677589417 0.6663424372673035 1.5484719276428223
-0.040842652320861816 0.5879184603691101 -0.4255625605583191
0.531998872756958 0.6285293698310852 0.24406233429908752
-1.4015061855316162 0.843550443649292 0.26105886697769165
-0.17213401198387146 0.709601104259491 1.2986698150634766
-0.7492755055427551 0.3678501844406128 0.6362831592559814
-0.4046057462692261 0.5963518023490906 -0.3723914921283722
-1.476723551750183 0.7801526188850403 0.626183032989502
-1.2135369777679443 0.8035911917686462 0.12699517607688904
-1.042879343032837 0.7836648225784302 1.3216632604599
-1.1383858919143677 0.705281674861908 0.9558418989181519
-1.1726104021072388 0.6118288636207581 0.5598243474960327
-0.4953509569168091 0.3680928945541382 1.1284371614456177
-1.2910499572753906 0.7906955480575562 0.756101667881012
-0.6114645004272461 0.7800052165985107 1.532620906829834
0.4293358027935028 0.9560786485671997 0.5406671166419983
-0.7846947908401489 0.46457362174987793 -0.05612754076719284
-0.27430403232574463 0.3362562656402588 0.45004501938819885
-0.7499996423721313 1.0143992900848389 1.3763365745544434
0.08166618645191193 0.31728723645210266 0.6278215646743774
-0.44245240092277527 0.3487474322319031 0.08077726513147354
-0.9256793260574341 0.808927595615387 1.0109819173812866
0.33776506781578064 0.8462372422218323 1.063219428062439
-0.3880069851875305 0.9911080002784729 1.4956319332122803
-0.06564556062221527 0.30322059988975525 0.8929969072341919
0.23325443267822266 0.7450957298278809 -0.1491122841835022
0.12856902182102203 0.7566000819206238 1.2266861200332642
-0.3330758810043335 0.40889766812324524 -0.08506324887275696
0.35724902153015137 0.7890225052833557 0.17015644907951355
-1.221688151359558 0.9204187989234924 0.6177405714988708
-0.24302692711353302 0.6436258554458618 1.5318101644515991
-0.061775486916303635 0.8961182236671448 1.4540419578552246
-0.8571658134460449 0.9254894256591797 1.1580621004104614
-0.12197709083557129 0.7393263578414917 -0.06909668445587158
-1.1037260293960571 0.9766764044761658 0.9707878828048706
-0.845578134059906 0.6493251323699951 0.3077106177806854
-0.5293940305709839 0.8533982038497925 1.2913036346435547
-1.179101824760437 0.6340771913528442 0.3104250133037567
0.04045575484633446 0.4065220355987549 0.6232842803001404
-0.5129424333572388 0.7504286170005798 1.2005083560943604
-1.03558349609375 0.5903151631355286 0.7885848879814148
-0.19988912343978882 0.8585280179977417 1.2838069200515747
0.23841775953769684 0.7568731307983398 0.8429110050201416
-0.44931745529174805 0.6377200484275818 0.010646767914295197
0.15088598430156708 0.8733062744140625 1.0979294776916504
-0.3881186246871948 0.4385378956794739 0.3449452221393585
-0.019509365782141685 0.6484763622283936 0.2065216302871704
-0.5513058304786682 0.38602930307388306 0.30287760496139526
-0.10822973400354385 0.71002596616745 1.1346498727798462
-0.2232382595539093 0.5214811563491821 0.20831479132175446
-0.5640225410461426 0.5030021667480469 0.6255971789360046
-0.7184457778930664 0.6585804224014282 0.8544537425041199
-0.6962932348251343 0.6835076808929443 0.04174903780221939
-0.49579960107803345 0.44106489419937134 0.9413888454437256
-0.34891071915626526 0.6653488278388977 0.9913179278373718
-1.002354383468628 0.8716105222702026 0.37006083130836487
0.11902277916669846 0.8337081670761108 0.47123318910598755
-0.4777282178401947 0.888116717338562 -0.21644696593284607
-0.1411149948835373 0.9746114015579224 0.818588137626648
-0.2511886656284332 0.4813821315765381 0.5484239459037781
-0.7113413214683533 0.8653199076652527 -0.19181552529335022
0.14338186383247375 0.7303128242492676 0.38807523250579834
0.18765470385551453 1.141523838043213 0.7168527841567993
-0.7472559213638306 0.8947771191596985 0.08883803337812424
-0.7802788615226746 0.8336031436920166 0.8445931673049927
-0.6827582120895386 0.5240693688392639 0.3836742341518402
-0.9214282035827637 0.8534467816352844 0.10891443490982056
-0.08076731860637665 0.885790228843689 -0.15970948338508606
0.07848039269447327 0.6758058071136475 0.6542426943778992
-0.1638578623533249 0.9595893025398254 0.6508975028991699
-0.7097650766372681 0.8292485475540161 0.5832110047340393
0.0053940811194479465 1.0567128658294678 0.5760546922683716
0.0856495127081871 0.8786631226539612 0.15142664313316345
0.09549245983362198 1.0640647411346436 0.8391230702400208
-0.04754479601979256 1.1081005334854126 1.0046472549438477
-0.0764026939868927 0.6726823449134827 0.9072316288948059
-1.5902349948883057 0.9023696184158325 1.1786613464355469
-0.9166816473007202 0.8329000473022461 0.5926242470741272
-0.30821624398231506 1.07407546043396 0.706043541431427
-0.44346877932548523 0.8432791829109192 0.12514372169971466
-0.215720072388649 0.909551203250885 -0.011495254933834076
-0.43941375613212585 0.7742693424224854 0.6828300356864929
-0.48585373163223267 0.7919132113456726 0.9366415739059448
-1.5404928922653198 0.8359187841415405 1.1054385900497437
0.1004774272441864 1.312864065170288 0.5330398082733154
-0.008244537748396397 1.8441050052642822 0.4716758728027344
-0.567656397819519 0.8071373105049133 0.37269800901412964
-0.2170339971780777 1.28864586353302 1.0309154987335205
-0.20835340023040771 0.8024800419807434 0.322367399930954
-0.2601241171360016 1.4675135612487793 0.5926295518875122
-0.23948201537132263 1.7077585458755493 0.3651163578033447
0.14486078917980194 1.1983189582824707 0.9807637333869934
-0.07212869077920914 1.6510052680969238 0.549786388874054
-0.12512870132923126 0.7702555656433105 0.5734120607376099
-0.17152994871139526 2.1481194496154785 0.11363819241523743
0.25390079617500305 1.2929813861846924 0.7233133912086487
-0.23745456337928772 1.8143341541290283 0.20007358491420746
-0.4553934633731842 1.7666040658950806 0.47641417384147644
-0.38601526618003845 1.8627760410308838 0.661715567111969
-0.2448117583990097 1.110093355178833 0.9323076009750366
-0.010640866123139858 1.3817625045776367 1.064435601234436
-0.48423412442207336 1.893343448638916 0.14759506285190582
0.14104102551937103 1.5284333229064941 0.8239885568618774
-0.46710205078125 1.7933282852172852 0.30109474062919617
-0.08244362473487854 1.9657880067825317 0.2309868484735489
-0.055120423436164856 2.1330578327178955 0.4365183711051941
-0.1623653769493103 0.7671529650688171 0.858443021774292
-0.3342329263687134 2.0046324729919434 0.05714436620473862
-0.17339164018630981 3.998791217803955 -0.22255584597587585
-0.05560976266860962 3.6541812419891357 0.2920260429382324
-0.2547127306461334 2.317941188812256 0.37076637148857117
-0.6072073578834534 2.013601064682007 0.20223328471183777
-0.12819348275661469 1.235633134841919 0.5032155513763428
-0.17210550606250763 1.6469624042510986 0.861295223236084
-0.4202556312084198 3.527501344680786 0.44528475403785706
-0.19378571212291718 2.065019369125366 0.6459406018257141
-0.5245126485824585 2.131603956222534 0.5581514835357666
-0.5414597988128662 2.2525384426116943 0.23987430334091187
-0.5218793153762817 3.7620596885681152 0.389424204826355
-0.34371814131736755 1.3411365747451782 0.7541985511779785
-0.024496162310242653 3.6270840167999268 0.12340964376926422
-0.19826637208461761 3.769556999206543 -0.20887449383735657
-0.5903132557868958 1.946313738822937 0.4788413345813751
0.0033330637961626053 3.715789318084717 -0.05272061750292778
-0.22276324033737183 3.611804485321045 0.4492814540863037
-0.5186660885810852 3.622609853744507 0.5874487161636353
-0.6587579250335693 3.534052848815918 0.4463823437690735
-0.3639222979545593 3.4843358993530273 0.1910339593887329
-0.2916521728038788 3.5338246822357178 -0.051610033959150314
-0.6170103549957275 3.5021116733551025 0.2239644080400467
-0.5156015753746033 3.839198350906372 -0.2556496858596802
-0.33979520201683044 4.056911945343018 0.4622427225112915
-0.7979620695114136 3.6207427978515625 0.023450670763850212
-0.5329443216323853 4.039051055908203 0.527722954750061
-0.1687532663345337 3.543473243713379 0.02936415746808052
-0.7894231081008911 3.6799495220184326 0.5151158571243286
0.11426807194948196 3.8174657821655273 0.17084038257598877
-0.8251649737358093 3.5827383995056152 0.30772456526756287
-0.8461393713951111 3.895437240600586 0.499830961227417
0.05423532426357269 3.9464900493621826 -0.11411137133836746
0.13079826533794403 4.094691276550293 -0.009906288236379623
-0.06756475567817688 3.8234493732452393 0.444682240486145
-0.381177693605423 4.190840244293213 -0.10773409903049469
-0.441107839345932 3.584861993789673 -0.09040626883506775
-0.3700838088989258 3.7807576656341553 0.629707396030426
-0.5798457860946655 3.6307809352874756 -0.13371656835079193
-0.23733769357204437 4.364380836486816 -0.11216921359300613
-0.6621364951133728 3.510368824005127 0.07703575491905212
0.09333641082048416 4.029327392578125 0.27148357033729553
-0.9297235012054443 6.259116172790527 0.7949548959732056
-0.18570658564567566 4.244114875793457 0.4033272862434387
-0.924803614616394 3.740262985229492 0.11264441162347794
-0.39279502630233765 4.5127763748168945 0.1787232607603073
-0.7837717533111572 3.918337821960449 -0.05825098976492882
-0.5335737466812134 4.032110214233398 -0.20126387476921082
-0.2787749767303467 4.513420581817627 0.44829705357551575
-0.028024252504110336 4.434105396270752 0.03446519747376442
-0.4739019274711609 4.330234527587891 0.12803013622760773
0.09621584415435791 4.5635809898376465 0.41185683012008667
0.1481080800294876 4.416048049926758 0.2321445792913437
-0.6951659917831421 4.123119831085205 0.194660022854805
-0.08709581196308136 4.382828712463379 0.5200240612030029
-0.8762054443359375 6.175762176513672 0.13545125722885132
-0.8992475867271423 3.9781603813171387 0.2674480378627777
0.18231800198554993 4.197626113891602 0.21672500669956207
-0.6566505432128906 5.757150650024414 0.4563997685909271
-0.1244608461856842 4.694162368774414 0.29862117767333984
0.003979064989835024 4.3289923667907715 0.47172194719314575
-0.6110554337501526 5.895694255828857 0.6776208281517029
-0.7461052536964417 6.092110633850098 0.8389856219291687
-0.4440871477127075 6.0066962242126465 0.47755804657936096
-0.9696129560470581 5.986999034881592 0.22800154983997345
-0.914014458656311 5.7753520011901855 0.6113969087600708
-1.172826886177063 6.29425573348999 0.6699172258377075
-1.1262515783309937 5.941763877868652 0.6852080821990967
-0.4228892922401428 6.282515525817871 0.4913047254085541
-0.8355988264083862 5.903331756591797 0.7914049029350281
-0.7207984328269958 5.906960964202881 0.26204049587249756
-0.3058261275291443 7.006557941436768 0.42800790071487427
-0.5596240162849426 5.835872173309326 0.51388019323349
-0.4890148639678955 6.103155612945557 0.7040534615516663
-1.0487152338027954 5.903367042541504 0.32882043719291687
-0.9436291456222534 6.550405979156494 0.5883906483650208
-1.1791812181472778 6.389900207519531 0.44329342246055603
-0.5427826046943665 6.139508247375488 0.26704737544059753
-1.079552412033081 6.1678466796875 0.2615355849266052
-0.058691538870334625 7.079648017883301 0.6412491798400879
-0.8548988699913025 5.785590171813965 0.43821051716804504
-1.2205016613006592 6.08201789855957 0.6060314774513245
-0.18869024515151978 7.007004737854004 0.8528599143028259
-0.13960564136505127 7.139400005340576 0.47781267762184143
-1.0897549390792847 6.379479885101318 0.23858307301998138
-0.2725757658481598 6.988210678100586 0.8242809176445007
-0.5145949721336365 6.3887224197387695 0.28205007314682007
-0.7308652400970459 6.670417308807373 0.556812047958374
-0.37023037672042847 7.228498458862305 0.414265900850296
-0.8114079833030701 6.400297164916992 0.20865829288959503
-1.0550066232681274 5.896605491638184 0.6486236453056335
-0.04866455867886543 7.106518268585205 0.8892709016799927
-0.43270960450172424 7.096006393432617 0.8916484117507935
-0.726942777633667 6.356296539306641 0.7908591628074646
-0.643603503704071 6.58543586730957 0.26330137252807617
-0.9962478280067444 8.167145729064941 0.03647909313440323
-0.49290528893470764 6.424287796020508 0.6767346262931824
-0.09838523715734482 7.207164287567139 1.004634141921997
-0.07937709242105484 7.30320930480957 0.43767064809799194
-0.9381591081619263 7.781683921813965 0.1141730546951294
-0.3873721957206726 6.684878349304199 0.5763946771621704
-0.40046289563179016 7.2556047439575195 0.972181499004364
-0.32054802775382996 7.4666337966918945 0.9553205370903015
-0.4657084345817566 6.6933698654174805 0.35943493247032166
-0.7724777460098267 7.903934955596924 0.11277800798416138
-0.41207852959632874 7.435083866119385 0.6906663179397583
-0.4892108142375946 6.909875869750977 0.6083707213401794
0.0341077521443367 7.452488899230957 0.9308926463127136
-1.0893296003341675 7.954963207244873 0.29781028628349304
-1.1063870191574097 7.836485385894775 0.2014283835887909
-0.8638132810592651 7.881490230560303 0.31398633122444153
-0.04239653795957565 7.473592758178711 0.4246765375137329
0.0920369103550911 7.56196928024292 0.832261860370636
-1.0578486919403076 7.806302547454834 0.06532303243875504
0.015389559790492058 7.880004405975342 0.7319815754890442
-0.2927636504173279 8.026309967041016 0.9562180042266846
-0.44377779960632324 8.195720672607422 0.8125460743904114
-0.2691829800605774 7.833765506744385 0.6050693988800049
-0.3767014443874359 7.938169002532959 0.5391664505004883
-0.2511131763458252 7.647053241729736 0.5207569003105164
-0.005612165667116642 8.398141860961914 0.9503844380378723
0.007202222477644682 7.63267707824707 0.5654961466789246
-0.2483801543712616 7.803095817565918 0.8953903317451477
-1.0961734056472778 8.207496643066406 0.19931581616401672
-0.5543565154075623 8.32287883758545 0.48208197951316833
-0.1430245190858841 8.256279945373535 1.1055200099945068
-0.3254891037940979 8.10101318359375 0.5302873253822327
-0.9509761333465576 7.845364570617676 -0.0174248069524765
-0.07595938444137573 7.794474124908447 0.9612430334091187
-0.7388525605201721 8.2163724899292 0.5498840808868408
-0.24768364429473877 8.418059349060059 0.5734357237815857
-0.032673340290784836 8.070411682128906 0.9666888117790222
-0.8358151316642761 7.943001747131348 0.43432188034057617
-0.08216098695993423 8.301101684570312 0.7003523707389832
0.0038555338978767395 8.554802894592285 0.9323364496231079
-0.7547194957733154 8.369170188903809 0.42210349440574646
-0.2996331453323364 8.454931259155273 0.9822719693183899
0.002989579923450947 8.652231216430664 0.7562103867530823
-0.6012316346168518 8.275894165039062 0.8312886953353882
-0.30110394954681396 8.613565444946289 0.5363253951072693
-0.1375419795513153 9.033801078796387 0.40030115842819214
-0.5493321418762207 8.581249237060547 0.837472677230835
-0.8278754949569702 8.531286239624023 0.48553985357284546
-0.32994645833969116 8.832895278930664 0.43516576290130615
-0.5645898580551147 8.766164779663086 0.5748043060302734
-0.7844738960266113 8.617814064025879 0.6378373503684998
-0.6656913757324219 8.759204864501953 0.44111087918281555
0.02002914994955063 8.8626708984375 0.6722130179405212
-0.1311449110507965 8.806644439697266 0.9426776170730591
-0.21547935903072357 9.042245864868164 0.9256457090377808
-0.04854055866599083 9.147578239440918 0.6712324023246765
-0.022711003199219704 8.898574829101562 0.5488483905792236
-0.4269440770149231 8.997720718383789 0.8505363464355469
0.15179035067558289 9.85389518737793 0.04748311638832092
-0.5022252202033997 9.165303230285645 0.6347898840904236
-0.017957519739866257 9.620792388916016 0.23336999118328094
-0.5023826360702515 9.065672874450684 0.6176697611808777
0.07690686732530594 9.696146011352539 -0.009490396827459335
-0.3065897524356842 9.315160751342773 0.8183603882789612
-0.20316386222839355 9.53404426574707 0.49531009793281555
-0.2467474788427353 9.211950302124023 0.41449400782585144
-0.3316473662853241 9.76939582824707 0.16037042438983917
-0.2387334257364273 9.482812881469727 0.8054875135421753
-0.14382104575634003 9.617850303649902 -0.02438497543334961
0.022721774876117706 10.05789852142334 1.0391021966934204
-0.2728244364261627 9.566919326782227 0.2601156234741211
-0.11723203212022781 9.998031616210938 0.01754458248615265
0.09786278754472733 9.663278579711914 0.2361772209405899
-0.34514474868774414 9.491158485412598 0.6863645315170288
-0.550327718257904 10.035436630249023 0.7002184987068176
-0.6658656597137451 10.251578330993652 0.6406527161598206
-0.20520496368408203 9.785391807556152 -0.18017292022705078
-0.5075058937072754 10.266200065612793 0.7692261338233948
-0.8471249341964722 10.151568412780762 0.8569399118423462
-0.7684759497642517 10.080179214477539 0.8267063498497009
-0.3732452988624573 9.877217292785645 -0.06232275441288948
-0.11929310858249664 10.248806953430176 1.1203136444091797
-1.1132140159606934 10.579787254333496 -0.14175280928611755
-0.9083769917488098 10.205328941345215 0.954831600189209
-0.02498668245971203 10.29464054107666 1.0108182430267334
-0.017493054270744324 10.005685806274414 0.16481399536132812
-0.5403191447257996 10.053723335266113 0.7167824506759644
-0.38758036494255066 10.017121315002441 0.16243508458137512
-0.27573513984680176 9.900390625 0.5388463735580444
-0.4872635006904602 10.423099517822266 0.9277626276016235
-0.11133172363042831 10.277902603149414 1.0805572271347046
-0.46874019503593445 10.317913055419922 0.963851273059845
-0.2255031168460846 10.12617301940918 -0.06349121779203415
-0.7242746949195862 10.44071102142334 0.774006187915802
0.225883349776268 10.806519508361816 0.33524391055107117
-0.26663336157798767 10.201407432556152 0.14351731538772583
-0.4326624870300293 10.449009895324707 1.0793581008911133
-1.2394779920578003 10.673772811889648 -0.24959740042686462
-0.20683938264846802 10.444374084472656 0.16025100648403168
-1.222582459449768 10.686484336853027 -0.14927682280540466
-1.1013710498809814 10.790169715881348 -0.13858112692832947
0.19040116667747498 10.749712944030762 0.3337908983230591
0.1567477136850357 10.721281051635742 1.234012484550476
-0.11387542635202408 10.616386413574219 1.15345299243927
0.167751282453537 10.718940734863281 1.3164762258529663
-0.10176609456539154 10.765701293945312 0.038010139018297195
-0.19125892221927643 10.701310157775879 -0.029158275574445724
-0.4979855418205261 10.719863891601562 1.0376335382461548
-1.2830904722213745 10.919073104858398 0.09406948834657669
0.3855177164077759 10.917325019836426 1.0640279054641724
0.15023700892925262 11.003374099731445 0.23893900215625763
-1.2737841606140137 10.938977241516113 -0.1745028793811798
-1.0944674015045166 10.973142623901367 0.8358748555183411
-1.072129726409912 11.171825408935547 1.3685822486877441
-1.1384040117263794 10.96777057647705 0.8090866208076477
-1.0267142057418823 11.026023864746094 0.8547002077102661
0.029326286166906357 11.145148277282715 0.03512953594326973
-0.298156201839447 11.003557205200195 0.005998815409839153
-1.2351638078689575 11.00897216796875 0.054595451802015305
0.22748573124408722 11.14427661895752 0.20682847499847412
-1.2353330850601196 11.185323715209961 1.0306754112243652
-0.39595934748649597 11.266308784484863 -0.24420785903930664
-0.9217047095298767 11.274741172790527 -0.09483222663402557
0.47449761629104614 11.134048461914062 1.2092633247375488
0.5307654738426208 11.315349578857422 -0.13215722143650055
-0.19773860275745392 11.223163604736328 -0.08921629190444946
-0.44543588161468506 11.244905471801758 1.1908632516860962
-0.4165121018886566 11.356986999511719 1.2433130741119385
0.028519051149487495 11.34843635559082 0.31996241211891174
-0.7130787968635559 11.435578346252441 -0.19674564898014069
0.31454259157180786 11.40767765045166 0.065511554479599
-0.6756556630134583 11.403509140014648 -0.19266831874847412
-1.2581167221069336 11.381111145019531 -0.41192540526390076
-0.5638716220855713 11.480240821838379 -0.3814552426338196
-0.3099977374076843 11.483721733093262 1.2318434715270996
-1.0462608337402344 11.457512855529785 1.2488129138946533
-0.1270844042301178 11.508248329162598 0.2183557152748108
0.10082022845745087 11.499629020690918 0.5599809288978577
0.5297232270240784 11.503015518188477 -0.3184947669506073
-0.8949615359306335 11.523871421813965 0.13234588503837585
0.23167867958545685 11.527088165283203 0.3970484137535095
0.27537205815315247 11.546669006347656 -0.4156809449195862
0.5022106766700745 11.568652153015137 0.2541153132915497
-1.13947594165802 11.575881958007812 1.4623866081237793
-1.351393222808838 11.58232307434082 -0.21961785852909088
