950
-2.3863744735717773 0.2845063805580139 1.5965986251831055
-2.386474609375 0.2846065163612366 -0.7572726011276245
-2.3863744735717773 0.5903629064559937 0.6290273666381836
0.9210299253463745 0.578789234161377 -0.8250223398208618
-2.125220537185669 0.284606397151947 0.07083477824926376
-1.3421962261199951 0.2846066951751709 -1.205398678779602
-0.33707350492477417 0.284606397151947 0.8549636006355286
-0.8952186107635498 0.284606397151947 -0.8777657747268677
-0.9557223320007324 0.2846062183380127 -1.2053987979888916
0.921032190322876 0.2845063805580139 -1.2053306102752686
-2.386474609375 0.2846064567565918 -0.26640844345092773
-2.386474609375 0.2846064567565918 0.2642946243286133
-2.386474609375 0.28460657596588135 -0.5022542476654053
-1.8031874895095825 0.28460609912872314 2.141308307647705
-2.386474609375 0.2846066951751709 -0.016266345977783203
-2.3863744735717773 0.2845063805580139 0.6788301467895508
0.6492749452590942 0.2845063805580139 -1.2052963972091675
-0.5549397468566895 0.2846064567565918 -1.2053989171981812
-2.1635401248931885 0.284606397151947 1.3377197980880737
0.13456317782402039 0.2846064269542694 2.141308307647705
0.9211299419403076 0.2846066951751709 -0.8923525810241699
0.9211299419403076 0.2846064567565918 -0.7313451766967773
-2.386474609375 0.2846064567565918 0.13249444961547852
-1.5243998765945435 0.284606397151947 1.8473060131072998
-0.42780065536499023 0.2846064567565918 -1.2053989171981812
-2.369067668914795 0.28461015224456787 2.141308307647705
-2.386474609375 0.28460657596588135 -0.13595902919769287
0.9211299419403076 0.2846066951751709 -0.9938385486602783
-2.117960214614868 0.284606397151947 1.6779016256332397
-1.0932815074920654 0.2846062183380127 -1.205398678779602
0.9211300611495972 0.2846064567565918 1.3603492975234985
0.9210300445556641 0.5485720038414001 1.52755868434906
-1.888695478439331 0.284606397151947 1.6844115257263184
-2.3863744735717773 0.5935914516448975 1.7455381155014038
-2.17874813079834 0.2845063805580139 2.141206741333008
0.9210299253463745 0.3289090096950531 -0.6787933707237244
-2.386474609375 0.2846065163612366 -0.6284642219543457
0.9211141467094421 0.28460657596588135 -1.2053993940353394
-2.386474609375 0.2846064567565918 -0.8709836006164551
-1.94317626953125 0.2845063805580139 2.141206741333008
0.9210295081138611 0.2845063805580139 0.8815631866455078
-1.4419633150100708 0.28787675499916077 -1.187963843345642
0.22778551280498505 0.284606397151947 1.4641120433807373
-0.5561087727546692 0.284606397151947 -0.8901700973510742
0.39524173736572266 0.2846064567565918 -1.2053991556167603
-2.3863754272460938 0.2845063805580139 2.141232490539551
-2.0731849670410156 0.284606397151947 0.9287425875663757
-0.4115832448005676 0.284606397151947 -0.6777809262275696
-2.386474609375 0.5933842062950134 -1.2052981853485107
-2.3863751888275146 0.31569790840148926 -1.2053983211517334
-1.656625747680664 0.284606397151947 -0.46943947672843933
-1.460820198059082 0.284606397151947 -0.8637098073959351
-2.3863754272460938 0.2845063805580139 1.6857357025146484
-1.9675014019012451 0.284606397151947 -0.6325553059577942
0.9210300445556641 0.2845063805580139 2.04215145111084
-1.9160741567611694 0.284606397151947 1.3212085962295532
0.3270370662212372 0.284606397151947 -0.8678703308105469
-1.5336790084838867 0.2845063805580139 -1.205301284790039
-2.386474609375 0.2846066951751709 0.5189492702484131
-1.6426862478256226 0.284606397151947 -0.6894693374633789
-0.08577638864517212 0.284606397151947 -0.9544569253921509
-1.170366883277893 0.284606397151947 -0.8959903120994568
-1.8799810409545898 0.2845063805580139 -1.2052993774414062
-2.3864128589630127 0.2846064567565918 -1.2053983211517334
0.9210300445556641 0.2845063805580139 1.7728118896484375
-2.386474370956421 0.2846064567565918 1.793485403060913
-2.0123324394226074 0.284606397151947 1.8584493398666382
0.9210300445556641 0.2845063805580139 1.109480857849121
-0.1283731460571289 0.2845063805580139 2.1412086486816406
-2.386474609375 0.2846064567565918 -0.38050568103790283
0.5379688143730164 0.28460636734962463 2.141308307647705
0.9211301207542419 0.2845483124256134 2.1412084102630615
-2.386474370956421 0.2846062183380127 1.4865140914916992
0.9210309982299805 0.2845063805580139 1.6786108016967773
0.6086438298225403 0.284606397151947 1.7684342861175537
-1.223623275756836 0.2845063805580139 -1.2053003311157227
-1.933625340461731 0.284606397151947 -0.10647895187139511
0.9210281372070312 0.2845063805580139 1.460805892944336
0.9211300611495972 0.2846066355705261 1.572633981704712
-1.8054399490356445 0.284606397151947 1.1699849367141724
-2.071230173110962 0.284606397151947 0.6783534288406372
-1.328904151916504 0.2845063805580139 2.141207695007324
0.9210319519042969 0.2845063805580139 -0.5885010361671448
0.9187221527099609 0.28460630774497986 2.141308307647705
-2.386474370956421 0.2846064567565918 0.9285068511962891
-1.7741460800170898 0.2845063805580139 -1.205301284790039
-1.2797434329986572 0.284606397151947 -0.7566289901733398
0.9211300611495972 0.28460633754730225 1.8759846687316895
0.2746616303920746 0.7992885708808899 2.1412081718444824
-0.36804962158203125 0.2845063805580139 2.141207695007324
-0.009280085563659668 0.2845063805580139 -1.2052977085113525
-1.681229591369629 0.2845063805580139 -1.205301284790039
-1.9284173250198364 0.284606397151947 -0.9360429048538208
-2.3863773345947266 0.2845063805580139 0.7864236831665039
-1.7630757093429565 0.5515688061714172 -1.2052985429763794
0.5632995367050171 0.284606397151947 0.39444246888160706
-1.4417877197265625 0.2846062183380127 2.141308307647705
-1.9869188070297241 0.4887661039829254 -1.2052985429763794
-0.6529369354248047 0.2845063805580139 2.141207695007324
-2.3832499980926514 0.6984546780586243 2.1316568851470947
-2.386474370956421 0.2846062183380127 1.3134047985076904
-0.7685413360595703 0.2845063805580139 2.141206741333008
0.921028733253479 0.2845063805580139 0.6488077044487
-2.3863725662231445 0.2845063805580139 1.9123096466064453
-2.071368932723999 0.284606397151947 1.1427009105682373
0.9210308790206909 0.2845063805580139 0.0412612222135067
-2.357527494430542 0.2846064567565918 -1.2053983211517334
-2.3863744735717773 0.5329397916793823 1.2681840658187866
-0.6991124749183655 0.2845063805580139 -1.2052981853485107
-0.8814001083374023 0.2845063805580139 2.141206741333008
0.6686325073242188 0.2845063805580139 2.141207695007324
-2.386474370956421 0.2846064567565918 1.1825616359710693
-0.8809232711791992 0.284606397151947 1.7239413261413574
-2.3863744735717773 0.8284681439399719 -1.1092764139175415
0.9211300015449524 0.28460633754730225 0.12251448631286621
-2.1203722953796387 0.284606397151947 0.4589851200580597
-1.6940183639526367 0.2845063805580139 2.1412057876586914
-2.386474609375 0.284606397151947 -1.002610683441162
-2.1403985023498535 0.2846064567565918 -1.205398440361023
-2.386474370956421 0.2846062183380127 1.0567502975463867
0.9210299849510193 0.5267390608787537 -0.4504975378513336
-0.5076329708099365 0.284606397151947 1.8281564712524414
-1.2776919603347778 0.284606397151947 1.8539742231369019
-1.6962559223175049 0.284606397151947 -0.9052702188491821
-2.106069564819336 0.284606397151947 -0.8290039896965027
-2.1308557987213135 0.284606397151947 -0.18976783752441406
-1.7716025114059448 0.284606397151947 1.8653340339660645
-0.8970670700073242 0.2846064567565918 -1.2053987979888916
-2.013200044631958 0.2846064567565918 -1.205398440361023
0.1319708675146103 0.5222949385643005 -1.2052991390228271
0.4167274832725525 0.28460636734962463 2.141308307647705
0.919670820236206 0.7755550146102905 -1.2044737339019775
-1.5699243545532227 0.2845063805580139 2.141206741333008
-2.2064640522003174 0.7733572125434875 -1.2052984237670898
-2.042156219482422 0.2845063805580139 2.141207695007324
-0.3507041931152344 0.2846064567565918 -1.2053989171981812
0.9211300611495972 0.28460657596588135 1.2251681089401245
0.5221644043922424 0.284606397151947 -0.03683369979262352
0.9210299253463745 0.5385143160820007 -1.2053993940353394
-1.8620108366012573 0.284606397151947 0.6087576150894165
0.9210315942764282 0.2845063805580139 -0.2511170208454132
0.26335620880126953 0.28460633754730225 -1.2053991556167603
-0.8263974189758301 0.2846062183380127 -1.2053987979888916
-0.012582719326019287 0.28460636734962463 2.141308307647705
-0.27973103523254395 0.2846064567565918 -1.2053989171981812
0.8267369270324707 0.2845063805580139 -1.2052972316741943
0.5278413891792297 0.284606397151947 -0.8880376815795898
-0.7337837219238281 0.284606397151947 1.8227134943008423
0.9210318922996521 0.2845063805580139 0.254568487405777
-1.0766592025756836 0.2845063805580139 2.141207695007324
0.2783784866333008 0.2845063805580139 2.141206741333008
0.43389105796813965 0.284606397151947 1.0955363512039185
0.125249981880188 0.2846064567565918 -1.2053991556167603
-2.1340909004211426 0.7583500146865845 2.1412081718444824
-1.5203622579574585 0.5523009896278381 -1.205298662185669
0.9211300015449524 0.2846064567565918 0.5550587177276611
-0.2378743290901184 0.284606397151947 1.548020601272583
-1.9252585172653198 0.4281587600708008 2.1412081718444824
-0.5670652389526367 0.44456326961517334 -1.205298900604248
0.5238920450210571 0.28460633754730225 -1.2053992748260498
0.40414124727249146 0.284606397151947 1.8112425804138184
-0.5832952260971069 0.28460636734962463 2.141308307647705
-0.4982481002807617 0.2845063805580139 2.1412086486816406
0.4817972183227539 0.35342034697532654 -1.2052992582321167
-0.040134087204933167 0.284606397151947 0.6898702383041382
0.576090395450592 0.284606397151947 -0.2608182728290558
0.18727481365203857 0.2845063805580139 -1.205297589302063
-0.02146756835281849 0.284606397151947 0.20513510704040527
-1.2050361633300781 0.2845063805580139 2.141204833984375
-0.156854510307312 0.284606397151947 1.8231312036514282
0.9210308194160461 0.2845063805580139 -0.055850423872470856
0.9210299849510193 0.2845063805580139 0.7871552109718323
0.11779946088790894 0.284606397151947 -0.8584747910499573
0.9210313558578491 0.2845063805580139 -0.4834043085575104
-1.791526198387146 0.284606397151947 0.24852894246578217
-2.386373519897461 0.2845063805580139 0.3990011215209961
0.9211300015449524 0.2846062183380127 -0.3706386089324951
0.20344789326190948 0.284606397151947 -0.41686487197875977
0.5827574133872986 0.284606397151947 1.2438794374465942
0.9210299253463745 0.3326139450073242 2.141308307647705
-0.2932044267654419 0.284606397151947 -0.5075099468231201
-1.4413526058197021 0.284606397151947 -0.6201248168945312
-0.7235836386680603 0.284606397151947 -0.7996307611465454
0.03785640001296997 0.284606397151947 1.5474932193756104
-0.020664997398853302 0.284606397151947 1.709047555923462
0.6451573967933655 0.284606397151947 -0.7323346734046936
0.921028196811676 0.2845063805580139 0.41778022050857544
-0.3334693908691406 0.284606397151947 -0.8982952237129211
-0.11112811416387558 0.284606397151947 -0.5802521109580994
0.5733553171157837 0.284606397151947 -0.5312920212745667
-1.2284613847732544 0.284606397151947 -0.5685375928878784
-2.0355489253997803 0.284606397151947 0.26255983114242554
-1.8546051979064941 0.284606397151947 0.8001300692558289
-1.066306471824646 0.5579645037651062 2.1412081718444824
-2.029585123062134 0.284606397151947 1.5149385929107666
0.6260173320770264 0.284606397151947 1.5067815780639648
-2.3863744735717773 0.4677865505218506 -0.5727275609970093
-2.1381280422210693 0.284606397151947 -0.562384843826294
0.9210300445556641 0.47561776638031006 1.2311171293258667
-0.04657742381095886 0.284606397151947 -0.3910011947154999
-1.8041023015975952 0.284606397151947 1.4985175132751465
-2.386474370956421 0.2845613956451416 2.1412088871002197
-1.675281286239624 0.284606397151947 0.9314765930175781
0.48270702362060547 0.2845063805580139 2.1412086486816406
0.865623414516449 0.8799052834510803 2.1412081718444824
-2.3829269409179688 0.8097478151321411 1.9057790040969849
-2.38614559173584 0.28499531745910645 0.8613501191139221
-0.6646370887756348 0.284606397151947 -0.18846870958805084
-0.2598085403442383 0.2845063805580139 2.141207695007324
-1.8420413732528687 0.284606397151947 -0.7465463876724243
-2.386474609375 0.45250624418258667 -1.2052984237670898
-1.6784542798995972 0.284606397151947 1.6730425357818604
-2.3863744735717773 0.6166277527809143 -0.37795937061309814
-2.3863744735717773 0.5567920207977295 -0.813035786151886
-1.3815802335739136 0.284606397151947 1.264439582824707
-1.319427251815796 0.284606397151947 1.0024107694625854
-2.2071425914764404 0.9165549874305725 -0.842288076877594
-1.2524635791778564 0.4218485653400421 -1.205298662185669
-2.3863744735717773 0.42567095160484314 0.15114036202430725
-0.5174736380577087 0.7510483860969543 -1.205298900604248
-2.010969877243042 0.284606397151947 -0.3404116928577423
-1.7958341836929321 0.284606397151947 -0.24134621024131775
-2.3863744735717773 0.5603870749473572 1.0273165702819824
-1.8870558738708496 0.284606397151947 0.07693620026111603
-1.8477472066879272 0.284606397151947 -0.4732484519481659
-0.7174808382987976 0.284606397151947 1.582902193069458
0.4251207113265991 0.284606397151947 -0.671866774559021
-1.4483150243759155 0.284606397151947 -0.3915015757083893
0.9211299419403076 0.6564311981201172 -1.2052991390228271
-1.6145086288452148 0.284606397151947 1.1996824741363525
-1.8902359008789062 0.284606397151947 0.43335258960723877
0.4808458685874939 0.7406838536262512 -1.2052992582321167
-0.1038392186164856 0.284606397151947 -0.020818470045924187
0.20441541075706482 0.2846064269542694 2.141308307647705
0.9210329055786133 0.2845063805580139 0.9911603927612305
0.29382196068763733 0.284606397151947 0.5575718283653259
-2.1737420558929443 0.8894132375717163 -1.1722548007965088
-1.032914400100708 0.6086086630821228 -1.2052987813949585
-0.9845590591430664 0.2845063805580139 2.141207695007324
-0.8355602025985718 0.284606397151947 -0.6127279996871948
-1.2096019983291626 0.284606397151947 1.6427183151245117
-2.3863744735717773 0.5037344098091125 -0.12331347912549973
0.9211299419403076 0.40532517433166504 -1.2052998542785645
-1.6448744535446167 0.7503069639205933 2.1412081718444824
-0.9619255065917969 0.284606397151947 1.1195120811462402
-2.376234292984009 0.584119975566864 2.1412081718444824
-1.605128288269043 0.284606397151947 -0.20845530927181244
0.9211301207542419 0.491301566362381 2.1412084102630615
-1.4016034603118896 0.284606397151947 1.6751110553741455
0.07673747092485428 0.284606397151947 0.43015149235725403
-0.6911442875862122 0.284606397151947 0.6214471459388733
-2.3861913681030273 0.8072768449783325 -0.8795810341835022
-0.9076476097106934 0.284606397151947 1.4792165756225586
-2.3779079914093018 0.7215622663497925 -1.2052984237670898
-2.3863747119903564 0.46244919300079346 2.141308307647705
-2.2291362285614014 0.9580263495445251 1.8524962663650513
-2.365307092666626 0.7844619750976562 2.126598596572876
-0.4285590350627899 0.554054319858551 2.1412081718444824
-0.05272262170910835 0.6651915907859802 -1.2052991390228271
0.9210300445556641 0.5649743676185608 1.002738356590271
-2.3863744735717773 0.48032400012016296 0.43949881196022034
0.9211301207542419 0.6229552030563354 2.1412081718444824
0.6300342082977295 0.8019378185272217 -1.2052992582321167
-0.18961048126220703 0.2845063805580139 2.141206741333008
0.9210300445556641 0.5861237645149231 1.7565110921859741
0.9211300015449524 0.28460657596588135 0.34626102447509766
0.9210313558578491 0.2845063805580139 -0.16314253211021423
-2.3863744735717773 0.7581353187561035 -0.018201308324933052
-0.5717698931694031 0.284606397151947 0.22870978713035583
-1.776203989982605 0.7894747853279114 -1.2052985429763794
-2.3863744735717773 0.721640944480896 -0.6467491388320923
-1.1081359386444092 0.284606397151947 1.3360775709152222
-1.2381657361984253 0.284606397151947 -0.3544827997684479
-2.3863744735717773 0.4811079502105713 1.5002672672271729
-0.06385202705860138 0.284606397151947 -0.1878657042980194
0.3810787796974182 0.284606397151947 -0.1850905567407608
0.16541583836078644 0.284606397151947 1.8097048997879028
-0.47946545481681824 0.284606397151947 -0.4079599380493164
-1.6969298124313354 0.284606397151947 0.00025206984719261527
0.9210301041603088 0.8857795000076294 2.0298635959625244
-0.7928988933563232 0.6118069887161255 -1.205298900604248
0.9210300445556641 0.500274658203125 0.7449761033058167
-1.4807499647140503 0.284606397151947 1.053408145904541
-1.8742588758468628 0.6697996258735657 2.1412081718444824
-2.3863744735717773 0.7320665121078491 0.7889553904533386
-1.3544950485229492 0.5020554065704346 2.1412081718444824
-2.3863744735717773 0.7615402340888977 -0.20185025036334991
-1.2812508344650269 0.284606397151947 1.4442059993743896
-1.9563757181167603 0.7550583481788635 -1.2052985429763794
-0.7867425084114075 0.5866205096244812 2.1412081718444824
-0.4792199432849884 0.284606397151947 1.4490489959716797
-0.307652086019516 0.284606397151947 0.1478561908006668
0.62493896484375 0.7328450083732605 2.1412081718444824
0.8301833868026733 0.8526464104652405 -1.1688274145126343
0.913434624671936 0.8367311954498291 -0.9647992849349976
0.9210299849510193 0.7092674970626831 -0.31195101141929626
0.9210300445556641 0.8201532959938049 1.7915313243865967
-2.375933885574341 0.7230812311172485 0.38295796513557434
0.9210299253463745 0.7720584869384766 -0.6062568426132202
0.9210300445556641 0.770168662071228 1.58713960647583
0.9210299849510193 0.54542076587677 0.14525844156742096
-1.0624079704284668 0.284606397151947 -0.2490014284849167
0.26436731219291687 0.284606397151947 0.0156673863530159
-2.380932569503784 0.8287335634231567 1.7022322416305542
0.6249054670333862 0.284606397151947 1.025801420211792
0.0785672515630722 0.284606397151947 1.2794522047042847
0.4430656433105469 0.5735573172569275 2.1412081718444824
0.9205639958381653 0.815170407295227 -0.7613926529884338
-2.0129482746124268 0.8457446098327637 2.119199752807617
-1.2766023874282837 0.7071594595909119 2.1412081718444824
0.9210299849510193 0.7467244863510132 2.141308307647705
-0.19610722362995148 0.749839723110199 2.4983575344085693
-1.670173168182373 0.284606397151947 0.4614899456501007
0.4509611427783966 0.284606397151947 1.613085389137268
0.9210300445556641 0.7448151111602783 1.1704554557800293
0.9210299849510193 0.7130645513534546 0.3134957551956177
0.8857345581054688 0.9814207553863525 1.7219531536102295
-1.7924503087997437 0.867893636226654 2.1298584938049316
-2.380553960800171 0.7351685762405396 1.5332111120224
-1.156105637550354 0.284606397151947 1.1169440746307373
-0.8230381608009338 0.284606397151947 1.328051209449768
-2.3840255737304688 0.763433039188385 1.2315248250961304
-2.356537342071533 0.854339063167572 1.4282019138336182
-2.3599534034729004 0.8466733694076538 -0.6258054971694946
-1.0390222072601318 0.284606397151947 1.834039330482483
0.1861402541399002 0.5571798086166382 2.1412081718444824
-0.6315838098526001 0.284606397151947 -0.598759114742279
-1.6175609827041626 0.284606397151947 1.4082493782043457
-2.375962495803833 0.7819791436195374 0.9577159881591797
-1.5884599685668945 0.284606397151947 0.22902069985866547
-1.4568095207214355 0.7635661959648132 2.1412081718444824
-0.30685368180274963 0.284606397151947 1.716296672821045
-0.8552376627922058 0.749839723110199 2.459562301635742
-1.1965179443359375 0.284606397151947 0.34677010774612427
-1.0271592140197754 0.284606397151947 -0.7437164187431335
-0.928124189376831 0.9996193051338196 1.8485335111618042
-0.4547334313392639 0.284606397151947 1.1063134670257568
-0.323220431804657 0.7234153151512146 -1.1983733177185059
-1.1757341623306274 0.7943838834762573 -1.2052987813949585
-2.242990732192993 0.965640664100647 1.2990152835845947
-1.9628657102584839 0.9203802347183228 -1.0817086696624756
-2.0776779651641846 0.8565356731414795 1.5947452783584595
0.6312986612319946 0.284606397151947 0.5973950028419495
0.04330899193882942 0.7453856468200684 2.1412081718444824
0.050919149070978165 0.284606397151947 -0.659390389919281
-0.014986783266067505 0.7686365842819214 2.4171066284179688
0.2762170732021332 0.7003178596496582 -1.2052991390228271
-2.2508511543273926 0.9336931109428406 0.5479479432106018
0.9210299849510193 0.5699421763420105 -0.10872809588909149
0.46265748143196106 0.6774517893791199 1.7760916948318481
-1.8695255517959595 0.5974647998809814 0.2923186123371124
-1.3733323812484741 0.7385830283164978 -1.205298662185669
0.5611898899078369 0.284606397151947 0.1355115920305252
-0.1936209350824356 0.43332353234291077 -1.2052990198135376
-0.6475778818130493 0.7591202855110168 2.5066466331481934
0.9210299849510193 0.5229583382606506 0.4477424621582031
-1.869643211364746 0.5948386788368225 1.6440162658691406
-0.8956813216209412 0.284606397151947 0.3325832486152649
-1.8643890619277954 0.6185981631278992 -0.07626529037952423
-1.489176630973816 0.9430581331253052 2.1192820072174072
0.3226752281188965 0.284606397151947 1.261403203010559
0.4844312369823456 0.9363694787025452 -1.0623469352722168
-1.3619319200515747 0.9246697425842285 -0.4737706184387207
-1.4661692380905151 0.284606397151947 0.5568318963050842
-1.6580629348754883 0.284606397151947 0.6888109445571899
-1.4699370861053467 0.284606397151947 -0.008985445834696293
-1.0997034311294556 0.7969555854797363 2.1357479095458984
-1.4916763305664062 0.284606397151947 0.8203341960906982
-1.6391980648040771 0.8832341432571411 1.8593193292617798
-2.339613676071167 0.901188313961029 -0.009541565552353859
0.41171079874038696 0.284606397151947 -0.4062138497829437
-1.3969173431396484 0.284606397151947 0.17941591143608093
-2.0664961338043213 0.90055251121521 -0.6316652297973633
0.3026513159275055 0.8680599331855774 -1.1918705701828003
-1.6621513366699219 0.5210772156715393 2.1412081718444824
0.9147311449050903 0.7626686692237854 0.041453029960393906
0.913820743560791 0.8486263751983643 -0.1590551882982254
-1.486924648284912 0.284606397151947 1.5293620824813843
-1.8874541521072388 0.284606397151947 0.9941048622131348
0.4453580975532532 0.284606397151947 1.4168670177459717
-2.3698880672454834 0.826862096786499 0.6411014199256897
-0.8437657952308655 0.7995413541793823 2.43813157081604
-0.5306045413017273 0.756746768951416 2.4878311157226562
-0.5953893661499023 0.284606397151947 0.8444071412086487
0.31308308243751526 0.284606397151947 0.39159059524536133
-1.8868834972381592 0.6193051934242249 -0.35630881786346436
-1.6015965938568115 0.8153380155563354 -1.205298662185669
-2.351407051086426 0.8369796276092529 -0.3930032551288605
-1.214409589767456 0.9481064081192017 2.1265580654144287
-2.369699239730835 0.7300500273704529 0.1599166989326477
-1.0770982503890991 0.284606397151947 0.1746496707201004
-1.1009525060653687 0.8946850299835205 -1.179856538772583
-1.0008389949798584 0.284606397151947 0.5075027346611023
-0.1331404596567154 0.639234721660614 1.9690057039260864
-2.3387725353240967 0.8679488897323608 1.0500024557113647
-1.3491065502166748 0.284606397151947 0.717021107673645
-1.885295033454895 0.5988703370094299 0.7277034521102905
0.2596062123775482 0.284606397151947 1.646106481552124
0.3315495550632477 0.9783550500869751 -0.5431740880012512
-1.2140581607818604 0.284606397151947 0.8246510028839111
-1.1888846158981323 0.5841585397720337 1.619240641593933
-0.4903244376182556 0.284606397151947 1.6342511177062988
-1.961450219154358 0.6325168013572693 -0.7530707716941833
-1.8308264017105103 0.9302398562431335 -0.9197641611099243
-0.5816093683242798 0.9024619460105896 2.217689275741577
-0.41722622513771057 0.749839723110199 2.5017833709716797
-1.1238986253738403 0.7098792195320129 1.8273035287857056
-1.9919062852859497 0.7552434206008911 1.184836983680725
-1.4996380805969238 0.663336455821991 1.673858880996704
-1.405796766281128 0.284606397151947 0.3753814101219177
0.4622098207473755 0.7958866953849792 2.1412081718444824
-0.20409652590751648 0.7597377896308899 2.499307155609131
0.6750977039337158 0.9771663546562195 2.09069561958313
0.32360514998435974 0.284606397151947 0.8910552859306335
-1.1949912309646606 0.284606397151947 -0.10586456954479218
0.3749160170555115 1.0618218183517456 2.0053019523620605
-0.4808824956417084 0.284606397151947 -0.20267421007156372
0.5445623993873596 0.284606397151947 0.876854658126831
0.9210300445556641 0.723418653011322 1.3776999711990356
-0.8976121544837952 0.9331199526786804 2.1019160747528076
-2.0044939517974854 0.9758456945419312 1.4345649480819702
0.4880882501602173 1.1183756589889526 1.8478896617889404
-0.11750514805316925 0.284606397151947 1.4114936590194702
-0.3333204388618469 0.9399328827857971 2.133700132369995
-0.18583695590496063 0.8519103527069092 -1.1443272829055786
0.8965431451797485 0.924577534198761 1.4687864780426025
0.9210299849510193 0.7032479047775269 0.605758786201477
0.8427825570106506 1.1050885915756226 1.9790921211242676
0.9023231863975525 0.9056347608566284 0.19861795008182526
-2.0995190143585205 0.877845823764801 0.143105611205101
-0.11381951719522476 0.284606397151947 1.1677241325378418
0.9210300445556641 0.7278814315795898 0.829771101474762
0.06484931707382202 0.8624255657196045 -1.1572943925857544
-1.3761100769042969 0.6193844079971313 -0.7180684804916382
0.7947937846183777 0.9405669569969177 -0.9013872146606445
-0.01950099505484104 0.8774441480636597 2.305323839187622
0.8334702253341675 0.9894060492515564 -0.2672102153301239
-2.0144004821777344 0.9159620404243469 1.8563152551651
0.8955849409103394 0.936011552810669 0.4953176975250244
-2.1667730808258057 0.9163891077041626 -0.3411785364151001
-1.662164330482483 0.9081011414527893 -0.7539291977882385
0.9148791432380676 0.9011744260787964 0.914768636226654
0.669572651386261 1.0652917623519897 1.675718903541565
0.5237393379211426 0.648793637752533 1.5564825534820557
-1.408721923828125 0.8856314420700073 -1.180323600769043
-0.6855507493019104 0.8452666401863098 -1.199569582939148
-2.3420464992523193 0.8558868765830994 0.320051908493042
0.277800053358078 0.5995001792907715 -0.7836819887161255
-0.17889869213104248 0.8906344175338745 -0.9116659760475159
-1.5748704671859741 0.9348547458648682 -0.9911828637123108
-2.065035820007324 0.9321877956390381 0.38948488235473633
-1.8506431579589844 0.9677310585975647 1.804145097732544
-1.2411483526229858 0.284606397151947 0.5526613593101501
-1.8016637563705444 0.6634686589241028 -0.6794818639755249
-1.4291108846664429 0.6138908863067627 -0.2540009319782257
0.20093780755996704 0.284606397151947 1.0194120407104492
-0.6428183317184448 0.284606397151947 1.2043066024780273
0.90883469581604 0.8917111158370972 1.1686712503433228
0.1257891207933426 0.9155313968658447 1.8851103782653809
-1.2468773126602173 0.284606397151947 0.0783124566078186
0.916832685470581 0.8830745220184326 -0.44726523756980896
-2.0270745754241943 0.9087945222854614 -0.15825602412223816
-0.37749889492988586 0.284606397151947 0.44337642192840576
-1.3647282123565674 0.9184632897377014 -0.770085334777832
-0.9945932030677795 0.284606397151947 -0.012862489558756351
-2.1521544456481934 0.9141358137130737 0.9291541576385498
0.5813868641853333 0.9467835426330566 -0.7755070924758911
-1.0244567394256592 0.284606397151947 -0.5381883382797241
-0.8800657987594604 0.8294748663902283 -1.1753939390182495
-1.6802492141723633 0.9081124067306519 0.06741594523191452
-1.8904553651809692 0.888245701789856 -0.5213579535484314
0.13448399305343628 0.284606397151947 -0.23621219396591187
-1.831639289855957 0.9086931943893433 -0.2672088146209717
-0.4552180767059326 0.6679103374481201 -0.7861582636833191
-0.45510318875312805 0.9137291312217712 -1.1632673740386963
-0.6894146203994751 0.4444475471973419 1.648716688156128
-1.5715796947479248 0.5894286036491394 -0.6087563633918762
0.5718309283256531 1.06324303150177 1.428199291229248
-1.2122399806976318 0.8297277092933655 -0.8764129281044006
-0.7072960734367371 0.284606397151947 0.4417352080345154
0.5611090660095215 1.0695286989212036 0.9779538512229919
-1.9139595031738281 0.9111012816429138 0.07543561607599258
0.210633784532547 0.284606397151947 0.17136584222316742
0.3177659511566162 0.9320085048675537 -0.8587363958358765
-0.2552671432495117 0.284606397151947 -0.2950778901576996
0.7280355095863342 0.9495162963867188 -0.5474271774291992
-1.3778102397918701 0.284606397151947 -0.18051934242248535
0.895685076713562 0.9751126170158386 0.7183992862701416
-0.0677139163017273 1.0182548761367798 1.6728332042694092
0.7561895251274109 1.0371978282928467 0.3334597945213318
-0.90110182762146 0.284606397151947 -0.3718046545982361
0.5175966024398804 0.5601194500923157 -0.22456008195877075
-0.19086696207523346 0.284606397151947 -0.7676073312759399
-1.8986419439315796 0.939659833908081 0.9704699516296387
-1.612955093383789 0.8972088694572449 -0.5333178639411926
0.24125917255878448 1.075026512145996 1.917231798171997
-0.7951140999794006 0.284606397151947 0.8851951956748962
-0.1480613350868225 0.9901943206787109 1.963976502418518
-0.7254021167755127 0.9497555494308472 -0.9307418465614319
0.461435467004776 0.599297821521759 -0.6501611471176147
0.7520788908004761 1.0411980152130127 1.1817851066589355
0.830787181854248 0.9874024391174316 -0.0032401783391833305
0.444036066532135 1.0216714143753052 1.2489465475082397
0.245075523853302 0.2949846684932709 -0.6078071594238281
-0.6927791833877563 0.284606397151947 -0.3832044303417206
-0.9168928861618042 0.8647711277008057 -0.9231663942337036
0.1265970915555954 0.7843250036239624 -0.6060054898262024
-1.6318488121032715 0.8594523668289185 -0.23466621339321136
-0.7456837892532349 0.284606397151947 0.021867258474230766
-0.8668572306632996 0.284606397151947 -0.1669924110174179
-1.006676435470581 0.6078270077705383 -0.6492635607719421
0.2411266714334488 1.0599061250686646 1.511237621307373
-0.3888855576515198 0.9671818017959595 1.8649790287017822
-0.5386890769004822 0.284606397151947 0.0161382295191288
-1.4694395065307617 0.9778547286987305 0.8381443619728088
0.5678194165229797 0.9941067099571228 0.6042432188987732
-0.20138809084892273 0.284606397151947 0.4439648687839508
-0.3307104706764221 0.3104293644428253 -0.10369574278593063
0.2955634295940399 0.6101705431938171 1.6708704233169556
-0.7191805243492126 0.6837593913078308 -0.6642554402351379
-0.05793265998363495 0.7253891229629517 1.7429144382476807
-0.5092374682426453 0.4984303116798401 -0.5919380784034729
-2.066258668899536 0.9520967602729797 0.7333061099052429
-1.5372494459152222 0.9556742906570435 1.3403546810150146
-1.8582813739776611 0.5858350992202759 1.0621575117111206
-1.8977144956588745 0.7647082805633545 0.5053941607475281
-1.3430227041244507 0.9907965660095215 1.8286707401275635
-0.10650923103094101 0.5624323487281799 -0.6904433965682983
-1.8201215267181396 0.8946076035499573 1.20704185962677
-1.0202919244766235 0.284606397151947 0.9207484722137451
-1.0584051609039307 0.9539278149604797 -0.7565685510635376
-1.5627120733261108 0.6423026919364929 1.3367661237716675
-0.104538194835186 0.5876493453979492 -0.4478689432144165
0.04962516203522682 0.9137343168258667 -0.9630193710327148
-1.1221256256103516 0.6302192211151123 -0.285414457321167
-1.611199140548706 0.9960256218910217 1.6771800518035889
-0.6360005736351013 0.9575768709182739 1.924655795097351
-1.777420163154602 0.9551470875740051 0.3291708827018738
0.4580976963043213 0.3211005926132202 0.23889309167861938
0.5150537490844727 0.9335107803344727 -0.2518862783908844
-0.4442128539085388 0.9662630558013916 -0.8445172905921936
-1.6133912801742554 0.6430200338363647 1.0392292737960815
-1.5813665390014648 0.6089208126068115 0.02861509472131729
-1.0516692399978638 0.9564300775527954 1.6563597917556763
-1.3149040937423706 0.7785372138023376 1.5535612106323242
0.6757939457893372 0.790413498878479 0.4806987941265106
0.4738086760044098 0.8884674310684204 -0.5744393467903137
-1.3948315382003784 0.6084359884262085 0.3598618507385254
-1.7515153884887695 0.9159679412841797 1.4732156991958618
0.015124836936593056 0.9558610916137695 -0.7452848553657532
-0.4588421583175659 0.6316839456558228 -0.25719717144966125
0.4400382936000824 1.0764302015304565 0.13219362497329712
-1.2556861639022827 1.0035752058029175 1.5105024576187134
-0.7589946389198303 0.6667712926864624 1.8555394411087036
0.10994245857000351 0.3960043787956238 1.0377036333084106
-1.792325735092163 0.8702266216278076 0.8100134134292603
-1.3264732360839844 1.0773262977600098 0.2070527821779251
0.3344002068042755 0.6305235624313354 -0.39180609583854675
-1.32515287399292 0.5130247473716736 1.2174327373504639
-1.7843239307403564 0.6433812379837036 1.4810090065002441
-1.0103013515472412 0.3057568371295929 0.7561584115028381
-1.5789679288864136 0.6161339282989502 0.6894100904464722
0.1761924773454666 0.3192587196826935 -0.11036693304777145
0.5231549739837646 0.5716413259506226 1.2030659914016724
0.3467152714729309 0.8886963129043579 1.5828403234481812
-0.7751325368881226 0.9068684577941895 1.7303882837295532
0.46671396493911743 0.5975152254104614 -0.040768712759017944
-1.0933085680007935 0.7268818616867065 -0.11159291863441467
-1.2845840454101562 0.8935105204582214 -0.22782066464424133
-0.4376809895038605 0.6924602389335632 1.8714890480041504
-1.152972936630249 0.6291631460189819 0.13148704171180725
-1.7190821170806885 0.9628040194511414 0.5918447375297546
0.2197273075580597 0.9919829368591309 -0.29113996028900146
-0.21976357698440552 0.9201688766479492 -0.49270763993263245
-0.8512808084487915 1.0870827436447144 -0.2759692966938019
-0.8506957292556763 0.9696912169456482 -0.6312218308448792
0.5702396631240845 0.7661893963813782 0.16413134336471558
-0.7704324126243591 0.6141985654830933 -0.38923725485801697
-1.2989791631698608 0.9795871376991272 1.2011381387710571
-1.6255402565002441 0.6368399858474731 0.35209232568740845
-1.535362958908081 0.9518757462501526 1.0655796527862549
-0.5952877402305603 0.9956093430519104 -0.6128407716751099
-0.01915285922586918 1.078822374343872 -0.4265938699245453
0.6045507192611694 0.6969694495201111 0.9684218764305115
-1.0389680862426758 0.2905540466308594 1.5790185928344727
-0.288209468126297 0.949807345867157 -0.6922109127044678
0.3696640133857727 0.33529478311538696 0.7148780822753906
0.32798391580581665 1.042523980140686 -0.07342921197414398
-1.4993383884429932 0.9575782418251038 -0.1330055147409439
-0.5561723113059998 0.3744223117828369 0.33392441272735596
-1.0103142261505127 0.8656132817268372 1.3178911209106445
-1.4543185234069824 0.9495353698730469 0.6021823287010193
-1.5344525575637817 1.0064443349838257 0.2872222065925598
-1.1923260688781738 0.780364453792572 -0.5320870876312256
-0.9794082641601562 1.0580081939697266 -0.4388667345046997
-1.275917887687683 1.054976463317871 -0.03420930355787277
0.32068684697151184 0.4268675446510315 0.21413137018680573
-0.6870907545089722 0.8678889870643616 -0.3099556267261505
0.2787824273109436 0.6940829753875732 -0.08280669152736664
-0.19352896511554718 0.5040099024772644 1.6699656248092651
0.27319368720054626 0.3135055601596832 0.7687455415725708
-0.17692072689533234 0.3665653467178345 0.10869065672159195
-0.4927647113800049 1.0649158954620361 -0.4138955771923065
0.5145529508590698 0.31848108768463135 0.6579891443252563
-0.8337293267250061 0.335069477558136 0.13676734268665314
-0.30133572220802307 0.42920491099357605 0.6856535077095032
-0.37573304772377014 0.2924611568450928 1.302643895149231
-0.05895866081118584 0.7373625040054321 -0.27036696672439575
-0.7089638710021973 0.8577781915664673 1.5849571228027344
-0.7215590476989746 0.7027589082717896 -0.17686228454113007
-0.8667992949485779 0.3472440540790558 1.2016493082046509
-0.1897595226764679 0.3201609253883362 0.937706708908081
-0.4336256682872772 0.3864933252334595 0.6773967146873474
-1.3587853908538818 0.8291741013526917 0.9008457660675049
-0.3275766372680664 1.072328805923462 -0.31084561347961426
0.44247373938560486 0.768066942691803 1.3223416805267334
-1.1411076784133911 0.7668459415435791 1.39792799949646
0.0774073377251625 0.6881514191627502 1.5735018253326416
-0.4634191393852234 0.9354422092437744 1.6672861576080322
-1.062119722366333 0.4435182213783264 0.412868857383728
-0.8593382239341736 1.1210343837738037 -0.09572204202413559
-1.0894535779953003 0.9931054711341858 0.05483713001012802
-0.9911372661590576 0.3037690222263336 0.6794638633728027
-1.2037407159805298 0.6336065530776978 1.040263056755066
-0.8492794036865234 0.893165111541748 -0.1120479479432106
-0.008837762288749218 1.0522984266281128 -0.23196028172969818
0.43090033531188965 0.9171743392944336 0.20389747619628906
-0.922191321849823 0.9382100105285645 1.4707688093185425
-0.8705049157142639 0.5607638955116272 0.12355858087539673
0.5514423847198486 0.6897597312927246 0.5628156065940857
0.5486524105072021 0.8383069634437561 0.8950551748275757
0.1578461229801178 0.8945392370223999 -0.06614898145198822
-1.3123743534088135 0.9752170443534851 0.39858144521713257
-1.2508974075317383 0.8372420072555542 1.070462703704834
-0.5660231113433838 0.7155330777168274 0.02283357083797455
-0.040691301226615906 0.4433833956718445 0.4155213534832001
0.18673689663410187 0.6500142216682434 0.6987700462341309
-0.03180519491434097 0.9705960154533386 1.5369921922683716
0.33018091320991516 0.6496268510818481 1.3265540599822998
-0.12553450465202332 0.6940053105354309 0.15060892701148987
-0.6363451480865479 0.35859814286231995 0.9635941982269287
-0.29995816946029663 0.8735128045082092 -0.2228107452392578
0.1113118827342987 0.6838620901107788 0.39611631631851196
-0.3602146804332733 0.7480370998382568 1.6454551219940186
-0.6722599864006042 0.4952751100063324 1.495186686515808
-0.14347872138023376 0.5659371018409729 -0.1446656882762909
0.4989902973175049 0.58965003490448 0.352710485458374
-1.2320998907089233 0.785502552986145 0.3128798007965088
-0.12075503170490265 0.39020484685897827 1.0866032838821411
-0.5304232239723206 0.40086910128593445 0.6128950715065002
-0.3219113051891327 0.6816934943199158 0.03196333348751068
-1.318845510482788 0.7891194224357605 0.6579663157463074
-0.9153401255607605 0.7655653357505798 0.2306932508945465
-0.8442302346229553 0.6638135313987732 1.2015399932861328
-0.8559080362319946 0.5332421660423279 0.8632881045341492
-0.7084488868713379 0.5897286534309387 0.5199421048164368
-0.441113144159317 0.4088475704193115 1.031761646270752
-1.1061012744903564 0.7042441964149475 0.7383369207382202
-0.5253281593322754 0.6862407922744751 1.4014250040054321
0.33244791626930237 0.7912041544914246 0.6243458986282349
-0.546284556388855 0.8659026026725769 0.127257838845253
-0.3009682595729828 0.4534759521484375 0.534747302532196
-0.6904640793800354 0.8341239094734192 1.3027262687683105
-0.04253935068845749 0.48557591438293457 0.5917750000953674
-0.49460893869400024 0.4129772186279297 0.26318731904029846
-0.6692616939544678 0.7432864308357239 0.837234377861023
0.24301199615001678 0.755560040473938 1.0110085010528564
-0.3279615044593811 0.8129029273986816 1.3870835304260254
-0.181415393948555 0.48473912477493286 0.8474008440971375
0.023200709372758865 0.801978588104248 0.16557088494300842
0.1012866422533989 0.5967663526535034 1.0683740377426147
-0.29591986536979675 0.839958906173706 0.18813344836235046
0.06781601160764694 0.8751793503761292 0.3151260316371918
-1.0495152473449707 0.8487107753753662 0.6156365275382996
-0.1852746307849884 0.5337598323822021 1.3285430669784546
-0.047772035002708435 0.7795485854148865 1.3349244594573975
-0.717309832572937 0.8150469660758972 1.0676169395446777
-0.21153907477855682 2.0379154682159424 0.01809159480035305
-0.998943567276001 0.8407219648361206 0.9522413015365601
-0.7127692103385925 1.9833180904388428 0.3459206819534302
-0.41923633217811584 0.8191187977790833 1.1897324323654175
-0.8087663650512695 0.823657751083374 0.41408196091651917
-0.10124218463897705 0.7907927632331848 0.5462832450866699
-0.39188700914382935 0.7248221039772034 0.8788760900497437
-0.6616326570510864 0.7446004152297974 0.6116617918014526
-0.1021571159362793 0.8296682834625244 1.1584049463272095
0.14384473860263824 0.8539683222770691 0.6977999210357666
-0.41489794850349426 1.9104957580566406 0.12603440880775452
0.16768519580364227 0.8823320865631104 0.9997323155403137
-0.4005300998687744 1.8434234857559204 0.3541776239871979
-0.12314192205667496 1.9399633407592773 0.22874514758586884
-0.39974626898765564 0.739425003528595 0.449390709400177
-0.15827080607414246 0.7858478426933289 0.9447638988494873
-0.2646517753601074 1.8748779296875 0.2072712779045105
-0.5035731196403503 1.910452127456665 0.5774852633476257
-0.5766422748565674 2.030930995941162 0.6831793189048767
-0.5769226551055908 1.9702656269073486 0.10842210799455643
-0.3689480721950531 0.7321085333824158 0.6784783005714417
-0.3453803062438965 2.0336289405822754 0.7140029668807983
-0.8121426105499268 2.134608030319214 0.34265774488449097
0.017449388280510902 2.294276475906372 0.4179266095161438
-0.4291262924671173 2.1939358711242676 -0.08046308904886246
-0.11681833863258362 2.9345791339874268 0.8102511763572693
-0.2645258605480194 1.8899257183074951 0.5276361703872681
-0.59792560338974 2.1329901218414307 -0.01195845939218998
-0.024657541885972023 2.03509783744812 0.33788418769836426
0.226980522274971 3.1410439014434814 0.7687013745307922
-0.714962899684906 2.423034906387329 0.11879286915063858
-0.6442977786064148 2.1966745853424072 0.7197883725166321
-0.5959217548370361 1.884560465812683 0.40805038809776306
-0.7746436595916748 2.237632989883423 0.1563936173915863
-0.19685526192188263 2.240835189819336 -0.04929609224200249
-0.06525642424821854 2.0483553409576416 0.5364399552345276
-0.11521557718515396 2.916241407394409 0.677642285823822
-0.6659867763519287 2.494795560836792 0.5505900979042053
0.03320455178618431 3.040902853012085 0.5922351479530334
-0.02671312354505062 2.2745723724365234 0.1671704351902008
0.12675796449184418 3.045381784439087 0.8726022839546204
-0.023283982649445534 3.072481155395508 1.0021979808807373
-0.15788905322551727 2.0928916931152344 0.6932262182235718
-1.5269986391067505 2.6956982612609863 1.1497220993041992
-0.7682581543922424 2.29335355758667 0.5323578715324402
-0.3015701472759247 3.0523314476013184 0.7443969249725342
-0.43711695075035095 2.525752305984497 0.11311841011047363
-0.23259255290031433 2.4390408992767334 -0.020756682381033897
-0.418645441532135 2.5531930923461914 0.687674343585968
-0.4120471775531769 2.3086702823638916 0.8096758723258972
-1.5458354949951172 2.7442119121551514 1.129880428314209
0.1391327828168869 3.2740468978881836 0.5551193356513977
-0.10401254892349243 3.7852580547332764 0.42713770270347595
-0.573736310005188 2.570948600769043 0.3436351716518402
-0.18681618571281433 3.2648258209228516 1.0651007890701294
-0.18334083259105682 2.5498170852661133 0.33036577701568604
-0.19525934755802155 3.393756628036499 0.6419559717178345
-0.3203268349170685 3.689331531524658 0.3051093816757202
0.15461783111095428 3.194122314453125 1.0298494100570679
-0.2243381291627884 3.6838955879211426 0.4646991789340973
-0.11505019664764404 2.5153303146362305 0.5473828315734863
-0.20383760333061218 4.126620292663574 0.09545048326253891
0.2863158583641052 3.3114771842956543 0.7672487497329712
-0.3137262463569641 3.7859599590301514 0.15240469574928284
-0.5165467858314514 3.745147466659546 0.40008828043937683
-0.4225558042526245 3.806755542755127 0.6021531820297241
-0.21695810556411743 3.055842876434326 0.9445456862449646
-0.00768416840583086 3.3879449367523193 1.0954090356826782
-0.5598714351654053 3.8846704959869385 0.11474239081144333
0.13952526450157166 3.5216739177703857 0.8675640821456909
-0.5450637340545654 3.7801101207733154 0.24480409920215607
-0.13111568987369537 3.9358420372009277 0.16485899686813354
-0.11849910020828247 4.136334419250488 0.400882750749588
-0.17348061501979828 2.330561637878418 0.7504621148109436
-0.37857452034950256 3.9943363666534424 0.01767788454890251
-0.10696028172969818 5.823638916015625 -0.14135408401489258
0.017711345106363297 5.554349422454834 0.3240062892436981
-0.31038907170295715 4.305241584777832 0.3510017693042755
-0.6680232286453247 4.043994426727295 0.14738482236862183
-0.09707505255937576 3.2100107669830322 0.49813470244407654
-0.2013189196586609 3.5990829467773438 0.7739459276199341
-0.5065873861312866 5.347048282623291 0.45498156547546387
-0.23511363565921783 4.005883693695068 0.5937899351119995
-0.5841489434242249 4.155768871307373 0.48890289664268494
-0.5770865678787231 4.264491081237793 0.24031560122966766
-0.581393301486969 5.403443336486816 0.33038830757141113
-0.34173324704170227 3.3390092849731445 0.7926923036575317
0.0609654039144516 5.5401129722595215 0.2027156949043274
-0.12612317502498627 5.636645317077637 -0.10592705756425858
-0.6322888731956482 3.9469282627105713 0.4509715139865875
0.0952475517988205 5.594449043273926 0.06132414564490318
-0.25661638379096985 5.488559722900391 0.44009000062942505
-0.5614364743232727 5.4483489990234375 0.619766354560852
-0.6941014528274536 5.344357490539551 0.4750906527042389
-0.3598466217517853 5.36258602142334 0.19774200022220612
-0.22529268264770508 5.47340202331543 0.030513394623994827
-0.68338543176651 5.282777786254883 0.19787436723709106
-0.5205225348472595 5.7642011642456055 -0.1405969262123108
-0.2954496443271637 5.942519664764404 0.4181905686855316
-0.8153277039527893 5.549897193908691 0.007295362185686827
-0.4798482656478882 5.867093563079834 0.4790674149990082
-0.11579021066427231 5.4821906089782715 0.09296460449695587
-0.8244931101799011 5.542836666107178 0.5389983654022217
0.20693904161453247 5.735381603240967 0.22763220965862274
-0.8702067732810974 5.433839797973633 0.29343241453170776
-0.842033326625824 5.73429536819458 0.43905550241470337
0.12758497893810272 5.8743696212768555 -0.012767642736434937
0.17922070622444153 6.030421733856201 0.06958786398172379
-0.03011954016983509 5.640739440917969 0.4210161864757538
-0.34369251132011414 5.993774890899658 0.09811030328273773
-0.40940001606941223 5.4808220863342285 -0.0912628322839737
-0.44121283292770386 5.596286773681641 0.5892086029052734
-0.5548247694969177 5.5774431228637695 -0.12563417851924896
-0.18241934478282928 6.162542819976807 0.17920389771461487
-0.6953541040420532 5.396599292755127 0.07633714377880096
0.12222899496555328 5.996424674987793 0.3660585284233093
-0.9910247921943665 7.970026969909668 0.7526615858078003
-0.13098469376564026 6.334780693054199 0.5395786166191101
-0.904090404510498 5.728732585906982 0.10881812125444412
-0.23279663920402527 6.369626045227051 0.37587714195251465
-0.7886297702789307 5.8919677734375 -0.05923896282911301
-0.5428067445755005 5.946110725402832 -0.13448713719844818
-0.23425282537937164 6.530176639556885 0.5721884369850159
0.035056330263614655 6.369755744934082 0.13219742476940155
-0.4395686686038971 6.159283638000488 0.180673286318779
0.11067294329404831 6.586750030517578 0.5085524916648865
0.1636427789926529 6.373668670654297 0.3546769320964813
-0.666226863861084 6.072936058044434 0.15101267397403717
-0.10188425332307816 6.4891462326049805 0.6930026412010193
-0.8386172652244568 7.918073654174805 0.06585385650396347
-0.8678184747695923 5.878202438354492 0.21349845826625824
0.031447943300008774 6.181316375732422 0.31165435910224915
-0.7232416868209839 7.529881000518799 0.39237308502197266
-0.06910619884729385 6.671947479248047 0.4352983832359314
0.00703765545040369 6.45452880859375 0.633748471736908
-0.6491406559944153 7.565669059753418 0.6763657331466675
-0.7850127816200256 7.783123016357422 0.8012534379959106
-0.48127368092536926 7.727819919586182 0.5839443802833557
-0.8461809158325195 7.728829383850098 0.016222558915615082
-0.9196875095367432 7.4772725105285645 0.4186345636844635
-1.0478142499923706 7.962475776672363 0.5688718557357788
-1.0477899312973022 7.551313400268555 0.47122982144355774
-0.4619850814342499 8.026899337768555 0.5493494272232056
-0.8718857765197754 7.573766708374023 0.6487271785736084
-0.5920133590698242 7.6207380294799805 0.17783281207084656
-0.2594330906867981 8.666695594787598 0.5339195728302002
-0.5924792289733887 7.537567138671875 0.5082077383995056
-0.569034218788147 7.803806781768799 0.7366088032722473
-0.9810535907745361 7.582993507385254 0.20044299960136414
-0.9803677797317505 8.249493598937988 0.546389639377594
-1.0872937440872192 8.061165809631348 0.4424457550048828
-0.47087499499320984 7.924627780914307 0.3801013231277466
-1.141374111175537 7.89456033706665 0.0988646075129509
0.05890233442187309 8.548477172851562 0.6970403790473938
-0.6854491829872131 7.453402519226074 0.2857048213481903
-1.1039834022521973 7.708352088928223 0.48425281047821045
0.11173099279403687 8.47871208190918 0.7697985172271729
-0.12411955744028091 8.692185401916504 0.4441046416759491
-1.0454235076904297 8.058165550231934 0.2171165645122528
0.023429762572050095 8.45199203491211 0.7248591184616089
-0.5626211166381836 8.18312931060791 0.3870666027069092
-0.8005364537239075 8.503649711608887 0.6426020860671997
-0.2696840763092041 8.794538497924805 0.4690731465816498
-0.7993271946907043 8.163111686706543 0.15170325338840485
-0.9657388925552368 7.400785446166992 0.2996922731399536
0.11699391156435013 8.613948822021484 0.9136071801185608
-0.09900248050689697 8.56002140045166 0.8462935090065002
-0.818679690361023 8.083901405334473 0.799206554889679
-0.7724690437316895 8.428377151489258 0.372170627117157
-0.9317746758460999 9.545036315917969 -0.12424131482839584
-0.5762293338775635 8.204440116882324 0.7245678305625916
0.012287331745028496 8.712766647338867 0.9819802641868591
-0.06767264008522034 8.908895492553711 0.47385373711586
-1.0592882633209229 9.250319480895996 -0.018110767006874084
-0.5350914001464844 8.504487037658691 0.7540578246116638
-0.16833312809467316 8.793834686279297 0.9344121217727661
-0.2001785933971405 8.990121841430664 0.9869859218597412
-0.6211889386177063 8.485640525817871 0.5223451256752014
-1.010183334350586 9.285588264465332 0.07899768650531769
-0.33208736777305603 9.110864639282227 0.7997127175331116
-0.5936166048049927 8.729167938232422 0.7266480922698975
-0.058879345655441284 9.060783386230469 0.9537898898124695
-1.185627818107605 9.454638481140137 0.28721147775650024
-1.2146810293197632 9.33618450164795 0.10165603458881378
-0.8885127902030945 9.386634826660156 0.1899455189704895
-0.0921584740281105 9.065206527709961 0.5840704441070557
-0.004955015145242214 9.160785675048828 0.9369866847991943
-1.08567476272583 9.27791976928711 -0.12493618577718735
0.03398057818412781 9.46220874786377 0.8399034142494202
-0.35704419016838074 9.565841674804688 1.0634671449661255
-0.6637123823165894 9.601189613342285 0.7781345248222351
-0.40505722165107727 9.409173011779785 0.7261376976966858
-0.5296779274940491 9.528423309326172 0.6583070755004883
-0.31150558590888977 9.296483993530273 0.5956118106842041
0.057694703340530396 9.93995189666748 0.8110107779502869
-0.02769986167550087 9.268865585327148 0.6656547784805298
-0.30925625562667847 9.434779167175293 1.074997067451477
-1.0417500734329224 9.634686470031738 0.04741550609469414
-0.7528802156448364 9.876270294189453 0.5932298302650452
-0.17462065815925598 9.776959419250488 0.8784958720207214
-0.45102471113204956 9.637640953063965 0.5056939125061035
-0.9873096346855164 9.440521240234375 -0.2274804711341858
-0.056768499314785004 9.427948951721191 1.0423167943954468
-0.8641031980514526 9.806218147277832 0.5240103006362915
-0.4342762231826782 9.842182159423828 0.7278329730033875
0.04476448893547058 9.696940422058105 0.9488719701766968
-0.925793468952179 9.563191413879395 0.27008700370788574
-0.08958407491445541 9.836652755737305 0.6101304292678833
0.15452264249324799 10.027265548706055 0.8445467948913574
-0.9470615983009338 10.002036094665527 0.4719461500644684
-0.28103169798851013 9.996403694152832 1.0275218486785889
0.1421435922384262 10.155644416809082 0.7003783583641052
-0.6168040633201599 9.810290336608887 0.762113630771637
-0.36183440685272217 10.135300636291504 0.6648212671279907
0.007498534396290779 10.416826248168945 0.6092799305915833
-0.6849811673164368 10.061004638671875 0.8036609292030334
-0.9566046595573425 10.104515075683594 0.5313650965690613
-0.3212115466594696 10.34190559387207 0.6134278178215027
-0.7157667875289917 10.23354721069336 0.6029369831085205
-1.0073480606079102 10.171659469604492 0.6020331978797913
-0.9269522428512573 10.300859451293945 0.5141449570655823
0.20477959513664246 10.357036590576172 0.6204553246498108
-0.0685756579041481 10.339006423950195 0.8671078681945801
-0.12594401836395264 10.453723907470703 0.9005272388458252
0.18305476009845734 10.549165725708008 0.9826050996780396
0.08480039983987808 10.405941009521484 0.5316859483718872
-0.365182101726532 10.50500774383545 0.8181835412979126
-0.0005934219807386398 10.924962997436523 -0.08434787392616272
-0.8254504203796387 10.58303165435791 0.11665654927492142
0.07281307876110077 10.82525634765625 0.058359626680612564
-0.4517187774181366 10.527262687683105 0.6895703673362732
0.1289447695016861 10.876182556152344 -0.22140643000602722
-0.3117949366569519 10.72993278503418 0.8155810832977295
-0.3502057194709778 10.779532432556152 0.3755369186401367
0.08649207651615143 10.700053215026855 0.4687953591346741
-0.4910704791545868 10.96347713470459 0.04829132556915283
-0.2873457074165344 10.808451652526855 0.7934621572494507
0.11656740307807922 10.881651878356934 -0.21871599555015564
0.4024885594844818 10.971563339233398 1.3616981506347656
-0.23792950809001923 10.893367767333984 0.2555893659591675
-0.14292189478874207 11.00425910949707 -0.11831586062908173
0.0800471380352974 10.898357391357422 0.014739626087248325
-0.5130186080932617 10.870060920715332 0.6379776000976562
-0.7685587406158447 11.029425621032715 0.7658702731132507
-0.921578586101532 11.221162796020508 0.9668900966644287
-0.1934535801410675 11.0276460647583 -0.23277060687541962
-0.6623150706291199 11.21992301940918 1.1123045682907104
-1.1132361888885498 11.159784317016602 0.6854298114776611
-1.1103702783584595 11.189512252807617 0.7363106608390808
-0.4018588364124298 11.0845365524292 -0.18323823809623718
0.12298811972141266 11.228487968444824 0.9315499067306519
-0.9927283525466919 11.267966270446777 -0.33305075764656067
-1.1119236946105957 11.307653427124023 0.5178054571151733
0.12089192867279053 11.2268648147583 1.274325966835022
0.410098671913147 11.257026672363281 0.09603294730186462
-0.601442277431488 11.30070972442627 0.657863438129425
-0.3599714934825897 11.255631446838379 0.14362841844558716
-0.015474238432943821 11.285421371459961 0.5611056089401245
-0.5142712593078613 11.409832000732422 1.0616894960403442
0.04062841087579727 11.35513687133789 1.1361973285675049
-0.457348108291626 11.372159004211426 1.1958580017089844
-0.5699824094772339 11.376941680908203 -0.11730625480413437
-1.0016385316848755 11.453987121582031 1.038106083869934
0.47700366377830505 11.484171867370605 0.5092859864234924
-0.23970547318458557 11.435225486755371 0.08578135073184967
-0.3909744322299957 11.506559371948242 0.9084821343421936
-1.140181064605713 11.487894058227539 -0.11454819142818451
-0.03779321536421776 11.527000427246094 -0.04595717415213585
-1.2275853157043457 11.523064613342285 -0.2937083840370178
-1.3751592636108398 11.556270599365234 -0.15864168107509613
0.5607199668884277 11.558725357055664 0.49367716908454895
0.3593161404132843 11.570570945739746 1.3698962926864624
-0.04712570458650589 11.573795318603516 1.47208833694458
