1241
-2.3863754272460938 0.2845063805580139 1.5950441360473633
-2.386474609375 0.28460633754730225 -0.7607845067977905
-2.3863744735717773 0.5574108362197876 0.63581383228302
0.9210299253463745 0.5323405861854553 -0.8884187340736389
-2.135272264480591 0.284606397151947 0.02360447496175766
-1.3405442237854004 0.2846062183380127 -1.205398678779602
-0.4245167374610901 0.284606397151947 1.1784896850585938
-1.0346062183380127 0.284606397151947 -0.9435715675354004
-0.9682366847991943 0.2846066951751709 -1.2053987979888916
0.9210305213928223 0.2845063805580139 -1.2053391933441162
-2.386474609375 0.2846064567565918 -0.2637885808944702
-2.386474609375 0.2846064567565918 0.27239274978637695
-2.386474609375 0.28460657596588135 -0.4939541816711426
-1.7961305379867554 0.2846062183380127 2.141308307647705
-2.386474609375 0.28460633754730225 -0.016799330711364746
-2.3863754272460938 0.2845063805580139 0.6761960983276367
0.6569432020187378 0.2845063805580139 -1.2052973508834839
-0.5583398342132568 0.2846064567565918 -1.2053989171981812
-2.0939769744873047 0.284606397151947 1.347543716430664
0.12336626648902893 0.2846064269542694 2.141308307647705
0.9211299419403076 0.2846064567565918 -0.8915657997131348
0.9211299419403076 0.2846066951751709 -0.7460353374481201
-2.386474609375 0.28460657596588135 0.12018048763275146
-1.567898154258728 0.284606397151947 1.868097186088562
-0.43602967262268066 0.2846064567565918 -1.2053989171981812
-2.3718008995056152 0.28460609912872314 2.141308307647705
-2.386474609375 0.28460633754730225 -0.13631856441497803
0.9211299419403076 0.2846064567565918 -0.9983458518981934
-2.165877342224121 0.284606397151947 1.7091376781463623
-1.0958690643310547 0.2846062183380127 -1.205398678779602
0.9211300611495972 0.2846064567565918 1.3652349710464478
0.9210300445556641 0.542985200881958 1.5332624912261963
-1.9213825464248657 0.284606397151947 1.716675043106079
-2.3863744735717773 0.5207708477973938 1.7515020370483398
-2.181497573852539 0.2845063805580139 2.141207695007324
0.9210305213928223 0.2845063805580139 -0.677640974521637
-2.386474609375 0.2846065163612366 -0.6389282941818237
0.9211055040359497 0.284606397151947 -1.2053993940353394
-2.386474609375 0.28460657596588135 -0.8747167587280273
-1.9489507675170898 0.2845063805580139 2.141206741333008
0.9210324287414551 0.2845063805580139 0.8815793991088867
-1.4514589309692383 0.2845063805580139 -1.2053022384643555
0.2532827854156494 0.284606397151947 1.5156545639038086
-0.5989643335342407 0.284606397151947 -0.983842670917511
0.3881648778915405 0.28460633754730225 -1.2053991556167603
-2.386474370956421 0.28458428382873535 2.1412081718444824
-2.2058608531951904 0.284606397151947 0.9680182933807373
-0.46919775009155273 0.284606397151947 -0.816493570804596
-2.386474609375 0.5831193327903748 -1.2052984237670898
-2.386474609375 0.2846064567565918 -1.20535409450531
-1.7301331758499146 0.284606397151947 -0.564801812171936
-1.5180612802505493 0.284606397151947 -0.9341617226600647
-2.3863754272460938 0.2845063805580139 1.6897649765014648
-2.012197494506836 0.284606397151947 -0.7027454972267151
0.9210309982299805 0.2845063805580139 2.0366601943969727
-1.8861336708068848 0.284606397151947 1.350494146347046
0.3249799907207489 0.284606397151947 -0.9221162796020508
-1.538985252380371 0.2845063805580139 -1.205301284790039
-2.386474609375 0.2846064567565918 0.5218520164489746
-1.6816534996032715 0.284606397151947 -0.7464311718940735
-0.07862576842308044 0.284606397151947 -1.0565162897109985
-1.2730722427368164 0.284606397151947 -1.0129928588867188
-1.8764533996582031 0.2845063805580139 -1.2052984237670898
-2.3863751888275146 0.28459763526916504 -1.2053983211517334
0.9210281372070312 0.2845063805580139 1.7746343612670898
-2.386474370956421 0.2846066951751709 1.7990105152130127
-2.038749933242798 0.284606397151947 1.88205087184906
0.9210300445556641 0.2845063805580139 1.1044063568115234
-0.1156301498413086 0.2845063805580139 2.141207695007324
-2.386474609375 0.2846064567565918 -0.37675976753234863
0.5552470088005066 0.28460636734962463 2.141308307647705
0.9210424423217773 0.2845063805580139 2.141207695007324
-2.386474370956421 0.2846064567565918 1.4852051734924316
0.9210281372070312 0.2845063805580139 1.6777105331420898
0.6485520005226135 0.284606397151947 1.9163490533828735
-1.2220849990844727 0.2845063805580139 -1.205301284790039
-1.9702868461608887 0.284606397151947 -0.15447945892810822
0.9210300445556641 0.2845063805580139 1.4654932022094727
0.9211300611495972 0.28460627794265747 1.5737192630767822
-1.8720595836639404 0.284606397151947 1.1539862155914307
-2.1359305381774902 0.284606397151947 0.7355015277862549
-1.319967269897461 0.2845063805580139 2.141207695007324
0.9210314750671387 0.2845063805580139 -0.584452748298645
0.9211275577545166 0.2846064567565918 2.141308307647705
-2.386474370956421 0.2846064567565918 0.9375557899475098
-1.7718238830566406 0.2845063805580139 -1.205301284790039
-1.3099995851516724 0.284606397151947 -0.8066858053207397
0.9211300611495972 0.2846065163612366 1.8791396617889404
0.2903171479701996 0.7342774271965027 2.1412081718444824
-0.37310028076171875 0.2845063805580139 2.141206741333008
-0.01375269889831543 0.2845063805580139 -1.2052977085113525
-1.6753406524658203 0.2845063805580139 -1.205301284790039
-1.9785264730453491 0.284606397151947 -0.923143744468689
-1.8622159957885742 0.5594269633293152 -1.2052985429763794
0.5665273070335388 0.284606397151947 0.45393404364585876
-1.4499752521514893 0.2846081256866455 2.141308307647705
-1.9554944038391113 0.2846064567565918 -1.205398440361023
-0.6621971130371094 0.2845063805580139 2.141207695007324
-2.386474370956421 0.6788756847381592 2.1412086486816406
-2.386474370956421 0.2846066951751709 1.3090550899505615
-0.7722501754760742 0.2845063805580139 2.141207695007324
0.9210321307182312 0.2845063805580139 0.6528217196464539
-2.3863754272460938 0.2845063805580139 1.917083740234375
-2.09073805809021 0.284606397151947 1.1630034446716309
0.9210307598114014 0.2845063805580139 0.0407128632068634
-2.360722780227661 0.2846062183380127 -1.2053983211517334
-2.3863744735717773 0.502257764339447 1.2421422004699707
-0.6952131390571594 0.2845063805580139 -1.2052981853485107
-0.881525993347168 0.2845063805580139 2.141207695007324
-2.386474370956421 0.2846064567565918 1.1816420555114746
-0.960612952709198 0.284606397151947 1.687842845916748
-2.38637375831604 0.7976515293121338 -1.2053983211517334
0.9211300015449524 0.2846064567565918 0.1283550262451172
-2.160337209701538 0.284606397151947 0.48824620246887207
-1.6898975372314453 0.2845063805580139 2.141206741333008
-2.386474609375 0.284606397151947 -1.0052515268325806
-2.148759365081787 0.2846062183380127 -1.205398440361023
-2.3863754272460938 0.2845063805580139 1.0603160858154297
0.9210299849510193 0.532795786857605 -0.5687247514724731
-0.6130843758583069 0.284606397151947 1.8800383806228638
-1.308876633644104 0.284606397151947 1.8619214296340942
-1.749922275543213 0.284606397151947 -0.9577726721763611
-2.19541072845459 0.284606397151947 -0.8657407760620117
-2.208925724029541 0.284606397151947 -0.2181539237499237
-1.7929524183273315 0.284606397151947 1.8591927289962769
-0.8956189155578613 0.2846064567565918 -1.2053987979888916
-2.0246164798736572 0.2846064567565918 -1.205398440361023
0.06000044569373131 0.5833849906921387 -1.2052991390228271
0.408803254365921 0.2846064269542694 2.141308307647705
0.9210295677185059 0.7681489586830139 -1.2053993940353394
-1.5718708038330078 0.2845063805580139 2.141206741333008
-2.3863723278045654 0.9076290726661682 -1.2053983211517334
-2.0509910583496094 0.2845063805580139 2.141207695007324
-0.3507680892944336 0.2846064567565918 -1.2053989171981812
0.9211300611495972 0.28460657596588135 1.2157193422317505
0.579821765422821 0.284606397151947 -0.12416352331638336
0.9210299253463745 0.5330364108085632 -1.2053993940353394
-1.9297926425933838 0.284606397151947 0.6002422571182251
0.9210301637649536 0.2845063805580139 -0.2555601894855499
0.26972460746765137 0.2846062183380127 -1.2053991556167603
-0.8148539066314697 0.2846062183380127 -1.2053987979888916
-0.006988227367401123 0.28460636734962463 2.141308307647705
-0.26937103271484375 0.28460633754730225 -1.2053989171981812
0.8254830837249756 0.2845063805580139 -1.2053000926971436
0.5517717599868774 0.284606397151947 -0.9309625029563904
-0.8436813354492188 0.284606397151947 1.9213671684265137
0.9210312962532043 0.2845063805580139 0.25053730607032776
-1.0814971923828125 0.2845063805580139 2.141207695007324
0.2855224609375 0.2845063805580139 2.141207695007324
0.41403770446777344 0.284606397151947 1.1592665910720825
0.11182296276092529 0.28460633754730225 -1.2053990364074707
-2.386375665664673 0.8982406854629517 2.141308307647705
-1.6355960369110107 0.5583721399307251 -1.2052985429763794
0.9211300015449524 0.2846064567565918 0.5534615516662598
-0.2888493835926056 0.284606397151947 1.6750024557113647
-1.8703421354293823 0.28460609912872314 2.141308307647705
-0.6070697903633118 0.5050977468490601 -1.205298900604248
0.5382084846496582 0.2846064567565918 -1.2053992748260498
0.38750091195106506 0.284606397151947 1.894187569618225
-0.5815331339836121 0.2846064567565918 2.141308307647705
-0.49070167541503906 0.2845063805580139 2.141207695007324
0.46885526180267334 0.2845063805580139 -1.2052993774414062
-0.1434776335954666 0.284606397151947 0.8650977611541748
0.6554180979728699 0.284606397151947 -0.31683751940727234
0.1868661642074585 0.2845063805580139 -1.205297589302063
0.04576588422060013 0.284606397151947 0.1905001997947693
-1.2020235061645508 0.2845063805580139 2.1412057876586914
-0.14809519052505493 0.284606397151947 1.8798316717147827
0.9210297465324402 0.2845063805580139 -0.05786839500069618
0.9210302829742432 0.2845063805580139 0.7834263443946838
0.09951015561819077 0.284606397151947 -0.8725138902664185
0.9210302829742432 0.2845063805580139 -0.4802314341068268
-1.8746507167816162 0.284606397151947 0.24373793601989746
-2.3863754272460938 0.2845063805580139 0.40024757385253906
0.9211300015449524 0.2846064567565918 -0.3692817687988281
0.2715480625629425 0.284606397151947 -0.5767626762390137
0.6034853458404541 0.284606397151947 1.3901197910308838
0.9210300445556641 0.31924089789390564 2.141308307647705
-0.29565873742103577 0.284606397151947 -0.6908670663833618
-1.4845894575119019 0.284606397151947 -0.7345465421676636
-0.7993972301483154 0.284606397151947 -0.9093958735466003
0.12164942920207977 0.284606397151947 1.6671932935714722
-0.07934866845607758 0.284606397151947 1.6983675956726074
0.7034127712249756 0.284606397151947 -0.7897396087646484
0.9210293292999268 0.2845063805580139 0.42573291063308716
-0.3127206861972809 0.284606397151947 -0.9199190139770508
-0.1065569519996643 0.284606397151947 -0.6450297236442566
0.6197572350502014 0.284606397151947 -0.5558604001998901
-1.3400676250457764 0.284606397151947 -0.6056490540504456
-2.1052982807159424 0.284606397151947 0.24544642865657806
-1.9121087789535522 0.284606397151947 0.7931845784187317
-1.0199885368347168 0.5387678146362305 2.1412081718444824
-2.071329116821289 0.284606397151947 1.5366315841674805
0.6661227345466614 0.284606397151947 1.6104198694229126
-2.386474609375 0.28460657596588135 -0.5698611736297607
-2.125426769256592 0.284606397151947 -0.5730702877044678
0.9211300611495972 0.2846066951751709 1.2845885753631592
0.03216243535280228 0.284606397151947 -0.5171092748641968
-1.8791216611862183 0.284606397151947 1.55280601978302
-2.386455535888672 0.2846100330352783 2.141308307647705
-1.7783087491989136 0.284606397151947 0.9538788199424744
0.4851818084716797 0.2845063805580139 2.141207695007324
0.9211301207542419 0.8354926705360413 2.141209602355957
-2.3863744735717773 0.6947448253631592 1.8761570453643799
-2.3863754272460938 0.2845063805580139 0.8549385070800781
-0.7630823254585266 0.284606397151947 -0.3947432339191437
-0.2689790725708008 0.2845063805580139 2.141207695007324
-1.853132724761963 0.284606397151947 -0.7638567686080933
-2.386474609375 0.4448034167289734 -1.2052984237670898
-1.7048635482788086 0.284606397151947 1.673393726348877
-2.3863744735717773 0.5567344427108765 -0.3864023983478546
-2.3863744735717773 0.5478222370147705 -0.8739109039306641
-1.5022556781768799 0.284606397151947 1.314948320388794
-1.4342893362045288 0.284606397151947 1.1267889738082886
-2.3863744735717773 1.1302399635314941 -1.1263818740844727
-1.3576421737670898 0.5161495208740234 -1.205298662185669
-2.3863744735717773 0.2845063805580139 0.19282913208007812
-0.5510547757148743 0.7305394411087036 -1.205298900604248
-2.0403966903686523 0.284606397151947 -0.38306355476379395
-1.8597190380096436 0.284606397151947 -0.2894342243671417
-2.3863744735717773 0.5890741944313049 1.0611685514450073
-1.9206596612930298 0.284606397151947 0.04534178599715233
-1.885900616645813 0.284606397151947 -0.5265000462532043
-0.7837813496589661 0.284606397151947 1.7154924869537354
0.4952385723590851 0.284606397151947 -0.7117990851402283
-1.5389467477798462 0.284606397151947 -0.5380300283432007
0.9211299419403076 0.6501965522766113 -1.2052991390228271
-1.7015544176101685 0.284606397151947 1.2592040300369263
-1.9511148929595947 0.284606397151947 0.41651612520217896
0.5574331283569336 0.5687068700790405 -1.2052992582321167
0.05920291319489479 0.284606397151947 -0.17134660482406616
0.20391865074634552 0.2846064567565918 2.141308307647705
0.9210262298583984 0.2845063805580139 0.990788459777832
0.25962385535240173 0.284606397151947 0.5269255638122559
-2.3812453746795654 1.0220106840133667 -1.2052984237670898
-1.0759609937667847 0.5256356000900269 -1.2052987813949585
-0.9845943450927734 0.2845063805580139 2.141206741333008
-0.917371392250061 0.284606397151947 -0.749062716960907
-1.2917712926864624 0.284606397151947 1.6759229898452759
-2.3863744735717773 0.48908287286758423 -0.11597415059804916
0.9211299419403076 0.3950505256652832 -1.2052998542785645
-1.8665015697479248 0.7157723903656006 2.1412081718444824
-1.0802990198135376 0.284606397151947 1.257378339767456
-2.386474370956421 0.5631625652313232 2.1412081718444824
-1.7036499977111816 0.284606397151947 -0.33359086513519287
0.9211301207542419 0.48707470297813416 2.1412081718444824
-1.477089285850525 0.284606397151947 1.7015129327774048
0.05259525403380394 0.284606397151947 0.41145506501197815
-1.106468677520752 0.284606397151947 0.8754945993423462
-2.3863744735717773 0.7853423357009888 -0.9246338605880737
-0.9918097853660583 0.284606397151947 1.476487159729004
-2.386474609375 0.6957883238792419 -1.2052984237670898
-2.3863773345947266 0.4509466886520386 2.141308307647705
-2.384483814239502 1.1002181768417358 2.121594190597534
-2.386474370956421 0.7897660732269287 2.141207695007324
-0.4921981692314148 0.5940612554550171 2.1412081718444824
-0.15874142944812775 0.5386863350868225 -1.2052990198135376
0.9210300445556641 0.5413286685943604 0.9396876096725464
-2.386474609375 0.28460657596588135 0.6209485530853271
0.9211301207542419 0.6147348880767822 2.1412084102630615
0.6594855785369873 0.7557007074356079 -1.2052992582321167
-0.18948745727539062 0.2845063805580139 2.141207695007324
0.9210300445556641 0.5391634106636047 1.7648358345031738
0.9211300015449524 0.2846064567565918 0.34464478492736816
0.9210289716720581 0.2845063805580139 -0.16338762640953064
-2.3863744735717773 0.6567532420158386 0.025360070168972015
-0.9088459610939026 0.284606397151947 0.08419398218393326
-1.9205889701843262 0.7553558945655823 -1.2052985429763794
-2.3863744735717773 0.5763385891914368 -0.6538388133049011
-1.1885064840316772 0.284606397151947 1.4430103302001953
-1.3361002206802368 0.284606397151947 -0.4133303761482239
-2.386474370956421 0.2846064567565918 1.3941650390625
-0.033638279885053635 0.284606397151947 -0.3256341218948364
0.45540693402290344 0.284606397151947 -0.32722821831703186
0.09450376778841019 0.284606397151947 1.8767640590667725
-0.508055567741394 0.284606397151947 -0.6403120756149292
-1.7738569974899292 0.284606397151947 -0.09339884668588638
0.9211301207542419 0.9351541996002197 2.141209602355957
-0.8200933337211609 0.5826801657676697 -1.205298900604248
0.9210300445556641 0.5224862098693848 0.6704143285751343
-1.655202865600586 0.284606397151947 1.0810118913650513
-2.0269956588745117 0.5449866652488708 2.1412081718444824
-2.3863744735717773 0.5311423540115356 0.8519309759140015
-1.3840408325195312 0.2845063805580139 2.141206741333008
-2.3863744735717773 0.7075520157814026 -0.24692189693450928
-1.3584542274475098 0.284606397151947 1.4824461936950684
-2.099754810333252 0.5965245962142944 -1.2052984237670898
-0.7478991150856018 0.5944505929946899 2.1412081718444824
-0.6571139693260193 0.284606397151947 1.5618692636489868
-0.302565336227417 0.284606397151947 -0.03544272854924202
0.664374053478241 0.5943227410316467 2.1412081718444824
0.9210386276245117 0.8859657049179077 -1.2053992748260498
0.9210383892059326 0.9914368391036987 -1.2053993940353394
0.9210299849510193 0.5922240614891052 -0.3566848635673523
0.9210300445556641 0.6998131275177002 1.8866175413131714
-2.3863744735717773 0.5963624715805054 0.4079693853855133
0.9210299253463745 0.667780876159668 -0.7353794574737549
0.9210300445556641 0.7319689393043518 1.6281108856201172
0.9210299849510193 0.5445906519889832 0.19455482065677643
-1.188576579093933 0.284606397151947 -0.2782471179962158
0.41659805178642273 0.284606397151947 -0.08731412142515182
-2.3863744735717773 0.7628182768821716 1.709902048110962
0.6073652505874634 0.284606397151947 1.1609870195388794
0.013762237504124641 0.284606397151947 1.5176153182983398
0.48193490505218506 0.5364745259284973 2.1412081718444824
0.9210299253463745 0.7791005969047546 -0.9475260972976685
-2.072054624557495 0.7369066476821899 2.1412081718444824
-1.2857904434204102 0.5856462717056274 2.1412081718444824
0.9210300445556641 0.7335269451141357 2.141308307647705
-0.14469687640666962 0.29216134548187256 2.6925244331359863
-1.757311224937439 0.284606397151947 0.40510836243629456
0.5074969530105591 0.284606397151947 1.7216078042984009
0.9210300445556641 0.5770350098609924 1.195728063583374
0.9210299849510193 0.7338836193084717 0.26155662536621094
0.9210300445556641 0.8810349702835083 1.7683460712432861
-2.0278260707855225 0.9374312162399292 2.1412081718444824
-2.3863744735717773 0.5510032773017883 1.5295082330703735
-1.2820976972579956 0.284606397151947 1.2415765523910522
-0.8085297346115112 0.284606397151947 1.484732985496521
-2.3863744735717773 0.708273708820343 1.3163838386535645
-2.3863744735717773 0.7447583079338074 1.5183850526809692
-2.3863744735717773 0.767488420009613 -0.7417092323303223
-1.0863217115402222 0.284606397151947 1.8754583597183228
0.2465999275445938 0.5520785450935364 2.1412081718444824
-0.6755281686782837 0.284606397151947 -0.7416665554046631
-1.7112268209457397 0.284606397151947 1.4770591259002686
-2.3863744735717773 0.7651183009147644 0.9476171731948853
-1.7421033382415771 0.284606397151947 0.13598300516605377
-1.4977139234542847 0.576711893081665 2.1412081718444824
-0.3820008635520935 0.284606397151947 1.8548150062561035
-0.8543775677680969 0.749839723110199 2.555274486541748
-1.4132689237594604 0.284606397151947 0.29542672634124756
-1.1259750127792358 0.284606397151947 -0.7596794962882996
-1.3028888702392578 1.0310951471328735 2.1412081718444824
-0.38649046421051025 0.5851660966873169 -1.2052990198135376
-1.208467721939087 0.6942479610443115 -1.2052987813949585
-2.3863744735717773 0.9324193596839905 1.3814549446105957
-2.0824499130249023 0.844001293182373 -1.2052984237670898
-2.3863744735717773 1.0453453063964844 1.813162922859192
0.6865761280059814 0.284606397151947 0.6159754991531372
-0.018573367968201637 0.5956502556800842 2.1412081718444824
0.0926867425441742 0.284606397151947 -0.6977449059486389
-0.010788626037538052 0.749839723110199 2.576080322265625
0.29490697383880615 0.5655184984207153 -1.2052991390228271
-2.3863744735717773 0.7497172355651855 0.5673501491546631
0.9210299849510193 0.5316410660743713 -0.11918298155069351
0.41292980313301086 1.1180486679077148 2.141275405883789
-2.0775835514068604 0.8946128487586975 -0.0448705293238163
-1.4546490907669067 0.6979250907897949 -1.205298662185669
0.6363444924354553 0.284606397151947 0.06797662377357483
-0.14036738872528076 0.2845063805580139 -1.205299735069275
-0.6112528443336487 0.29831814765930176 2.6925244331359863
0.9210299849510193 0.5758985877037048 0.4280303418636322
-1.9542194604873657 0.8987926840782166 1.7662297487258911
-1.0866572856903076 0.284606397151947 0.27831146121025085
-2.061004638671875 0.8052375316619873 -0.31150710582733154
-1.6551423072814941 0.7436330914497375 2.1412081718444824
0.3981802463531494 0.284606397151947 1.3343050479888916
0.4790317714214325 0.8765912652015686 -1.2052992582321167
-1.9341397285461426 1.2569843530654907 -1.001852035522461
-1.5857576131820679 0.284606397151947 0.5835686922073364
-1.7555562257766724 0.284606397151947 0.6422672271728516
-1.604428768157959 0.284606397151947 -0.10129700601100922
-1.087583303451538 0.7123945355415344 2.1412081718444824
-1.6615115404129028 0.284606397151947 0.814917266368866
-1.8081555366516113 0.9256129264831543 2.1412081718444824
-2.3863744735717773 0.8187967538833618 -0.0705222636461258
0.4343767762184143 0.284606397151947 -0.5228763222694397
-1.5559450387954712 0.284606397151947 0.14074188470840454
-2.3863744735717773 1.1068421602249146 -0.8903202414512634
0.38135629892349243 0.7170702219009399 -1.2052992582321167
-1.7604917287826538 0.5517236590385437 2.1412081718444824
0.9210299849510193 0.680503249168396 0.032933950424194336
0.9210299849510193 0.726999044418335 -0.2297198623418808
-1.5306565761566162 0.284606397151947 1.5265313386917114
-1.9735190868377686 0.284606397151947 0.9835889935493469
0.4606884717941284 0.284606397151947 1.532434344291687
-2.3863744735717773 0.7769392728805542 0.7567539215087891
-0.8551767468452454 0.749839723110199 2.4938621520996094
-0.46381959319114685 0.284606397151947 2.6948466300964355
-0.7938003540039062 0.284606397151947 1.0964449644088745
0.4055381715297699 0.284606397151947 0.35083410143852234
-2.049494981765747 0.7034816741943359 -0.6312724947929382
-1.7451958656311035 0.7603253126144409 -1.2052985429763794
-2.3863744735717773 0.737667977809906 -0.510657012462616
-1.395448088645935 0.7717528343200684 2.1412081718444824
-2.3863744735717773 0.5608339905738831 0.21297672390937805
-1.2734277248382568 0.284606397151947 0.1582821011543274
-1.3373632431030273 0.8579802513122559 -1.205298662185669
-1.2691576480865479 0.284606397151947 0.403147429227829
-0.25942912697792053 0.6097273230552673 2.1412081718444824
-2.3863744735717773 0.808078408241272 1.1499778032302856
-1.4527795314788818 0.284606397151947 0.757793664932251
-2.080523729324341 0.8641833066940308 0.940719723701477
0.3171517252922058 0.284606397151947 1.7028660774230957
0.5202816724777222 1.1193270683288574 -1.2052992582321167
-1.485450029373169 0.284606397151947 0.9557979106903076
-1.3830455541610718 0.7488234639167786 1.811866283416748
-0.5346654653549194 0.284606397151947 1.6912026405334473
-2.0798280239105225 0.8428744077682495 -0.8295881748199463
-2.235257148742676 1.1477534770965576 -1.2040226459503174
-0.8676856756210327 0.3028240203857422 3.195096015930176
-0.37153729796409607 0.28457871079444885 3.41945219039917
-1.18285071849823 0.8625176548957825 2.135042905807495
-2.032724142074585 0.8148669600486755 1.4598020315170288
-1.8573590517044067 0.6535925269126892 1.766626238822937
-1.581153392791748 0.284606397151947 0.37673819065093994
0.5537006258964539 0.7751172184944153 2.1412081718444824
-0.32455185055732727 0.28602832555770874 2.6951916217803955
0.8591614365577698 1.1477335691452026 2.1412081718444824
0.29801473021507263 0.284606397151947 0.9646036624908447
-1.3920007944107056 0.284606397151947 -0.18305212259292603
0.42823663353919983 0.8965084552764893 2.1412081718444824
-0.49756303429603577 0.284606397151947 -0.30820485949516296
0.6563224792480469 0.284606397151947 0.9283369779586792
0.9210300445556641 0.6941804885864258 1.3863029479980469
-0.9642881751060486 1.0665358304977417 2.1412081718444824
-2.3863744735717773 0.9480664134025574 1.632307767868042
0.590471625328064 1.1349645853042603 2.1258509159088135
-0.20440058410167694 0.284606397151947 1.525089144706726
-0.6905781030654907 0.30700504779815674 3.4551455974578857
-0.2242635190486908 0.7403647303581238 -1.2052990198135376
0.9210300445556641 1.0622704029083252 1.5991122722625732
0.9210300445556641 0.7212818264961243 0.6469377279281616
0.9128137230873108 1.0336912870407104 2.1303558349609375
0.9210299849510193 0.9156610369682312 0.11955346167087555
-2.3863744735717773 0.9734474420547485 0.0861041471362114
-0.3284076154232025 0.284606397151947 1.3210395574569702
0.9210300445556641 0.7173871994018555 0.8429006934165955
0.012040640227496624 0.7546684741973877 -1.2052991390228271
-1.7341151237487793 0.8082407116889954 -0.8756817579269409
0.9210299253463745 1.1570111513137817 -1.1542551517486572
-0.04017629474401474 0.32689473032951355 2.807900905609131
0.9210299849510193 0.829754650592804 -0.4364739954471588
-2.377523183822632 1.0028598308563232 2.1412081718444824
0.9210299849510193 0.7961813807487488 0.49229809641838074
-2.3863744735717773 0.9097514152526855 -0.614312469959259
-2.039501905441284 1.158962368965149 -1.205040693283081
0.9210300445556641 0.9401043653488159 1.0777387619018555
0.9113828539848328 1.1919770240783691 1.9743510484695435
0.5501192212104797 0.7463932037353516 1.7182363271713257
-1.5946787595748901 0.8649259209632874 -1.205298662185669
-0.7243937849998474 0.7782779335975647 -1.205298900604248
-2.3863744735717773 0.7843314409255981 0.22090737521648407
0.45651358366012573 0.7994320392608643 -0.9554950594902039
-0.10859674960374832 0.9196571707725525 -1.2052990198135376
-1.883948564529419 0.9837474226951599 -1.2052985429763794
-2.3863744735717773 0.8597233295440674 0.41941961646080017
-2.1800694465637207 1.1352919340133667 2.1280415058135986
-1.385331392288208 0.284606397151947 0.5743041634559631
-1.8975328207015991 0.6602969169616699 -0.8202208280563354
-1.8117557764053345 0.6578617095947266 -0.6056179404258728
0.21013186872005463 0.284606397151947 1.1179285049438477
-0.8765413165092468 0.284606397151947 1.2797051668167114
0.9210300445556641 0.7307047843933105 1.0693411827087402
0.1445566862821579 0.3494111895561218 3.075321674346924
-1.4115588665008545 0.284606397151947 0.016231253743171692
0.9210299253463745 0.7756597995758057 -0.597365140914917
-2.3863744735717773 0.8839687705039978 -0.31157007813453674
-0.7644460797309875 0.284606397151947 0.5691101551055908
-1.7880585193634033 1.1561758518218994 -1.201061725616455
-1.223799705505371 0.284606397151947 -0.0702899843454361
-2.3863744735717773 1.037735939025879 0.9637907147407532
0.848343014717102 1.1745773553848267 -1.2052993774414062
-1.1633116006851196 0.284606397151947 -0.5677728056907654
-0.9754700660705566 0.7173898816108704 -1.2052987813949585
-2.3729329109191895 1.1431596279144287 -0.26733240485191345
-2.3859050273895264 1.1206625699996948 -0.7092655301094055
0.21455390751361847 0.284606397151947 -0.39757204055786133
-2.384115219116211 1.1047443151474 -0.4639347195625305
-0.5863009095191956 0.9258825182914734 -0.9146692752838135
-0.39457380771636963 0.8449544310569763 -1.2052990198135376
-0.6216363310813904 0.5103337168693542 3.1457502841949463
-1.8562170267105103 0.9763098359107971 -0.7883766293525696
0.8987556099891663 1.170551061630249 1.7532192468643188
-1.5555413961410522 1.0847700834274292 -1.205298662185669
-0.9130463004112244 0.284606397151947 0.3913768231868744
0.9210300445556641 1.0964233875274658 1.342308759689331
-2.376995086669922 1.1351178884506226 -0.07799956947565079
0.21453145146369934 0.284606397151947 -0.05602329224348068
-0.3737829625606537 0.284606397151947 -0.5068559050559998
0.9210299253463745 0.8956425786018372 -0.7688182592391968
-1.5167220830917358 0.284606397151947 -0.3243543803691864
0.9210300445556641 0.906928539276123 0.8597669005393982
-0.03501397743821144 0.3519198000431061 3.452219009399414
-0.9764316082000732 0.284606397151947 -0.576801598072052
0.8342300653457642 1.2815046310424805 -0.9007262587547302
-0.12060399353504181 0.284606397151947 -0.8208091855049133
-2.3862316608428955 1.1099733114242554 1.1929681301116943
-2.2162201404571533 1.2532658576965332 -0.8331561088562012
-0.1362534463405609 1.0600301027297974 2.306586742401123
-1.0112545490264893 0.284606397151947 1.0925101041793823
0.05323207378387451 0.294354110956192 3.176448345184326
-0.8774294853210449 0.9131051301956177 -1.2052987813949585
0.6274158954620361 0.8183290958404541 -0.7706917524337769
0.9210300445556641 0.8726133108139038 1.4962584972381592
0.9210299849510193 0.8465514779090881 -0.1038367971777916
0.4836210608482361 1.2181566953659058 1.8071142435073853
0.31288233399391174 0.284606397151947 -0.7525745630264282
-0.7891774773597717 0.284606397151947 -0.5932235717773438
-1.1049491167068481 0.8927732706069946 -1.2052987813949585
0.3633509576320648 1.2946202754974365 -1.0893034934997559
-2.0528156757354736 0.9617487788200378 -0.536231517791748
-0.8360193967819214 0.284606397151947 -0.08108217269182205
-1.046646237373352 0.284606397151947 -0.38929927349090576
-1.4651539325714111 0.808071494102478 -0.8848371505737305
0.10005898028612137 1.1282225847244263 2.136636257171631
-0.13071614503860474 0.2922773063182831 3.4554834365844727
-0.6634964942932129 0.284606397151947 -0.223394975066185
-2.373574733734131 1.185215950012207 1.0299456119537354
0.9210300445556641 1.0201058387756348 0.6817187070846558
-0.0906292125582695 0.284606397151947 0.5120148062705994
-0.3134802579879761 0.284606397151947 -0.28653067350387573
0.3710407614707947 0.8101771473884583 1.9178292751312256
-1.2688262462615967 1.121764063835144 -0.8987104892730713
0.06694910675287247 0.30409330129623413 2.969043254852295
-0.8563584685325623 0.7943585515022278 -0.8727903962135315
-2.3863744735717773 1.0327050685882568 0.7747090458869934
-2.0755085945129395 1.2116005420684814 1.8388772010803223
-2.0397655963897705 0.7296203374862671 1.1977248191833496
-2.0689704418182373 0.8580580949783325 0.5443916916847229
-1.547170639038086 0.9273675084114075 2.1412081718444824
0.007270562928169966 1.0097182989120483 -0.9772553443908691
-2.354076623916626 1.1582705974578857 1.5574218034744263
-1.2309887409210205 0.284606397151947 1.0564171075820923
-1.345694661140442 1.1203341484069824 -1.205298662185669
-1.8133471012115479 0.6790047287940979 1.5607742071151733
-0.2740476727485657 0.8095545768737793 -0.9121699929237366
0.2214103788137436 0.8253529071807861 -1.2052991390228271
-1.5604791641235352 0.682672381401062 -0.7103846669197083
-1.9411664009094238 1.1284457445144653 2.1252498626708984
-0.7443975806236267 0.3242543339729309 2.6934454441070557
-2.3802316188812256 1.116075873374939 0.36663323640823364
0.5919287800788879 0.284606397151947 0.26748132705688477
0.9102481603622437 1.149950623512268 -0.746238648891449
-0.5822669863700867 1.0309510231018066 -1.205298900604248
-1.9280177354812622 0.6669394373893738 0.9495046734809875
-1.9805728197097778 0.6634160876274109 -0.10099854320287704
-1.4628069400787354 1.116409420967102 2.1309854984283447
-1.6939623355865479 0.8185516595840454 1.8045904636383057
0.9210299849510193 1.1670076847076416 0.28354647755622864
0.9160122871398926 1.164420485496521 -0.9560309052467346
-1.8881657123565674 0.6604940891265869 0.1399955153465271
-2.376596212387085 1.169024109840393 1.8549823760986328
0.11206390708684921 1.076959252357483 -1.2052991390228271
-0.9448723196983337 1.272147536277771 -0.8681271076202393
0.914366602897644 1.1570887565612793 -0.24986392259597778
-1.7210479974746704 1.1121275424957275 2.1164655685424805
-0.9387412667274475 0.41389214992523193 3.0606770515441895
0.22357772290706635 0.284606397151947 1.3279924392700195
-2.253035068511963 1.3100824356079102 -0.12616457045078278
0.36726272106170654 0.6269194483757019 -0.7881481647491455
-1.5642374753952026 0.6866452097892761 1.6210161447525024
-2.044468879699707 0.7076889872550964 1.656624436378479
-1.2950670719146729 0.284606397151947 0.8658118844032288
-1.9573450088500977 0.6553105711936951 0.6901193857192993
0.29297804832458496 0.284606397151947 -0.2384069859981537
0.3606942594051361 1.1343343257904053 1.6808183193206787
0.2541925609111786 1.071343183517456 2.1388070583343506
-0.885287344455719 0.32494205236434937 2.9356865882873535
0.6187298893928528 1.148922085762024 -0.5954235196113586
-1.7520536184310913 0.8966690897941589 -0.5881281495094299
-1.9755722284317017 1.2761915922164917 -0.7313092350959778
-0.872123658657074 0.3835754692554474 3.3782472610473633
-1.882097840309143 0.6860924959182739 -0.3548397123813629
-2.3850138187408447 1.0931034088134766 0.6121366024017334
0.6452625393867493 1.2410378456115723 -1.1697070598602295
-0.14396478235721588 1.1816776990890503 -1.195867896080017
-1.38992178440094 1.3143246173858643 -0.9772683382034302
-1.1368364095687866 1.1354318857192993 -1.2052987813949585
0.9210299849510193 1.042734146118164 -0.4322439730167389
-1.2799593210220337 0.7068714499473572 -0.8019676208496094
-1.8501042127609253 1.218488335609436 1.7847152948379517
-2.089360237121582 0.8027990460395813 0.26862749457359314
-2.38272762298584 1.1591345071792603 1.354085922241211
-0.8339682221412659 1.11851966381073 -1.205298900604248
0.3327794373035431 1.124701976776123 -1.1930272579193115
0.5622519850730896 0.9123764634132385 1.547904133796692
-1.123049259185791 0.284606397151947 1.627728819847107
-0.3393312990665436 1.1045713424682617 -1.2052990198135376
0.33477160334587097 0.284606397151947 0.7773243188858032
0.8965423107147217 1.2030706405639648 -0.5979909896850586
-2.297989845275879 1.2586323022842407 -0.5092151165008545
-0.6722116470336914 0.284606397151947 0.3968595266342163
-1.4636473655700684 1.2111393213272095 1.9333144426345825
-2.3671658039093018 1.2112597227096558 0.5614280700683594
-2.3764779567718506 1.1703524589538574 0.19054171442985535
-1.6638884544372559 1.3189345598220825 -0.8839730024337769
-1.5701982975006104 1.2389839887619019 -1.198747158050537
-1.9799764156341553 1.2968370914459229 -0.4943140745162964
0.44834017753601074 0.284606397151947 0.12385475635528564
-1.0981014966964722 1.2878928184509277 -1.1467167139053345
0.4821094572544098 0.6929410696029663 -0.6557286977767944
-0.2357332855463028 0.39157623052597046 3.605719804763794
0.4767548441886902 0.284606397151947 0.9656667709350586
-0.16545388102531433 0.284606397151947 -0.173371359705925
-0.7926185727119446 1.2261756658554077 -1.1738088130950928
0.5241531729698181 0.284606397151947 0.7528043389320374
-1.0945611000061035 0.284606397151947 0.07301996648311615
-0.28510212898254395 0.284606397151947 1.0492104291915894
-0.41945338249206543 0.284606397151947 1.5264930725097656
0.032073974609375 1.3247358798980713 -0.9247369170188904
-0.7708956599235535 0.6770387291908264 2.870448112487793
-1.4270436763763428 0.9595754742622375 -0.6812649965286255
-1.329100251197815 0.6556990742683411 1.6015961170196533
-0.13116970658302307 0.284606397151947 1.1505273580551147
-0.747081458568573 0.284606397151947 0.9083473086357117
-2.089376449584961 1.2368894815444946 1.306718349456787
-0.5099743008613586 1.2081718444824219 -1.166933298110962
0.7316321730613708 1.2433258295059204 1.9915851354599
-1.6636395454406738 1.260953426361084 1.7631886005401611
-0.010825780220329762 0.7551817893981934 2.6650819778442383
-0.6474771499633789 0.3925107717514038 3.6137285232543945
-1.9053294658660889 0.674586832523346 0.4371050000190735
-1.7307265996932983 1.3033697605133057 -0.6833574771881104
-1.790269136428833 1.3234636783599854 -0.29861319065093994
-1.199445366859436 0.284606397151947 0.6830865740776062
-1.7886468172073364 0.6906988024711609 1.3570784330368042
-1.5797579288482666 1.3222044706344604 -0.41450831294059753
0.11268399655818939 1.2283329963684082 -1.157679557800293
0.905712902545929 1.1317355632781982 0.04993893578648567
-1.1300052404403687 1.1251641511917114 2.129842519760132
-1.6662474870681763 0.6778039932250977 -0.29906994104385376
0.8642011880874634 1.1670515537261963 0.775100827217102
0.9101961851119995 1.1374305486679077 1.104895830154419
0.5391680002212524 1.326690435409546 -0.8584444522857666
-2.1226680278778076 1.3351097106933594 0.5623384714126587
-1.8142300844192505 1.2317267656326294 1.4414477348327637
-1.08888578414917 0.8249213695526123 -0.8247751593589783
0.5747298002243042 0.7106825709342957 -0.436879426240921
0.6972425580024719 1.2240931987762451 1.3043594360351562
0.08808526396751404 0.3745171129703522 3.3312880992889404
0.26107537746429443 0.65239417552948 1.7464475631713867
0.2934888005256653 0.9130350351333618 -0.8538745045661926
-0.9598339796066284 0.8528475165367126 1.92033851146698
-0.30056697130203247 1.2863448858261108 -1.0875217914581299
0.9102239608764648 1.1503657102584839 0.5214686393737793
-0.4852852523326874 0.3720412254333496 3.5906589031219482
-0.8553231954574585 0.7630586624145508 2.4749231338500977
0.0670136883854866 0.6960564255714417 -0.8311900496482849
0.9058369994163513 1.1734631061553955 -0.06999554485082626
-2.2681546211242676 1.32261323928833 0.1700049191713333
-0.17126265168190002 0.5145685076713562 3.079176664352417
-1.7235028743743896 0.7160670757293701 0.9067136645317078
-0.5934017300605774 0.677537202835083 -0.7993364334106445
-2.2129855155944824 1.2490843534469604 0.8892576098442078
-2.0542731285095215 1.3642939329147339 -0.2752920091152191
-1.2261978387832642 1.1090567111968994 1.7749308347702026
-1.7820442914962769 0.9733749032020569 1.5569366216659546
-1.8810032606124878 0.8611597418785095 0.7009285688400269
-0.5454522967338562 0.284606397151947 1.3931877613067627
-1.9415414333343506 1.2668217420578003 1.1310405731201172
-0.7732064127922058 0.31589311361312866 3.3117079734802246
0.6448132991790771 1.2484979629516602 0.6164133548736572
-1.0332434177398682 0.284606397151947 -0.1363762617111206
-0.4946419596672058 0.284606397151947 0.4067455232143402
-0.7684672474861145 1.100852608680725 2.2987821102142334
0.11586732417345047 0.284606397151947 0.8585377335548401
-0.6493129730224609 0.284606397151947 -0.015758974477648735
-1.3287166357040405 1.2441353797912598 1.6743345260620117
0.8541610836982727 1.2072968482971191 1.534950613975525
-0.4146358072757721 0.4339981973171234 3.3433520793914795
-0.01582106575369835 0.284606397151947 1.023226261138916
0.5506054759025574 1.3345683813095093 -0.5810408592224121
0.03680916130542755 0.8413187861442566 2.1272995471954346
-0.6041728854179382 0.284606397151947 -0.5041029453277588
0.844622015953064 1.2821588516235352 -0.38220101594924927
-2.0324833393096924 1.325937032699585 0.7964744567871094
-0.36485186219215393 0.3633221387863159 3.0934927463531494
-0.15313689410686493 0.8427688479423523 2.6806082725524902
-0.930206835269928 1.1956878900527954 1.9321353435516357
-0.10709340870380402 0.9372003078460693 -0.7654906511306763
-1.511773943901062 1.2437063455581665 1.4999136924743652
-2.130018711090088 1.3426815271377563 0.35226669907569885
-0.6553705930709839 1.1584625244140625 2.092529296875
0.1437305510044098 0.284606397151947 0.664482057094574
-0.614919126033783 0.5980122089385986 2.990055561065674
-1.8236418962478638 0.6820423603057861 1.1501805782318115
-0.3899637460708618 0.7739094495773315 2.839320421218872
0.8951913118362427 0.8589922785758972 1.2552376985549927
-0.8631115555763245 0.6506423354148865 -0.669413149356842
0.054721470922231674 1.2124574184417725 1.932112216949463
-0.66831374168396 0.284606397151947 0.17705900967121124
0.3593786358833313 1.148898720741272 -0.7325313091278076
-1.4606587886810303 0.6907628774642944 -0.5304122567176819
-0.07679866254329681 0.7686537504196167 2.611064910888672
-0.46809929609298706 0.284606397151947 -0.10452291369438171
-0.9433704614639282 0.284606397151947 0.7338319420814514
-1.4282686710357666 0.962885320186615 1.597163438796997
-1.4775581359863281 1.3170297145843506 -0.6388146877288818
-0.6873514652252197 0.284606397151947 1.278740644454956
-0.561946451663971 0.7581570148468018 2.7176146507263184
-2.0063986778259277 1.2784318923950195 -0.061068594455718994
0.7015576958656311 1.2689951658248901 0.28535157442092896
-0.8561923503875732 1.3544471263885498 -0.8952915668487549
-0.12419590353965759 0.7890658378601074 2.0003647804260254
-0.29450082778930664 0.284606397151947 0.7026143670082092
-1.191287636756897 1.3523763418197632 -0.7477177381515503
0.6953164935112 0.9202223420143127 -0.21169185638427734
0.5661754012107849 1.325929045677185 1.0348002910614014
-1.777268886566162 1.0110169649124146 -0.3590262830257416
-1.0459421873092651 1.2612717151641846 1.695548415184021
-1.8336108922958374 0.8420535326004028 -0.09886416792869568
-1.442441463470459 1.2901031970977783 -0.23806482553482056
0.2398916482925415 1.3467745780944824 -0.7812504172325134
0.43058788776397705 0.284606397151947 0.593849241733551
-0.9290921688079834 0.284606397151947 0.9142192602157593
-1.8388358354568481 1.3141850233078003 0.7633251547813416
0.23574472963809967 0.284606397151947 0.31636062264442444
0.6015692949295044 1.3003865480422974 -0.2694222629070282
0.4197749197483063 0.6363360285758972 1.5795109272003174
-0.27931252121925354 0.9979445934295654 2.4883928298950195
-0.12941882014274597 0.284606397151947 1.3481734991073608
-2.1043851375579834 1.2006218433380127 1.5763181447982788
-1.5966570377349854 1.2480385303497314 1.2689567804336548
-1.6517845392227173 0.8854043483734131 1.1687110662460327
-1.1247247457504272 0.6651989817619324 -0.6496429443359375
-0.2630695402622223 1.3287104368209839 -0.8342806696891785
-1.827613115310669 1.0141581296920776 1.0046476125717163
-0.5292062163352966 0.9914725422859192 2.454464912414551
-1.9130206108093262 1.007323145866394 1.2739088535308838
0.8954357504844666 0.9768476486206055 0.3857022821903229
0.8474215865135193 1.2247934341430664 0.9716042280197144
-1.8600801229476929 0.8765609264373779 0.23855829238891602
-0.5924915075302124 1.1816154718399048 1.8587000370025635
-0.28380486369132996 0.6362996697425842 -0.706580638885498
-0.5294601321220398 0.284606397151947 0.9397762417793274
0.5616240501403809 0.7464337348937988 1.029000997543335
0.4819240868091583 1.209639549255371 1.5236908197402954
0.5181876420974731 0.7017409205436707 1.356384038925171
-0.1397249400615692 0.284606397151947 0.30244946479797363
0.26783883571624756 0.284606397151947 0.11988598108291626
0.3874797821044922 1.2464096546173096 0.9798626899719238
0.40944844484329224 0.8593934774398804 -0.5202010869979858
-0.6439012885093689 0.8478734493255615 2.194577932357788
-0.37555617094039917 1.1572823524475098 2.0094025135040283
-0.7297030687332153 0.8529366254806519 2.668186902999878
-0.16541852056980133 1.2197803258895874 1.7139892578125
-0.8911980390548706 0.284606397151947 -0.28134581446647644
0.17386585474014282 1.2144297361373901 1.6542402505874634
-1.1276956796646118 0.284606397151947 0.5105960965156555
0.6327711939811707 0.9525459408760071 0.21860931813716888
0.3972540497779846 1.263752818107605 1.2997634410858154
-0.3148726522922516 0.6061162948608398 2.9665937423706055
-0.1881633847951889 0.284606397151947 -0.4683704674243927
-0.5201302170753479 1.344831109046936 -0.7964252233505249
0.6182268261909485 0.745581865310669 0.48969000577926636
0.2831847369670868 0.7968130707740784 1.4737130403518677
-1.684586524963379 0.6661199331283569 0.015827123075723648
-0.028232568874955177 0.284606397151947 0.004964884370565414
-0.157362699508667 1.1388665437698364 2.0207037925720215
0.037441786378622055 0.3069700598716736 1.2884812355041504
0.17807555198669434 0.8670958280563354 1.692086935043335
-0.42469629645347595 0.8150054812431335 2.397451162338257
-0.8435943126678467 0.284606397151947 0.24483390152454376
-0.051679763942956924 0.284606397151947 0.7114141583442688
-0.9711355566978455 0.672003984451294 1.7432688474655151
0.25597041845321655 1.2583690881729126 -0.4219975173473358
-0.6375109553337097 1.2716944217681885 -0.7956816554069519
-1.453927755355835 0.8543259501457214 1.4040471315383911
0.2419697493314743 0.7194295525550842 -0.6325823068618774
0.4512202739715576 0.7516306042671204 1.1629564762115479
-0.35598528385162354 0.8548800945281982 2.106492042541504
-1.4959598779678345 0.6502816081047058 1.2423735857009888
-0.5007309913635254 0.284606397151947 0.14574164152145386
-0.4202365279197693 0.7943564057350159 -0.7110468745231628
-1.3386237621307373 0.6402318477630615 -0.21131347119808197
-0.8155481815338135 1.3290847539901733 -0.5999663472175598
-0.13938552141189575 1.0240558385849 1.6842962503433228
-1.4064229726791382 0.9353095889091492 -0.39964956045150757
-0.582038938999176 0.284606397151947 1.1063003540039062
-0.04782531037926674 0.643505871295929 -0.676874041557312
-1.1164512634277344 0.7278426289558411 1.5999481678009033
0.49181807041168213 0.7492910027503967 -0.2089093178510666
-1.7264217138290405 0.7279484272003174 0.3654387891292572
-1.7069929838180542 0.7140994668006897 0.6257074475288391
-0.03760353475809097 1.3482863903045654 -0.6255711317062378
0.25735971331596375 1.3463493585586548 -0.5605158805847168
0.08972039073705673 1.2359894514083862 1.143119215965271
-0.7794914245605469 1.3038151264190674 -0.35063058137893677
-1.0645653009414673 0.9377577900886536 -0.6248406767845154
-0.282767117023468 1.2029281854629517 1.290956735610962
-1.2298938035964966 1.2935900688171387 -0.5816084146499634
-0.4200417101383209 1.3160250186920166 -0.5615255236625671
-1.2364578247070312 0.7368998527526855 -0.47785791754722595
0.22705291211605072 1.142451286315918 0.8793608546257019
-0.8104379177093506 1.3182388544082642 1.117877721786499
-0.17837204039096832 0.6946828365325928 -0.5378422141075134
-1.5969703197479248 1.008223056793213 -0.06904464215040207
-0.18250088393688202 1.2571157217025757 -0.6832244396209717
-1.2731399536132812 1.3369569778442383 -0.31355586647987366
-1.0113987922668457 1.35866117477417 -0.42922812700271606
0.5888904333114624 0.7047328352928162 0.08968789130449295
-0.11146175861358643 1.1112840175628662 -0.47982582449913025
-0.8084272146224976 0.8959100842475891 -0.6687076687812805
0.5090039372444153 1.2676395177841187 0.43373265862464905
0.47894811630249023 1.2834365367889404 -0.16316577792167664
-1.1413288116455078 0.9657107591629028 -0.3425481915473938
0.5586414337158203 1.0222617387771606 0.8385673761367798
-1.116280198097229 1.3111406564712524 -0.05843234807252884
-1.5216985940933228 0.8493701219558716 -0.19193199276924133
0.6088677048683167 1.279339075088501 0.05742919445037842
-1.4555474519729614 0.7025489211082458 0.7820790410041809
0.38890936970710754 0.6023929715156555 -0.31594687700271606
0.41920047998428345 1.2109286785125732 0.678895115852356
-0.4948686957359314 0.6990994811058044 1.7415648698806763
-0.6506933569908142 1.2153507471084595 1.527637243270874
-0.6292831897735596 0.6778041124343872 -0.606597363948822
-1.1797605752944946 1.2472240924835205 0.5958521366119385
-1.090195894241333 1.2712254524230957 1.1548466682434082
-1.103798508644104 1.3026793003082275 0.964250385761261
-1.307943344116211 1.2128478288650513 1.3310636281967163
0.40142565965652466 1.0734140872955322 -0.34740129113197327
-0.7033050060272217 1.273868441581726 1.3625494241714478
-1.0949212312698364 1.2757045030593872 0.21614542603492737
-0.3548183739185333 0.284606397151947 0.8830268383026123
-0.9568307995796204 0.30056309700012207 0.5715785622596741
0.08177740126848221 0.6942196488380432 1.3264963626861572
-1.4708882570266724 1.276226282119751 0.9014463424682617
-1.051940679550171 1.2806220054626465 0.7983309030532837
-1.0606801509857178 1.2057247161865234 0.6213535070419312
-0.9859820008277893 1.3386212587356567 -0.24921974539756775
-1.7356200218200684 1.0498297214508057 0.6122292280197144
0.3733476400375366 0.6610729694366455 0.9606290459632874
-1.4750133752822876 1.3080718517303467 1.1041899919509888
-1.7248138189315796 1.3026163578033447 0.9657489061355591
-0.9082589745521545 0.6830074191093445 1.409416913986206
-0.17635966837406158 0.284606397151947 0.10603441298007965
-1.0036585330963135 1.0281139612197876 0.47417184710502625
-1.4394783973693848 0.6537712216377258 0.2703857421875
-0.6146007180213928 1.1940754652023315 -0.4402366876602173
-1.4999792575836182 0.8055842518806458 0.1854303479194641
-0.9742671847343445 0.6937497854232788 -0.4159751832485199
-0.9978426098823547 1.1722679138183594 0.1517307311296463
-0.9883008003234863 1.2179700136184692 1.5015496015548706
-0.03563271835446358 0.6601963043212891 1.694338083267212
-1.4802019596099854 0.8108906745910645 0.5180585980415344
-1.2762906551361084 0.7281694412231445 1.2344974279403687
-0.9304180145263672 1.193542242050171 -0.09834698587656021
-1.1594985723495483 0.8749865889549255 -0.10633710771799088
-0.262486070394516 0.31693708896636963 0.5392752885818481
-0.4328872859477997 1.264262318611145 1.666722059249878
0.4227377772331238 0.6273982524871826 0.012787369079887867
-0.544548749923706 0.32438400387763977 0.7689567804336548
-1.0849779844284058 0.6673954725265503 -0.15621300041675568
-1.4530532360076904 0.7060906887054443 0.9933123588562012
-0.7331033945083618 0.7000139951705933 1.7465404272079468
-0.49201953411102295 1.0208123922348022 -0.6469097137451172
-0.6107745170593262 0.6399473547935486 -0.3964717984199524
-1.3482427597045898 0.7420248985290527 -0.0029079746454954147
-0.48494985699653625 0.284606397151947 0.5756953954696655
0.08229949325323105 1.1856160163879395 1.4174212217330933
-1.3336210250854492 0.9229984283447266 1.050404667854309
-1.0703635215759277 0.6846129298210144 1.1792672872543335
-0.6825399398803711 0.284606397151947 0.7227461934089661
0.042843930423259735 0.8790521621704102 -0.6079267263412476
-0.04655634984374046 1.0559399127960205 1.025445580482483
-1.3678171634674072 0.6605250239372253 0.5264854431152344
0.4873044192790985 0.859308660030365 0.438583105802536
-0.273151695728302 0.7348245978355408 1.7228957414627075
-0.5776917338371277 0.9123250246047974 1.886684536933899
0.04419277608394623 0.850544273853302 -0.3936329782009125
-0.3718886375427246 0.7989552617073059 -0.44690611958503723
-0.7787532806396484 0.9330981969833374 -0.43898826837539673
-0.017460428178310394 1.064650058746338 1.2999154329299927
0.45587292313575745 1.0389297008514404 0.09586916863918304
-1.135077953338623 0.8469960689544678 1.418472409248352
-1.3489125967025757 0.9584348797798157 0.7910490036010742
-0.4501899182796478 0.6600963473320007 1.4942123889923096
0.23163874447345734 0.699367880821228 -0.3245629072189331
-1.217707872390747 0.6665341854095459 0.22348728775978088
-0.22800421714782715 1.0764398574829102 1.1367746591567993
-1.1035244464874268 1.0632891654968262 1.2193571329116821
0.36009153723716736 0.7808727622032166 -0.0863434299826622
0.34255269169807434 0.8640835285186768 1.265242576599121
-0.9199367761611938 0.9655012488365173 1.6794846057891846
0.5036218762397766 0.7092549800872803 0.7268394827842712
-0.03928612172603607 0.7899328470230103 1.528382420539856
-0.8663249611854553 0.7873988747596741 -0.24460653960704803
-0.5749346613883972 0.8276582360267639 1.5250189304351807
0.3347727656364441 0.9080158472061157 0.8472551703453064
-0.7853422164916992 0.8770012259483337 1.5422252416610718
0.003661428578197956 0.5985816121101379 -0.3093920052051544
-0.8752806186676025 0.6113038659095764 -0.08816202729940414
-0.725119948387146 1.2026499509811401 1.2150096893310547
-1.1805006265640259 0.8372530341148376 0.42158743739128113
-0.28684306144714355 0.6001223921775818 -0.32101958990097046
-1.1869850158691406 0.7552921772003174 0.7404325604438782
-0.8422248959541321 1.173829436302185 0.8859487175941467
-1.1295819282531738 0.8187602162361145 0.1845622956752777
0.2418808490037918 1.020793080329895 1.0861483812332153
-0.4568032920360565 1.253175973892212 1.140594482421875
-0.34469377994537354 1.098738670349121 1.454710841178894
0.3356122076511383 0.5736409425735474 0.19338251650333405
0.4206567406654358 0.6220044493675232 0.4289207458496094
-0.7835702300071716 0.8300832509994507 1.1242071390151978
0.32414233684539795 0.6308994889259338 0.7266329526901245
-0.6530798077583313 0.6994740962982178 1.3313584327697754
0.07685847580432892 0.5327380895614624 0.6145951747894287
-1.0376027822494507 0.7965286374092102 0.9993168115615845
-0.017429344356060028 0.5290415287017822 0.29435765743255615
-0.24251286685466766 0.6957510709762573 1.4756062030792236
-0.3477494418621063 0.3384944200515747 0.17377449572086334
-1.1217641830444336 0.662800669670105 0.9144696593284607
-0.8446751832962036 0.569878339767456 0.27454882860183716
0.11098867654800415 0.5840883851051331 1.1003767251968384
-0.5037373304367065 0.5511952638626099 -0.013819720596075058
-0.3723687529563904 0.6078035235404968 0.060492753982543945
-0.5018917918205261 0.5437272191047668 0.726231038570404
0.2816702127456665 0.6921547055244446 0.1886136382818222
-0.20532917976379395 0.5918909907341003 1.0261105298995972
-0.3351927697658539 0.30653876066207886 0.3521648049354553
-0.8513541221618652 0.699932873249054 0.9465233683586121
-0.7030768394470215 0.8118866682052612 -0.15486331284046173
-0.1032988652586937 0.5561369061470032 -0.06450975686311722
0.01795659027993679 0.6581321954727173 0.08371767401695251
-0.9842336177825928 0.7175740003585815 0.5144083499908447
-0.2162109911441803 0.7027570009231567 1.2652100324630737
-0.6590838432312012 0.6303697824478149 -0.17812809348106384
-0.5628835558891296 0.8494051694869995 1.1361256837844849
0.03430725634098053 0.68940269947052 0.8106406331062317
0.017829090356826782 0.6427938938140869 0.5146461129188538
0.06379462778568268 0.7374649047851562 1.0741159915924072
0.305347204208374 0.7608610391616821 0.5632976293563843
-1.095190167427063 0.6367008090019226 0.5833316445350647
-0.6993990540504456 0.6453237533569336 1.1658583879470825
-0.6275289058685303 0.5838678479194641 0.26629209518432617
-0.21142849326133728 0.7296590805053711 1.0119991302490234
-0.35120612382888794 0.8403974771499634 1.187272548675537
0.04834175482392311 0.6896407604217529 -0.16372303664684296
-0.8419802188873291 0.7152118682861328 0.31147336959838867
-0.18912069499492645 0.7727497220039368 0.3300943076610565
-0.946805477142334 0.7380627393722534 0.08191242814064026
-0.8153901696205139 0.654850959777832 0.6845226287841797
-1.3833744525909424 1.18221914768219 0.6783851981163025
-0.38133034110069275 0.7439783811569214 -0.26723533868789673
-1.2541966438293457 1.1343624591827393 0.15519285202026367
-1.8077657222747803 1.133226990699768 0.3584114909172058
-0.05771293863654137 0.8622075915336609 0.1484273076057434
-0.2349349856376648 0.6265207529067993 0.7815223932266235
-0.2937462031841278 0.5454065799713135 0.4066704213619232
-0.5659079551696777 0.5853293538093567 0.5789591670036316
0.09246277064085007 0.956106424331665 0.5206310749053955
0.024405358359217644 1.0036495923995972 0.6847755908966064
-0.7289245128631592 0.7973586320877075 0.7066071629524231
-1.573508620262146 1.2254027128219604 0.5645087957382202
-0.4597246050834656 0.7533925175666809 0.9441460371017456
0.22950345277786255 1.084388256072998 0.05873352661728859
-1.519901990890503 1.1436563730239868 0.030058789998292923
-0.6911300420761108 1.1627330780029297 0.6550247073173523
-0.5269702076911926 1.1744378805160522 0.7959907054901123
-0.39185985922813416 1.2090332508087158 0.8974229693412781
-0.3094214200973511 1.3319908380508423 0.796579122543335
-0.19528327882289886 0.7860884070396423 0.5719143152236938
0.13134163618087769 0.922440230846405 0.3106374740600586
-1.8990254402160645 1.2097792625427246 0.12343913316726685
0.30695608258247375 1.1707589626312256 0.2990197539329529
-0.2701891362667084 1.144916296005249 0.7775232791900635
-0.19114553928375244 0.9279645085334778 0.7600769996643066
-0.40950384736061096 0.7415175437927246 0.385697603225708
-0.6898378133773804 0.7724748849868774 0.9215789437294006
0.16887181997299194 1.1729179620742798 0.45248475670814514
-0.20016993582248688 0.8157095313072205 -0.022899575531482697
-0.548728883266449 0.9657312035560608 0.6658179759979248
-0.7778078317642212 1.180991768836975 0.4962587356567383
0.04575777053833008 1.0901648998260498 -0.2092658281326294
-0.08824390172958374 1.220515251159668 -0.2674919664859772
0.21285545825958252 1.2043484449386597 -0.1032540500164032
-0.4116456210613251 0.8230395317077637 0.13856685161590576
-0.263290137052536 1.0693227052688599 -0.2515040934085846
-0.623162031173706 0.9163525104522705 0.24324239790439606
-0.78005450963974 1.1470426321029663 0.30412036180496216
-0.64109867811203 1.2856193780899048 0.7462988495826721
-0.4644748866558075 1.1920039653778076 0.08968525379896164
-0.5966692566871643 1.237090826034546 0.30206042528152466
0.12011148035526276 1.209491491317749 0.12038721889257431
-0.4939922094345093 1.1748400926589966 -0.21034108102321625
0.032553255558013916 1.143080472946167 0.6236681938171387
-0.09119021892547607 1.1696308851242065 0.7104472517967224
-0.09003225713968277 1.2065229415893555 0.04756861925125122
-0.6235445141792297 0.8919936418533325 0.43630683422088623
-0.4978627562522888 0.9847840070724487 -0.11522272974252701
-0.16413255035877228 1.6642354726791382 0.7221430540084839
-0.4081598222255707 1.4522181749343872 0.355834037065506
-0.2290145456790924 1.1715320348739624 0.3611524999141693
-0.38284534215927124 0.8682482242584229 0.6795625686645508
-0.2075888067483902 1.348443627357483 0.23500438034534454
-0.36955809593200684 1.7619738578796387 0.6936785578727722
-0.4357624053955078 1.9735674858093262 0.6379361748695374
-0.6474128365516663 0.9873866438865662 0.05675238370895386
-0.45840102434158325 1.6954509019851685 0.4680899679660797
-0.08069614320993423 1.323269009590149 0.47149741649627686
-0.3260965645313263 1.2127132415771484 -0.1334662288427353
-0.6784232258796692 1.172371745109558 0.06783191859722137
-0.304816871881485 1.467521071434021 0.6158203482627869
-0.2145502269268036 1.6288063526153564 0.21048693358898163
-0.17964529991149902 1.9546231031417847 0.7896274328231812
-0.4300127923488617 1.9618788957595825 0.3434426188468933
-0.04009675607085228 1.9205749034881592 0.239369198679924
-0.39288824796676636 2.1802051067352295 0.29638057947158813
-0.06793822348117828 2.541822671890259 0.6661975979804993
-0.4460965394973755 2.2563226222991943 0.5931009650230408
-0.21055671572685242 2.571831226348877 0.1948460340499878
0.11655454337596893 2.056687355041504 0.46830007433891296
-0.025445833802223206 1.5297250747680664 0.37073326110839844
-0.002727416343986988 2.429403781890869 0.27096813917160034
0.008908378891646862 2.1037886142730713 0.7251529693603516
-0.23662804067134857 2.2359323501586914 0.7524948716163635
0.06330987811088562 2.357445001602173 0.581165075302124
-0.014610091224312782 1.625540018081665 0.5908229947090149
0.05069917440414429 1.8546805381774902 0.6414081454277039
0.05235808342695236 2.187122344970703 0.312915563583374
-0.3301786184310913 2.7791895866394043 0.20074838399887085
-0.42016977071762085 2.457103729248047 0.3735472857952118
-0.21630609035491943 2.271341562271118 0.2108784168958664
-0.1460770070552826 3.001875877380371 0.6393861770629883
0.057411208748817444 1.77627694606781 0.3782980740070343
-0.29004383087158203 1.833759069442749 0.21944259107112885
-0.8013647198677063 4.30821418762207 0.5321899056434631
-0.5895448923110962 4.276966094970703 0.4762566089630127
-0.3412545919418335 2.488156318664551 0.686448335647583
-0.5909857153892517 4.252862453460693 0.338810533285141
-0.14752037823200226 2.7952663898468018 0.6704357266426086
-0.410616397857666 4.382753849029541 0.29952606558799744
-0.4834113121032715 2.667113780975342 0.4060811400413513
-0.003960868343710899 2.725160598754883 0.41100433468818665
-0.3652430474758148 3.1926848888397217 0.3542461097240448
-0.5040337443351746 2.9058938026428223 0.4123208224773407
-0.4118940234184265 2.79612135887146 0.62211012840271
-0.23266465961933136 3.152621269226074 0.5019657015800476
-0.42344969511032104 3.06292724609375 0.264804482460022
-0.3489153981208801 4.573200702667236 0.2718205749988556
-0.854966402053833 4.439846992492676 0.6318804621696472
-0.5647063851356506 4.377168655395508 0.1331712305545807
-0.4431827962398529 4.376681327819824 0.5337128639221191
-0.10453541576862335 2.8957107067108154 0.2621917128562927
-0.9096723198890686 4.373372554779053 0.28692132234573364
-0.09730824828147888 5.4915571212768555 0.6855400800704956
-0.73033207654953 4.281362533569336 0.30729344487190247
-0.744671642780304 4.638821125030518 0.6869688630104065
-1.012136459350586 5.057377815246582 0.5756767392158508
-0.2900354266166687 5.389185428619385 0.6634404063224792
-0.49896273016929626 5.501323699951172 0.8364813327789307
-1.0081334114074707 4.510791778564453 0.4081542491912842
-0.02988848090171814 5.438860893249512 0.3993533253669739
-0.402701735496521 4.693939208984375 0.4965671896934509
-0.44575902819633484 5.283973217010498 0.7184529304504395
-0.702888011932373 4.445219993591309 0.08691969513893127
-0.556094229221344 4.503133773803711 0.6644447445869446
-0.36893418431282043 5.484106063842773 0.2338915467262268
-1.0338951349258423 4.659512519836426 0.39930352568626404
-0.18140996992588043 5.414815902709961 0.3647415339946747
-0.3461012542247772 5.331238746643066 0.43746745586395264
-0.9781439304351807 4.837087631225586 0.29349228739738464
-0.4677455425262451 5.759457588195801 0.7954156398773193
-0.484506219625473 4.865450859069824 0.4341176748275757
-0.7030540108680725 4.613872528076172 0.03839777037501335
-0.7267535328865051 5.315849781036377 0.7953839898109436
-0.7916601300239563 4.768416881561279 0.11650513112545013
0.05565283074975014 5.506908893585205 0.5109996199607849
-0.5875679850578308 5.157930850982666 0.6418765187263489
0.18203645944595337 5.750594139099121 0.6536848545074463
0.03506438434123993 5.586258411407471 0.2820190191268921
-0.730778157711029 5.040652275085449 0.6096037030220032
-0.412538081407547 6.025418758392334 0.4535713493824005
-0.7940974235534668 5.521993637084961 0.8216016888618469
-0.9999407529830933 5.000804424285889 0.4418967366218567
-0.6877474784851074 5.006588459014893 0.186623215675354
-0.6300851702690125 5.869099140167236 0.7119618058204651
-0.7243688106536865 5.23204231262207 0.22939349710941315
-0.17923107743263245 5.721875190734863 0.7699926495552063
-0.8976666331291199 5.2836127281188965 0.7113752961158752
-1.0006932020187378 5.3847856521606445 0.5587722063064575
-0.558390736579895 5.325679302215576 0.23873773217201233
-0.9553796648979187 5.397754669189453 0.3330967426300049
-0.18057891726493835 5.633012771606445 0.161110058426857
-0.6641021370887756 5.572748184204102 0.3130786120891571
0.0905258059501648 5.895894527435303 0.2669093906879425
0.21671490371227264 5.746585845947266 0.33948105573654175
0.1670602411031723 5.586108207702637 0.5712899565696716
-0.2515338361263275 5.998612403869629 0.34620434045791626
-0.08506447076797485 7.339611053466797 0.4944656491279602
-0.5261703133583069 5.987735271453857 0.34453916549682617
-1.0350642204284668 5.570451259613037 0.6277492642402649
-0.0970374122262001 5.965744495391846 0.23052915930747986
-0.9151060581207275 5.7640380859375 0.44485077261924744
0.09862234443426132 7.244207859039307 0.40084347128868103
-0.7013130784034729 5.789799690246582 0.1387884020805359
-0.7902014851570129 5.553509712219238 0.14746823906898499
0.015285495668649673 5.800199031829834 0.7479804754257202
-1.0485358238220215 5.737826824188232 0.38905537128448486
-1.0056630373001099 5.855379581451416 0.4858361482620239
-0.31357479095458984 7.323570728302002 0.7899012565612793
-0.25353533029556274 7.265132904052734 0.366742342710495
-0.41146060824394226 7.274240016937256 0.5634474158287048
0.16587908565998077 7.375979423522949 0.30293282866477966
-0.61087566614151 7.794445037841797 0.27681705355644226
-0.8177806735038757 8.036713600158691 0.5954003930091858
-0.0457908920943737 7.24180793762207 0.6746139526367188
0.00219889753498137 7.372587203979492 0.8204870820045471
0.06300093978643417 7.24734354019165 0.5887207388877869
0.261382132768631 7.376011371612549 0.5960215330123901
0.07366988062858582 7.289765357971191 0.22602365911006927
-0.5391843914985657 7.491598606109619 0.8375411033630371
-0.34569698572158813 7.556402683258057 0.8882662057876587
-0.5634315013885498 7.310262680053711 0.470100998878479
-0.09763360768556595 7.459863185882568 0.19428910315036774
-0.8357536196708679 7.59057092666626 0.5083320140838623
-0.6525884866714478 7.522711277008057 0.7226350903511047
0.2894689738750458 7.532826900482178 0.6191979050636292
-0.5123158097267151 7.408930778503418 0.34240373969078064
-0.7030661702156067 7.47948694229126 0.6774176955223083
-0.8073199987411499 7.676955223083496 0.7016646265983582
-0.281448096036911 7.7080841064453125 0.21733632683753967
-0.06493259221315384 7.686261177062988 0.20296132564544678
-0.12135175615549088 7.579352378845215 0.9263780117034912
-0.5533469319343567 7.644843101501465 0.3115212321281433
0.29528018832206726 7.686404228210449 0.6435449719429016
-0.3094013035297394 7.819758415222168 0.9527438282966614
-0.14060305058956146 7.903304100036621 0.19936896860599518
-0.0880400687456131 8.074180603027344 0.40999898314476013
-0.8570274114608765 7.812604904174805 0.38120707869529724
0.12078885734081268 7.732006072998047 0.2840785086154938
-0.4051913321018219 7.997209072113037 0.7767691612243652
0.03706465661525726 7.778221607208252 0.772795557975769
-0.8011093735694885 7.905313968658447 0.6429007053375244
-0.41966503858566284 7.817571640014648 0.1564732939004898
0.4720020592212677 8.958467483520508 0.01137405913323164
-0.17114992439746857 8.337958335876465 0.8563941717147827
-0.12419775128364563 7.8540544509887695 0.8216444253921509
0.10020262002944946 7.9155120849609375 0.7239546179771423
-0.46309489011764526 8.486586570739746 0.6139268279075623
-0.5307816863059998 7.634246349334717 0.941409707069397
0.05891386419534683 8.07199764251709 0.6827394366264343
-0.4186556935310364 8.22107982635498 0.5278677940368652
-0.482880562543869 8.072412490844727 0.4521310329437256
-0.4916212260723114 8.685737609863281 0.7381206750869751
-1.1408203840255737 9.646390914916992 1.1688110828399658
-0.3877949118614197 8.164371490478516 0.8846768736839294
-0.3179204761981964 8.474059104919434 0.8649560809135437
0.5017762780189514 8.950277328491211 0.039952222257852554
-0.598718523979187 9.010665893554688 0.7257974147796631
-0.09569119662046432 8.270758628845215 0.6167120933532715
-0.6791054606437683 9.670445442199707 -0.3592029809951782
-0.29402750730514526 8.704584121704102 0.8834637403488159
0.35739508271217346 8.862127304077148 0.027057643979787827
-0.0756293386220932 8.917515754699707 0.6173974871635437
-0.4235287606716156 8.657230377197266 0.5070976614952087
-0.12230082601308823 8.702898025512695 0.5164424777030945
-0.6203031539916992 9.657549858093262 -0.23315013945102692
-0.46176382899284363 9.383635520935059 0.602918267250061
0.415981262922287 8.806448936462402 -0.009261712431907654
-0.446172833442688 8.932480812072754 0.8661384582519531
-1.1461702585220337 9.479272842407227 1.181221842765808
-0.8869604468345642 9.67569351196289 -0.40714743733406067
-0.15372197329998016 8.623008728027344 0.6693195700645447
-0.5488957762718201 9.305510520935059 0.6749083399772644
0.24622778594493866 9.146248817443848 -0.07075685262680054
-1.0010309219360352 9.664484977722168 -0.2876673638820648
-0.9367358684539795 9.75101089477539 -0.5710335969924927
-0.5294587016105652 9.173717498779297 0.8880284428596497
-0.24527804553508759 9.110223770141602 0.6340914368629456
-0.047877438366413116 10.147025108337402 1.046868085861206
-1.1349753141403198 9.469429016113281 1.2088289260864258
-0.7693995237350464 9.624337196350098 -0.14491713047027588
-1.2011754512786865 9.425586700439453 1.3026946783065796
-0.11094480752944946 10.065780639648438 1.0184231996536255
-0.3712298572063446 9.355179786682129 0.7948316335678101
-0.4016086459159851 9.945295333862305 0.9762218594551086
-0.23097193241119385 9.899383544921875 0.9656540751457214
-0.8304417133331299 10.03062915802002 -0.46863070130348206
-0.2401203215122223 9.417551040649414 0.6594886779785156
-0.4249008595943451 9.7855863571167 0.9202356338500977
-0.8760570287704468 9.727165222167969 -0.1201181635260582
-0.3837611675262451 9.506279945373535 0.5956503748893738
-0.4757302701473236 10.190099716186523 -0.12390435487031937
0.2979755401611328 10.022163391113281 0.40897154808044434
0.402218759059906 10.39841079711914 0.15250009298324585
-0.7129268646240234 9.955678939819336 -0.39572012424468994
-0.45604202151298523 10.02769947052002 1.015033483505249
-0.8862619400024414 9.970462799072266 -0.12929126620292664
-0.8515735268592834 10.495750427246094 0.7107097506523132
-0.029328299686312675 10.186223030090332 0.04509751871228218
-0.22674064338207245 10.114566802978516 0.8303540945053101
-0.6407809853553772 10.191361427307129 0.937732458114624
-0.27587631344795227 10.207250595092773 0.8743614554405212
0.39491522312164307 10.35438060760498 0.21604055166244507
-0.0256456658244133 9.994415283203125 1.0341860055923462
-0.9112324714660645 10.076085090637207 -0.29438143968582153
-0.47921890020370483 10.51065731048584 -0.26302435994148254
-0.9898883700370789 10.627625465393066 0.6185130476951599
-0.4284961521625519 10.334977149963379 1.0979114770889282
-0.9380960464477539 10.563981056213379 -0.3338964581489563
-0.343204528093338 10.40296745300293 1.0310728549957275
0.3138096332550049 10.6793851852417 -0.03066970407962799
-0.43311694264411926 10.47114086151123 1.1363563537597656
-1.0214852094650269 10.750544548034668 0.4919763505458832
-0.8720205426216125 10.782614707946777 0.46404412388801575
-0.9270642399787903 10.763545989990234 0.7281782627105713
-0.45819899439811707 10.736027717590332 -0.23098260164260864
0.07105337083339691 10.710479736328125 0.33309218287467957
-1.0608190298080444 10.716825485229492 -0.14637482166290283
0.48627153038978577 10.703438758850098 0.07964790612459183
0.47032490372657776 10.777538299560547 0.1596369445323944
-0.9840217232704163 10.913269996643066 0.34816595911979675
-0.6435214281082153 10.898301124572754 1.1900920867919922
-1.172960877418518 10.799759864807129 -0.1858549863100052
-1.0843942165374756 10.821357727050781 -0.18010620772838593
-0.809138298034668 10.952571868896484 0.5233280062675476
-1.0648638010025024 11.188581466674805 1.0907560586929321
-0.7049465179443359 11.011627197265625 1.2090924978256226
-0.3552277684211731 11.089447975158691 -0.31203415989875793
-0.5584918856620789 11.086211204528809 0.5289340019226074
-0.8846097588539124 11.042424201965332 0.4765409529209137
-0.3896360397338867 11.086613655090332 1.2387542724609375
-0.9692405462265015 11.134381294250488 0.7304566502571106
-0.3981653153896332 11.14665412902832 -0.35911834239959717
-1.2067606449127197 11.062176704406738 -0.2869601845741272
-0.4174688756465912 11.11605453491211 1.2645961046218872
0.2986338138580322 11.307718276977539 0.5277637243270874
-1.2118138074874878 11.310848236083984 1.083194375038147
-0.6688831448554993 11.317949295043945 0.12846210598945618
0.3656966984272003 11.229988098144531 0.21367484331130981
-0.7474581599235535 11.286020278930664 0.03956645727157593
0.27481403946876526 11.31847095489502 0.025848960503935814
0.5192732810974121 11.342194557189941 1.1385185718536377
0.2537907660007477 11.334824562072754 0.5763125419616699
0.2340421974658966 11.44507884979248 1.0158159732818604
-0.5587279200553894 11.394792556762695 -0.034125857055187225
-1.2589359283447266 11.47231388092041 1.0240037441253662
-0.6755741834640503 11.425728797912598 0.8617427945137024
0.008913688361644745 11.460138320922852 -0.36703604459762573
0.19186967611312866 11.517223358154297 -0.04867329075932503
-0.30513355135917664 11.517118453979492 1.2422598600387573
-1.1549477577209473 11.494340896606445 -0.010846983641386032
-0.25736793875694275 11.5203218460083 0.32082441449165344
0.046921614557504654 11.545404434204102 0.6173462271690369
-0.25074502825737 11.53933334350586 0.6257774233818054
-1.046973466873169 11.567792892456055 0.27482783794403076
-0.8682646155357361 11.574163436889648 -0.11085475981235504
-0.7298392057418823 11.58095645904541 0.4456845819950104
