764
-2.386474370956421 0.2846066951751709 1.6024463176727295
-2.386373519897461 0.2845063805580139 -0.758636474609375
-2.3827507495880127 0.6054919958114624 0.6766253113746643
0.9133325815200806 0.5374137759208679 -0.8275036811828613
-2.083317279815674 0.284606397151947 0.05568777769804001
-1.337010383605957 0.2845063805580139 -1.2053022384643555
-0.19010713696479797 0.284606397151947 1.1232919692993164
-2.3863742351531982 0.31256452202796936 2.135906219482422
-0.8145147562026978 0.284606397151947 -1.0011677742004395
-0.9478194117546082 0.2845063805580139 -1.2052973508834839
0.9211299419403076 0.2846066951751709 -1.2053866386413574
-2.3863754272460938 0.2845063805580139 -0.2684307098388672
-2.3863754272460938 0.2845063805580139 0.26436805725097656
-2.3863773345947266 0.2845063805580139 -0.5012645721435547
-1.8016271591186523 0.2845063805580139 2.141207695007324
-2.3863754272460938 0.2845063805580139 -0.018494606018066406
-2.386474609375 0.2846064567565918 0.6851966381072998
0.6491910219192505 0.28460657596588135 -1.2053992748260498
-0.5533967018127441 0.2845063805580139 -1.2052980661392212
-2.0838942527770996 0.284606397151947 1.2771250009536743
0.14565753936767578 0.2845063805580139 2.141207695007324
0.921029806137085 0.2845063805580139 -0.8993147611618042
0.9210313558578491 0.2845063805580139 -0.7297096252441406
-2.3863744735717773 0.2845063805580139 0.13365745544433594
-1.408552646636963 0.284606397151947 1.8261460065841675
-0.4250413775444031 0.2845063805580139 -1.2052979469299316
-2.367611885070801 0.2845063805580139 2.141206741333008
-2.3863754272460938 0.2845063805580139 -0.13575267791748047
0.9210315942764282 0.2845063805580139 -0.9932745695114136
-2.0579466819763184 0.284606397151947 1.616499423980713
-1.0928272008895874 0.2845063805580139 -1.2052963972091675
0.9210281372070312 0.2845063805580139 1.3647022247314453
0.9210300445556641 0.5342414975166321 1.5493277311325073
-1.784862995147705 0.284606397151947 1.6392550468444824
-2.379976272583008 0.6399293541908264 1.5715547800064087
-2.1797139644622803 0.2846081256866455 2.141308307647705
0.9088607430458069 0.6081367135047913 -0.635291576385498
-2.386373519897461 0.2845063805580139 -0.6272726058959961
0.9210906028747559 0.2845063805580139 -1.2052972316741943
-2.384385585784912 0.28846073150634766 -0.8697604537010193
-1.9469465017318726 0.2846062183380127 2.141308307647705
0.9211300611495972 0.28460633754730225 0.8799012899398804
-1.4167687892913818 0.284606397151947 -0.9442667961120605
0.31577950716018677 0.284606397151947 1.5557571649551392
-0.45767226815223694 0.284606397151947 -0.9731458425521851
0.3943065404891968 0.2845063805580139 -1.2053003311157227
-2.3863754272460938 0.2845063805580139 2.1375675201416016
-2.0585100650787354 0.284606397151947 0.8702664971351624
-0.3496313691139221 0.284606397151947 -0.7937307357788086
-2.1777265071868896 0.5485790967941284 -1.1810446977615356
-2.386474609375 0.33061712980270386 -1.2052984237670898
-1.3936083316802979 0.284606397151947 -0.4778701066970825
-1.3092217445373535 0.284606397151947 -0.7780391573905945
-2.3823485374450684 0.2896541953086853 1.678899884223938
-1.9108844995498657 0.284606397151947 -0.5581181645393372
0.9211301207542419 0.2846064269542694 2.0485284328460693
-1.819202184677124 0.284606397151947 1.209308385848999
0.3533998727798462 0.284606397151947 -0.9628864526748657
-1.5356931686401367 0.2846064567565918 -1.2053985595703125
-2.38637638092041 0.2845063805580139 0.5159931182861328
-1.4982095956802368 0.284606397151947 -0.6607416272163391
0.03036055527627468 0.284606397151947 -0.959462583065033
-1.1405900716781616 0.284606397151947 -0.9647948741912842
-1.875711441040039 0.2846064567565918 -1.205398440361023
-2.3863744735717773 0.2845063805580139 -1.195786476135254
0.9211300611495972 0.2846065163612366 1.7729557752609253
-2.3799357414245605 0.2915613353252411 1.7869563102722168
-1.9227172136306763 0.284606397151947 1.808061122894287
0.9211300611495972 0.2846064567565918 1.1095201969146729
-0.13330906629562378 0.2846064269542694 2.141308307647705
-2.380575180053711 0.284606397151947 -0.3745981454849243
-0.15368247032165527 0.28460633754730225 -1.2053990364074707
0.5302095413208008 0.2845063805580139 2.141207695007324
0.9211301207542419 0.2845490872859955 2.1412081718444824
-2.3863773345947266 0.2845063805580139 1.4945077896118164
0.9210300445556641 0.2864493131637573 1.6766372919082642
0.5550337433815002 0.284606397151947 1.7282335758209229
-1.2232840061187744 0.2846064567565918 -1.205398678779602
-1.7805612087249756 0.284606397151947 -0.1394113153219223
0.9211300611495972 0.284606397151947 1.461148738861084
0.9210300445556641 0.2845063805580139 1.5744056701660156
-1.711246132850647 0.284606397151947 1.0606557130813599
-2.0251481533050537 0.284606397151947 0.6451128125190735
-1.3273662328720093 0.2901836335659027 2.138317823410034
0.9211299419403076 0.2846064567565918 -0.5825879573822021
0.9128246307373047 0.2845063805580139 2.141207695007324
-2.3863744735717773 0.2845063805580139 0.9255647659301758
-1.7723937034606934 0.2854344844818115 -1.2052985429763794
-1.0530668497085571 0.284606397151947 -0.7774388194084167
0.9210281372070312 0.2845063805580139 1.8750810623168945
0.2518708109855652 0.7256932258605957 2.0651919841766357
-0.36579418182373047 0.28460636734962463 2.141308307647705
-0.0040863752365112305 0.2846064567565918 -1.2053990364074707
-1.6872949600219727 0.2846062183380127 -1.2053985595703125
-1.8265305757522583 0.284606397151947 -0.8451910614967346
-2.3863744735717773 0.2889198064804077 0.7864381074905396
-1.473894715309143 0.5845639109611511 -1.195318341255188
0.6664556264877319 0.284606397151947 0.47533273696899414
-1.4402523040771484 0.2845063805580139 2.141207695007324
-1.7415212392807007 0.5709806084632874 -1.2052985429763794
-0.6480835676193237 0.2846062183380127 2.141308307647705
-2.361107110977173 0.6293044686317444 1.7887206077575684
-2.386474370956421 0.2846064567565918 1.3116672039031982
-0.7702558636665344 0.2871243357658386 2.1353070735931396
0.9211300015449524 0.2846064567565918 0.6449228525161743
-2.386474370956421 0.2846064567565918 1.9090216159820557
-2.010706663131714 0.284606397151947 1.0743645429611206
0.9211300015449524 0.2846066951751709 0.04608774185180664
-2.3564071655273438 0.2845063805580139 -1.2052993774414062
-2.3797080516815186 0.6154991388320923 1.2402300834655762
-0.7029867172241211 0.2846064567565918 -1.2053987979888916
-0.8840654492378235 0.2892717123031616 2.1395137310028076
0.6461852788925171 0.31415534019470215 2.1402525901794434
-2.3838632106781006 0.29052165150642395 1.1773985624313354
-0.7882186770439148 0.284606397151947 1.6797164678573608
-2.3701984882354736 0.5515586137771606 -0.7951037287712097
0.9210295677185059 0.2845063805580139 0.11818359792232513
-2.072742223739624 0.284606397151947 0.4224911034107208
-1.694866418838501 0.28460609912872314 2.141308307647705
-2.3863744735717773 0.29625654220581055 -1.0000214576721191
-2.139634847640991 0.284508615732193 -1.2052984237670898
-2.386474370956421 0.2846062183380127 1.0546131134033203
0.9119661450386047 0.5741704702377319 -0.4163144826889038
-0.3834994435310364 0.284606397151947 1.849294900894165
-1.104284405708313 0.28590765595436096 1.8336008787155151
-1.627318263053894 0.284606397151947 -0.8633521199226379
-2.0044572353363037 0.284606397151947 -0.7861294150352478
-2.027585506439209 0.284606397151947 -0.16138595342636108
-1.678633451461792 0.284606397151947 1.819071888923645
-0.683786153793335 0.5788522362709045 -1.205298900604248
-2.012495994567871 0.2845063805580139 -1.2052993774414062
0.2784914970397949 0.7429372668266296 -1.1710636615753174
0.4155086278915405 0.2879866063594818 2.1390340328216553
0.919381856918335 0.7754874229431152 -0.8115254640579224
-1.5695897340774536 0.2894253134727478 2.138880968093872
-1.9310410022735596 0.558273196220398 -1.177223563194275
-2.0389764308929443 0.284606397151947 2.1339783668518066
-0.1995670646429062 0.5622696280479431 -1.2052990198135376
0.9210300445556641 0.2845063805580139 1.224879264831543
0.6067319512367249 0.284606397151947 -0.09112205356359482
0.7998294830322266 0.5676150321960449 -1.2022578716278076
-1.7897906303405762 0.284606397151947 0.6343886852264404
0.9210299849510193 0.28837957978248596 -0.24928970634937286
0.2592456340789795 0.2845063805580139 -1.2052994966506958
-0.8312056064605713 0.2845063805580139 -1.2053000926971436
-0.014621734619140625 0.2845063805580139 2.1412057876586914
-0.28524690866470337 0.2845063805580139 -1.2052979469299316
0.8341196775436401 0.28773441910743713 -1.2052993774414062
0.5035570859909058 0.284606397151947 -0.8505402207374573
-0.6629752516746521 0.284606397151947 1.824739694595337
0.9211300015449524 0.28460633754730225 0.2598912715911865
-1.0708019733428955 0.2846059799194336 2.141308307647705
0.2700062692165375 0.2846064269542694 2.141308307647705
0.44485825300216675 0.284606397151947 1.0431277751922607
0.13387846946716309 0.2845063805580139 -1.2052977085113525
-1.9939019680023193 0.6978912353515625 2.0699357986450195
-1.2961045503616333 0.6002859473228455 -1.189909815788269
0.9210289716720581 0.2845063805580139 0.5563490390777588
-0.1265725940465927 0.284606397151947 1.5465025901794434
-1.7902041673660278 0.6028883457183838 2.1363255977630615
-0.4207386076450348 0.6431683897972107 -1.1820361614227295
0.5228116512298584 0.2845063805580139 -1.2052993774414062
0.3448609411716461 0.284606397151947 1.856874704360962
-0.5475422143936157 0.4708430767059326 2.1401939392089844
-0.5071889162063599 0.28811752796173096 2.139996290206909
0.5177871584892273 0.5600054264068604 -1.1973140239715576
0.1408614069223404 0.284606397151947 0.7996294498443604
0.6631100177764893 0.284606397151947 -0.3167906701564789
0.2606898248195648 0.5342303514480591 -1.2052991390228271
0.49135565757751465 0.284606397151947 0.33469751477241516
-1.2038514614105225 0.2846059799194336 2.141308307647705
-0.10323294252157211 0.284606397151947 1.74319326877594
0.9018756747245789 0.2892777621746063 -0.1345728486776352
0.9211300611495972 0.28460633754730225 0.791702389717102
0.24012064933776855 0.284606397151947 -0.8113298416137695
0.9211300015449524 0.2846064567565918 -0.48157215118408203
-1.7127493619918823 0.284606397151947 0.28809815645217896
-2.3810970783233643 0.284606397151947 0.39907190203666687
0.9210299849510193 0.2891296446323395 -0.37154608964920044
0.35022130608558655 0.284606397151947 -0.41068342328071594
0.5306505560874939 0.284606397151947 1.238997220993042
0.9168472290039062 0.3580738306045532 2.1412081718444824
-0.12759031355381012 0.284606397151947 -0.6999134421348572
-1.195191740989685 0.284606397151947 -0.6096128225326538
-0.6349919438362122 0.284606397151947 -0.8255509734153748
0.16497009992599487 0.284606397151947 1.4126728773117065
0.06275662779808044 0.2866392731666565 1.7711819410324097
0.6449770331382751 0.284606397151947 -0.7383657097816467
0.9211300015449524 0.2846064567565918 0.4077329635620117
-0.20945905148983002 0.284606397151947 -0.9477679133415222
0.005281565710902214 0.284606397151947 -0.783812403678894
0.5707680583000183 0.284606397151947 -0.5894030928611755
-0.961543619632721 0.284606397151947 -0.486995130777359
-1.971911907196045 0.284606397151947 0.24262137711048126
-1.8386090993881226 0.284606397151947 0.8308238387107849
-0.844698429107666 0.6576763987541199 2.1342170238494873
-1.931289792060852 0.284606397151947 1.4588723182678223
0.5850006341934204 0.284606397151947 1.4773008823394775
-2.3809826374053955 0.5466035008430481 -0.3579828441143036
-2.0725650787353516 0.284606397151947 -0.5256310105323792
0.9154353737831116 0.5376746654510498 1.2471590042114258
0.15629597008228302 0.284606397151947 -0.41329941153526306
-1.6192114353179932 0.284606397151947 1.4493619203567505
-2.335901975631714 0.5384358167648315 2.1332759857177734
-1.496246337890625 0.284606397151947 0.9047597646713257
0.44381535053253174 0.5626084208488464 2.1412081718444824
0.6803826093673706 0.6545424461364746 2.1412081718444824
-2.1367993354797363 0.7018449902534485 1.7802464962005615
-2.3727054595947266 0.5854732990264893 0.8949183225631714
-0.40034836530685425 0.284606397151947 -0.0244120005518198
-0.2526223063468933 0.32819557189941406 2.1412081718444824
-1.734236717224121 0.284606397151947 -0.6300792694091797
-2.364128828048706 0.5271505117416382 -1.0673154592514038
-1.4511215686798096 0.284606397151947 1.6183427572250366
-2.3646609783172607 0.571508526802063 -0.12905776500701904
-2.378617763519287 0.5401729941368103 -0.5821390748023987
0.009207062423229218 0.5984941124916077 -1.2047114372253418
-1.2295238971710205 0.284606397151947 1.2817360162734985
-1.129442572593689 0.284606397151947 1.080897569656372
-1.8058629035949707 0.6538310050964355 -0.46114039421081543
-1.099988341331482 0.6096066236495972 -1.1918611526489258
-2.3682239055633545 0.5754238963127136 0.2789451777935028
-0.35310840606689453 0.8168564438819885 -1.2051013708114624
-1.9045031070709229 0.284606397151947 -0.31501495838165283
-1.5825506448745728 0.284606397151947 -0.2099885791540146
-2.365844249725342 0.6196698546409607 1.0840996503829956
-1.8470406532287598 0.284606397151947 0.0683753564953804
-1.6644818782806396 0.284606397151947 -0.4176723062992096
-0.5201454758644104 0.29675740003585815 1.6493090391159058
0.3804376721382141 0.28605514764785767 -0.6814470887184143
-1.1624730825424194 0.284606397151947 -0.27234143018722534
0.8707701563835144 0.6541995406150818 -1.0170435905456543
-1.440977931022644 0.284606397151947 1.19001305103302
-1.8381743431091309 0.3037356734275818 0.4423861801624298
0.5693303346633911 0.7515869140625 -1.1760854721069336
0.21859844028949738 0.284606397151947 -0.018758319318294525
0.22456060349941254 0.4606964886188507 2.1197807788848877
0.9167464971542358 0.31270501017570496 1.0100735425949097
0.4275408089160919 0.3220630884170532 0.7622898817062378
-1.7405341863632202 0.6284561157226562 -0.7318660616874695
-0.6790122389793396 0.738987922668457 -1.1739740371704102
-0.9928877353668213 0.333875834941864 2.1412081718444824
-0.6789048314094543 0.284606397151947 -0.5968296527862549
-0.9918457865715027 0.284606397151947 1.6596081256866455
-2.3578364849090576 0.5688864588737488 0.06958585977554321
0.9146573543548584 0.5393047332763672 -1.1664869785308838
-1.3957675695419312 0.6449591517448425 2.141213893890381
-0.6487953066825867 0.2902885675430298 1.122788429260254
-2.0619606971740723 0.6200170516967773 2.1290669441223145
-1.3977991342544556 0.284606397151947 -0.20453110337257385
0.8950035572052002 0.5455478429794312 2.137162923812866
-1.230202078819275 0.284606397151947 1.6620125770568848
0.42868518829345703 0.284606397151947 0.6063345074653625
-0.4753946363925934 0.2981601059436798 0.876524806022644
-2.0430054664611816 0.6026607155799866 -0.6921316385269165
-0.6931424140930176 0.2975168526172638 1.4868700504302979
-1.9993470907211304 0.6151905059814453 -0.9113157391548157
-2.3674793243408203 0.6135860681533813 2.078329563140869
-1.6788164377212524 0.6979860067367554 1.6189448833465576
-1.8035743236541748 0.7037123441696167 1.8260084390640259
-0.32939210534095764 0.6574315428733826 2.105065107345581
0.02662690170109272 0.8411126732826233 -1.1717801094055176
0.9161843061447144 0.6121568083763123 0.9457255005836487
-2.3792879581451416 0.5631582140922546 0.4815114140510559
0.9131768345832825 0.6886424422264099 2.1023476123809814
-0.9257393479347229 0.6282342076301575 -1.190955400466919
0.5721829533576965 0.8418965339660645 -0.9902852177619934
-0.031033286824822426 0.5000523924827576 2.139186382293701
0.9169321060180664 0.6679706573486328 1.6801457405090332
0.9210299849510193 0.35684850811958313 0.349469929933548
0.9210299849510193 0.5881307721138 -0.0892861858010292
-2.080048084259033 0.6631223559379578 0.24586047232151031
-0.3980742394924164 0.284606397151947 0.5425034761428833
-1.3369576930999756 0.7113844156265259 -0.9071210622787476
-2.0995185375213623 0.6144928932189941 -0.32499250769615173
-0.8223860263824463 0.28674179315567017 1.3470195531845093
-0.8933677077293396 0.3149684965610504 -0.28803619742393494
-2.366722822189331 0.6026237607002258 1.4087916612625122
0.011416370049118996 0.284606397151947 -0.18406465649604797
0.43811434507369995 0.2983097434043884 -0.20432445406913757
0.2522563338279724 0.29970040917396545 1.6984436511993408
-0.368923157453537 0.284606397151947 -0.6327806115150452
-1.5899288654327393 0.284606397151947 0.09069671481847763
0.9045252203941345 0.7137117385864258 1.9106776714324951
-0.5032979846000671 0.9074164628982544 -0.9495135545730591
0.8923531174659729 0.580804705619812 0.7112166881561279
-1.3312534093856812 0.284606397151947 1.0341905355453491
-1.5943310260772705 0.6365880370140076 2.128744602203369
-2.1391818523406982 0.6818724870681763 0.8632349967956543
-1.2108548879623413 0.6387717723846436 2.1387245655059814
-2.0223281383514404 0.6486566662788391 0.01601381041109562
-1.007212519645691 0.284606397151947 1.4724096059799194
-1.5837639570236206 0.6560195088386536 -1.0439910888671875
-0.577648937702179 0.6801829934120178 2.1153976917266846
-0.4402915835380554 0.284606397151947 1.4812095165252686
-0.08296401053667068 0.284606397151947 0.49333298206329346
0.6413497924804688 0.768692135810852 2.0988502502441406
0.6071296334266663 0.8775497674942017 -0.7674059867858887
0.7788275480270386 0.8880063891410828 -0.6248892545700073
0.8782770037651062 0.7180922627449036 -0.24798013269901276
0.7851551175117493 0.754343569278717 1.6310615539550781
-2.065664291381836 0.6628008484840393 0.5292931795120239
0.8945112228393555 0.9185503721237183 -0.42318201065063477
0.7354819178581238 0.740932285785675 1.4056689739227295
0.9002232551574707 0.6931609511375427 0.16438470780849457
-0.7164102792739868 0.34689486026763916 -0.0934082418680191
0.45358091592788696 0.3405400812625885 0.04218883439898491
-1.9822410345077515 0.687970757484436 1.5742712020874023
0.6632752418518066 0.28862518072128296 1.0831398963928223
0.14100751280784607 0.284606397151947 1.0940479040145874
0.4249829649925232 0.8120872974395752 2.032872438430786
0.680684506893158 0.9204368591308594 -0.4404587745666504
-1.523888349533081 0.7098690867424011 1.9129855632781982
-0.991436779499054 0.6699949502944946 2.095688581466675
0.7572358846664429 0.8393454551696777 1.909645438194275
-0.20274309813976288 0.7700811624526978 2.2203104496002197
-1.5569674968719482 0.284606397151947 0.5024560689926147
0.468460351228714 0.45537176728248596 1.6766414642333984
0.7220673561096191 0.8134442567825317 0.8650006055831909
0.8992545008659363 0.7901155948638916 0.20740969479084015
-1.3507020473480225 0.6039834022521973 -0.44970256090164185
0.5190758109092712 0.844161331653595 1.193243145942688
-1.3257734775543213 0.776971697807312 1.788541555404663
-2.052300453186035 0.7081435918807983 1.3208365440368652
-0.9662010073661804 0.3150530755519867 1.1745331287384033
-0.5546033382415771 0.3010696470737457 1.2781473398208618
-1.94488525390625 0.7369242310523987 1.0556317567825317
-1.7760037183761597 0.7685441970825195 1.1890074014663696
-1.856373906135559 0.6607648134231567 -0.22500629723072052
-0.8762999176979065 0.520622730255127 1.6872230768203735
0.11518572270870209 0.6832695603370667 2.122511625289917
-0.5120000243186951 0.29886767268180847 -0.43160948157310486
-1.4640339612960815 0.330098032951355 1.3681541681289673
-1.9029556512832642 0.7196956872940063 0.823929488658905
-1.396899700164795 0.284606397151947 0.3615809679031372
-1.1230015754699707 0.7798269987106323 1.9219615459442139
-0.27355703711509705 0.3080081343650818 1.7257096767425537
-0.6954658031463623 0.7787254452705383 1.9929656982421875
-1.142646074295044 0.34701329469680786 0.6475173830986023
-0.9268569350242615 0.35140931606292725 -0.7041823267936707
-0.6690258979797363 0.6366870999336243 1.0687085390090942
-0.2969968020915985 0.32067906856536865 1.2875727415084839
-0.19374652206897736 0.8044983744621277 -0.9675950407981873
-0.7357613444328308 0.8731389045715332 -0.8949019908905029
-1.5533286333084106 0.7596182823181152 1.0473291873931885
-1.4909799098968506 0.7117227911949158 -0.7054605484008789
-1.4652587175369263 0.6888777017593384 1.2178449630737305
0.6549794673919678 0.37012845277786255 0.7102129459381104
0.10667555779218674 0.8395055532455444 1.6842434406280518
0.24658048152923584 0.3362969160079956 -0.6315882205963135
-0.134306401014328 0.7238115072250366 1.9708747863769531
0.25383785367012024 0.8040196299552917 -0.9714189171791077
-1.4213688373565674 0.956515908241272 0.6085021495819092
0.8917562365531921 0.913506031036377 -0.12946081161499023
0.38841667771339417 0.8726620674133301 1.2834519147872925
-1.420450210571289 0.4916202425956726 0.24076607823371887
-0.9860787987709045 0.7918354868888855 -0.9662418961524963
0.7373080253601074 0.3264543116092682 0.1367785483598709
-0.1181381344795227 0.9222632646560669 -0.9173322319984436
-0.4138808250427246 0.7416112422943115 1.8248909711837769
0.8870740532875061 0.6702999472618103 0.49470531940460205
-1.7989141941070557 0.5143924951553345 1.4571393728256226
-0.9462447166442871 0.33054935932159424 0.6391934752464294
-1.2891509532928467 0.47119662165641785 0.09952929615974426
-1.1314712762832642 0.6979997158050537 1.6097850799560547
0.33470597863197327 0.28924307227134705 1.2908912897109985
0.4112553596496582 0.8754435777664185 -0.7450900077819824
-0.4711475968360901 0.524547815322876 0.32208889722824097
-1.3611496686935425 0.38320019841194153 0.6411752700805664
-1.581803321838379 0.32525649666786194 0.7353771328926086
-1.1650140285491943 0.284606397151947 -0.06424500048160553
-0.7978604435920715 0.7498620748519897 1.7710939645767212
-1.2640552520751953 0.3841595947742462 0.8441993594169617
-1.8622163534164429 0.7045009136199951 0.5833185315132141
-1.0970386266708374 0.749954879283905 1.3991378545761108
-1.6659667491912842 0.780657947063446 0.22710922360420227
0.5109146237373352 0.2950305938720703 -0.4235685467720032
-0.9969500303268433 0.284606397151947 0.23953889310359955
-1.5103354454040527 0.8321888446807861 -0.1868300884962082
0.17773732542991638 0.8650076389312744 -0.7494800090789795
-1.380785346031189 1.1932657957077026 1.9387117624282837
0.7367772459983826 0.9297793507575989 0.11055353283882141
0.6342967748641968 0.9263690114021301 0.04284705966711044
-1.1046794652938843 0.5561798810958862 1.2927753925323486
-1.6737043857574463 0.5290855765342712 0.9468515515327454
0.458261102437973 0.41952577233314514 1.4455026388168335
-1.634864091873169 0.917951762676239 0.6184425354003906
-0.6615171432495117 0.7547834515571594 1.6967567205429077
-0.4918598234653473 0.8273779153823853 1.449689507484436
-0.3933868110179901 0.3255544602870941 1.099435806274414
0.46188634634017944 0.3640177249908447 0.46411779522895813
-1.5277807712554932 0.4872397482395172 -0.024825524538755417
-1.1523871421813965 0.8117056488990784 -0.7887582778930664
-1.7762082815170288 0.721465528011322 -0.0011769034899771214
-0.8381499648094177 0.7754671573638916 1.4648277759552002
-1.8093838691711426 0.7491388320922852 0.362958163022995
-0.6689453125 0.284606397151947 0.42025235295295715
-0.6995751261711121 0.5032191872596741 -0.8444175124168396
-0.8272718787193298 0.29972222447395325 1.0031687021255493
-0.0326526015996933 0.5603109002113342 1.6254370212554932
-1.5499855279922485 0.8480750918388367 0.874610424041748
-1.1037695407867432 0.30243605375289917 0.8422589898109436
-1.2821013927459717 0.7854768633842468 0.84947270154953
0.1292239874601364 0.38883286714553833 1.2536457777023315
-0.23395393788814545 0.4533439576625824 0.22545647621154785
-0.9689523577690125 0.35756057500839233 0.9063231348991394
-0.811308741569519 0.524217963218689 1.106397271156311
-0.37301722168922424 0.46730881929397583 1.548694372177124
-1.5572890043258667 0.753859281539917 -0.4318031668663025
-1.232739806175232 0.8659467697143555 -0.5614444613456726
-0.48873165249824524 0.9148859977722168 1.3173344135284424
-0.21980081498622894 0.747194766998291 1.7005609273910522
-0.7946248650550842 0.938776433467865 1.2686539888381958
-1.1029051542282104 0.8951453566551208 0.9388260841369629
-0.985997200012207 0.8652014136314392 1.1332210302352905
-1.1843727827072144 0.37998509407043457 0.49000850319862366
0.2269950807094574 0.7895411849021912 1.812163233757019
-0.20883765816688538 0.828527569770813 1.4652793407440186
0.5155734419822693 0.7930519580841064 1.751054048538208
0.3125005066394806 0.34209877252578735 0.8688904643058777
-0.7098370790481567 0.32413142919540405 0.1733357459306717
0.13430766761302948 0.7878767251968384 1.512774109840393
-0.20085635781288147 0.30409374833106995 -0.016177751123905182
0.5708578824996948 0.38518086075782776 0.8852079510688782
0.8373156189918518 0.7023645639419556 1.2668513059616089
-0.5883263349533081 0.8614202737808228 1.2622296810150146
-0.999683141708374 0.7503941655158997 0.9298999309539795
0.2264876812696457 0.86814945936203 1.289276123046875
-0.05712004005908966 0.40482479333877563 1.3776172399520874
-0.30834129452705383 0.5649362206459045 1.3159741163253784
-0.02333567664027214 0.6549462676048279 -0.6435729265213013
0.5335351824760437 0.8423917293548584 0.9830467700958252
0.9039549827575684 0.8232561945915222 0.6977987289428711
0.43333765864372253 0.731792688369751 1.5315635204315186
0.35181134939193726 0.5554511547088623 0.4206034541130066
-1.249725103378296 0.6416519284248352 0.4308914840221405
0.016119420528411865 0.40470513701438904 1.086668848991394
0.6247662901878357 0.9342305660247803 0.6253692507743835
0.0819438099861145 0.8227571845054626 -0.6748865842819214
-0.7366400361061096 0.6364330053329468 -0.6718409657478333
0.527748167514801 0.862661600112915 -0.3412088453769684
-0.0974898561835289 0.8682495355606079 1.326451063156128
0.5951034426689148 0.5193950533866882 0.16656623780727386
-1.4486349821090698 0.6163504123687744 1.5915848016738892
0.6532769799232483 0.8613470196723938 0.40986207127571106
-1.5994274616241455 0.833618700504303 0.10173831135034561
-1.2154724597930908 0.47252559661865234 -0.2500731348991394
0.5053021311759949 0.8253650069236755 0.5173965692520142
0.26766490936279297 0.8358703851699829 1.0293524265289307
0.3726285994052887 0.5379167199134827 1.0396040678024292
-0.7275829315185547 0.8203040957450867 -0.6587186455726624
-0.35805314779281616 0.85692298412323 -0.8093804121017456
-1.5646557807922363 0.9291999936103821 0.44942155480384827
0.3382110893726349 0.7923147082328796 -0.4058896601200104
0.00622978713363409 0.43541935086250305 -0.5027915239334106
-1.1366493701934814 0.8880185484886169 -0.6659209132194519
-1.218305230140686 0.8217628598213196 0.6552760004997253
-1.2630058526992798 0.5521020293235779 1.461957573890686
-0.6405320763587952 0.5746026039123535 0.6652955412864685
-1.3026704788208008 0.8080236911773682 -0.2955211400985718
-0.7811662554740906 0.5406384468078613 0.18186357617378235
0.05318373441696167 0.41016635298728943 0.8997933268547058
-0.4152822196483612 0.3767453730106354 1.0120205879211426
0.4538448750972748 0.8039165735244751 0.8409118056297302
0.007792800664901733 0.6487109661102295 1.191193699836731
-0.8262671828269958 0.5431962609291077 0.40817710757255554
0.544638991355896 0.6967189311981201 -0.09346219897270203
-1.2105751037597656 0.5850269198417664 0.20584766566753387
-0.14913281798362732 0.29191848635673523 0.5953996181488037
-0.6142024993896484 0.5448824763298035 0.051659345626831055
-0.5723853707313538 0.3994709551334381 0.570064127445221
-0.8309228420257568 0.5381826162338257 0.6918924450874329
0.16838203370571136 0.6005775928497314 0.10763512551784515
-0.8957273960113525 0.35865387320518494 -0.42378124594688416
-0.3758452236652374 0.4540829360485077 -0.4881320595741272
-0.6324449777603149 0.40562036633491516 0.5885564684867859
-1.048191785812378 0.402771919965744 -0.016357816755771637
0.3466370403766632 0.359817773103714 -0.14400255680084229
-0.7449875473976135 0.6493782997131348 0.5330154299736023
-0.07158762961626053 0.3336322605609894 -0.40155768394470215
-0.3065619468688965 0.528229832649231 -0.4672127068042755
-0.3968052864074707 0.5666364431381226 0.8024553060531616
-0.893760085105896 0.5160636305809021 -0.18524372577667236
-0.19519257545471191 0.42928656935691833 0.7229036688804626
-0.6419480443000793 0.32881560921669006 -0.3954349458217621
-0.3098617196083069 0.4304612874984741 0.7149776816368103
-0.0033623389899730682 0.5056547522544861 0.6933382749557495
-0.9674883484840393 0.3349032700061798 0.3967745900154114
0.42314040660858154 0.4125331938266754 0.24898269772529602
0.046861205250024796 0.5556991696357727 -0.29189783334732056
-0.18752174079418182 0.6416749954223633 0.11010053753852844
0.07568907737731934 0.4914435148239136 0.21650363504886627
-0.8845481276512146 0.48561835289001465 0.06919492036104202
0.18167231976985931 0.37253227829933167 0.5285072922706604
-0.07993542402982712 0.6165087223052979 0.811994731426239
0.06609434634447098 0.43885332345962524 0.4682655334472656
-0.5066099166870117 0.6274911761283875 0.09577657282352448
0.05887424945831299 0.6164843440055847 0.29993218183517456
-0.074043869972229 0.5040751099586487 -0.07410897314548492
-0.5996988415718079 0.7506983280181885 0.6964114904403687
-0.6153845191001892 0.7237224578857422 0.39171022176742554
-0.07112566381692886 0.7265943288803101 0.8511766791343689
-0.3988162875175476 0.6760696172714233 0.8575840592384338
-0.35238903760910034 0.7810317277908325 0.8964840769767761
-0.28801026940345764 0.5255208015441895 -0.035782307386398315
0.20039720833301544 0.5136793851852417 0.0063646212220191956
0.08799591660499573 0.6618863940238953 0.581341028213501
0.08389178663492203 0.7704242467880249 0.5081781148910522
0.0034658461809158325 0.8455604910850525 0.7819556593894958
-0.03010447695851326 0.7259724140167236 0.2727254033088684
-0.37155279517173767 0.7588904500007629 0.1891293227672577
-0.3662528395652771 0.4677073359489441 -0.20836141705513
-0.08648230880498886 0.9111676216125488 0.29543226957321167
-0.5836405754089355 0.9023520946502686 0.5929437875747681
-0.3688710331916809 1.1801011562347412 0.5238965153694153
-0.4475662112236023 0.9196871519088745 0.3284841775894165
-0.6050407886505127 0.5079209804534912 -0.24624626338481903
-0.12467534095048904 0.9976739287376404 0.8623625040054321
-0.3484276533126831 0.9284658432006836 0.8944668769836426
-0.2620505094528198 1.0605096817016602 0.31168925762176514
-0.48434585332870483 1.0317131280899048 0.7499193549156189
0.05946267396211624 0.9509740471839905 0.5495978593826294
-0.024274917319417 1.1350276470184326 0.570257842540741
-0.179742693901062 3.219282627105713 0.13006101548671722
-0.24768564105033875 1.205272912979126 0.7586409449577332
-0.2759009301662445 3.22544527053833 -0.17765167355537415
-0.5033703446388245 4.648538589477539 0.7405062913894653
-0.3934303820133209 3.580620765686035 -0.041889388114213943
-1.2603832483291626 3.0547285079956055 0.903700053691864
-0.8095424771308899 4.824436664581299 0.7739385366439819
-1.3419346809387207 3.1760237216949463 1.1380375623703003
-1.1125118732452393 2.9965882301330566 0.8523508310317993
-1.0647019147872925 3.2562928199768066 1.3253567218780518
-0.11120416969060898 3.1915316581726074 -0.20872806012630463
-1.2356836795806885 3.4316601753234863 1.0425373315811157
-0.9213651418685913 2.9731051921844482 0.934001088142395
-0.4018264710903168 3.349290370941162 -0.13105538487434387
-0.8098810315132141 3.4177193641662598 0.9225532412528992
-0.09229406714439392 3.154388904571533 -0.028641745448112488
-0.016904009506106377 3.3527345657348633 -0.32757702469825745
-0.345808744430542 3.2777514457702637 0.0635029673576355
-1.1225864887237549 2.9901721477508545 1.1978538036346436
-0.7446871995925903 3.1556177139282227 1.0013667345046997
-1.190557837486267 3.156991481781006 0.7370296120643616
0.008560088463127613 3.233886241912842 0.12533038854599
0.17636780440807343 3.497678756713867 -0.11113307625055313
-0.23232117295265198 3.4306793212890625 -0.33862465620040894
-0.8373521566390991 4.669164180755615 0.6704174280166626
-0.9367733001708984 3.0881710052490234 0.7624000906944275
-0.8361824750900269 3.3866968154907227 1.2025278806686401
-0.6489143967628479 4.551982879638672 0.6556499004364014
-0.0022469554096460342 3.4475581645965576 0.2283211350440979
0.09121400862932205 3.2604615688323975 -0.18110981583595276
-0.8232436180114746 3.3478753566741943 0.7605658173561096
-1.010354995727539 2.9459500312805176 1.0101478099822998
-0.10387585312128067 3.6710798740386963 -0.22882989048957825
-0.28340819478034973 3.4303500652313232 0.2100738286972046
0.13467219471931458 3.276277780532837 0.012519877403974533
-0.9847449660301208 3.02063250541687 1.236480712890625
-0.8216415643692017 3.0756726264953613 1.1914443969726562
-0.4601568579673767 4.538926601409912 0.47007259726524353
-1.0627895593643188 3.3651182651519775 0.71079021692276
-0.39318785071372986 5.65736198425293 0.501362144947052
-0.09991614520549774 3.686640739440918 0.09347034990787506
-0.31737712025642395 5.398317813873291 0.5235921144485474
-1.298325538635254 3.137021541595459 1.1350743770599365
-0.6150578260421753 4.517587661743164 0.49486303329467773
-0.8025524020195007 4.579598903656006 0.46257394552230835
-0.29327094554901123 4.805869102478027 0.33914822340011597
-0.2742728590965271 4.77716588973999 0.5626254677772522
-0.3544190526008606 4.824993133544922 0.7274791598320007
-0.5675684213638306 4.861249923706055 0.8396801948547363
-0.3807903230190277 4.626208782196045 0.3584953248500824
-0.7239868640899658 4.679442405700684 0.18502633273601532
-0.7988573908805847 4.832274913787842 0.11908778548240662
-0.4270453453063965 5.224447250366211 0.5561074614524841
-0.6439963579177856 4.564150333404541 0.2965400218963623
-0.9471964836120605 5.0039896965026855 0.44127875566482544
-0.20761340856552124 5.25141716003418 0.2637910842895508
-0.11278451979160309 5.42089319229126 0.21587026119232178
-0.3521721065044403 5.857041835784912 0.28651663661003113
-0.48409995436668396 5.242890357971191 0.01687588356435299
-0.06913504004478455 5.551459312438965 0.32999387383461
-0.5112909078598022 4.808659076690674 0.1146555095911026
-0.5737308859825134 5.144853115081787 0.7071794271469116
-0.9353461265563965 4.789137363433838 0.37867671251296997
-0.8513817191123962 5.0425615310668945 0.6886424422264099
-0.3120153844356537 5.311957836151123 0.1015596017241478
0.06777898967266083 5.7811994552612305 0.19211183488368988
-0.2308109998703003 4.989345073699951 0.3568146824836731
-1.0678201913833618 5.049173831939697 1.5206714868545532
-0.4233080744743347 4.9709625244140625 0.08715439587831497
-0.14346866309642792 6.947354316711426 0.7853176593780518
0.050221480429172516 5.654942989349365 0.31360000371932983
-0.8285719156265259 5.031013011932373 0.11318942904472351
-0.5111082792282104 6.733210563659668 0.5443864464759827
-0.22288329899311066 5.784580230712891 0.613286018371582
-0.7399749755859375 5.245965480804443 0.5042569637298584
-0.8088321685791016 5.2401533126831055 0.18822813034057617
-0.617443859577179 5.124105930328369 0.030898768454790115
-0.37697380781173706 5.598660945892334 0.11852341890335083
-0.6362173557281494 5.475480079650879 0.26018816232681274
-0.17908906936645508 6.787508964538574 0.6490740776062012
-0.35935041308403015 7.162281036376953 0.28048446774482727
-0.11139882355928421 6.987711429595947 0.42443206906318665
-0.0323997363448143 5.6421427726745605 0.507924497127533
0.011761586181819439 5.975882530212402 0.5619730353355408
-0.19620192050933838 6.854318141937256 0.4209456443786621
-0.05495193973183632 5.955620288848877 0.17339177429676056
0.10473711043596268 5.804733753204346 0.4854809641838074
-0.5633680820465088 6.927443027496338 0.3558310270309448
-0.46915629506111145 6.698981285095215 0.6835911273956299
-0.5785005688667297 6.883715629577637 0.971987783908844
0.006785004399716854 6.090481758117676 0.33181923627853394
-0.5593945384025574 7.056957244873047 1.1070568561553955
-0.4032563269138336 6.88173770904541 0.3754306733608246
-0.7253215909004211 6.893647193908691 0.9071449637413025
-0.3470982313156128 6.743467330932617 0.7558744549751282
-0.6494911909103394 6.778254985809326 0.7632672786712646
-0.9234309196472168 7.235329627990723 0.7749287486076355
-0.19193415343761444 7.258297443389893 0.32448458671569824
-0.21695052087306976 7.262094497680664 0.9654437899589539
-0.7914342880249023 7.173471450805664 0.9715515971183777
-0.28975164890289307 7.002079010009766 0.966741681098938
-0.41148319840431213 7.270863056182861 1.0694829225540161
-0.7040826082229614 6.794177532196045 0.5628833770751953
-0.18973857164382935 6.063029766082764 0.5185902118682861
-0.6269228458404541 7.130312919616699 0.3400826156139374
-0.8489379286766052 6.916457176208496 0.7340664267539978
-0.7465738654136658 7.456502914428711 0.7646987438201904
-0.49631935358047485 7.401256561279297 0.42273297905921936
-0.07172897458076477 7.291170597076416 0.5038950443267822
0.03472007066011429 7.311821460723877 0.6071451902389526
-0.6348020434379578 7.341308116912842 1.0242023468017578
-0.4883708655834198 7.529751300811768 0.6441507935523987
-0.0514170303940773 7.1221137046813965 0.7922706604003906
-0.030662283301353455 7.519350528717041 0.9183874726295471
0.018299661576747894 7.497025966644287 0.6700233817100525
-0.8231297135353088 7.0243401527404785 0.5334376692771912
-0.9470975399017334 7.523464679718018 0.7428175806999207
0.0752238780260086 8.462296485900879 0.29235348105430603
-0.19403228163719177 7.903931617736816 0.8903798460960388
0.06390874087810516 8.89908504486084 -0.029730364680290222
-0.16632318496704102 7.413563251495361 1.0724239349365234
-0.18678604066371918 7.842648506164551 1.1277564764022827
0.03935157507658005 8.5206298828125 0.3222419023513794
-0.7073431611061096 7.70271635055542 0.7013609409332275
-0.3038560152053833 7.5932159423828125 0.5158538222312927
0.0930667296051979 8.880464553833008 -0.018332507461309433
-0.26082509756088257 7.549094200134277 1.103500247001648
-0.5005931854248047 7.709941387176514 0.8927499651908875
-0.18466375768184662 7.775572299957275 0.6738210320472717
-0.03002539649605751 7.8047099113464355 0.8924134373664856
-0.8495936393737793 7.401630401611328 0.5380704402923584
-0.31566616892814636 8.028940200805664 1.0521111488342285
-0.4035014510154724 8.377570152282715 0.9487043023109436
0.07544974982738495 8.51211166381836 0.3577482998371124
-0.9696624875068665 7.4942307472229 0.529490053653717
-0.5634967684745789 8.794214248657227 0.4919886291027069
-0.6495616436004639 8.796327590942383 0.9012555480003357
-0.501270592212677 8.55823040008545 0.7184820175170898
-0.4173406958580017 8.424029350280762 0.6502852439880371
-0.45709750056266785 8.72033405303955 1.0046056509017944
-0.6287248730659485 8.719514846801758 0.7001911997795105
-0.48178213834762573 8.930315971374512 1.0438482761383057
0.16999183595180511 8.827470779418945 -0.03865588456392288
-0.2805991768836975 8.927081108093262 0.43917080760002136
-0.22533327341079712 8.46546745300293 0.8786473870277405
-0.5872359275817871 9.155412673950195 1.1474792957305908
-0.04340284317731857 8.733741760253906 0.6534587740898132
-0.2664181888103485 8.58725643157959 0.6384287476539612
-1.0996253490447998 9.321640014648438 -0.10827646404504776
-0.057407256215810776 9.128119468688965 0.6571250557899475
-0.23326627910137177 8.748102188110352 0.6393642425537109
-0.4348026514053345 9.210289001464844 1.1578993797302246
-0.130605548620224 8.7824068069458 0.8968579769134521
0.3252052068710327 9.10963249206543 -0.31626614928245544
-0.09408507496118546 9.087137222290039 0.910606861114502
-0.3405209481716156 9.234172821044922 0.49164044857025146
0.2572494149208069 9.376338005065918 -0.25793829560279846
-0.5227231383323669 9.124031066894531 0.535801112651825
-0.18634001910686493 8.931618690490723 1.0217502117156982
-0.1413182020187378 9.303436279296875 1.106319546699524
-0.5675802230834961 9.442026138305664 1.0426405668258667
-0.15617333352565765 9.958098411560059 0.1852894127368927
-0.6367998719215393 9.084141731262207 0.7430415749549866
-0.4954744875431061 10.083887100219727 0.35529711842536926
-0.42304080724716187 9.506701469421387 1.1469892263412476
-1.027867078781128 9.38970947265625 0.1331770122051239
0.26931896805763245 9.743804931640625 -0.12182538211345673
-0.3598405718803406 9.389881134033203 0.6558762788772583
-0.8484029173851013 9.427260398864746 0.01813831552863121
-0.19913996756076813 9.542001724243164 0.902744472026825
0.2753956913948059 9.700096130371094 -0.11744077503681183
-0.6925203204154968 10.100646018981934 0.3355875611305237
-0.18624405562877655 9.278043746948242 0.6855592727661133
-0.3841859698295593 10.073533058166504 0.34708601236343384
-0.0074121467769145966 10.046566009521484 0.228425532579422
0.12768948078155518 9.745305061340332 -0.15789887309074402
-0.3039497137069702 9.574538230895996 0.836768627166748
-0.530369222164154 10.099194526672363 0.16475224494934082
-0.33730241656303406 10.128327369689941 0.4978242516517639
-0.38692471385002136 10.259662628173828 0.5265448093414307
-0.9692184925079346 10.301596641540527 0.5725306272506714
-0.38969627022743225 9.709898948669434 0.8124704957008362
-0.1776077151298523 10.294306755065918 0.3427470922470093
-0.9513846635818481 10.299049377441406 0.5308851003646851
0.06074981763958931 10.431806564331055 0.40473365783691406
-0.4988129138946533 10.348336219787598 0.12167905271053314
0.23725058138370514 10.701111793518066 1.0043847560882568
0.0699029266834259 10.244519233703613 0.266733318567276
-0.6551252007484436 10.340970993041992 0.17569907009601593
0.11169760674238205 10.308148384094238 0.2405993938446045
0.36502203345298767 10.690281867980957 1.1287143230438232
-0.6569849252700806 10.726177215576172 -0.05465942993760109
-0.4745163321495056 10.493200302124023 0.44677478075027466
0.3029124140739441 10.248355865478516 0.0393947958946228
-0.6726260185241699 10.51306438446045 0.2372736930847168
-0.39201274514198303 10.587529182434082 0.1439063996076584
0.2509538233280182 10.556568145751953 0.2940543591976166
0.2595435380935669 10.682924270629883 1.1296193599700928
-0.6398439407348633 10.759033203125 -0.18102231621742249
0.30111730098724365 10.890939712524414 1.1440398693084717
-0.04266628623008728 10.67410659790039 0.29274481534957886
0.17065811157226562 10.695961952209473 0.8091055154800415
0.2635309398174286 10.761312484741211 1.2743512392044067
0.2947860360145569 10.757367134094238 0.2772395610809326
-1.399694800376892 10.993948936462402 1.24068021774292
-0.5856478214263916 10.650508880615234 0.3362352252006531
0.21631188690662384 10.89724349975586 1.136856198310852
-0.7917611598968506 10.929553985595703 -0.03994438797235489
-0.2985685169696808 10.969049453735352 0.3908578157424927
0.29696929454803467 11.004395484924316 0.2940996289253235
0.2680756449699402 11.023294448852539 0.2168785184621811
-1.4044688940048218 10.970101356506348 1.3121769428253174
-0.12745606899261475 11.145378112792969 1.4364410638809204
-0.7612651586532593 11.131426811218262 -0.3059944808483124
-0.39641398191452026 11.050143241882324 0.43516623973846436
-0.1404946744441986 11.203478813171387 1.4205271005630493
0.3685658574104309 11.087995529174805 0.32298970222473145
-0.46200308203697205 11.133049011230469 0.5981918573379517
-1.0059748888015747 11.243280410766602 -0.0688772201538086
-0.25560036301612854 11.190606117248535 1.3617947101593018
-0.8858992457389832 11.185250282287598 -0.2535765767097473
0.30399221181869507 11.27221965789795 0.26942697167396545
-1.1251612901687622 11.29716682434082 0.7640663385391235
-0.5547822713851929 11.314191818237305 1.282752513885498
-0.9344891309738159 11.351630210876465 0.1745200753211975
-0.559749960899353 11.384500503540039 0.4544050693511963
-0.6581063270568848 11.398552894592285 0.6539186835289001
0.20885069668293 11.302699089050293 1.233055830001831
-0.47215038537979126 11.390044212341309 1.4101592302322388
-0.35703620314598083 11.462712287902832 -0.14594487845897675
-0.8320429921150208 11.482118606567383 1.3939465284347534
-0.6746373176574707 11.458030700683594 -0.3279142379760742
-0.5006529092788696 11.493041038513184 0.13488860428333282
-0.7019173502922058 11.515033721923828 0.5347551107406616
0.2804664969444275 11.475257873535156 0.12244447320699692
-1.2372255325317383 11.53211498260498 0.010116992518305779
0.4229579567909241 11.517533302307129 0.7048587799072266
0.2702569365501404 11.555525779724121 1.0003156661987305
-0.7493512630462646 11.561670303344727 0.8793889880180359
-1.3316339254379272 11.56011962890625 -0.1511002629995346
-1.2677499055862427 11.573662757873535 1.331595540046692
