687
-2.3832905292510986 0.29878532886505127 1.6346638202667236
-2.3840646743774414 0.29798024892807007 -0.7451083660125732
-2.320108652114868 0.5666383504867554 0.6368619203567505
0.900869607925415 0.5728345513343811 -0.6874265670776367
-2.1471331119537354 0.284606397151947 0.019055355340242386
-1.333618402481079 0.2846064567565918 -1.205398678779602
-0.00651476439088583 0.33542194962501526 1.0415840148925781
-2.3863742351531982 0.32991719245910645 2.124854564666748
-0.8093827962875366 0.284606397151947 -0.912722110748291
-0.9449313282966614 0.2878848910331726 -1.2036536931991577
0.8961917757987976 0.2883487343788147 -1.1912604570388794
-2.367814779281616 0.2877580225467682 -0.30185091495513916
-2.3863744735717773 0.29531535506248474 0.2665332555770874
-2.3863744735717773 0.3125929832458496 -0.48467251658439636
-1.8137675523757935 0.29343485832214355 2.126519203186035
-2.385615587234497 0.2906249165534973 -0.005355297587811947
-2.386474609375 0.2846064567565918 0.687781572341919
0.658767580986023 0.28608405590057373 -1.2052992582321167
-0.5463359951972961 0.284606397151947 -1.1884673833847046
-2.1256744861602783 0.284606397151947 1.2576788663864136
0.21666847169399261 0.284606397151947 2.131150484085083
0.9210318326950073 0.2845063805580139 -0.9033249616622925
0.9177072644233704 0.30451908707618713 -0.7545095682144165
-2.3847172260284424 0.284606397151947 0.13807855546474457
-1.3888965845108032 0.284606397151947 1.7525981664657593
-0.4057084619998932 0.3010615110397339 -1.2000768184661865
-2.3747236728668213 0.3000815808773041 2.13792085647583
-2.3863744735717773 0.30049625039100647 -0.1431044340133667
0.9172468185424805 0.28600338101387024 -1.0289347171783447
-1.9972631931304932 0.2959918677806854 1.5752395391464233
-1.0928698778152466 0.284606397151947 -1.2038918733596802
0.9210309982299805 0.2845063805580139 1.3680152893066406
0.9164672493934631 0.5055496692657471 1.4814560413360596
-1.7485055923461914 0.284606397151947 1.5760903358459473
-2.369525909423828 0.5050711631774902 1.5312354564666748
-2.2018072605133057 0.30738964676856995 2.1397128105163574
0.8967899680137634 0.6038550734519958 -0.43249747157096863
-2.381035804748535 0.31189319491386414 -0.6170033812522888
0.9210972189903259 0.2846064567565918 -1.2053993940353394
-2.376922607421875 0.284606397151947 -0.8803822994232178
-1.941498875617981 0.2978423237800598 2.1412081718444824
0.9056560397148132 0.284606397151947 0.9660806655883789
-1.4662026166915894 0.284606397151947 -0.9485726952552795
0.3272574543952942 0.284606397151947 1.4503178596496582
-0.4705139994621277 0.284606397151947 -0.8507183790206909
0.3965212106704712 0.30077627301216125 -1.2034142017364502
-2.326176166534424 0.309499591588974 2.0234758853912354
-2.144611358642578 0.284606397151947 0.8432717323303223
-0.36969926953315735 0.284606397151947 -0.6480330228805542
-2.0846023559570312 0.5695967674255371 -1.1267300844192505
-2.386150598526001 0.3025043308734894 -1.2037972211837769
-1.3202637434005737 0.284606397151947 -0.4767923057079315
-1.300218105316162 0.284606397151947 -0.7552359104156494
-2.3180010318756104 0.29569491744041443 1.7002044916152954
-1.9235490560531616 0.3065459430217743 -0.5966413021087646
0.9012512564659119 0.284606397151947 2.0561647415161133
-1.7898362874984741 0.2873159348964691 1.2102051973342896
0.35085731744766235 0.284606397151947 -0.9016193151473999
-1.5565319061279297 0.2853609621524811 -1.2029069662094116
-2.3863754272460938 0.2845063805580139 0.5138254165649414
-1.4905221462249756 0.29989755153656006 -0.6527390480041504
0.06074772775173187 0.284606397151947 -0.8550353646278381
-1.1273962259292603 0.284606397151947 -0.909202516078949
-1.87312650680542 0.2846064567565918 -1.205398440361023
-2.3836629390716553 0.2951371371746063 -1.1998053789138794
0.9210300445556641 0.3177385628223419 1.7820098400115967
-2.3863744735717773 0.31907764077186584 1.8184105157852173
-1.913683295249939 0.284606397151947 1.7619162797927856
0.9211300611495972 0.2846064567565918 1.109210729598999
-0.1400173306465149 0.284606397151947 2.1341187953948975
-2.25575590133667 0.284606397151947 -0.3790430724620819
-0.14397619664669037 0.284606397151947 -1.203720211982727
0.5462815165519714 0.2910028100013733 2.1097631454467773
0.9051743149757385 0.28761905431747437 2.128190040588379
-2.3851735591888428 0.29117605090141296 1.4956095218658447
0.9210300445556641 0.3223381042480469 1.6799663305282593
0.4971568286418915 0.28842881321907043 1.6582942008972168
-1.2509263753890991 0.30521833896636963 -1.205298662185669
-1.7699724435806274 0.284606397151947 -0.214534729719162
0.9056400656700134 0.31015273928642273 1.4613364934921265
0.9068524837493896 0.2862396836280823 1.5788851976394653
-1.7876194715499878 0.284606397151947 1.0168086290359497
-2.0258078575134277 0.284606397151947 0.6564558744430542
-1.2708680629730225 0.284606397151947 2.1392080783843994
0.9211299419403076 0.2846064567565918 -0.5808250904083252
0.8765958547592163 0.32097288966178894 2.1412081718444824
-2.386474370956421 0.2846062183380127 0.9251742362976074
-1.8502284288406372 0.30474966764450073 -1.1761356592178345
-0.9279638528823853 0.284606397151947 -0.7134956121444702
0.9174823760986328 0.2922044098377228 1.8831992149353027
0.21412260830402374 0.772849440574646 1.9541525840759277
-0.31031501293182373 0.30352112650871277 2.1412081718444824
-0.011879203841090202 0.29774579405784607 -1.2021564245224
-1.709446668624878 0.28804516792297363 -1.2013492584228516
-1.8901910781860352 0.284606397151947 -0.8654459714889526
-2.3863744735717773 0.3226170837879181 0.830744743347168
-1.4889910221099854 0.5717322826385498 -1.1719666719436646
0.5847902894020081 0.3245421350002289 0.5306546092033386
-1.4111216068267822 0.2977847754955292 2.1412081718444824
-1.592759132385254 0.4551314115524292 -1.196803331375122
-0.6072499752044678 0.287060409784317 2.1259005069732666
-2.2051408290863037 0.6850990056991577 1.5709209442138672
-2.3847715854644775 0.30574068427085876 1.3640607595443726
-0.7465210556983948 0.284606397151947 2.1397716999053955
0.9156513214111328 0.2915056347846985 0.7211055159568787
-2.3863744735717773 0.3315190076828003 1.986275315284729
-2.0067830085754395 0.284606397151947 1.0519380569458008
0.9141757488250732 0.2888616621494293 0.0817594975233078
-2.3420472145080566 0.31254440546035767 -1.2052984237670898
-2.3504321575164795 0.5183244943618774 1.1823238134384155
-0.7109382152557373 0.32586127519607544 -1.2016830444335938
-0.8674106597900391 0.3418612480163574 2.1360208988189697
0.6948437094688416 0.37710830569267273 2.1412081718444824
-2.3685874938964844 0.298277348279953 1.234726071357727
-0.7163508534431458 0.2902858555316925 1.6885740756988525
-2.3353216648101807 0.5705508589744568 -0.6830218434333801
0.9115177989006042 0.34683388471603394 0.18575407564640045
-2.058223247528076 0.284606397151947 0.3837316334247589
-1.6657545566558838 0.28826138377189636 2.1412081718444824
-2.3863744735717773 0.33958667516708374 -1.0345981121063232
-2.176129102706909 0.3247312009334564 -1.204024314880371
-2.3863744735717773 0.31846296787261963 1.096016526222229
0.9087520241737366 0.5361418724060059 -0.1656409502029419
-0.24572573602199554 0.284606397151947 1.9114158153533936
-1.0416555404663086 0.298742413520813 1.7615100145339966
-1.6692734956741333 0.29953333735466003 -0.8373660445213318
-2.1106061935424805 0.28711846470832825 -0.8344274163246155
-2.003662586212158 0.284606397151947 -0.19684778153896332
-1.6452686786651611 0.29302680492401123 1.7445743083953857
-0.5954979062080383 0.4400995373725891 -1.181349515914917
-2.042151927947998 0.335963636636734 -1.19940185546875
0.25392162799835205 0.6754044890403748 -0.9352117776870728
0.4335494041442871 0.28875869512557983 2.123661994934082
0.6894297003746033 0.7047000527381897 -0.4610973596572876
-1.5275795459747314 0.284606397151947 2.0753543376922607
-1.7543469667434692 0.6201823353767395 -0.9891763925552368
-2.0691630840301514 0.2854563891887665 2.1212234497070312
-0.12724360823631287 0.5058683156967163 -1.184747338294983
0.9142066836357117 0.31958216428756714 1.227920413017273
0.4293345808982849 0.3012867569923401 0.18757985532283783
0.7394399046897888 0.5612386465072632 -1.2007900476455688
-1.7909061908721924 0.284606397151947 0.590197741985321
0.9146002531051636 0.32602035999298096 -0.1943558007478714
0.2529667913913727 0.29871174693107605 -1.2052991390228271
-0.8223835229873657 0.3185650110244751 -1.1984354257583618
0.10713399946689606 0.337285578250885 2.137070894241333
-0.28191059827804565 0.2909691035747528 -1.2052990198135376
0.9160244464874268 0.40370380878448486 -1.2051582336425781
0.497165322303772 0.30352309346199036 -0.7474762797355652
-0.5308205485343933 0.28909429907798767 1.7666898965835571
0.9047920107841492 0.28585824370384216 0.3294675946235657
-1.0045677423477173 0.284606397151947 2.131317138671875
0.32938632369041443 0.28599390387535095 2.117945671081543
0.3921779692173004 0.284606397151947 0.9474794268608093
0.13487696647644043 0.2845063805580139 -1.2052977085113525
-1.7659441232681274 0.6519755721092224 1.8432825803756714
-1.1306631565093994 0.49127060174942017 -1.1982340812683105
0.9133740067481995 0.2937805950641632 0.5808030366897583
-0.03279772400856018 0.31331679224967957 1.4238383769989014
-1.6044880151748657 0.5124751329421997 2.1208455562591553
-0.4195866584777832 0.5706411600112915 -1.1378076076507568
0.5258022546768188 0.284606397151947 -1.203874111175537
0.3031100332736969 0.28870564699172974 1.7235314846038818
-0.5142806768417358 0.5621501803398132 2.1394782066345215
-0.4637097716331482 0.35272324085235596 2.1412081718444824
0.5077250599861145 0.5962479114532471 -1.1881078481674194
0.16029836237430573 0.30425235629081726 0.506136953830719
0.6171470284461975 0.284606397151947 -0.23160579800605774
0.2901332378387451 0.5200962424278259 -1.1826322078704834
0.4420210123062134 0.284606397151947 0.41544848680496216
-1.1360623836517334 0.3039819896221161 2.1293599605560303
-0.1047857329249382 0.3051642179489136 1.6968244314193726
0.8836196064949036 0.284606397151947 -0.039737164974212646
0.9077554941177368 0.30239957571029663 0.8405851721763611
0.24580232799053192 0.30222803354263306 -0.7002784013748169
0.9154324531555176 0.30662888288497925 -0.4622947573661804
-1.7361400127410889 0.284606397151947 0.22578343749046326
-2.382068157196045 0.2968093156814575 0.4334038197994232
0.9210299849510193 0.3264275789260864 -0.34155982732772827
0.3225407600402832 0.284606397151947 -0.2854152321815491
0.4047197997570038 0.284606397151947 1.1513762474060059
0.9096989035606384 0.4605298936367035 2.128532886505127
-0.15586337447166443 0.28922051191329956 -0.4614187479019165
-1.1042661666870117 0.3083321154117584 -0.6141345500946045
-0.6649990081787109 0.284606397151947 -0.7168927788734436
0.11602481454610825 0.2927835285663605 1.3012304306030273
0.08692798763513565 0.31069743633270264 1.763745903968811
0.7568612694740295 0.284606397151947 -0.6564761400222778
0.9210299849510193 0.2926635444164276 0.45363691449165344
-0.20350970327854156 0.284606397151947 -0.8159534931182861
-0.0238820631057024 0.2967926263809204 -0.6580333113670349
0.4900479018688202 0.29319217801094055 -0.5348474383354187
-0.8487478494644165 0.2875020205974579 -0.4262301027774811
-2.0096752643585205 0.31039878726005554 0.16295233368873596
-1.8663346767425537 0.3197140097618103 0.8101458549499512
-0.6675746440887451 0.6332834959030151 2.0875244140625
-1.9237688779830933 0.3067067563533783 1.374801754951477
0.5365703105926514 0.28994011878967285 1.377976417541504
-2.346163272857666 0.5346142649650574 -0.2665688991546631
-2.1280159950256348 0.328018456697464 -0.5942596197128296
0.8881033062934875 0.6306145191192627 1.1854912042617798
0.06054142862558365 0.30965369939804077 -0.4121731221675873
-1.6051809787750244 0.32218319177627563 1.385485053062439
-2.028118371963501 0.6142401695251465 2.0110580921173096
-1.4756723642349243 0.284606397151947 0.8027670383453369
0.4621393382549286 0.6720085740089417 2.1036453247070312
0.5740574598312378 0.5800106525421143 2.1324074268341064
-1.876828670501709 0.6706811189651489 1.688228964805603
-2.3527493476867676 0.5765804052352905 0.9039772748947144
-0.21790575981140137 0.3141133487224579 -0.11715470999479294
-0.2499687820672989 0.5260159373283386 2.1114914417266846
-1.7562800645828247 0.286266028881073 -0.6491415500640869
-2.3273398876190186 0.574837327003479 -0.9032440185546875
-1.4329050779342651 0.31263208389282227 1.536361813545227
-2.3657360076904297 0.6005261540412903 -0.09483081102371216
-2.1869826316833496 0.6667664647102356 -0.3975040912628174
0.025692302733659744 0.5972405672073364 -1.0657461881637573
-1.2408192157745361 0.2869630455970764 1.3182038068771362
-1.215649962425232 0.3541615307331085 1.0913437604904175
-1.6848565340042114 0.7198261022567749 -0.4064244329929352
-1.0703948736190796 0.5916354656219482 -1.131154179573059
-2.3474035263061523 0.5573667287826538 0.3032291531562805
-0.29799193143844604 0.6219989061355591 -0.8793501853942871
-1.8982707262039185 0.30989518761634827 -0.3898068964481354
-1.559136152267456 0.2943476140499115 -0.31477344036102295
-2.203916311264038 0.7122272849082947 1.084253191947937
-1.8338513374328613 0.3051493465900421 0.005109371151775122
-1.6475001573562622 0.2957344949245453 -0.4981691539287567
-0.3579847812652588 0.32098689675331116 1.6111396551132202
0.2815224230289459 0.3397080600261688 -0.5230134725570679
-1.061564564704895 0.284606397151947 -0.22845911979675293
0.7527744770050049 0.6566309332847595 -0.8745012879371643
-1.468409776687622 0.2995244264602661 1.1212798357009888
-1.862676978111267 0.34279265999794006 0.3983882665634155
0.5091402530670166 0.6383569240570068 -0.8078550100326538
0.12835155427455902 0.284606397151947 0.02850341610610485
0.2529087960720062 0.6825509071350098 2.075310468673706
0.8827439546585083 0.417202353477478 1.0121949911117554
0.39307186007499695 0.29756128787994385 0.7508854269981384
-1.5723731517791748 0.6618803143501282 -0.584313690662384
-0.6525507569313049 0.612428605556488 -0.9450462460517883
-0.8777321577072144 0.5167935490608215 2.13677716255188
-0.5388302803039551 0.32774248719215393 -0.4581920802593231
-0.8621588349342346 0.2994767427444458 1.6562623977661133
-2.3038330078125 0.65775465965271 0.1308823823928833
0.9155783653259277 0.5882325172424316 -0.982477068901062
-1.243857502937317 0.6123346090316772 2.1351866722106934
-0.5823132991790771 0.32877227663993835 1.3018749952316284
-1.8634387254714966 0.5276740193367004 2.111550807952881
-1.362683892250061 0.2951313555240631 -0.20817291736602783
0.6999925971031189 0.6874346733093262 2.0382235050201416
-1.1895065307617188 0.28595513105392456 1.6123360395431519
0.3168683350086212 0.3657093644142151 0.6295091509819031
-0.2520579695701599 0.3219459354877472 0.590434193611145
-2.007206916809082 0.6640994548797607 -0.576462984085083
-0.5107972621917725 0.33119410276412964 1.4409842491149902
-1.904446005821228 0.6312763094902039 -0.8074218034744263
-2.2117795944213867 0.6196649670600891 1.8227391242980957
-1.436145544052124 0.6495591998100281 1.6075729131698608
-1.56818687915802 0.6848986744880676 1.8140796422958374
-0.2239093780517578 0.7325960397720337 2.1017513275146484
0.07197512686252594 0.652394711971283 -0.7304964661598206
0.46544530987739563 0.30113762617111206 -0.109835684299469
0.859535813331604 0.6180810332298279 0.8723073601722717
-2.2533059120178223 0.6749908328056335 0.50454181432724
0.8787152171134949 0.6500510573387146 1.8583556413650513
-0.9189896583557129 0.6617046594619751 -0.8977694511413574
0.42222100496292114 0.6802970767021179 -0.585852861404419
-0.011895556934177876 0.64459627866745 2.1066009998321533
0.8867557048797607 0.6634469628334045 1.4645931720733643
0.9057959914207458 0.5496328473091125 0.3997909426689148
0.898697018623352 0.6041529774665833 0.0902310162782669
-2.0129947662353516 0.7287002801895142 0.23277229070663452
-0.09151770174503326 0.28661656379699707 0.18217529356479645
-1.2664377689361572 0.7145952582359314 -0.7380624413490295
-1.9850765466690063 0.7024165391921997 -0.207974374294281
-0.7531576156616211 0.33314329385757446 1.3593101501464844
-0.6232135891914368 0.3212248384952545 -0.2697882056236267
-2.136427164077759 0.6926060914993286 1.35142982006073
-0.05977020412683487 0.34683698415756226 -0.06747803092002869
0.2841499149799347 0.41832369565963745 -0.005251340568065643
0.35407114028930664 0.35784921050071716 1.6097427606582642
-0.3308027982711792 0.3442268371582031 -0.33206307888031006
-1.5465359687805176 0.29060372710227966 0.01704469881951809
0.8033823370933533 0.6743870973587036 -0.08902278542518616
0.7641804218292236 0.7310431003570557 1.6809080839157104
-0.23876488208770752 0.623000979423523 -0.6849160194396973
0.8582533597946167 0.6142536401748657 0.6270307302474976
-1.4034842252731323 0.29690468311309814 0.9175751209259033
-1.4370782375335693 0.5987417101860046 2.081406593322754
-2.0736002922058105 0.7137888669967651 0.7956492900848389
-1.0071953535079956 0.6812403798103333 2.09706449508667
-1.8708469867706299 0.6589515209197998 0.03185880556702614
-1.0162349939346313 0.3636963963508606 1.4989995956420898
-1.3951785564422607 0.6685182452201843 -0.8902701735496521
-0.48054060339927673 0.707537055015564 1.8957569599151611
-0.28269463777542114 0.3415229320526123 1.4471135139465332
0.0837729349732399 0.3099069893360138 0.3504258394241333
0.4828585088253021 0.7098318338394165 1.7429866790771484
0.2945932447910309 0.5898594260215759 -0.39904892444610596
0.5257599353790283 0.6538627743721008 -0.23646892607212067
0.6821589469909668 0.7388755083084106 0.03701692447066307
0.5384202003479004 0.705695390701294 1.217574954032898
-1.9889286756515503 0.6946039199829102 0.5293416380882263
0.45110124349594116 0.7944390177726746 0.19997039437294006
0.752789318561554 0.7436501979827881 1.1814005374908447
0.8244401216506958 0.7391360998153687 0.39291638135910034
-0.402139812707901 0.48083406686782837 -0.15740613639354706
0.212624654173851 0.5737690329551697 0.22547604143619537
-1.8525869846343994 0.7092894911766052 1.4879968166351318
0.552913248538971 0.31701603531837463 0.9466968178749084
0.174368217587471 0.3331824243068695 1.0438376665115356
0.20578566193580627 0.7224512100219727 1.6857088804244995
0.3753473460674286 0.6610488891601562 -0.09714481234550476
-1.2616307735443115 0.5975452065467834 1.810658574104309
-0.9084522724151611 0.7111557126045227 1.8896260261535645
0.5203425884246826 0.676796019077301 1.4927829504013062
-0.1987949013710022 0.7315210103988647 1.8867344856262207
-1.3963176012039185 0.33044925332069397 0.4971568286418915
0.29640623927116394 0.7027090787887573 1.3351057767868042
0.7161514759063721 0.6678786873817444 0.6634120941162109
0.5855026841163635 0.7631018757820129 0.4779847264289856
-1.0612514019012451 0.7981023788452148 -0.11251865327358246
0.4946945309638977 0.6981872320175171 1.0012024641036987
-1.0962578058242798 0.6593680381774902 1.6835607290267944
-1.8735935688018799 0.7547857761383057 1.2873317003250122
-0.8996003270149231 0.3101031482219696 1.2507274150848389
-0.22927440702915192 0.4245547652244568 1.2852510213851929
-1.7435102462768555 0.6865904331207275 1.0646653175354004
-1.5930589437484741 0.7320171594619751 1.2460546493530273
-1.8115826845169067 0.7174134850502014 -0.1474582999944687
-0.6559425592422485 0.6870725750923157 1.6598619222640991
0.0052918726578354836 0.7155606150627136 1.732293963432312
-0.4190996587276459 0.70172518491745 -0.10842366516590118
-1.3893351554870605 0.6056227684020996 1.3957210779190063
-1.865024447441101 0.6483756303787231 0.8242456316947937
-1.2884325981140137 0.43168142437934875 0.2758777439594269
-0.935885488986969 0.8272645473480225 1.6555979251861572
-0.0998312309384346 0.6996883153915405 1.5748363733291626
-0.5191890001296997 0.7238019704818726 1.7415194511413574
-0.7807151675224304 0.5645900368690491 0.48445558547973633
-0.7654553651809692 0.9566740393638611 -0.34498152136802673
-0.5544421076774597 1.0754883289337158 0.37951165437698364
-0.1045115739107132 0.41579359769821167 1.151492714881897
-0.1142999678850174 0.7292082905769348 -0.4890773892402649
-0.5910572409629822 0.5906931161880493 -0.6921426653862
-1.0242278575897217 1.115031123161316 0.936135470867157
-1.2644094228744507 0.6888748407363892 -0.5703219175338745
-1.1061880588531494 0.7258913516998291 1.1200915575027466
0.36319807171821594 0.6448272466659546 0.7765476703643799
0.06656688451766968 0.6811049580574036 1.289674997329712
0.10118015110492706 0.5874530076980591 -0.3447487950325012
-0.16595950722694397 0.9068721532821655 1.5942374467849731
0.03098580613732338 1.1824942827224731 -0.28451642394065857
-0.8694711923599243 0.6742188930511475 0.5629762411117554
0.3407641053199768 0.9863633513450623 0.204400897026062
0.25711962580680847 0.6917458772659302 0.9527947902679443
-0.9729334712028503 0.7309231162071228 0.18593119084835052
-0.8920577168464661 0.737690269947052 -0.7219424247741699
0.5044965147972107 0.5277007818222046 0.30267971754074097
-0.26189032196998596 0.985622227191925 -0.35516029596328735
-0.32347920536994934 0.9245954751968384 1.4059338569641113
0.4112704396247864 1.0031416416168213 0.6259006261825562
-1.5308917760849 1.3530256748199463 0.928301990032196
-0.599735677242279 0.539216160774231 0.5992745757102966
-0.7399803996086121 0.7160269021987915 0.16217191517353058
-1.0036529302597046 1.1225242614746094 1.309083342552185
0.1446169912815094 0.9026069045066833 0.9710044860839844
0.005017511546611786 1.0662434101104736 -0.18317247927188873
-0.16346266865730286 0.796871542930603 0.45484229922294617
-1.1908308267593384 0.868804931640625 0.4252419173717499
-1.4501529932022095 0.43564146757125854 0.669643759727478
-0.9868452548980713 0.4323720335960388 0.07635025680065155
-0.626167893409729 0.9597143530845642 1.3792471885681152
-1.2094498872756958 0.5646152496337891 0.9027740359306335
-1.7147284746170044 0.6275504231452942 0.49603796005249023
-0.9280459880828857 0.9529675841331482 1.1819592714309692
-1.4416723251342773 0.6693136692047119 0.32935574650764465
-0.007494155317544937 0.8144978284835815 0.09851203858852386
-0.7165193557739258 0.5872077941894531 -0.08339917659759521
-1.1312849521636963 0.6591619849205017 -0.12354093790054321
-0.10685852915048599 0.9250504374504089 -0.1588517427444458
-1.0127745866775513 1.906909465789795 1.3708492517471313
0.15688420832157135 0.8230381608009338 0.5434152483940125
0.13538572192192078 1.1081072092056274 0.6916512846946716
-1.0180038213729858 0.5758495330810547 1.180101990699768
-1.4210090637207031 0.719150960445404 0.887445867061615
0.25492462515830994 1.1176573038101196 1.098658561706543
-1.1443573236465454 0.7336557507514954 0.6775951981544495
-0.2790432572364807 0.831148087978363 1.1065855026245117
-0.23132172226905823 1.247560739517212 1.1258195638656616
-0.21416273713111877 0.4889524579048157 0.7714959979057312
-0.0630386620759964 0.6595025658607483 0.5063104033470154
-1.3360239267349243 0.46336829662323 -0.040630042552948
-0.9459242224693298 0.6717849373817444 -0.5208110809326172
-1.631914734840393 0.6843757033348083 0.06088513880968094
-0.688247561454773 0.8181418776512146 1.123701810836792
-1.5475283861160278 0.6788309216499329 0.3801923990249634
-0.31055375933647156 0.4977353811264038 0.162476047873497
-0.5543445944786072 0.8392047882080078 -0.15903058648109436
-0.7011690139770508 0.5017609000205994 0.7475261688232422
0.06878957897424698 1.1201077699661255 1.183837890625
-1.10128653049469 0.7420833110809326 0.888744592666626
-0.4916224479675293 0.35598376393318176 0.8088578581809998
-0.6908385753631592 0.5029112100601196 0.9676527380943298
-0.03352116420865059 0.49912458658218384 0.8376491069793701
-0.34649407863616943 0.8490283489227295 0.23761869966983795
-0.24985559284687042 1.2373559474945068 0.8758659362792969
-0.4158034026622772 0.5774238109588623 0.5779060125350952
-0.10509185492992401 1.1268863677978516 1.108406901359558
-1.2990617752075195 0.6846463084220886 -0.344105064868927
-0.7053043842315674 0.5864236950874329 -0.22147738933563232
-0.08849204331636429 1.0959136486053467 0.9206550717353821
-0.0674777403473854 1.345474362373352 1.3165911436080933
-0.3329438269138336 0.39522063732147217 0.9280745983123779
-0.2995982766151428 1.4283369779586792 0.8911818861961365
-0.5153571367263794 0.5426718592643738 1.0377602577209473
-1.065266728401184 0.7992462515830994 0.2808816432952881
0.11621857434511185 1.2556835412979126 1.3188321590423584
-0.2181825190782547 1.5119730234146118 1.1759145259857178
0.3218846619129181 1.257581353187561 1.2290849685668945
0.08468423783779144 1.116542100906372 0.8111706376075745
-0.4251016080379486 2.2688634395599365 0.18909475207328796
0.07496573030948639 1.59673273563385 1.2727996110916138
-0.2234536111354828 2.2374587059020996 0.1300705522298813
0.2191621959209442 1.1027727127075195 0.9378398656845093
0.437900573015213 1.2828701734542847 1.0249392986297607
-0.4192509949207306 2.5365614891052246 0.5129390954971313
-0.37931346893310547 2.300950527191162 0.36806371808052063
0.2916412353515625 1.6641910076141357 0.961763858795166
0.016834130510687828 1.7229251861572266 0.9851987361907959
-0.1478988528251648 1.6114606857299805 0.7923585772514343
-0.23754170536994934 2.318521499633789 -0.021118436008691788
0.41420668363571167 1.478135108947754 0.831821084022522
0.35607030987739563 1.2062255144119263 0.8360618948936462
0.34856173396110535 1.4939948320388794 1.2185604572296143
-0.10173452645540237 2.271358013153076 0.23882779479026794
-0.09584040939807892 1.2220029830932617 0.7109646201133728
-0.19706788659095764 2.2914745807647705 0.3937530517578125
0.26191961765289307 1.3880966901779175 0.6555923223495483
-0.1311754584312439 2.517306327819824 -0.12396395951509476
-0.4229554831981659 2.423257350921631 -0.0843498632311821
-0.005333978217095137 2.411846876144409 0.03544078767299652
-0.204364612698555 2.425468921661377 0.5224846005439758
0.12756308913230896 1.2355877161026 0.6522654891014099
-1.189406156539917 2.1058733463287354 1.4790356159210205
0.03759486973285675 2.3784401416778564 0.2655934989452362
-0.6505213379859924 2.637256622314453 0.1912594586610794
-0.5352065563201904 2.3725075721740723 0.11239423602819443
0.057169120758771896 2.727194309234619 0.24834007024765015
-0.16918277740478516 2.6727755069732666 0.536798357963562
0.001655549742281437 1.5139670372009277 0.6532866954803467
-0.40842151641845703 2.8971314430236816 -0.1273522526025772
-0.285756915807724 2.697342872619629 -0.18072888255119324
-0.5783623456954956 2.5261001586914062 0.3534114360809326
-0.016181625425815582 2.750253438949585 -0.0018669725395739079
-0.2268114984035492 3.0825612545013428 -0.08303537964820862
-0.5555559992790222 2.603853225708008 -0.07465004175901413
-0.558729350566864 2.857699155807495 0.3537745177745819
-1.2307320833206177 2.1355109214782715 1.5034213066101074
-0.527833104133606 4.264448642730713 0.8058410882949829
-0.6112945675849915 2.851494789123535 0.041981298476457596
-0.6661459803581238 4.221258640289307 0.42122194170951843
-0.24785350263118744 3.2132625579833984 0.35671427845954895
-0.3818885385990143 3.0416224002838135 0.405487060546875
0.07570099830627441 2.5409882068634033 0.36176764965057373
-0.25384795665740967 2.8348631858825684 0.5163789987564087
-0.6517783999443054 4.172756195068359 0.5753872990608215
-0.07524453103542328 2.9534859657287598 0.1299179345369339
-0.6041231751441956 3.0778279304504395 0.18753820657730103
-0.2823623716831207 3.9947705268859863 0.5230898261070251
-0.6710895895957947 4.335239887237549 0.31512242555618286
-0.41344428062438965 3.850180149078369 0.43074703216552734
-0.45754244923591614 3.3874945640563965 0.33941951394081116
-0.11592523008584976 3.2323710918426514 0.17083428800106049
-0.5379610061645508 3.1788408756256104 -0.020427826792001724
-0.3332832455635071 3.3042514324188232 -0.11321818083524704
-0.49996262788772583 4.108163833618164 0.6241655349731445
-0.5917258858680725 3.4057416915893555 0.11358507722616196
-0.09583747386932373 3.4648423194885254 0.11955994367599487
-0.7101590037345886 4.445328235626221 0.7333970665931702
-0.19783371686935425 3.5437076091766357 -0.06807425618171692
-0.2542349696159363 3.773958206176758 -0.09945312142372131
-0.40771353244781494 4.368552207946777 0.8975463509559631
-0.5817687511444092 3.7539031505584717 0.07445082068443298
-0.27410683035850525 3.6334855556488037 0.3643609583377838
-0.4734087288379669 3.5774362087249756 -0.07798850536346436
-0.30656519532203674 4.184527397155762 0.7409496307373047
-0.15032249689102173 4.264657974243164 0.7092070579528809
-0.532305121421814 3.650269031524658 0.31083670258522034
-0.08326158672571182 3.6677310466766357 0.19947555661201477
-0.1224529817700386 3.9598701000213623 -0.0006651231087744236
-0.19759953022003174 4.613598823547363 0.22356167435646057
-0.0061356667429208755 4.215998649597168 0.317346453666687
-0.5869970917701721 4.013617038726807 0.24194279313087463
-0.08477303385734558 3.8663272857666016 0.343807578086853
-0.11784444004297256 4.477112293243408 0.8258054256439209
-0.05058901011943817 4.242944240570068 0.547030508518219
-0.5401778221130371 4.538241863250732 0.28862372040748596
0.04466496407985687 4.441516399383545 0.4403511881828308
-0.11890295892953873 4.267536163330078 0.07848682254552841
-0.6028347611427307 4.730548858642578 0.772808849811554
-0.6656942367553711 4.711970806121826 0.4357738494873047
-0.08742349594831467 4.702177047729492 0.9042646288871765
-0.4054652452468872 4.538783073425293 0.9426655173301697
-0.36402541399002075 4.767312526702881 0.9384682774543762
-0.2872684597969055 4.476552963256836 0.15200720727443695
-0.030374601483345032 4.0724568367004395 0.1582011729478836
0.012911012396216393 4.59101676940918 0.6890882849693298
0.05164391174912453 4.80320930480957 0.5779682993888855
-0.03869308531284332 4.928128719329834 0.857429563999176
-0.04462920129299164 4.701984405517578 0.3543540835380554
-0.3777766227722168 4.841666221618652 0.3712642788887024
-0.36942559480667114 4.1484761238098145 -0.024875402450561523
-0.05185016244649887 4.971104145050049 0.4313165247440338
-0.5248793959617615 4.947381496429443 0.6106483936309814
-0.34758684039115906 5.412906169891357 0.5451758503913879
-0.4295332431793213 5.050002098083496 0.39782699942588806
-0.5451205372810364 4.023731231689453 0.020236579701304436
-0.11990801244974136 5.15518856048584 0.8820082545280457
-0.32396116852760315 5.001389503479004 0.9175224304199219
-0.3382507860660553 5.235734939575195 0.4371711313724518
-0.43768882751464844 5.1629486083984375 0.7600257992744446
0.03569718822836876 5.109935760498047 0.6218384504318237
-0.007029196247458458 5.308218002319336 0.636180579662323
-0.0622982531785965 6.876284122467041 0.11213010549545288
-0.2294386327266693 5.4028520584106445 0.7358678579330444
-0.22067435085773468 6.856043815612793 -0.14309170842170715
-0.8562682271003723 7.917407512664795 0.7235502600669861
-0.40012362599372864 7.118004322052002 -0.0925963744521141
-1.0772743225097656 6.761921405792236 0.9942423105239868
-0.9247606992721558 7.98425817489624 0.7866860032081604
-1.1253376007080078 6.805581092834473 1.1305017471313477
-0.8937734961509705 6.7363362312316895 0.9640814065933228
-1.0136117935180664 6.914494514465332 1.2977359294891357
-0.08133847266435623 6.856878280639648 -0.18552076816558838
-1.2004399299621582 7.0024800300598145 1.1401013135910034
-0.4605376720428467 6.660397529602051 0.8952531814575195
-0.33542120456695557 6.942994117736816 -0.08960316330194473
-0.6028406620025635 6.818573474884033 0.985832929611206
0.0074481056071817875 6.8401031494140625 -0.0497729517519474
-0.06500861048698425 7.0286784172058105 -0.33365529775619507
-0.25811445713043213 6.921518325805664 0.10491392761468887
-0.908782958984375 6.731661319732666 1.189051628112793
-0.5178885459899902 6.730432987213135 0.972527801990509
-1.0432188510894775 6.880627155303955 0.8842998743057251
0.13071198761463165 6.96651554107666 0.08988237380981445
0.17844191193580627 7.276080131530762 -0.06422017514705658
-0.24086318910121918 7.13322114944458 -0.3355617821216583
-0.9225846529006958 7.958499431610107 0.7516220211982727
-0.5592758059501648 6.688039779663086 0.8535955548286438
-0.7701839804649353 7.129357814788818 1.1469725370407104
-0.9019609689712524 7.886232376098633 0.6162225008010864
-0.029465479776263237 7.1418023109436035 0.2350376397371292
0.1275091916322708 7.006985187530518 -0.2206341177225113
-0.7675848603248596 7.083743572235107 0.8798828125
-0.4708552360534668 6.668541431427002 1.155260682106018
-0.18718191981315613 7.333212375640869 -0.2521686553955078
-0.21994975209236145 7.065330505371094 0.2239782214164734
0.23535045981407166 7.1438069343566895 -0.008823353797197342
-0.8392189741134644 6.800353050231934 1.277557134628296
-0.5225940346717834 6.796424388885498 1.1268632411956787
-0.7880935072898865 7.948740482330322 0.36263152956962585
-1.0314953327178955 6.963257312774658 0.832626223564148
-0.07201042771339417 8.813678741455078 0.5655708909034729
-0.09843116253614426 7.384669303894043 0.05240122973918915
-0.04907480999827385 8.735917091369629 0.5192176103591919
-0.28276029229164124 6.66730260848999 0.8689374923706055
-0.8890948295593262 7.936581611633301 0.3670450448989868
-1.0389553308486938 8.017605781555176 0.35460320115089417
-0.5714901685714722 8.338007926940918 0.3051619231700897
-0.540375828742981 8.244016647338867 0.4143370985984802
-0.6223369240760803 8.197800636291504 0.609479546546936
-0.7769562005996704 8.169240951538086 0.7132748365402222
-0.6935730576515198 8.158961296081543 0.39327090978622437
-0.880090057849884 8.268409729003906 0.19414366781711578
-0.8431633710861206 8.477702140808105 0.08163940161466599
-0.05177105590701103 8.660395622253418 0.40165045857429504
-1.0253925323486328 8.087440490722656 0.24092483520507812
-0.9908254742622375 8.639178276062012 0.26062479615211487
0.006550922989845276 8.6683988571167 0.38884392380714417
0.18914125859737396 8.741636276245117 0.4434724450111389
-0.06294161081314087 9.308809280395508 0.11426790058612823
-0.47181469202041626 8.956270217895508 0.11179900169372559
0.20092685520648956 8.933686256408691 0.374221533536911
-0.5637900829315186 8.449880599975586 0.15357369184494019
-0.6372273564338684 8.616256713867188 0.4835515022277832
-1.0599212646484375 8.379870414733887 0.32282742857933044
-0.8583952188491821 8.431653022766113 0.5893965363502502
-0.11508645117282867 8.806550979614258 0.12034741044044495
0.19478337466716766 9.296771049499512 0.04225035756826401
-0.3657872676849365 8.63425064086914 0.2553683817386627
-1.0875262022018433 8.786359786987305 1.493456244468689
-0.4200221002101898 8.62297534942627 0.12222427874803543
-0.06097039207816124 9.886474609375 0.9428596496582031
0.18616048991680145 9.093485832214355 0.23749159276485443
-0.8945217132568359 8.803889274597168 0.1173991709947586
-0.7990010976791382 9.535689353942871 0.5560994148254395
-0.08649562299251556 9.297175407409668 0.43938273191452026
-0.8344675302505493 8.921252250671387 0.35439997911453247
-0.9371901750564575 8.980096817016602 0.24961824715137482
-0.6396708488464355 8.844793319702148 0.14480099081993103
-0.1850147247314453 9.003107070922852 0.20498113334178925
-0.7550799250602722 9.079009056091309 0.3873266279697418
-0.2205403447151184 9.86036491394043 0.8259279131889343
-0.2621949315071106 10.05372142791748 0.5650615096092224
-0.00947055034339428 9.902853012084961 0.5971342325210571
0.25172358751296997 9.17215633392334 0.42785054445266724
0.22739821672439575 9.605401992797852 0.33371391892433167
-0.054676540195941925 9.802231788635254 0.6861791610717773
0.09512431174516678 9.479945182800293 -0.03170233964920044
0.27492496371269226 9.378899574279785 0.35900259017944336
-0.6458783745765686 10.007597923278809 0.4141835570335388
-0.9098187685012817 9.639347076416016 0.4554666578769684
-0.391338586807251 9.94690227508545 0.7798588871955872
0.1829022914171219 9.671590805053711 0.0939602479338646
-0.3292447626590729 9.91749382019043 1.0758382081985474
-0.42585161328315735 9.946324348449707 0.5977489352226257
-0.7613774538040161 9.996952056884766 0.6370548605918884
-0.7652598023414612 9.631210327148438 0.35334640741348267
-0.8627321720123291 9.772700309753418 0.41608646512031555
-0.7322491407394409 10.076075553894043 0.5234503149986267
-0.11739981919527054 10.155497550964355 0.5384157299995422
-0.06660287082195282 10.269865036010742 1.0833439826965332
-0.5691841840744019 10.181741714477539 0.8023478984832764
-0.08354508876800537 9.973029136657715 1.084345817565918
-0.26003894209861755 10.275068283081055 1.1829979419708252
-0.967548668384552 9.980788230895996 0.37980490922927856
0.2067563682794571 9.609944343566895 0.22862130403518677
-0.7192863821983337 10.24443531036377 0.3670594394207001
-1.0627174377441406 10.218595504760742 0.3744764029979706
-1.1076672077178955 10.392528533935547 0.046143628656864166
-0.6452032327651978 10.297502517700195 0.6076833009719849
0.039042405784130096 10.341672897338867 0.8628391027450562
0.005597815848886967 10.332306861877441 0.9110400676727295
-0.42913416028022766 10.305953979492188 0.9509609937667847
-0.33623579144477844 10.405899047851562 0.9911202192306519
0.1809067279100418 10.21601676940918 1.0389984846115112
0.2374998778104782 10.548864364624023 1.0877619981765747
0.25449278950691223 10.488964080810547 1.0304230451583862
-0.9304428100585938 10.370108604431152 0.29311785101890564
-1.191833734512329 10.716005325317383 -0.1500469446182251
0.4088476300239563 10.80192756652832 0.12195473164319992
-0.3020510971546173 10.736444473266602 1.0941834449768066
-0.002999642165377736 11.011731147766113 -0.47281843423843384
0.212795689702034 10.575523376464844 1.2251390218734741
-0.6805379390716553 10.807026863098145 0.5829717516899109
0.32545793056488037 10.823873519897461 0.2072000503540039
-1.1987367868423462 10.67374038696289 -0.14807705581188202
-0.3400880694389343 10.691215515136719 0.8199436068534851
0.07493006438016891 10.975374221801758 -0.473305344581604
-0.1486835777759552 10.706236839294434 1.1519591808319092
-0.4216034710407257 10.752823829650879 0.9363317489624023
0.07121028751134872 10.947325706481934 1.1968019008636475
0.09817120432853699 10.927541732788086 1.180757999420166
-1.0794997215270996 10.844531059265137 0.162904754281044
-0.4993571937084198 10.932978630065918 0.6418789625167847
-0.2745334804058075 11.009720802307129 0.6388610601425171
0.36406809091567993 10.924023628234863 0.26270827651023865
-0.9596215486526489 11.050699234008789 0.27078813314437866
-1.0122172832489014 11.175433158874512 1.0901354551315308
-1.1781322956085205 11.252614974975586 0.6085267066955566
-0.5139591693878174 11.124253273010254 1.1433303356170654
0.19024540483951569 11.19154167175293 1.3350437879562378
-0.7259870767593384 11.22277545928955 1.1410071849822998
-1.220426082611084 11.285024642944336 0.664604127407074
-0.7459996938705444 11.320085525512695 1.122759461402893
0.12278638035058975 11.30196475982666 -0.3423488438129425
0.25760456919670105 11.349725723266602 0.6303389072418213
-0.13905659317970276 11.245058059692383 0.7364148497581482
-0.7357897162437439 11.348987579345703 1.0687882900238037
-0.06010358780622482 11.338494300842285 0.5050811171531677
0.37923312187194824 11.37840461730957 0.2348487824201584
-1.175837516784668 11.333656311035156 -0.32095134258270264
0.018043050542473793 11.460755348205566 0.6853479743003845
-0.15123754739761353 11.395877838134766 0.8267608880996704
-0.6702057123184204 11.4213228225708 1.0600000619888306
-0.029754221439361572 11.437859535217285 1.102534294128418
-0.2811446189880371 11.469188690185547 -0.06356211006641388
0.2830497622489929 11.506705284118652 1.4526342153549194
-0.47176414728164673 11.48762321472168 0.3558673560619354
0.14347417652606964 11.537578582763672 -0.17421361804008484
-0.6395038366317749 11.516932487487793 0.48588159680366516
-0.037646904587745667 11.53230094909668 1.2739019393920898
-0.3159902095794678 11.54990291595459 1.455184817314148
-0.4163627326488495 11.56394100189209 1.16141676902771
0.5918570756912231 11.576502799987793 0.625523030757904
