448
-1.68132746219635 0.6635209918022156 1.075100302696228
-1.5631922483444214 0.3022940456867218 -0.16962695121765137
-1.0991289615631104 0.6135534048080444 0.4425804316997528
0.4180920422077179 0.933181643486023 0.12959997355937958
-1.6237339973449707 0.5197202563285828 0.16791744530200958
-0.9188918471336365 0.312888503074646 -0.8271035552024841
-0.29931697249412537 0.3121706545352936 0.6321240067481995
-1.7479901313781738 0.28810521960258484 1.3578619956970215
-0.611417829990387 0.3193131387233734 -0.6768016815185547
-0.6150153279304504 0.6493899822235107 -0.8431589603424072
0.5637359619140625 0.6555138826370239 -0.3185774087905884
-1.9073680639266968 0.6812608242034912 -0.15060114860534668
-1.612418532371521 0.5104653835296631 0.41880929470062256
-1.922759771347046 0.6369100213050842 0.012080758810043335
-1.2248263359069824 0.49795982241630554 1.222234845161438
-1.9608731269836426 0.33867231011390686 0.2004728466272354
-1.9562164545059204 0.6939908266067505 0.3525841236114502
0.09475735574960709 0.6620422601699829 -0.3184913992881775
-0.6337250471115112 0.7000041007995605 -0.7548305988311768
-1.5359610319137573 0.31047022342681885 0.7433974742889404
0.02956629917025566 0.31778383255004883 0.9885016083717346
0.80158531665802 0.3535511791706085 -0.35162821412086487
0.8483255505561829 0.7847574949264526 -0.08596858382225037
-2.193047523498535 0.285097599029541 0.16075831651687622
-0.7875685691833496 0.38149210810661316 0.769658625125885
-0.05930522084236145 0.5458152294158936 -0.8310205936431885
-1.470350980758667 0.5086851119995117 1.648781657218933
-2.1412763595581055 0.5513929724693298 0.13528591394424438
0.7453429698944092 0.7566809058189392 -0.5101437568664551
-0.973649263381958 0.404934823513031 0.8670358657836914
-0.7028942108154297 0.3687111437320709 -0.888877809047699
0.587855339050293 0.5756571292877197 0.8509304523468018
0.4788239002227783 0.7097075581550598 0.9510805606842041
-1.2397643327713013 0.4851071834564209 0.8947895765304565
-1.336794376373291 0.6269589066505432 0.866371750831604
-1.1386619806289673 0.30164626240730286 1.5235291719436646
0.6654450297355652 0.9551680088043213 -0.04030779376626015
-1.890774130821228 0.5302409529685974 -0.20154620707035065
0.5902712345123291 0.588379979133606 -0.6745840907096863
-1.4373486042022705 0.3726952373981476 -0.18463876843452454
-1.4409499168395996 0.4250084161758423 1.470940351486206
0.5524992942810059 0.3757372796535492 0.8172234892845154
-0.8150378465652466 0.39141321182250977 -0.721163272857666
0.21686623990535736 0.38713544607162476 0.9536987543106079
-0.4859817326068878 0.2862499952316284 -0.6640415787696838
0.11443457007408142 0.7807968854904175 -0.8651635646820068
-1.3363083600997925 0.6912969946861267 0.9910373091697693
-1.6389799118041992 0.312774658203125 0.5967699885368347
-0.40607118606567383 0.3096621036529541 0.09654290229082108
-1.0208202600479126 0.34920570254325867 -0.1001216322183609
-1.293213963508606 0.6565382480621338 -0.2920948565006256
-0.4767128825187683 0.4533263146877289 0.2599605321884155
-0.5868106484413147 0.320050448179245 -0.2824360430240631
-1.4386858940124512 0.6297347545623779 1.2666385173797607
-0.727401614189148 0.4620397090911865 0.1178317666053772
0.6500588655471802 0.5354451537132263 1.4823380708694458
-0.7279793620109558 0.477803498506546 0.6118573546409607
0.09964393079280853 0.34493038058280945 -0.07733173668384552
-1.0485050678253174 0.3183494210243225 -0.816046953201294
-2.1254189014434814 0.36694997549057007 0.32323530316352844
-0.7578774094581604 0.5435697436332703 -0.12478618323802948
-0.24937863647937775 0.5448395013809204 -0.2038196176290512
-0.631010890007019 0.8204309344291687 -0.5551003813743591
-1.094136357307434 0.34656235575675964 -0.6939050555229187
-1.505102515220642 0.40087294578552246 1.5843963623046875
-1.4294660091400146 0.3887101113796234 -0.3567899167537689
0.762053370475769 1.1403495073318481 1.368546962738037
-1.795390009880066 0.4676263630390167 1.2840882539749146
-1.297786831855774 0.3360086679458618 1.4081251621246338
0.60369873046875 0.32200920581817627 0.545172393321991
-0.13529250025749207 0.7499093413352966 1.6408334970474243
-1.493027925491333 0.4173779785633087 0.10321018844842911
-0.441663533449173 0.5867394804954529 -0.606751024723053
0.3406766653060913 0.4490048587322235 1.0785213708877563
0.6906421184539795 0.9335644841194153 1.2282211780548096
-1.7709382772445679 0.5762681365013123 1.0876318216323853
0.810029923915863 1.2436069250106812 1.1549546718597412
0.6241392493247986 1.3017820119857788 1.1926242113113403
-0.8224411606788635 0.7781805396080017 -0.7743611335754395
-0.7760304808616638 0.3567492663860321 0.3145420253276825
0.7376802563667297 1.289597749710083 1.0673285722732544
0.39234334230422974 0.5180432796478271 0.7642261385917664
-1.0002639293670654 0.33587419986724854 0.5574949383735657
-1.4085825681686401 0.34680700302124023 0.4204256236553192
-0.6564884781837463 0.7688027024269104 1.5836529731750488
0.289616197347641 0.44437918066978455 0.12377363443374634
0.5905826687812805 1.061841368675232 1.2782206535339355
-2.054534435272217 0.3950708210468292 0.4915810823440552
-0.9906147122383118 0.8773003816604614 -0.5924012660980225
-0.5396323800086975 0.3381732702255249 -0.08147506415843964
0.8346007466316223 0.987389326095581 1.2576946020126343
-0.048178378492593765 0.47371935844421387 0.352411687374115
0.032409556210041046 0.7858445644378662 1.680013656616211
-0.34091758728027344 0.6877573132514954 -0.5579631924629211
-1.0864073038101196 0.5939949750900269 -0.7506393194198608
-0.8278578519821167 0.6065376996994019 -0.4220113456249237
-1.7397713661193848 0.5304923057556152 0.5555707216262817
-0.5356051325798035 0.6911463737487793 -0.22908629477024078
0.07049486041069031 0.6255035400390625 0.44233420491218567
0.039332129061222076 0.8359507322311401 1.7205860614776611
-0.8192571401596069 0.7607656717300415 1.553504228591919
-0.8063238859176636 0.843258261680603 -0.5784708261489868
-0.6924770474433899 0.9153964519500732 1.6397016048431396
-0.442450612783432 1.0388511419296265 0.5577439069747925
-1.8115595579147339 0.5226261019706726 0.9109591245651245
-0.34540778398513794 0.7463034987449646 1.6595101356506348
0.9077171087265015 0.7243140339851379 0.5692121982574463
-1.6834100484848022 0.3153846561908722 1.5018318891525269
-1.3376259803771973 0.7152013778686523 0.736851692199707
0.6787304878234863 1.0336332321166992 1.093902587890625
-1.2470765113830566 0.5964721441268921 -0.5681671500205994
-1.2300618886947632 0.5961178541183472 0.6578640937805176
-0.05981898307800293 0.8839234113693237 -0.47953712940216064
-0.5319495797157288 0.9745762944221497 1.7034132480621338
0.249752014875412 0.8375043869018555 1.4118366241455078
-1.84480881690979 0.6319777965545654 0.5305375456809998
-0.431745707988739 0.4020225405693054 0.49172571301460266
-1.322873830795288 0.5985586643218994 0.08480759710073471
0.9018160104751587 1.0571786165237427 0.25062865018844604
-0.9227195978164673 0.48291897773742676 0.3386828303337097
-0.8789007663726807 0.7122027277946472 1.2253526449203491
-1.5647501945495605 0.595121443271637 -0.32730403542518616
-1.1162372827529907 0.6239345073699951 -0.5768319368362427
-1.8576406240463257 0.6335048079490662 0.8242615461349487
0.9132304191589355 0.8336578011512756 0.40966176986694336
-0.04329603165388107 0.2951698303222656 0.891240119934082
-0.621550977230072 0.5849826335906982 0.8053433299064636
-0.6801618933677673 0.36009150743484497 -0.22579532861709595
-1.1194077730178833 0.4895761013031006 -0.02262219786643982
-1.16679847240448 0.5498172044754028 0.17797966301441193
-0.8651619553565979 0.731739342212677 1.1314365863800049
-0.3671121895313263 0.3518552780151367 -0.28295624256134033
-1.2471911907196045 0.7453394532203674 -0.3293566405773163
0.7197179198265076 0.7454127073287964 -0.40887895226478577
0.02466079220175743 0.5351670384407043 0.9070213437080383
0.8131163716316223 0.8267951607704163 0.14626838266849518
-0.8977579474449158 0.6122004985809326 0.9777255654335022
-0.4649835526943207 0.4424578845500946 0.19914336502552032
-0.5165462493896484 0.8097423315048218 0.7402017712593079
0.3740987479686737 0.5624127388000488 -0.8981196284294128
0.8798709511756897 0.5430276989936829 0.4194263219833374
0.05118945986032486 0.2851629853248596 0.2758029103279114
0.8069416880607605 0.4215463101863861 -0.32123875617980957
-0.5997682213783264 0.41077470779418945 0.45027095079421997
0.8472599983215332 0.5554720759391785 0.13773658871650696
0.25449252128601074 0.7762738466262817 -0.9532787799835205
-0.1669718474149704 0.6105729937553406 -0.7633652687072754
-0.0579664371907711 0.7916775345802307 0.9533339738845825
-0.2196541130542755 0.770480751991272 -0.6984701752662659
0.3383364677429199 0.30346760153770447 -0.5326902866363525
0.35612210631370544 0.3421764671802521 -0.10735265165567398
-0.2809375524520874 0.32993263006210327 0.6895490288734436
0.30662447214126587 0.7231497764587402 0.5194374918937683
-0.3584727644920349 0.42619144916534424 0.8800790905952454
0.14017999172210693 0.7073322534561157 0.7955062389373779
0.17127083241939545 0.5764617919921875 0.6077146530151367
-0.07912027835845947 0.5940990447998047 0.008846491575241089
-0.4852733016014099 1.0811811685562134 0.5670026540756226
-0.5087176561355591 0.967318058013916 0.2808086574077606
0.3395911455154419 0.4751613736152649 0.6613594889640808
-0.07374216616153717 0.5900848507881165 0.7510605454444885
-0.36005699634552 0.649382472038269 0.8317915797233582
-0.3836750388145447 0.7051831483840942 0.1746143400669098
-0.09704582393169403 0.4617357552051544 -0.3212122619152069
0.22086569666862488 0.8423194885253906 0.8000361919403076
-0.2979036569595337 0.5648555755615234 0.6908164620399475
-0.1447310894727707 0.6599491238594055 0.9093776345252991
0.0528738908469677 0.2851104736328125 -0.03395586833357811
0.1458476036787033 0.6699767708778381 0.5103657841682434
0.40087220072746277 0.3162001967430115 0.30002832412719727
-0.0844285637140274 0.6741277575492859 0.12321878969669342
-0.2904420793056488 0.5909757614135742 0.3338939845561981
-0.35161152482032776 0.9051996469497681 0.8839194774627686
-0.1432136744260788 1.0395410060882568 0.898520290851593
0.18361732363700867 0.714917778968811 0.23124846816062927
0.35132449865341187 0.858580470085144 0.4977790415287018
-0.0445331446826458 0.9039098024368286 -0.002353040501475334
0.18431341648101807 0.8055424690246582 0.10605809092521667
-0.5645127296447754 0.8118847608566284 0.38137000799179077
-1.2046480178833008 2.3956916332244873 0.3791492283344269
0.27437159419059753 0.9492716789245605 0.19378161430358887
-0.4691886305809021 0.6518636345863342 0.4310547411441803
0.2527163326740265 1.0460325479507446 0.6763519644737244
0.1530235856771469 1.2485010623931885 0.5673981308937073
-0.3099426329135895 1.1291046142578125 0.1191663146018982
-0.9411053657531738 2.3223319053649902 0.13678757846355438
-0.32395368814468384 0.9097356200218201 0.06387826055288315
-0.27675262093544006 1.1894680261611938 0.6329038739204407
0.07188364863395691 1.0505352020263672 0.841121256351471
0.1927807778120041 1.1598539352416992 0.17333614826202393
0.325999915599823 1.0678695440292358 0.4166566729545593
-0.17034104466438293 0.7611343860626221 0.020825179293751717
-0.031099628657102585 1.094061017036438 0.02401873655617237
-0.024489471688866615 0.5809777975082397 0.2771598994731903
-0.7846018671989441 2.396311044692993 0.1285240650177002
-1.0460600852966309 2.2943367958068848 0.26826947927474976
-0.9976787567138672 2.3831353187561035 0.4734552800655365
-0.551720380783081 2.514120578765869 1.0820622444152832
-1.1674487590789795 2.539907455444336 0.53280109167099
-0.08333653956651688 1.3022873401641846 0.5326321721076965
-1.3071736097335815 2.521423578262329 0.21313296258449554
-1.1741293668746948 2.3685529232025146 0.1501535177230835
-0.45553210377693176 2.5576539039611816 0.9676291346549988
-0.265036404132843 1.2679600715637207 0.3127087354660034
-0.7206630110740662 2.5771079063415527 1.0511157512664795
-0.606423556804657 2.6928603649139404 1.3116130828857422
-0.8733262419700623 2.506451368331909 0.5721754431724548
-0.38952961564064026 2.6081900596618652 1.1979936361312866
-0.3206377327442169 2.680964469909668 1.0011470317840576
-0.7268564701080322 2.859933614730835 1.1564234495162964
-1.1611212491989136 2.7680115699768066 0.47856923937797546
0.021267119795084 1.3191843032836914 0.2620137929916382
-0.5665948390960693 2.563480854034424 1.216533899307251
-0.9819884300231934 2.440120220184326 -0.03343963623046875
-1.168423056602478 2.523061752319336 -0.02102852426469326
-0.3137443959712982 4.168126106262207 0.7251242399215698
-0.24254289269447327 3.8729360103607178 0.554243803024292
-0.42039427161216736 3.9152164459228516 0.27876096963882446
-0.10563797503709793 4.176267147064209 -0.03086673468351364
-0.4722664952278137 2.8682351112365723 0.871557891368866
-0.5993807315826416 2.5557186603546143 0.8776509761810303
-0.7963666915893555 2.8205785751342773 0.21525122225284576
-0.29388752579689026 3.945692777633667 0.07876831293106079
-0.5628876686096191 4.1416730880737305 0.44356656074523926
-0.7090038657188416 2.55705189704895 0.08838494122028351
-1.2246580123901367 2.7616357803344727 0.08631420880556107
-0.45530128479003906 4.0910563468933105 0.16764312982559204
-0.46830523014068604 4.000090599060059 0.49418771266937256
-1.0307199954986572 2.8970470428466797 0.3034760355949402
-0.900385856628418 2.687392234802246 -0.05467991158366203
-0.36568504571914673 2.8434090614318848 1.2319515943527222
-0.04518062621355057 3.999385356903076 0.004738263785839081
-0.7233937978744507 2.5540897846221924 0.44446682929992676
0.1622137725353241 3.9581406116485596 0.1573168933391571
-0.7592851519584656 2.6457135677337646 0.8345516324043274
-0.8339102268218994 2.346893548965454 0.3282688856124878
-0.009055476635694504 3.8923065662384033 0.1650458723306656
0.11553092300891876 3.8693478107452393 0.3580586910247803
-0.061741624027490616 4.152933120727539 0.7097654938697815
0.23519659042358398 4.041397571563721 0.37690988183021545
-0.006349076516926289 3.8460397720336914 0.4558122456073761
-0.28445637226104736 3.834608793258667 0.27200570702552795
-0.16497206687927246 3.800199508666992 0.3620452582836151
-0.7940875887870789 5.05031681060791 1.2669857740402222
-0.28643739223480225 4.316690444946289 0.06098748371005058
-0.25250789523124695 3.9788835048675537 0.6603747606277466
-0.5708099603652954 4.313102722167969 0.42974263429641724
0.1647244095802307 4.160137176513672 0.058576084673404694
-0.9761550426483154 4.905083656311035 1.0852227210998535
-0.366174578666687 5.442598819732666 0.4882466495037079
-0.8317462205886841 4.853182792663574 1.164926528930664
-0.4492240250110626 4.413354873657227 0.23817987740039825
0.07805423438549042 4.180335521697998 0.6287656426429749
-0.7682581543922424 4.857988357543945 1.1990314722061157
-0.2696673572063446 5.468764305114746 0.38377049565315247
-0.25986894965171814 4.4772796630859375 0.4840785264968872
-1.3031208515167236 4.934958457946777 -0.38572824001312256
-0.32303205132484436 4.375509738922119 0.6734820604324341
-1.2544513940811157 4.937686920166016 -0.4298570454120636
-0.9130992293357849 4.922018051147461 1.1563503742218018
-0.4825435280799866 5.4897236824035645 0.5557563900947571
-0.7946014404296875 4.881819725036621 1.1364299058914185
-0.30507799983024597 5.464232921600342 0.6084816455841064
-0.25806939601898193 6.01020622253418 0.16478823125362396
0.10590104758739471 4.37786865234375 0.23519974946975708
-0.04539370536804199 5.965082168579102 0.7081998586654663
-0.5859772562980652 5.591633319854736 0.5553626418113708
-0.11835508048534393 5.543439865112305 0.579936146736145
-0.06952855736017227 5.764834403991699 0.7261453866958618
-0.28325730562210083 5.659690856933594 0.20979417860507965
-0.008601762354373932 5.763605117797852 0.2723693251609802
-0.27320677042007446 5.623679161071777 0.773308277130127
0.18296459317207336 4.2226715087890625 0.4970279335975647
0.05680416151881218 5.676968097686768 0.4392686188220978
0.05401388183236122 5.985897541046143 0.3902452886104584
-0.59840989112854 6.010709285736084 0.40716421604156494
-0.1477193981409073 4.47040319442749 0.23349320888519287
-0.3582267165184021 5.8433356285095215 0.14710158109664917
-0.5781746506690979 5.726717472076416 0.31350207328796387
-0.3883958160877228 5.951464653015137 0.8253709673881531
-0.45035049319267273 6.212117671966553 0.2924371361732483
-0.622282862663269 5.855111598968506 0.5755570530891418
-0.20722690224647522 6.267823219299316 0.23924697935581207
-0.025302063673734665 6.176815032958984 0.3673230707645416
-0.12048850953578949 6.120464324951172 0.8191848993301392
-0.2504511773586273 5.605833053588867 0.27028581500053406
-0.6183627247810364 6.1862030029296875 0.2062094807624817
-0.11809046566486359 6.547733306884766 0.47784045338630676
-0.08844027668237686 6.4095001220703125 0.8205561637878418
-0.3964923918247223 6.5134596824646 0.365864634513855
-0.04337111487984657 6.295082092285156 0.6316178441047668
-0.5734046101570129 6.168234348297119 0.6022130846977234
-0.4348725378513336 5.780244827270508 0.7993685007095337
-0.5991213321685791 6.463897705078125 0.7071247100830078
-0.3903595805168152 6.515861511230469 0.9590560793876648
-0.5739675164222717 6.510829448699951 0.5297381281852722
-0.49535274505615234 6.340972900390625 0.8488386273384094
-0.4855562150478363 6.862985610961914 0.4787600040435791
-0.35480713844299316 6.831356048583984 1.005913257598877
-0.3550838828086853 6.195104598999023 0.8593523502349854
-0.12771768867969513 6.861332416534424 0.4762582778930664
-0.22570493817329407 6.595019340515137 0.989942193031311
-0.2911435663700104 6.659231662750244 0.3688699007034302
-0.38955986499786377 7.153391361236572 0.39891359210014343
-0.45092305541038513 7.387101173400879 0.2853669226169586
-0.26016491651535034 7.511504650115967 0.42214828729629517
-0.577332615852356 6.954596519470215 0.6455304622650146
-0.5621294975280762 7.652691841125488 0.1278371959924698
-0.09667424112558365 6.68325662612915 0.834312915802002
-0.4095153510570526 7.656548976898193 0.1860300451517105
-0.7157724499702454 7.57409143447876 0.2244778871536255
-0.5982939004898071 7.322233200073242 0.40243420004844666
-0.5529327988624573 6.76043176651001 0.8336207866668701
-0.16141462326049805 7.124576091766357 0.6189044713973999
-0.09691796451807022 6.859762191772461 0.7455699443817139
-0.3137982487678528 7.068988800048828 0.9386239051818848
-0.4092630445957184 7.926360607147217 0.0956701934337616
-0.594330906867981 7.253952980041504 0.8850783109664917
-0.5229001641273499 7.110157489776611 0.896767258644104
-0.2951105833053589 7.439598560333252 0.7458182573318481
-0.4872379004955292 7.478377819061279 0.8888870477676392
-0.7158159613609314 7.435699462890625 0.4300519824028015
-0.31176644563674927 7.771457672119141 0.4412316679954529
-0.19923090934753418 7.264571666717529 0.5403981804847717
-0.3467182219028473 8.084968566894531 0.14870692789554596
-0.5796220898628235 7.962203025817871 0.03252660483121872
-0.3639882802963257 8.021956443786621 0.46387407183647156
-0.7726554870605469 7.613564968109131 0.6984571218490601
-0.739945650100708 7.478561878204346 0.6072074174880981
-0.6677188277244568 8.460835456848145 0.790471076965332
-0.5606201887130737 8.376693725585938 0.8645534515380859
-0.8032812476158142 7.73073148727417 0.2771214246749878
-0.8251010179519653 7.980722904205322 0.4000266492366791
-0.4765930473804474 8.263996124267578 0.040217235684394836
-0.8600664734840393 8.060347557067871 0.5091206431388855
-0.4690774381160736 7.69269323348999 0.8009079098701477
-0.32900872826576233 8.273094177246094 0.05632372200489044
-0.8001296520233154 7.827014446258545 0.7134135365486145
-0.736359715461731 8.018669128417969 0.15768447518348694
-0.3832952380180359 8.565922737121582 0.12496142089366913
0.021588362753391266 9.19170093536377 0.564529299736023
-0.5251719355583191 8.019648551940918 0.6807124614715576
-0.6594342589378357 7.946226119995117 0.837036669254303
-0.9574111700057983 9.199037551879883 0.41198161244392395
-0.9807155132293701 9.220686912536621 0.3310411274433136
0.08091918379068375 9.186910629272461 0.7478703260421753
-0.5126593112945557 8.43364143371582 0.7499335408210754
-0.08917995542287827 8.856646537780762 0.2559282183647156
-0.25712504982948303 8.395602226257324 0.0014292392879724503
-0.12387025356292725 9.15671443939209 0.8583542108535767
-0.10576130449771881 8.584831237792969 -0.011362402699887753
-1.1569554805755615 9.641363143920898 0.41232848167419434
-0.16194996237754822 8.498623847961426 0.10279783606529236
-0.6077791452407837 8.245793342590332 0.8398299813270569
-0.8400065302848816 8.69315242767334 0.4730277359485626
-0.7965344786643982 9.261547088623047 0.4180779755115509
-0.8199439644813538 9.256839752197266 0.3341964781284332
-0.24843108654022217 9.305789947509766 0.8613179922103882
-0.06103386729955673 9.047196388244629 0.6832537055015564
-0.0321621298789978 9.151405334472656 0.8907711505889893
-1.0708963871002197 9.524911880493164 0.15798206627368927
-0.19021907448768616 8.744672775268555 0.03766172006726265
-0.04989399015903473 8.695855140686035 0.11635702848434448
-0.8107906579971313 9.555192947387695 0.07368925958871841
-0.7375079393386841 9.468049049377441 0.5477350354194641
-0.7116354703903198 9.49874210357666 0.14559665322303772
-1.1075414419174194 9.372100830078125 0.4001680314540863
0.14512063562870026 9.30659294128418 0.6481844186782837
-0.16695727407932281 9.212496757507324 0.6701750159263611
-0.7514204382896423 9.933561325073242 0.9661456346511841
-0.5797576308250427 9.917269706726074 0.7208396792411804
-0.7459524869918823 9.689642906188965 0.08103275299072266
-0.20459102094173431 10.159723281860352 0.02993442304432392
-0.995648980140686 9.91567611694336 0.1399296522140503
-0.6811755299568176 10.002103805541992 0.529217004776001
-0.6281582117080688 10.01972770690918 0.09900183230638504
-0.6926565766334534 9.880341529846191 0.8790877461433411
-0.8739801645278931 9.966571807861328 0.8292679190635681
-0.7838060259819031 10.18018913269043 0.2037898153066635
-0.9356936812400818 9.776201248168945 0.5776489973068237
-0.8046188354492188 9.967135429382324 0.23126927018165588
0.05292564630508423 9.517930030822754 0.8892709612846375
-0.4845728874206543 10.075350761413574 0.027941733598709106
-0.16661791503429413 10.192033767700195 -0.07831203937530518
-0.16416321694850922 10.066351890563965 -0.1512290984392166
-0.9285319447517395 9.633988380432129 0.5441798567771912
-0.5935028791427612 9.954082489013672 0.3263740539550781
-0.13029687106609344 10.038949012756348 -0.02504419907927513
-0.6905655264854431 10.14181900024414 0.9739819765090942
-0.7215219736099243 10.266464233398438 0.8736001253128052
0.2445337176322937 10.479573249816895 0.9996321201324463
-0.9539176821708679 9.876116752624512 0.5791239738464355
-0.5603842735290527 10.11668872833252 0.7680345773696899
0.1967943012714386 10.715221405029297 1.0594981908798218
-0.911636233329773 10.710423469543457 1.0017049312591553
-0.025692284107208252 10.311652183532715 0.04559572786092758
-0.7316111326217651 10.415249824523926 -0.10924530029296875
-0.6192442774772644 10.461957931518555 -0.12864245474338531
-0.7007327079772949 10.36008358001709 0.017689285799860954
-0.6632856130599976 10.411308288574219 0.8251940011978149
-0.7504480481147766 10.660722732543945 -0.15855634212493896
0.2171086221933365 10.603616714477539 0.049221672117710114
0.2725808918476105 10.50505542755127 0.10968534648418427
-0.6969872117042542 10.546640396118164 -0.008166313171386719
0.26557260751724243 10.843538284301758 0.9062191247940063
-0.8697800040245056 10.630769729614258 0.9150050282478333
-0.991645097732544 10.677255630493164 1.035444974899292
-0.6458214521408081 10.58072566986084 0.8445587754249573
-0.6514540314674377 10.536685943603516 0.7128090262413025
0.3470354378223419 10.670536041259766 0.09705942869186401
-0.062227219343185425 11.03157901763916 1.160628318786621
-0.792554497718811 10.842694282531738 -0.23473027348518372
0.2767396569252014 10.94811725616455 1.1829851865768433
-0.646778404712677 10.751531600952148 -0.14275088906288147
0.3740706741809845 10.954402923583984 0.2803807556629181
0.023669704794883728 11.047894477844238 1.1023517847061157
0.14029040932655334 11.078080177307129 1.155808687210083
-1.01630699634552 10.980658531188965 1.0346969366073608
-0.2047971487045288 11.094717979431152 0.7797059416770935
-0.8706940412521362 11.038348197937012 0.9521428942680359
-0.7647860050201416 11.016938209533691 -0.19219648838043213
0.3772355318069458 11.086522102355957 1.2932441234588623
-0.4401719272136688 11.045557022094727 0.6860241293907166
0.4414501488208771 11.195842742919922 1.0836509466171265
-0.40153366327285767 11.211627006530762 0.8084998726844788
-0.9073755741119385 11.19751262664795 -0.02321377396583557
0.29014721512794495 11.214455604553223 1.113839864730835
-1.0148860216140747 11.347859382629395 -0.009794246405363083
0.08314050734043121 11.266785621643066 0.8682917356491089
0.32472649216651917 11.3207426071167 -0.006703127175569534
0.3340156674385071 11.347341537475586 -0.5080386996269226
-0.9967292547225952 11.388484001159668 -0.1910088062286377
0.04926343262195587 11.350528717041016 0.7800862789154053
-0.011626814492046833 11.378643989562988 0.7292901277542114
-0.354505330324173 11.443926811218262 0.5575881004333496
-1.4033095836639404 11.399099349975586 0.14653751254081726
0.2958419620990753 11.399397850036621 0.3576979339122772
-0.8600016236305237 11.418931007385254 1.2174335718154907
0.4385032653808594 11.442045211791992 0.8590772151947021
-1.2636610269546509 11.503942489624023 0.3177100718021393
-0.3630813956260681 11.476702690124512 1.1773403882980347
-0.768359899520874 11.481678009033203 0.00858046393841505
-0.5352249145507812 11.516855239868164 0.613899290561676
-0.370049387216568 11.549731254577637 0.005158754996955395
-0.34254226088523865 11.563643455505371 -0.2093954086303711
-0.38191744685173035 11.553731918334961 -0.07635319977998734
-1.1497869491577148 11.572991371154785 -0.4330112338066101
-0.4224631190299988 11.577282905578613 0.5516760349273682
