246
-0.9229444861412048 3.563711404800415 0.734313428401947
-0.9950036406517029 3.4373080730438232 0.2689976394176483
-0.8621348738670349 3.245471239089966 0.6141577959060669
-0.08729252219200134 3.5329484939575195 0.434838205575943
-0.902416467666626 3.2404215335845947 0.33653536438941956
-0.4141044318675995 3.190047264099121 0.14766232669353485
-0.30397334694862366 3.2223153114318848 0.5095269083976746
-0.8200717568397522 3.412670612335205 0.8008004426956177
-0.5827847719192505 3.2289631366729736 0.05149780586361885
-0.6188340783119202 3.369481086730957 -0.06815923750400543
-0.16258575022220612 3.3673274517059326 0.4474070966243744
-0.7524787783622742 3.1903979778289795 0.18902988731861115
-1.0200960636138916 3.434767961502075 0.5103895664215088
-0.8506003022193909 3.3592689037323 0.08279883116483688
-0.5983071327209473 3.139253854751587 0.5212023854255676
-0.5160874128341675 3.0965192317962646 0.3319889008998871
-0.7151810526847839 3.1414718627929688 0.4067387282848358
-0.3095413148403168 3.178976535797119 0.29717475175857544
-0.36916568875312805 3.4949216842651367 -0.09429828077554703
-0.7055374383926392 4.157618522644043 0.5239868760108948
-0.40113717317581177 4.319179058074951 0.5953720808029175
-0.2978147268295288 3.3332159519195557 0.0388960987329483
-0.0807899534702301 3.7337186336517334 0.32071924209594727
-1.0178264379501343 3.6834030151367188 0.2820401191711426
-0.49350056052207947 3.761007785797119 0.38040849566459656
-0.1577783077955246 3.467362880706787 0.13679787516593933
-0.6451139450073242 3.164736747741699 0.6792586445808411
-0.7931265234947205 3.5232558250427246 -0.045650556683540344
-0.20092526078224182 3.6876707077026367 0.023599518463015556
-0.4575154483318329 3.659611225128174 0.8775119781494141
-0.5236078500747681 3.63789439201355 -0.1332480013370514
-0.26196855306625366 3.865734100341797 0.7151467800140381
-0.1541186273097992 4.001135349273682 0.5249825119972229
-0.3786916434764862 3.9114060401916504 0.8547679781913757
-0.6071000695228577 3.3265836238861084 0.8409937024116516
-0.5585296154022217 3.525897264480591 0.893276572227478
-0.1724376380443573 3.9438605308532715 0.25475677847862244
-0.8859792351722717 3.7740676403045654 0.09562011808156967
-0.37065500020980835 3.8663828372955322 -0.03533420339226723
-0.7190724015235901 3.8314707279205322 -0.051900655031204224
-0.8040978312492371 3.976029872894287 0.34765347838401794
-0.44592273235321045 3.2552497386932373 0.7660404443740845
-0.23228572309017181 3.6341047286987305 0.6554486751556396
-0.47032421827316284 5.263564109802246 -0.16688008606433868
-0.1898096799850464 4.195639610290527 0.4806385934352875
-0.6496202349662781 4.032149314880371 0.1385507434606552
-0.3691653609275818 4.078760147094727 0.08816051483154297
-0.6675648093223572 3.9434821605682373 0.7363143563270569
-0.9200084805488586 3.727004289627075 0.5573980808258057
-0.2943800091743469 3.2996232509613037 0.6769123077392578
-0.29896584153175354 4.325459003448486 0.27676573395729065
-0.5863542556762695 5.094297409057617 0.051072608679533005
-0.5736290812492371 5.068273067474365 0.26267942786216736
-0.4317217171192169 4.780578136444092 0.2589743435382843
-0.5256433486938477 4.281820297241211 0.15818874537944794
-0.8806836009025574 3.853861093521118 0.6432516574859619
-0.34531131386756897 5.203454494476318 -0.06468187272548676
-0.43684470653533936 4.129068851470947 0.7596772909164429
-0.6106165647506714 4.331266403198242 0.4020170569419861
-0.44768741726875305 4.675549030303955 0.2472008764743805
-0.7149069905281067 5.441164493560791 -0.1921011507511139
-0.7410599589347839 5.192784786224365 0.1346130073070526
-0.3865783214569092 5.0321173667907715 0.077076256275177
-0.3295591175556183 5.57412052154541 -0.03626216575503349
-0.49173593521118164 5.600038528442383 -0.18499180674552917
-0.6892263889312744 5.24790096282959 -0.1228925958275795
-0.6377511024475098 5.306840896606445 0.37306496500968933
-0.8344913721084595 5.3403730392456055 0.09339087456464767
0.3859160244464874 6.300970554351807 1.2020491361618042
-1.2482515573501587 5.293915748596191 0.8562003374099731
-0.7029494047164917 5.525949478149414 0.3683260977268219
-0.32108110189437866 5.139349937438965 0.26884564757347107
-0.8963744640350342 6.588836669921875 0.491610050201416
-0.9053859114646912 5.513367652893066 0.12172407656908035
-0.7802495956420898 5.867212772369385 -0.026339732110500336
-0.4582493305206299 5.499260902404785 0.38041484355926514
0.25500234961509705 6.297828197479248 1.073677897453308
-1.2200927734375 5.359066009521484 0.8655117154121399
0.2540223002433777 6.231435775756836 1.1569764614105225
0.4738868176937103 6.434084415435791 1.292218804359436
-0.772887647151947 5.662037372589111 -0.14860695600509644
-0.8638269901275635 6.1008477210998535 0.24977518618106842
0.18565605580806732 6.325000762939453 1.3369566202163696
-0.2943281829357147 5.322323322296143 0.33017027378082275
-0.8538943529129028 6.290241241455078 0.2610782980918884
-0.8502404689788818 5.698270797729492 0.22724919021129608
-0.83162522315979 6.4377665519714355 0.4259989857673645
-0.4830285906791687 5.745995044708252 0.15535800158977509
0.13057200610637665 6.403069019317627 1.0795810222625732
-1.02072012424469 6.5542731285095215 0.3348425328731537
-0.9188856482505798 7.136509418487549 0.18946067988872528
-0.8487573266029358 5.921306610107422 0.19223113358020782
0.24983644485473633 6.238739967346191 1.2719711065292358
-0.22652946412563324 5.289035797119141 0.08275578171014786
-0.6068523526191711 7.301473140716553 0.718069851398468
-0.6501315832138062 7.180405139923096 0.4192923605442047
-0.8803260326385498 6.54541015625 0.15642589330673218
-0.58572918176651 7.3854660987854 0.40103140473365784
-1.0516517162322998 6.837632656097412 0.3145100772380829
-0.7530126571655273 6.427185535430908 0.34311801195144653
-0.687766432762146 6.785667419433594 0.36161530017852783
-0.5169590711593628 7.38401460647583 0.8319278359413147
-0.8097428679466248 7.251951217651367 0.6631954312324524
-0.8788881301879883 6.74841833114624 0.16789734363555908
-0.6415618062019348 7.4037909507751465 0.9403778314590454
-0.46573442220687866 7.3811163902282715 0.5965518951416016
-0.9189924597740173 7.543848514556885 0.7788166403770447
-0.864554226398468 6.910787105560303 0.5804178714752197
-0.13900063931941986 8.676819801330566 0.04598361998796463
-0.9823164939880371 7.0434980392456055 0.5124384760856628
-0.7890709042549133 7.520191192626953 1.0158871412277222
0.37736940383911133 6.540069580078125 1.0928046703338623
-0.9925719499588013 7.048309803009033 0.18383240699768066
-0.90138840675354 7.762019157409668 0.8216109871864319
-0.03975420445203781 8.466849327087402 -0.02559863217175007
-0.4876156449317932 7.57759952545166 1.0184463262557983
-0.36484137177467346 7.640549182891846 0.8188562393188477
-1.0148262977600098 7.312638282775879 0.49554574489593506
-0.3909449875354767 7.606559753417969 0.5291851758956909
-1.0061074495315552 7.688494682312012 0.4257681965827942
-0.026372596621513367 8.476689338684082 0.14402827620506287
-0.7552638649940491 8.134611129760742 0.5678604245185852
-0.7155525088310242 7.681445598602295 1.0515539646148682
-1.0451080799102783 7.3213019371032715 0.2610398232936859
-0.8052764534950256 7.4756855964660645 0.24856127798557281
-1.0089799165725708 7.471332550048828 0.6809564232826233
-0.04891122132539749 8.490965843200684 0.21030232310295105
-0.3596666753292084 7.830510139465332 0.6278683543205261
-0.604805052280426 8.130864143371582 0.6365562677383423
-0.5325613021850586 7.790853500366211 0.4303925037384033
-0.6356794834136963 7.845153331756592 0.32843509316444397
-0.9238619804382324 7.901478290557861 0.4482285678386688
-0.5443226099014282 7.882622718811035 0.9964166879653931
-0.625802218914032 8.953645706176758 0.10351329296827316
-0.8492008447647095 7.684395790100098 0.2809644341468811
0.1362350583076477 8.538593292236328 -0.017654819414019585
-0.3914392590522766 7.958988666534424 0.7781062722206116
-0.16606619954109192 8.338472366333008 0.014762748964130878
-0.7157570123672485 8.003103256225586 0.8172447085380554
-0.6729229688644409 8.956452369689941 0.13693127036094666
-0.26377326250076294 9.489965438842773 0.8952173590660095
0.18249177932739258 8.722600936889648 -0.22445181012153625
0.09794896841049194 8.724385261535645 0.2678716480731964
-0.022472737357020378 8.976540565490723 0.022079341113567352
0.2770366370677948 8.602009773254395 -0.030198698863387108
-0.4901087284088135 7.978590965270996 0.34065335988998413
0.3560630977153778 8.84504508972168 -0.016254719346761703
-0.17135369777679443 8.611818313598633 0.582911491394043
0.11544525623321533 8.884364128112793 -0.2813836336135864
-0.024230429902672768 9.379870414733887 1.0504035949707031
-0.09848488867282867 8.850931167602539 -0.1289801448583603
0.28220000863075256 8.990214347839355 -0.24470125138759613
0.29775434732437134 9.074152946472168 -0.12095193564891815
-0.7940875291824341 8.87657356262207 0.0756911039352417
0.08992951363325119 9.492910385131836 0.8399144411087036
-0.8520932197570801 8.828672409057617 0.02022562548518181
0.09131375700235367 9.376413345336914 0.9648718237876892
-0.9305139780044556 8.863097190856934 -0.00603057723492384
-0.5652150511741638 8.846165657043457 -0.00482485955581069
-0.5224311947822571 9.672990798950195 0.33019939064979553
-0.5687021613121033 9.756620407104492 0.36760780215263367
-0.9976069331169128 8.874150276184082 -0.005962928757071495
-0.019098643213510513 9.402166366577148 1.1174347400665283
-0.9073641300201416 9.950084686279297 1.292194128036499
-0.7667526006698608 9.77242660522461 0.4272245168685913
0.1160498857498169 9.2201509475708 -0.10141393542289734
0.0033534294925630093 9.782161712646484 0.8174490928649902
-0.25779691338539124 9.620207786560059 1.0626739263534546
-0.08123908191919327 9.57866096496582 1.2299764156341553
0.27734410762786865 9.531750679016113 -0.059974443167448044
-0.2166130691766739 9.579803466796875 0.7136603593826294
0.2416161596775055 9.232034683227539 -0.025495562702417374
-0.5684733390808105 9.683466911315918 0.4987257421016693
-0.7836928963661194 9.830137252807617 0.5808594226837158
-0.1967996209859848 9.83390998840332 0.9273159503936768
-0.3882303535938263 10.153495788574219 0.049044154584407806
-0.06816937774419785 9.82080078125 0.6988223195075989
0.27948546409606934 10.027835845947266 0.42080721259117126
0.2343742996454239 9.963187217712402 0.04499594867229462
0.21125632524490356 10.00133228302002 0.3182525932788849
-0.7393993139266968 9.795567512512207 0.4832330048084259
-0.874531626701355 10.403263092041016 0.16612690687179565
0.28384700417518616 10.056961059570312 0.011766241863369942
-1.1292662620544434 9.947223663330078 1.2113417387008667
0.43295910954475403 10.286856651306152 0.2097899168729782
0.27303406596183777 10.554986953735352 0.24930733442306519
0.01679663173854351 10.308090209960938 0.015667997300624847
-1.0061120986938477 10.277999877929688 0.3768737018108368
0.08499836176633835 10.103958129882812 0.10639209300279617
0.11387457698583603 10.196952819824219 0.4073716700077057
0.20110593736171722 10.191779136657715 0.47631531953811646
0.26617538928985596 10.333829879760742 -0.1361265778541565
0.40696972608566284 10.250784873962402 0.02345344051718712
0.17923057079315186 9.939653396606445 0.5361310243606567
0.025662872940301895 10.197940826416016 -0.08170146495103836
-0.8249707818031311 10.120655059814453 0.5092101097106934
-1.0182671546936035 10.669900894165039 -0.08070187270641327
-1.1258851289749146 10.44566822052002 0.19096988439559937
-1.0497065782546997 10.593636512756348 0.23606909811496735
-0.8910674452781677 10.797966003417969 1.149448037147522
-1.1362920999526978 10.749366760253906 0.18869340419769287
0.15595494210720062 10.543636322021484 0.11389923840761185
-1.1640067100524902 10.76793384552002 0.07909997552633286
-1.1214030981063843 10.631307601928711 0.05680353194475174
-0.9046853184700012 10.88038158416748 1.220208764076233
0.21461035311222076 10.621389389038086 -0.11228011548519135
-0.7951664328575134 10.980724334716797 1.3269270658493042
-0.41071730852127075 10.925336837768555 1.272891640663147
-1.0340590476989746 10.772690773010254 0.45097973942756653
-0.5263705253601074 10.9371919631958 1.246474266052246
-0.47444412112236023 11.026989936828613 1.2197941541671753
-1.0379788875579834 10.924769401550293 0.867033064365387
-0.8203853368759155 11.02348518371582 -0.010137803852558136
0.22749857604503632 10.674025535583496 -0.04830680042505264
-0.7451490163803101 10.960691452026367 1.3428279161453247
-1.1219040155410767 10.923498153686523 -0.045148227363824844
-0.9987147450447083 11.049680709838867 -0.00010887556709349155
0.2770881652832031 11.052993774414062 0.4728022813796997
0.3404001295566559 11.236103057861328 0.899763286113739
0.17154310643672943 11.210116386413574 1.1095086336135864
-0.3092488646507263 11.157191276550293 0.12446855008602142
-0.08838719874620438 11.17119026184082 1.306260108947754
-1.059480905532837 11.185938835144043 1.196890115737915
-1.2302172183990479 11.207967758178711 0.6147111654281616
0.25560468435287476 11.22562026977539 1.294461965560913
-0.17841798067092896 11.240934371948242 -0.22908605635166168
-1.1682966947555542 11.2737455368042 0.2746240496635437
-1.1498332023620605 11.29569149017334 0.10744523257017136
-0.19513371586799622 11.377753257751465 -0.05796389281749725
0.4457065761089325 11.307807922363281 0.5809739232063293
-1.1185026168823242 11.340880393981934 0.654597818851471
-1.0430517196655273 11.345799446105957 -0.04821181297302246
-0.48586106300354004 11.307890892028809 1.1936858892440796
-0.20257285237312317 11.377346992492676 0.15647749602794647
-1.2694196701049805 11.46253490447998 -0.34925377368927
0.19377388060092926 11.437918663024902 0.2910946309566498
-0.9525596499443054 11.481520652770996 1.2246136665344238
-1.3715860843658447 11.476101875305176 0.7357657551765442
-0.6990760564804077 11.4859619140625 0.17254196107387543
0.33510446548461914 11.540253639221191 0.3436255156993866
-0.4850567877292633 11.543173789978027 0.004681780468672514
0.4960397481918335 11.532476425170898 -0.09556403011083603
0.4313798248767853 11.548429489135742 -0.040331676602363586
0.3572251498699188 11.564584732055664 0.7846634984016418
0.11115594953298569 11.566781044006348 0.9523839950561523
0.2006271928548813 11.58115291595459 1.0161703824996948
