340
-1.089849829673767 1.3297803401947021 0.9079383015632629
-1.4677293300628662 1.306848168373108 0.09835895895957947
-1.5215904712677002 1.0293561220169067 0.8705482482910156
0.3704225420951843 1.0539751052856445 0.41182127594947815
-1.593949317932129 1.1481724977493286 0.28197139501571655
-0.3396930694580078 0.9265933632850647 -0.5660198926925659
-0.1726783812046051 0.9889572262763977 0.6246798634529114
-1.175630807876587 1.3634685277938843 1.0964641571044922
-0.8302896618843079 0.7742273807525635 -0.5978073477745056
-0.7836534380912781 1.240553379058838 -0.6194248199462891
0.050852179527282715 1.5892724990844727 0.381464421749115
-1.3582686185836792 1.094356894493103 -0.24758508801460266
-1.4523543119430542 1.321750521659851 0.5308411121368408
-1.3251322507858276 1.4055252075195312 -0.19483131170272827
-0.816230297088623 1.2427116632461548 0.7491642236709595
-0.8892689943313599 1.1988530158996582 0.15053826570510864
-1.395717978477478 1.4184942245483398 0.407390832901001
0.06534246355295181 0.9533845782279968 -0.018243640661239624
-0.2627520263195038 1.1242132186889648 -0.5672073364257812
-0.9715967178344727 0.5957753658294678 0.8518592119216919
-0.23534177243709564 0.6348583102226257 0.8806225657463074
-0.17945973575115204 1.4986096620559692 -0.3913722634315491
0.1881503462791443 1.2216535806655884 0.25449076294898987
-1.4515464305877686 1.1195602416992188 0.17569918930530548
-0.606814444065094 0.987392246723175 0.47605645656585693
0.23853044211864471 1.249851942062378 -0.09483717381954193
-1.1127243041992188 1.3861991167068481 1.1278338432312012
-1.1452357769012451 1.3010247945785522 -0.3378993570804596
0.04678631201386452 1.2875858545303345 -0.15440192818641663
-0.4743652939796448 1.5124156475067139 1.0532804727554321
-0.5516193509101868 0.9806117415428162 -0.5353081822395325
0.15551884472370148 1.0884461402893066 0.8545080423355103
0.3381466865539551 1.0445579290390015 0.6910392642021179
-0.25431764125823975 1.2205216884613037 1.1800507307052612
-0.8540959358215332 1.6047134399414062 1.085888147354126
-0.7548659443855286 1.1777304410934448 1.2683449983596802
0.31108391284942627 1.142211675643921 0.09642651677131653
-1.372005581855774 1.1985937356948853 -0.1855575442314148
-0.06471972167491913 1.2343469858169556 -0.39374780654907227
-1.343636393547058 0.4553723931312561 0.16498035192489624
-0.5952960848808289 0.9287129044532776 1.3172025680541992
0.092854805290699 1.0666046142578125 1.0188970565795898
-0.6146174669265747 0.9049879312515259 -0.4299289286136627
0.40640988945961 0.4400486350059509 0.6428129076957703
-0.9931280016899109 0.2928944528102875 -0.36846405267715454
0.17379434406757355 0.7253305912017822 -0.44858038425445557
-0.7489616870880127 1.0214900970458984 1.3346208333969116
-1.410213828086853 1.1055504083633423 0.5708141922950745
-0.08994162082672119 0.4185868501663208 1.1130748987197876
-0.02442222833633423 0.726263165473938 0.2831888496875763
-0.8565489649772644 0.5940432548522949 -0.10471813380718231
-0.8354437947273254 0.6204450726509094 0.34224480390548706
-0.37716203927993774 0.5314538478851318 0.12414046376943588
-0.5529491305351257 0.5742813944816589 0.014105066657066345
-1.2293306589126587 1.1259721517562866 1.1383535861968994
-0.33061540126800537 0.852157711982727 -0.2455042004585266
-0.14924390614032745 0.42592740058898926 1.3507568836212158
-0.7137620449066162 0.72113037109375 0.5060054063796997
-0.5544365644454956 0.8020330667495728 0.22701266407966614
-0.8664807677268982 0.9416969418525696 -0.4283790588378906
-1.04256272315979 0.6933688521385193 0.203389972448349
-0.5355175733566284 0.6173456907272339 -0.13344991207122803
-0.25766777992248535 1.0822199583053589 0.010861742310225964
-0.460143506526947 1.125580072402954 -0.2946472465991974
-0.93464595079422 0.7883034944534302 -0.3153587281703949
-0.8542416095733643 0.8148592710494995 0.49067866802215576
-1.1252634525299072 0.9036819934844971 0.027889756485819817
0.48319321870803833 1.7536393404006958 1.1599456071853638
-1.1250401735305786 0.679506242275238 0.696309506893158
-0.8072711825370789 1.0363677740097046 0.51157546043396
-0.3745189309120178 0.6960652470588684 0.3580743074417114
-0.7498815655708313 2.2027928829193115 0.6452633738517761
-1.1200854778289795 1.098726749420166 0.07874865084886551
-0.653560996055603 1.2193889617919922 -0.12288327515125275
-0.46470874547958374 1.0453399419784546 0.4540863037109375
0.37707895040512085 1.790605068206787 0.9395802021026611
-1.235788345336914 0.7104343771934509 0.7316187620162964
0.5311659574508667 1.7782044410705566 1.0122690200805664
0.4485604166984558 1.8847576379776 1.2704743146896362
-0.8850691914558411 1.1429721117019653 -0.2888849377632141
-0.839333176612854 2.122776746749878 0.38207128643989563
0.3110341429710388 1.7726045846939087 1.198552131652832
-0.3397981822490692 0.8729858994483948 0.42691102623939514
-0.8663345575332642 2.075451135635376 0.4243330657482147
-0.9622423052787781 1.1321611404418945 0.31817784905433655
-0.8790062069892883 2.090913772583008 0.5639911890029907
-0.3834134638309479 1.1464881896972656 0.18705613911151886
0.3106583058834076 1.7268544435501099 1.0756186246871948
-1.0524157285690308 2.137369394302368 0.402199387550354
-0.8305948376655579 2.5461151599884033 0.13451820611953735
-0.7050368189811707 1.228468656539917 0.15607139468193054
0.41126134991645813 1.710510015487671 1.0513678789138794
-0.2150322049856186 0.8799759745597839 0.09055806696414948
-0.607606828212738 2.6418559551239014 0.6211982369422913
-0.5689805150032043 2.5475211143493652 0.31578660011291504
-0.8796207904815674 2.152148485183716 0.17009782791137695
-0.6363381743431091 2.83575439453125 0.2198045402765274
-1.12823486328125 2.290163516998291 0.5077342987060547
-0.7172811627388 2.0895371437072754 0.3015248775482178
-0.5795066952705383 2.3365254402160645 0.4403272271156311
-0.5514202117919922 2.8423073291778564 0.6885953545570374
-0.879316508769989 2.6330509185791016 0.7452026009559631
-0.7718300223350525 2.3062005043029785 0.11570654809474945
-0.7667112350463867 2.8576056957244873 0.7911841869354248
-0.5024080872535706 2.795417308807373 0.4296102821826935
-1.05690598487854 3.050121307373047 0.6868005394935608
-0.7414857149124146 2.3970274925231934 0.7103886604309082
-0.07089391350746155 4.739655017852783 0.2648143470287323
-1.0272068977355957 2.4691050052642822 0.6507988572120667
-0.9166058897972107 2.9898054599761963 0.8253687024116516
0.49789682030677795 2.0138955116271973 0.9788755774497986
-1.0950907468795776 2.4064855575561523 0.25183823704719543
-0.9962496757507324 3.32352352142334 0.6725972890853882
-0.017248835414648056 4.572626113891602 -0.16643448173999786
-0.5717954635620117 3.079453468322754 0.8411857485771179
-0.41734614968299866 3.043037176132202 0.6975549459457397
-1.1158982515335083 2.651883363723755 0.5190773010253906
-0.4177398681640625 2.9992129802703857 0.41888248920440674
-1.0709654092788696 3.0429229736328125 0.40102994441986084
0.2064087688922882 4.62887716293335 0.10166123509407043
-0.7570964097976685 3.499756336212158 0.4346598982810974
-0.7965179085731506 3.2139039039611816 0.8903396725654602
-1.0755608081817627 2.6889240741729736 0.2897776961326599
-0.8566598296165466 2.7979626655578613 0.17957699298858643
-1.1160058975219727 2.8436341285705566 0.589116632938385
0.06031036376953125 4.633588790893555 0.16236186027526855
-0.3396230936050415 3.1896777153015137 0.5551265478134155
-0.5512067079544067 3.5631959438323975 0.6382533311843872
-0.5219401121139526 3.1248271465301514 0.2862248718738556
-0.7287846803665161 3.2315714359283447 0.2525954842567444
-0.949572741985321 3.3257274627685547 0.4172082841396332
-0.5659874081611633 3.3241896629333496 0.8950462341308594
-0.3607995808124542 4.7345709800720215 -0.0662478432059288
-0.8921433091163635 3.046619415283203 0.2228994071483612
0.3019407093524933 4.611804485321045 -0.14586131274700165
-0.38566794991493225 3.3500068187713623 0.7392610907554626
0.3595266342163086 4.673224449157715 0.06882993131875992
-0.8168891072273254 3.4691104888916016 0.7865028381347656
-0.4917784035205841 4.848911285400391 0.0701633021235466
-0.5918638706207275 5.981560230255127 0.8235955834388733
0.1923077404499054 4.6594767570495605 -0.3273814022541046
0.23001499474048615 4.797795295715332 0.268365740776062
-0.12777236104011536 5.075431823730469 0.2989768385887146
0.4184669256210327 4.6882734298706055 -0.10906481742858887
-0.4306579530239105 3.3915843963623047 0.42512771487236023
0.4561404287815094 4.821511745452881 0.09587813913822174
0.1336946338415146 4.605752944946289 -0.2168552130460739
-0.03664173185825348 4.763668060302734 -0.34281760454177856
-0.13715176284313202 6.054037094116211 0.924079179763794
-0.18258142471313477 4.639967441558838 -0.15247772634029388
0.28670814633369446 4.863541126251221 -0.3408985137939453
0.4142096936702728 4.996276378631592 -0.08172681927680969
-0.4635550081729889 4.8110151290893555 0.3379504084587097
0.006038738414645195 5.874120712280273 0.6124891042709351
-0.4153498709201813 4.702856063842773 0.2715730667114258
-0.07139163464307785 5.790904521942139 0.7455924153327942
-0.2914365530014038 4.679727554321289 0.29525232315063477
-0.33624619245529175 4.638860702514648 0.08866438269615173
-0.37537482380867004 6.359238624572754 0.6506479978561401
-0.40155503153800964 6.17665958404541 0.25967633724212646
-0.19451291859149933 4.744168758392334 0.36391693353652954
-0.24151203036308289 5.755644798278809 0.8056784272193909
-0.6038821339607239 5.964414119720459 0.8410546779632568
-0.4316066801548004 5.906059265136719 0.34740447998046875
-0.1562960296869278 4.9385666847229 -0.2501406967639923
0.07326220721006393 6.065555095672607 0.6592054963111877
-0.4200747311115265 5.796804904937744 0.8260259628295898
-0.26378998160362244 5.846479892730713 0.91233891248703
-0.00278981844894588 5.1295294761657715 -0.04291720688343048
-0.19194716215133667 5.713524341583252 0.5523660778999329
0.13621428608894348 5.0051069259643555 0.274249404668808
-0.33215847611427307 5.871321678161621 0.30767935514450073
-0.5479315519332886 5.843632221221924 0.557148814201355
-0.39565929770469666 6.225402355194092 0.8641637563705444
-0.14723213016986847 6.389015197753906 0.7610172629356384
-0.025883911177515984 5.906529426574707 0.3714163601398468
0.188112273812294 6.1882734298706055 0.38287821412086487
0.042790744453668594 6.250183582305908 0.08613677322864532
0.0771169662475586 6.141563415527344 0.2491443008184433
-0.5983385443687439 6.014244079589844 0.4899880290031433
-1.1529546976089478 7.464608192443848 0.38346704840660095
0.2790225148200989 6.309746742248535 0.1808028668165207
-0.6982256770133972 5.96469783782959 0.7786077260971069
0.2708001732826233 6.4343037605285645 0.48658666014671326
0.22632437944412231 6.667404651641846 0.46368512511253357
-0.2415124624967575 6.482851982116699 0.13650991022586823
-0.8155028820037842 7.362827777862549 0.13573619723320007
-0.22341501712799072 6.262902736663818 0.1126122698187828
-0.1971159726381302 6.564825057983398 0.5749719142913818
0.11121800541877747 6.396692276000977 0.620189368724823
0.2435961663722992 6.550963878631592 0.04624873399734497
0.3532904088497162 6.42060661315918 0.31725063920021057
-0.12491768598556519 6.121100902557373 0.21046938002109528
0.12045218795537949 6.394448280334473 0.003493089694529772
-0.26787272095680237 5.781500339508057 0.5246829986572266
-0.7673214077949524 7.472221374511719 0.1312493532896042
-1.0291566848754883 7.315312385559082 0.19256189465522766
-0.9793089032173157 7.392829895019531 0.3432806134223938
-0.5483120083808899 7.627001762390137 1.154470682144165
-1.2014399766921997 7.5921149253845215 0.4410603642463684
-0.06661148369312286 6.689968585968018 0.4488165080547333
-1.2891463041305542 7.502835273742676 0.16716039180755615
-1.1130856275558472 7.348212242126465 0.16742758452892303
-0.49690067768096924 7.641979694366455 1.021427035331726
-0.2144739329814911 6.614897727966309 0.21961556375026703
-0.7495436668395996 7.763249397277832 1.2787432670593262
-0.6573812365531921 7.781687259674072 1.376202940940857
-0.7885006070137024 7.543125152587891 0.3665218651294708
-0.4089067876338959 7.694762229919434 1.2659589052200317
-0.3684951066970825 7.732247352600098 1.0232243537902832
-0.8166752457618713 7.97091007232666 1.23810875415802
-1.243609070777893 7.7636213302612305 0.508354663848877
0.14925305545330048 6.718363285064697 0.16663840413093567
-0.5679464340209961 7.6515374183654785 1.260924220085144
-0.9641547203063965 7.496913433074951 -0.03653198480606079
-1.2001808881759644 7.600299835205078 0.007724936585873365
-0.15458013117313385 9.03668212890625 0.6635504364967346
-0.0653204694390297 8.611891746520996 0.829354465007782
-0.06398140639066696 8.579816818237305 0.6622746586799622
-0.13588565587997437 8.876319885253906 -0.04736355319619179
-0.5219703912734985 7.988990783691406 0.953125536441803
-0.5564222931861877 7.718865394592285 0.915885865688324
-0.8457263112068176 7.974780559539795 0.24234412610530853
-0.0714636743068695 8.636734008789062 0.5806463360786438
-0.27396222949028015 8.832161903381348 0.3879193365573883
-0.6724506616592407 7.653958797454834 0.10387104749679565
-1.2219241857528687 7.771814823150635 0.07294470071792603
-0.23818810284137726 8.720513343811035 0.2231404036283493
-0.25280144810676575 8.708426475524902 0.6684451699256897
-1.1173768043518066 7.911455154418945 0.35127750039100647
-0.9454622864723206 7.742983818054199 -0.03963587060570717
-0.37265780568122864 7.870302200317383 1.2945293188095093
-0.07645834237337112 8.799081802368164 0.048065993934869766
-0.6262785792350769 7.813277721405029 0.31589996814727783
0.08270258456468582 8.782938003540039 0.1690821498632431
-0.6984279751777649 8.00835132598877 0.9725866317749023
-0.6450364589691162 7.695977210998535 0.3423027992248535
-0.17061273753643036 8.56659984588623 0.22346782684326172
0.06833316385746002 8.719698905944824 0.31955695152282715
-0.28433868288993835 8.769570350646973 0.09919515252113342
0.040509648621082306 9.1514310836792 0.5337591171264648
0.18555934727191925 8.94295597076416 0.1729496419429779
0.1811457723379135 8.650206565856934 0.5527393817901611
0.0772579163312912 8.5619478225708 0.7103413939476013
0.19787366688251495 8.63125991821289 0.7362176775932312
-0.7955412864685059 9.504425048828125 1.1557321548461914
-0.1627948135137558 9.101068496704102 -0.07341324537992477
-0.09535738825798035 8.827475547790527 0.8575687408447266
-0.3787708878517151 9.102070808410645 0.3203410506248474
0.11374609917402267 9.095792770385742 0.0267789289355278
-0.990074872970581 9.46540641784668 1.0992754697799683
-0.5725933313369751 9.665419578552246 0.31938767433166504
-0.8388580679893494 9.426085472106934 0.9892330765724182
-0.24542082846164703 9.2957124710083 0.09906567633152008
0.12393990904092789 9.218613624572754 0.34717369079589844
-0.8177139759063721 9.398651123046875 1.1421793699264526
-0.4788656532764435 9.666451454162598 0.29774531722068787
-0.025253206491470337 9.380203247070312 0.20452994108200073
-1.3535000085830688 9.742630958557129 -0.4200536608695984
-0.2352294623851776 9.161232948303223 0.41138792037963867
-1.2913721799850464 9.752496719360352 -0.45848438143730164
-0.8633266687393188 9.475914001464844 0.9197660684585571
-0.7080779075622559 9.771079063415527 0.2748177647590637
-1.0391615629196167 9.407225608825684 1.0922003984451294
-0.39175814390182495 9.707959175109863 0.26836374402046204
0.055137768387794495 10.188841819763184 0.6004871726036072
0.1250578612089157 9.28779411315918 0.06612817943096161
0.16761022806167603 10.144224166870117 0.9802137613296509
-0.7750290632247925 9.907990455627441 0.4053175747394562
-0.3612547218799591 9.77137279510498 0.46131065487861633
0.2368619292974472 10.07060718536377 0.9037847518920898
-0.3598463833332062 10.000914573669434 0.3490339517593384
0.37578633427619934 10.06253719329834 0.8686145544052124
-0.3343258798122406 10.082223892211914 0.602638840675354
0.2494134157896042 9.39759349822998 0.09898735582828522
0.27419695258140564 10.030658721923828 0.8915567994117737
0.11698279529809952 10.254986763000488 0.6173548698425293
-0.7188932299613953 10.372663497924805 0.6290870904922485
0.06015908718109131 9.536165237426758 -0.07815121114253998
-0.3075689673423767 10.123204231262207 0.34726229310035706
-0.7082889080047607 10.008626937866211 0.4497925341129303
-0.08617568016052246 10.290508270263672 0.7583269476890564
-0.7846923470497131 10.473847389221191 0.5857074856758118
-0.739361047744751 10.185893058776855 0.5860990881919861
0.006968526169657707 10.496471405029297 0.5126741528511047
0.08624833077192307 10.30049991607666 0.6132955551147461
-0.023281093686819077 10.416999816894531 0.9077834486961365
0.31413084268569946 10.281349182128906 -0.417408287525177
-1.2222375869750977 10.547464370727539 -0.2971893846988678
-0.0462491400539875 10.542997360229492 0.6368430852890015
-0.1749933362007141 10.669092178344727 0.971342146396637
-0.6377545595169067 10.69666576385498 0.8020594716072083
0.11456166952848434 10.60763931274414 0.48596522212028503
-0.9590559601783752 10.626361846923828 0.7518285512924194
-0.4581165909767151 10.26453685760498 0.6455100178718567
-0.9378100633621216 10.715436935424805 0.8638214468955994
-0.3887713551521301 10.778528213500977 1.0645089149475098
-0.9389957785606384 10.701364517211914 0.48345327377319336
-0.7834110856056213 10.691043853759766 0.897090494632721
-0.8207796216011047 10.834463119506836 0.6428128480911255
-0.2556777000427246 10.91796875 1.02933669090271
-0.40800607204437256 10.742045402526855 0.897139310836792
0.2799179255962372 10.96222972869873 0.1568891853094101
-0.1730983406305313 10.882505416870117 1.0866986513137817
-0.35270458459854126 10.762147903442383 0.7476310133934021
-0.8338586688041687 10.911168098449707 0.21577861905097961
-0.6757777333259583 11.020990371704102 -0.33126482367515564
-0.8481688499450684 10.98375129699707 -0.06927502155303955
-0.7778905034065247 11.038674354553223 0.7931078672409058
-0.5457459688186646 11.223369598388672 -0.05264168977737427
-0.08275292068719864 10.961167335510254 0.9024441242218018
-0.3479277491569519 11.208333969116211 0.04234050586819649
-0.7227696776390076 11.22248363494873 -0.03628376126289368
-0.8144823312759399 11.105100631713867 0.05836601182818413
-0.6824665665626526 11.029109954833984 1.0528137683868408
-0.2220253199338913 11.129809379577637 0.7351455092430115
-0.0652790516614914 11.07713508605957 0.7449519038200378
-0.3645878732204437 11.135624885559082 1.1638681888580322
0.0064276643097400665 11.319792747497559 -0.13373692333698273
-0.38042762875556946 11.199186325073242 0.7850186228752136
-0.5999296307563782 11.241032600402832 1.0132747888565063
0.11059407144784927 11.324111938476562 0.5268113017082214
-0.73189777135849 11.36251449584961 1.2077010869979858
-0.7939929366111755 11.28682804107666 0.20422230660915375
-0.2635250389575958 11.377721786499023 -0.3595867156982422
-0.8288657069206238 11.329975128173828 0.56528639793396
-0.0529133602976799 11.462793350219727 -0.15970665216445923
-0.10786225646734238 11.42082405090332 -0.24440693855285645
-0.5158249735832214 11.442258834838867 0.08423425257205963
-0.7132440805435181 11.490789413452148 1.338545799255371
-0.6479570269584656 11.473003387451172 0.568017303943634
-1.251168966293335 11.47392749786377 1.1638262271881104
-1.1377936601638794 11.529845237731934 1.4786936044692993
-0.8095678687095642 11.505489349365234 -0.4301055371761322
-1.0417555570602417 11.540838241577148 0.03298037126660347
0.25687479972839355 11.551465034484863 -0.14639055728912354
0.31044334173202515 11.53972053527832 0.48568832874298096
-0.3337404429912567 11.558398246765137 0.7850969433784485
0.10939314216375351 11.571891784667969 0.0462435781955719
-0.38267529010772705 11.579444885253906 0.8004777431488037
