26
-0.44080889225006104 11.201202392578125 1.1640886068344116
-1.0652955770492554 11.271247863769531 -0.3293309509754181
-0.4652033746242523 11.29401969909668 1.004130482673645
-0.47613778710365295 11.3695068359375 0.6149348020553589
-0.4374607503414154 11.24864387512207 -0.1559969186782837
0.5272487998008728 11.344181060791016 -0.0796658918261528
0.263083279132843 11.378774642944336 0.983841061592102
0.25955313444137573 11.308450698852539 0.7849124670028687
0.1686079055070877 11.353264808654785 -0.11903923004865646
-1.116304636001587 11.379979133605957 -0.23297038674354553
-0.6190093755722046 11.435905456542969 1.3499531745910645
-0.29347845911979675 11.371333122253418 -0.449010968208313
-0.42921584844589233 11.46292781829834 0.6383405327796936
-0.555293083190918 11.421682357788086 -0.06531155854463577
-0.04290078207850456 11.4325590133667 1.3893150091171265
-0.5536686182022095 11.447592735290527 0.031695302575826645
-0.6536511182785034 11.450960159301758 0.2969479262828827
-0.3885872960090637 11.477009773254395 0.10223324596881866
-0.31149137020111084 11.5117769241333 0.053396403789520264
-1.0838104486465454 11.523322105407715 1.299365758895874
-1.387838363647461 11.558633804321289 0.9786937236785889
0.4607628285884857 11.529845237731934 -0.12849126756191254
-0.919709324836731 11.550162315368652 0.4322938919067383
-1.0458110570907593 11.560911178588867 0.08486271649599075
-0.9543890357017517 11.576930046081543 0.09507481008768082
0.575907826423645 11.582215309143066 -0.010542189702391624
