41
-0.5159248113632202 10.952901840209961 1.0922330617904663
-1.0026110410690308 11.033257484436035 -0.1995406597852707
-0.41739916801452637 10.998249053955078 1.0001829862594604
-0.4980868399143219 11.156082153320312 0.6358520984649658
-0.47044315934181213 11.015556335449219 -0.08529504388570786
0.49503588676452637 11.103583335876465 -0.07290134578943253
0.20424135029315948 11.100862503051758 0.8968828320503235
0.20333445072174072 11.016162872314453 0.8851999044418335
0.21128597855567932 11.077662467956543 -0.07546009868383408
-1.012546420097351 11.09004020690918 -0.2888181209564209
-0.5626611113548279 11.146662712097168 1.210669994354248
-0.37078386545181274 11.06069564819336 -0.28151699900627136
-0.4586578905582428 11.170072555541992 0.6112560033798218
-0.594466507434845 11.127331733703613 -0.0651034563779831
-0.08081864565610886 11.125676155090332 1.3407280445098877
-0.5118104219436646 11.164538383483887 0.01222638227045536
-0.5788796544075012 11.163904190063477 0.22934015095233917
-0.36940398812294006 11.198845863342285 0.08141881972551346
-0.3360825777053833 11.258480072021484 0.0060495492070913315
-1.0711289644241333 11.295866012573242 1.2113187313079834
-1.3563599586486816 11.404481887817383 1.0094375610351562
0.4228893518447876 11.239452362060547 -0.10360733419656754
-0.8023286461830139 11.307997703552246 0.3939058780670166
-0.9507735967636108 11.324934005737305 0.021858029067516327
-0.8877297639846802 11.39892292022705 0.04853978753089905
0.49344581365585327 11.343548774719238 -0.07397057116031647
0.1422007828950882 11.336624145507812 0.9354961514472961
-1.1136633157730103 11.371231079101562 -0.383693128824234
-0.6395571827888489 11.41640853881836 -0.14489997923374176
-0.011971930973231792 11.4749116897583 0.6080007553100586
-0.6441962122917175 11.463382720947266 -0.26026904582977295
-1.3672689199447632 11.45366096496582 0.4900709092617035
-0.9535363912582397 11.51487922668457 0.09687560796737671
-0.9069750308990479 11.528026580810547 0.7767623662948608
-0.22891297936439514 11.506278991699219 1.133813738822937
-0.12573157250881195 11.543306350708008 1.349460244178772
-0.05176878720521927 11.528809547424316 -0.4245297312736511
-1.1348897218704224 11.545512199401855 -0.09361468255519867
-0.33633527159690857 11.56299114227295 -0.4458772838115692
-0.7579760551452637 11.574562072753906 -0.330639511346817
-1.1650116443634033 11.581941604614258 1.318573236465454
