1217
-2.386474370956421 0.2846064567565918 1.594996452331543
-2.3863744735717773 0.2845063805580139 -0.7604913711547852
-2.3863744735717773 0.5844247937202454 0.6222665905952454
0.9210299253463745 0.5570907592773438 -0.865168035030365
-2.127821207046509 0.284606397151947 0.03580193594098091
-1.3407154083251953 0.2845063805580139 -1.205301284790039
-0.41881781816482544 0.284606397151947 1.2240369319915771
-1.0353752374649048 0.284606397151947 -0.9492492079734802
-0.9674813747406006 0.2845063805580139 -1.2052963972091675
0.9210302829742432 0.2845063805580139 -1.2053344249725342
-2.38637638092041 0.2845063805580139 -0.2639589309692383
-2.3863754272460938 0.2845063805580139 0.27174854278564453
-2.3863754272460938 0.2845063805580139 -0.49460601806640625
-1.7966899871826172 0.2845063805580139 2.141206741333008
-2.38637638092041 0.2845063805580139 -0.016788482666015625
-2.386474609375 0.2846064567565918 0.6750161647796631
0.6563338041305542 0.28460633754730225 -1.2053992748260498
-0.5581201910972595 0.2845063805580139 -1.2052980661392212
-2.08496356010437 0.284606397151947 1.3249142169952393
0.1239004135131836 0.2845063805580139 2.1412086486816406
0.9210323095321655 0.2845063805580139 -0.8914870619773865
0.9210304021835327 0.2845063805580139 -0.7451610565185547
-2.38637638092041 0.2845063805580139 0.12108039855957031
-1.5505114793777466 0.284606397151947 1.8524647951126099
-0.43543094396591187 0.2845063805580139 -1.2052969932556152
-2.371368408203125 0.2845063805580139 2.141207695007324
-2.3863773345947266 0.2845063805580139 -0.1363210678100586
0.9210325479507446 0.2845063805580139 -0.997822642326355
-2.155088186264038 0.284606397151947 1.687786340713501
-1.0956817865371704 0.2845063805580139 -1.2052983045578003
0.9210300445556641 0.2845063805580139 1.364790916442871
0.9210300445556641 0.5459045171737671 1.5229793787002563
-1.913124442100525 0.284606397151947 1.703863501548767
-2.3863744735717773 0.5501434803009033 1.7322111129760742
-2.1811351776123047 0.28460824489593506 2.141308307647705
0.9211299419403076 0.2846066951751709 -0.6777899265289307
-2.386373519897461 0.2845063805580139 -0.6380290985107422
0.9211065769195557 0.2846064567565918 -1.2053993940353394
-2.3863725662231445 0.2845063805580139 -0.8743715286254883
-1.948263168334961 0.28460824489593506 2.141308307647705
0.9211300611495972 0.28460657596588135 0.8816237449645996
-1.451612949371338 0.2846062183380127 -1.2053985595703125
0.26772910356521606 0.284606397151947 1.5212388038635254
-0.5978214144706726 0.284606397151947 -0.9867739677429199
0.388604998588562 0.2845063805580139 -1.205296516418457
-2.386474370956421 0.2845916748046875 2.1412081718444824
-2.1820497512817383 0.284606397151947 0.9543553590774536
-0.45836159586906433 0.284606397151947 -0.8289812803268433
-2.3863751888275146 0.5840067863464355 -1.2053983211517334
-2.386474609375 0.28508514165878296 -1.2052981853485107
-1.7294893264770508 0.284606397151947 -0.5534541010856628
-1.5129642486572266 0.284606397151947 -0.9304436445236206
-2.386474370956421 0.2846064567565918 1.6893994808197021
-2.0027549266815186 0.284606397151947 -0.6917309761047363
0.9211301207542419 0.284606397151947 2.0366714000701904
-1.8845155239105225 0.284606397151947 1.334313988685608
0.3296484053134918 0.284606397151947 -0.9233738780021667
-1.5386431217193604 0.2846064567565918 -1.2053985595703125
-2.3863754272460938 0.2845063805580139 0.5222740173339844
-1.6782314777374268 0.284606397151947 -0.7422600984573364
-0.07460964471101761 0.284606397151947 -1.0443886518478394
-1.2694164514541626 0.284606397151947 -1.0048967599868774
-1.8768677711486816 0.2846064567565918 -1.205398440361023
-2.3863754272460938 0.2845063805580139 -1.2053709030151367
0.9211300611495972 0.284606397151947 1.7742708921432495
-2.3863744735717773 0.2845063805580139 1.7984695434570312
-2.0227487087249756 0.284606397151947 1.8629071712493896
0.9211300611495972 0.28460633754730225 1.104850172996521
-0.1164388358592987 0.2846064269542694 2.141308307647705
-2.3863754272460938 0.2845063805580139 -0.3770112991333008
0.5532608032226562 0.2845063805580139 2.141207695007324
0.9210824966430664 0.2845063805580139 2.141207695007324
-2.3863773345947266 0.2845063805580139 1.4848737716674805
0.9211300611495972 0.284606397151947 1.677651286125183
0.6187775135040283 0.284606397151947 1.8387458324432373
-1.222217321395874 0.2846064567565918 -1.205398678779602
-1.9770663976669312 0.284606397151947 -0.1450570821762085
0.9211300611495972 0.284606397151947 1.4651647806167603
0.9210329055786133 0.2845063805580139 1.5736274719238281
-1.8775606155395508 0.284606397151947 1.1430004835128784
-2.125758647918701 0.284606397151947 0.7247297763824463
-1.3209582567214966 0.2846078872680664 2.141308307647705
0.9211299419403076 0.2846066951751709 -0.5847971439361572
0.9210300445556641 0.28452083468437195 2.141308307647705
-2.3863754272460938 0.2845063805580139 0.9373178482055664
-1.7721030712127686 0.2846062183380127 -1.2053985595703125
-1.311722993850708 0.284606397151947 -0.8078793287277222
0.9210281372070312 0.2845063805580139 1.8785762786865234
0.2799220085144043 0.7395402193069458 2.1412081718444824
-0.3728138208389282 0.28460636734962463 2.141308307647705
-0.013607263565063477 0.28460657596588135 -1.2053990364074707
-1.675743579864502 0.2846064567565918 -1.2053985595703125
-1.9676270484924316 0.284606397151947 -0.912064790725708
-1.8592418432235718 0.561750054359436 -1.2052985429763794
0.6048626899719238 0.284606397151947 0.4461272954940796
-1.4490365982055664 0.2845063805580139 2.141207695007324
-1.9553117752075195 0.2845063805580139 -1.2052993774414062
-0.6616984605789185 0.2846062183380127 2.141308307647705
-2.386375665664673 0.6795523166656494 2.141308307647705
-2.3863754272460938 0.2845063805580139 1.3096914291381836
-0.7720109224319458 0.2846062183380127 2.141308307647705
0.9211300015449524 0.2846064567565918 0.6526063680648804
-2.386474370956421 0.2846064567565918 1.9165704250335693
-2.086682081222534 0.284606397151947 1.1451137065887451
0.9211300015449524 0.2846066951751709 0.04067540168762207
-2.3604230880737305 0.2845063805580139 -1.2052993774414062
-2.3863744735717773 0.5304884314537048 1.2388498783111572
-0.6954970359802246 0.2846064567565918 -1.2053987979888916
-0.8814494609832764 0.2846062183380127 2.141308307647705
0.6763685345649719 0.28460636734962463 2.141308307647705
-2.3863754272460938 0.2845063805580139 1.1817760467529297
-0.9608616828918457 0.284606397151947 1.7028300762176514
-2.386474609375 0.7982200980186462 -1.2052981853485107
0.921028733253479 0.2845063805580139 0.12792633473873138
-2.1422815322875977 0.284606397151947 0.4860752522945404
-1.690146803855896 0.28460824489593506 2.141308307647705
-2.3863744735717773 0.2845063805580139 -1.0048761367797852
-2.1480045318603516 0.2845063805580139 -1.2052993774414062
-2.386474370956421 0.2846064567565918 1.0601472854614258
0.9210299849510193 0.5395774841308594 -0.5556915998458862
-0.6029035449028015 0.284606397151947 1.8820147514343262
-1.2987431287765503 0.284606397151947 1.8553661108016968
-1.7421760559082031 0.284606397151947 -0.9494326710700989
-2.1739351749420166 0.284606397151947 -0.8530650734901428
-2.1854939460754395 0.284606397151947 -0.20563815534114838
-1.7775167226791382 0.284606397151947 1.8421051502227783
-0.8957436084747314 0.2845063805580139 -1.205295443534851
-2.0234718322753906 0.2845063805580139 -1.2052984237670898
0.06797996163368225 0.5925653576850891 -1.2052991390228271
0.4087867736816406 0.2845063805580139 2.141207695007324
0.9211299419403076 0.7688524723052979 -1.2052996158599854
-1.571617603302002 0.2846059799194336 2.141308307647705
-2.386474609375 0.9081013202667236 -1.2053120136260986
-2.0502443313598633 0.28460609912872314 2.141308307647705
-0.3505951166152954 0.2845063805580139 -1.2052998542785645
0.9210281372070312 0.2845063805580139 1.216623306274414
0.6197800040245056 0.284606397151947 -0.1443299502134323
0.9211299419403076 0.5334768295288086 -1.2052998542785645
-1.9380640983581543 0.284606397151947 0.598967969417572
0.9211300015449524 0.2846064567565918 -0.2553069591522217
0.2693365812301636 0.2845063805580139 -1.2052966356277466
-0.8155903816223145 0.2845063805580139 -1.2052981853485107
-0.007434844970703125 0.2845063805580139 2.1412086486816406
-0.2698538303375244 0.2845063805580139 -1.205297827720642
0.8253446817398071 0.284606397151947 -1.2053992748260498
0.5572199821472168 0.284606397151947 -0.9324710965156555
-0.832565426826477 0.284606397151947 1.910237193107605
0.9211300015449524 0.28460657596588135 0.25069570541381836
-1.0811172723770142 0.2846062183380127 2.141308307647705
0.28479766845703125 0.28460636734962463 2.141308307647705
0.441989928483963 0.284606397151947 1.172944188117981
0.11256062984466553 0.2845063805580139 -1.2052996158599854
-2.386474370956421 0.8989070057868958 2.141204833984375
-1.6284600496292114 0.5642656683921814 -1.2052985429763794
0.9210320711135864 0.2845063805580139 0.5536539554595947
-0.28237465023994446 0.284606397151947 1.689198613166809
-1.870213508605957 0.2845063805580139 2.141207695007324
-0.6048323512077332 0.5215578675270081 -1.205298900604248
0.537253737449646 0.2845063805580139 -1.2052974700927734
0.37052884697914124 0.284606397151947 1.8657734394073486
-0.5817079544067383 0.2845063805580139 2.1412086486816406
-0.49125418066978455 0.2846064269542694 2.141308307647705
0.4687908887863159 0.28460633754730225 -1.2053991556167603
-0.12713444232940674 0.284606397151947 0.8747805953025818
0.6809258460998535 0.284606397151947 -0.326958030462265
0.18685805797576904 0.2846064567565918 -1.2053991556167603
0.0827144980430603 0.284606397151947 0.17330488562583923
-1.2023344039916992 0.2846081256866455 2.141308307647705
-0.15019887685775757 0.284606397151947 1.8839988708496094
0.9211300015449524 0.2846066951751709 -0.057848215103149414
0.9211300611495972 0.2846064567565918 0.7836810350418091
0.10344946384429932 0.284606397151947 -0.8779723644256592
0.9211300015449524 0.2846064567565918 -0.48046350479125977
-1.8929144144058228 0.284606397151947 0.24894651770591736
-2.386474609375 0.2846064567565918 0.40027451515197754
0.9210300445556641 0.2845063805580139 -0.3693525493144989
0.2857016324996948 0.284606397151947 -0.5889206528663635
0.6101223826408386 0.284606397151947 1.37307870388031
0.9211301207542419 0.3209408223628998 2.1412081718444824
-0.28978055715560913 0.284606397151947 -0.7029752731323242
-1.4850513935089111 0.284606397151947 -0.7323768138885498
-0.8032864332199097 0.284606397151947 -0.9242243766784668
0.12063031643629074 0.284606397151947 1.6833982467651367
-0.07929392158985138 0.284606397151947 1.717458963394165
0.7045412659645081 0.284606397151947 -0.7885579466819763
0.9211300015449524 0.2846064567565918 0.4251980781555176
-0.31129539012908936 0.284606397151947 -0.9475306272506714
-0.0968913808465004 0.284606397151947 -0.6614024043083191
0.6359999179840088 0.284606397151947 -0.5641991496086121
-1.3441834449768066 0.284606397151947 -0.6089440584182739
-2.1082324981689453 0.284606397151947 0.2510085105895996
-1.9279439449310303 0.284606397151947 0.7857828736305237
-1.0390552282333374 0.5404220819473267 2.1412081718444824
-2.0571846961975098 0.284606397151947 1.5236737728118896
0.6553446650505066 0.284606397151947 1.5896788835525513
-2.386373519897461 0.2845063805580139 -0.5698328018188477
-2.119936227798462 0.284606397151947 -0.5611743927001953
0.9210300445556641 0.2845063805580139 1.2846240997314453
0.04341213032603264 0.284606397151947 -0.5347650647163391
-1.8694051504135132 0.284606397151947 1.5417759418487549
-2.386460542678833 0.28460800647735596 2.141308307647705
-1.788085699081421 0.284606397151947 0.9500846266746521
0.48432910442352295 0.2846064567565918 2.141308307647705
0.9210301637649536 0.8364710211753845 2.141308307647705
-2.3863744735717773 0.7140477299690247 1.8628212213516235
-2.386474370956421 0.2846064567565918 0.8555412292480469
-0.7617969512939453 0.284606397151947 -0.4068465530872345
-0.268405020236969 0.28460636734962463 2.141308307647705
-1.8463274240493774 0.284606397151947 -0.7568690776824951
-2.3863751888275146 0.4454953670501709 -1.2053983211517334
-1.6927815675735474 0.284606397151947 1.6652021408081055
-2.3863744735717773 0.5591412782669067 -0.3768431842327118
-2.3863744735717773 0.5420472621917725 -0.8583528399467468
-1.5009324550628662 0.284606397151947 1.3041735887527466
-1.4440146684646606 0.284606397151947 1.1288394927978516
-2.3863744735717773 1.1188721656799316 -1.101712942123413
-1.3519954681396484 0.5211573839187622 -1.205298662185669
-2.386474609375 0.2846064567565918 0.19282054901123047
-0.5581689476966858 0.7380859851837158 -1.205298900604248
-2.037411689758301 0.284606397151947 -0.3702099323272705
-1.8666749000549316 0.284606397151947 -0.2823221683502197
-2.3863744735717773 0.6078189015388489 1.0558815002441406
-1.9291709661483765 0.284606397151947 0.05298689380288124
-1.8865118026733398 0.284606397151947 -0.5160136818885803
-0.7805761694908142 0.284606397151947 1.7290618419647217
0.49876856803894043 0.284606397151947 -0.7208824157714844
-1.5377354621887207 0.284606397151947 -0.5279326438903809
0.9210299253463745 0.6506795287132263 -1.2053993940353394
-1.7099703550338745 0.284606397151947 1.250464916229248
-1.9711196422576904 0.284606397151947 0.41640031337738037
0.5424826145172119 0.5846585035324097 -1.2052992582321167
0.08587804436683655 0.284606397151947 -0.17973250150680542
0.20375823974609375 0.2845063805580139 2.141204833984375
0.9211300611495972 0.28460633754730225 0.9908615350723267
0.28243333101272583 0.284606397151947 0.5390271544456482
-2.3740785121917725 1.0272504091262817 -1.2052984237670898
-1.0675731897354126 0.5349850654602051 -1.2052987813949585
-0.9844877123832703 0.2846062183380127 2.141308307647705
-0.9210865497589111 0.284606397151947 -0.7608616352081299
-1.2848970890045166 0.284606397151947 1.6818422079086304
-2.3863744735717773 0.4981243312358856 -0.11008709669113159
0.9210299253463745 0.3959299921989441 -1.2053993940353394
-1.8703314065933228 0.7235050797462463 2.1412081718444824
-1.0826764106750488 0.284606397151947 1.269363522529602
-2.3863725662231445 0.5637009143829346 2.141308307647705
-1.707784652709961 0.284606397151947 -0.3215211033821106
0.9210299253463745 0.48797842860221863 2.141308307647705
-1.47059965133667 0.284606397151947 1.702765941619873
0.09223532676696777 0.284606397151947 0.4133882522583008
-1.1143821477890015 0.284606397151947 0.8951631188392639
-2.3863744735717773 0.7709559202194214 -0.916006326675415
-0.9884510040283203 0.284606397151947 1.4892421960830688
-2.3863751888275146 0.6966633796691895 -1.2053983211517334
-2.386474370956421 0.451934814453125 2.1412081718444824
-2.3863742351531982 1.1026411056518555 2.101365566253662
-2.386375665664673 0.7905142903327942 2.141308307647705
-0.4835551679134369 0.5833055973052979 2.1412081718444824
-0.15485821664333344 0.54642653465271 -1.2052990198135376
0.9210300445556641 0.5386647582054138 0.9471192359924316
-2.378296375274658 0.2906372845172882 0.6225665211677551
0.9210300445556641 0.6157044768333435 2.141308307647705
0.6442504525184631 0.7647911906242371 -1.2052992582321167
-0.18950940668582916 0.2846064567565918 2.141308307647705
0.9210300445556641 0.563112199306488 1.7422934770584106
0.9210304021835327 0.2845063805580139 0.344683974981308
0.9211300015449524 0.2846064567565918 -0.1634209156036377
-2.3863744735717773 0.6486794352531433 0.02775433287024498
-0.9301565885543823 0.284606397151947 0.07076872885227203
-1.9137877225875854 0.7585631012916565 -1.2052985429763794
-2.3863744735717773 0.5810790061950684 -0.6401890516281128
-1.181950569152832 0.284606397151947 1.4372459650039673
-1.3459755182266235 0.284606397151947 -0.40940290689468384
-2.3863744735717773 0.2845063805580139 1.3941478729248047
-0.015737805515527725 0.284606397151947 -0.32649195194244385
0.4733538031578064 0.284606397151947 -0.3433535099029541
0.09135349094867706 0.284606397151947 1.8733917474746704
-0.5095284581184387 0.284606397151947 -0.6592295169830322
-1.7845762968063354 0.284606397151947 -0.08595474809408188
0.9210301637649536 0.935793399810791 2.141308307647705
-0.8186469078063965 0.591063380241394 -1.205298900604248
0.9210300445556641 0.5157572627067566 0.6797106266021729
-1.6480664014816284 0.284606397151947 1.0744775533676147
-2.0199568271636963 0.5650106072425842 2.1412081718444824
-2.3863744735717773 0.542352020740509 0.8448293209075928
-1.3840503692626953 0.2846062183380127 2.141308307647705
-2.3863744735717773 0.7079294919967651 -0.2449367642402649
-1.352888584136963 0.284606397151947 1.483500361442566
-2.0855753421783447 0.606232762336731 -1.2052984237670898
-0.7564572095870972 0.5697113275527954 2.1412081718444824
-0.6544474959373474 0.284606397151947 1.580716848373413
-0.2837182581424713 0.284606397151947 -0.04482833296060562
0.626573920249939 0.6515015363693237 2.1412081718444824
0.9211299419403076 0.8869792819023132 -1.2052949666976929
0.9211299419403076 0.9919120669364929 -1.2052993774414062
0.9210299849510193 0.6124768853187561 -0.35215720534324646
0.9210300445556641 0.7070664167404175 1.8554532527923584
-2.3863744735717773 0.6070700883865356 0.3917798101902008
0.9210299253463745 0.6779772043228149 -0.7221472859382629
0.9210300445556641 0.7300146222114563 1.6249217987060547
0.9210299849510193 0.5422199964523315 0.18549157679080963
-1.2072110176086426 0.284606397151947 -0.29293444752693176
0.4379485845565796 0.284606397151947 -0.10936492681503296
-2.3863744735717773 0.7924225926399231 1.7044737339019775
0.6307886838912964 0.284606397151947 1.1588691473007202
0.010867058299481869 0.284606397151947 1.5476012229919434
0.45388221740722656 0.5775060057640076 2.1412081718444824
0.9210299253463745 0.7801767587661743 -0.9135646224021912
-2.076239585876465 0.7517060041427612 2.1412081718444824
-1.3093669414520264 0.5964006185531616 2.1412081718444824
0.9211301207542419 0.734684944152832 2.1412084102630615
-0.1105111837387085 0.29839712381362915 2.6925244331359863
-1.776244044303894 0.284606397151947 0.4070379436016083
0.5001528263092041 0.284606397151947 1.6993699073791504
0.9210300445556641 0.5583153963088989 1.1995296478271484
0.9210299849510193 0.7486302256584167 0.2464684396982193
0.9210300445556641 0.8699367046356201 1.765122890472412
-2.032641887664795 0.9609915614128113 2.1412081718444824
-2.3863744735717773 0.5734003782272339 1.5203073024749756
-1.2830097675323486 0.284606397151947 1.2432775497436523
-0.8093965649604797 0.284606397151947 1.5010066032409668
-2.3863744735717773 0.7276740074157715 1.3200632333755493
-2.3863744735717773 0.7706310749053955 1.5116424560546875
-2.3863744735717773 0.7722376585006714 -0.7315089702606201
-1.0752991437911987 0.284606397151947 1.873203992843628
0.23973490297794342 0.558411717414856 2.1412081718444824
-0.6783521175384521 0.284606397151947 -0.7589110136032104
-1.7069610357284546 0.284606397151947 1.4640053510665894
-2.3863744735717773 0.7733762264251709 0.9456583857536316
-1.7529057264328003 0.284606397151947 0.14499151706695557
-1.5118046998977661 0.5861870646476746 2.1412081718444824
-0.3812546730041504 0.284606397151947 1.8500689268112183
-0.8543544411659241 0.7497397065162659 2.549360752105713
-1.4401576519012451 0.284606397151947 0.29356175661087036
-1.1247435808181763 0.284606397151947 -0.7649925351142883
-1.3112612962722778 1.0295865535736084 2.1412081718444824
-0.3828905522823334 0.5999284982681274 -1.2052990198135376
-1.2020162343978882 0.7014463543891907 -1.2052987813949585
-2.3863744735717773 0.9810073375701904 1.3650754690170288
-2.068148612976074 0.8551143407821655 -1.2052984237670898
-2.3863744735717773 1.0789942741394043 1.829454779624939
0.7362483143806458 0.284606397151947 0.6144892573356628
-0.022046692669391632 0.5902498364448547 2.1412081718444824
0.1027836799621582 0.284606397151947 -0.7098800539970398
-0.01089942455291748 0.7497397065162659 2.5742533206939697
0.29065173864364624 0.5676064491271973 -1.2052991390228271
-2.3863744735717773 0.752670407295227 0.5516305565834045
0.9210299849510193 0.5316877961158752 -0.12453725934028625
0.46197596192359924 1.1580663919448853 2.138882875442505
-2.059849262237549 0.8919219374656677 -0.015718718990683556
-1.449068307876587 0.6988247036933899 -1.205298662185669
0.677995502948761 0.284606397151947 0.05171600356698036
-0.14029288291931152 0.28460633754730225 -1.2053990364074707
-0.6132805943489075 0.293781042098999 2.6925244331359863
0.9210299849510193 0.5690603256225586 0.4247746169567108
-1.97367525100708 0.903985321521759 1.7638963460922241
-1.107628583908081 0.284606397151947 0.28112757205963135
-2.041840076446533 0.7692209482192993 -0.2859337031841278
-1.6605833768844604 0.7571253776550293 2.1412081718444824
0.40812960267066956 0.284606397151947 1.3439370393753052
0.4732060730457306 0.8982537984848022 -1.2052992582321167
-1.8905658721923828 1.241864562034607 -0.9713506102561951
-1.5976130962371826 0.284606397151947 0.5779069066047668
-1.7695188522338867 0.284606397151947 0.6414833664894104
-1.6127078533172607 0.284606397151947 -0.09306447952985764
-1.1205579042434692 0.7003470659255981 2.1412081718444824
-1.67544686794281 0.284606397151947 0.8129348158836365
-1.8163596391677856 0.9579509496688843 2.1412081718444824
-2.3863744735717773 0.8137643933296204 -0.052925121039152145
0.44671547412872314 0.284606397151947 -0.5308781266212463
-1.5746811628341675 0.284606397151947 0.14085888862609863
-2.3863744735717773 1.1016855239868164 -0.8877756595611572
0.3811172842979431 0.7270464301109314 -1.2052992582321167
-1.7589706182479858 0.5597479343414307 2.1412081718444824
0.9210299849510193 0.6930684447288513 0.03277071192860603
0.9210299849510193 0.7377258539199829 -0.21697868406772614
-1.5257415771484375 0.284606397151947 1.521718978881836
-1.9759442806243896 0.284606397151947 0.9717447757720947
0.465388685464859 0.284606397151947 1.5298590660095215
-2.3863744735717773 0.7847113013267517 0.7560260891914368
-0.8551162481307983 0.7497397065162659 2.490821123123169
-0.4607442021369934 0.284606397151947 2.6968564987182617
-0.8020769953727722 0.284606397151947 1.0981264114379883
0.4267290234565735 0.284606397151947 0.3539581000804901
-2.034410238265991 0.6908403038978577 -0.6120953559875488
-1.7426600456237793 0.7566874027252197 -1.2052985429763794
-2.3863744735717773 0.7421231269836426 -0.5005037188529968
-1.4175118207931519 0.7748718857765198 2.1412081718444824
-2.3863744735717773 0.5608407855033875 0.21756751835346222
-1.302158236503601 0.284606397151947 0.15392519533634186
-1.329807162284851 0.8601834177970886 -1.205298662185669
-1.2993905544281006 0.284606397151947 0.40128761529922485
-0.2658088207244873 0.5979843735694885 2.1412081718444824
-2.3863744735717773 0.8225705623626709 1.1520252227783203
-1.483298659324646 0.284606397151947 0.7513628602027893
-2.0857744216918945 0.8709681630134583 0.9044411182403564
0.31037601828575134 0.284606397151947 1.706432819366455
0.525608241558075 1.1286054849624634 -1.2029932737350464
-1.4922504425048828 0.284606397151947 0.9519158601760864
-1.390193223953247 0.7207652926445007 1.7929601669311523
-0.5353771448135376 0.284606397151947 1.706892490386963
-2.068053722381592 0.8321136236190796 -0.8146268725395203
-2.2186460494995117 1.1393308639526367 -1.2014148235321045
-0.8352112770080566 0.2893325984477997 3.111562490463257
-0.3511199355125427 0.2957907021045685 3.309845447540283
-1.2059053182601929 0.840826690196991 2.122920036315918
-2.0345113277435303 0.8050547242164612 1.4431407451629639
-1.8560786247253418 0.6571765542030334 1.7345949411392212
-1.6012022495269775 0.284606397151947 0.37169891595840454
0.5307785272598267 0.792167603969574 2.1412081718444824
-0.31921306252479553 0.2927139103412628 2.7051920890808105
0.9079831838607788 1.1642941236495972 2.1412081718444824
0.3275095522403717 0.284606397151947 0.9772047996520996
-1.4061486721038818 0.284606397151947 -0.18138879537582397
0.43133968114852905 0.9729640483856201 2.1412081718444824
-0.492245614528656 0.284606397151947 -0.3324899971485138
0.6962498426437378 0.284606397151947 0.9328981041908264
0.9210300445556641 0.68888920545578 1.3896445035934448
-0.9842975735664368 1.0518850088119507 2.1412081718444824
-2.3863744735717773 0.9824304580688477 1.6364375352859497
0.6162580251693726 1.1542246341705322 2.1370601654052734
-0.20345374941825867 0.284606397151947 1.5388976335525513
-0.6331974267959595 0.3016076683998108 3.321213960647583
-0.2182854562997818 0.7580580115318298 -1.2052990198135376
0.9210300445556641 1.0950931310653687 1.6010074615478516
0.9210300445556641 0.7221232056617737 0.6300237774848938
0.9210301041603088 1.0291686058044434 2.120368242263794
0.9210299849510193 0.9745661616325378 0.10361785441637039
-2.3863744735717773 1.0050368309020996 0.09778673201799393
-0.3030308187007904 0.284606397151947 1.364687442779541
0.9210300445556641 0.7192062735557556 0.8428635001182556
0.0035606236197054386 0.7704206109046936 -1.2052991390228271
-1.7032212018966675 0.774540364742279 -0.851352334022522
0.9210299253463745 1.1253492832183838 -1.1571043729782104
0.028157297521829605 0.3471028804779053 2.805803060531616
0.9210299849510193 0.8547478914260864 -0.44184842705726624
-2.368666410446167 0.9961221814155579 2.139000415802002
0.9210299849510193 0.8148423433303833 0.4966176748275757
-2.3863744735717773 0.9249187111854553 -0.6030281186103821
-2.0302915573120117 1.1594085693359375 -1.1780329942703247
0.9210300445556641 0.9570587277412415 1.088673710823059
0.9109351634979248 1.2001843452453613 1.9956250190734863
0.5545918941497803 0.7233636379241943 1.7156139612197876
-1.5949817895889282 0.8568053841590881 -1.205298662185669
-0.7261878848075867 0.7999247312545776 -1.205298900604248
-2.3863744735717773 0.7897021174430847 0.21988052129745483
0.46001726388931274 0.8003149032592773 -0.9463901519775391
-0.09028923511505127 0.958303689956665 -1.2052991390228271
-1.8871169090270996 1.0156344175338745 -1.2052985429763794
-2.3863744735717773 0.8842474222183228 0.4295117259025574
-2.196589708328247 1.192847728729248 2.133584499359131
-1.4082505702972412 0.284606397151947 0.5659350752830505
-1.8895866870880127 0.654453456401825 -0.8034647703170776
-1.8102073669433594 0.6488847136497498 -0.5815853476524353
0.24086058139801025 0.284606397151947 1.1367262601852417
-0.8681347370147705 0.284606397151947 1.2860777378082275
0.9210300445556641 0.7140576243400574 1.0826177597045898
0.06748439371585846 0.43495649099349976 3.0027449131011963
-1.4370994567871094 0.284606397151947 0.019253892824053764
0.9210299253463745 0.776052713394165 -0.5821491479873657
-2.3863744735717773 0.893187940120697 -0.30074143409729004
-0.7502370476722717 0.284606397151947 0.5792567133903503
-1.759316325187683 1.1521786451339722 -1.1965306997299194
-1.2534480094909668 0.284606397151947 -0.07893271744251251
-2.3863744735717773 1.0620901584625244 0.9596596360206604
0.7873698472976685 1.1240445375442505 -1.2052993774414062
-1.169107437133789 0.284606397151947 -0.5763497352600098
-0.9787262678146362 0.733424186706543 -1.2052987813949585
-2.373225688934326 1.1403021812438965 -0.22183732688426971
-2.3766801357269287 1.1138156652450562 -0.7060005068778992
0.2199697196483612 0.284606397151947 -0.41412153840065
-2.372912645339966 1.108454942703247 -0.44915714859962463
-0.5563576221466064 0.9003587365150452 -0.9247795939445496
-0.3996238708496094 0.858029305934906 -1.2052990198135376
-0.6286341547966003 0.7368581891059875 2.8962738513946533
-1.847352385520935 0.935100257396698 -0.7666000127792358
0.8832564949989319 1.181780457496643 1.760819673538208
-1.5519952774047852 1.097598671913147 -1.205298662185669
-0.9346808791160583 0.284606397151947 0.3965669274330139
0.9183632731437683 1.107475996017456 1.3473297357559204
-2.383404493331909 1.0942676067352295 -0.0798434391617775
0.24334165453910828 0.284606397151947 -0.06593766808509827
-0.35371214151382446 0.284606397151947 -0.519430935382843
0.9210299253463745 0.9279404282569885 -0.7707727551460266
-1.5245953798294067 0.284606397151947 -0.31029772758483887
0.9210300445556641 0.8983650207519531 0.8500435948371887
-0.062263622879981995 0.36784955859184265 3.362163543701172
-0.9824413061141968 0.284606397151947 -0.581083357334137
0.7672726511955261 1.3232609033584595 -0.8742900490760803
-0.12749825417995453 0.284606397151947 -0.8247717022895813
-2.3744921684265137 1.0973517894744873 1.1719564199447632
-2.164046287536621 1.2215346097946167 -0.803860068321228
-0.07230284065008163 1.1197304725646973 2.164766311645508
-1.0126721858978271 0.284606397151947 1.1117867231369019
-0.044987015426158905 0.3223823010921478 3.1144890785217285
-0.8637604713439941 0.9463627338409424 -1.205298900604248
0.6308514475822449 0.793074369430542 -0.7804120779037476
0.9210300445556641 0.8730444312095642 1.4715222120285034
0.9210299849510193 0.8680812120437622 -0.09041465818881989
0.5142840147018433 1.2085843086242676 1.7879964113235474
0.3198630213737488 0.284606397151947 -0.7614114284515381
-0.7943325042724609 0.284606397151947 -0.6072247624397278
-1.0815494060516357 0.9150028228759766 -1.2052987813949585
0.3570144772529602 1.343992829322815 -1.0030790567398071
-2.0286736488342285 0.9573469161987305 -0.5052024126052856
-0.8465533256530762 0.284606397151947 -0.09834300726652145
-1.0549591779708862 0.284606397151947 -0.39480865001678467
-1.441110610961914 0.7735679149627686 -0.8774548172950745
0.14248228073120117 1.1629217863082886 2.1135952472686768
-0.15732936561107635 0.30428546667099 3.3257529735565186
-0.6639745831489563 0.284606397151947 -0.23121841251850128
-2.3576889038085938 1.2148032188415527 1.0142191648483276
0.9210300445556641 1.0309395790100098 0.6673311591148376
-0.08409383147954941 0.284606397151947 0.510172426700592
-0.2993611693382263 0.284606397151947 -0.3036997318267822
0.37249457836151123 0.7592587471008301 1.9139970541000366
-1.2329306602478027 1.0538383722305298 -0.9123817682266235
0.013898001983761787 0.5776261687278748 2.9114575386047363
-0.8531784415245056 0.7597017288208008 -0.9005251526832581
-2.3863744735717773 1.0379184484481812 0.7760657668113708
-2.0734176635742188 1.2445900440216064 1.8112252950668335
-2.0404984951019287 0.7218322157859802 1.163260579109192
-2.0660719871520996 0.8501309156417847 0.5299690961837769
-1.5726386308670044 0.9542814493179321 2.1412081718444824
-0.0060102553106844425 0.9751067757606506 -0.9612299203872681
-2.3525760173797607 1.1499018669128418 1.5389565229415894
-1.2377597093582153 0.284606397151947 1.0629206895828247
-1.3511086702346802 1.1110831499099731 -1.205298662185669
-1.8333157300949097 0.6919443607330322 1.539592981338501
-0.26957592368125916 0.7873311638832092 -0.925209105014801
0.21548543870449066 0.8371604084968567 -1.2052991390228271
-1.5484647750854492 0.6851221323013306 -0.6936274170875549
-1.9441745281219482 1.1660336256027222 2.1261560916900635
-0.7791722416877747 0.35005348920822144 2.69576096534729
-2.3753652572631836 1.0862908363342285 0.3410656750202179
0.6311907768249512 0.284606397151947 0.25689375400543213
0.9188477396965027 1.1379965543746948 -0.7063203454017639
-0.5707666873931885 1.0648983716964722 -1.205298900604248
-1.9361404180526733 0.6787923574447632 0.9168466329574585
-1.9762585163116455 0.6583205461502075 -0.06993819028139114
-1.4610283374786377 1.1772863864898682 2.1285290718078613
-1.7051831483840942 0.7742041945457458 1.803413987159729
0.9210299849510193 1.1423959732055664 0.2973806858062744
0.9109703302383423 1.1458864212036133 -0.9409756064414978
-1.908631682395935 0.6468039751052856 0.15478557348251343
-2.3823325634002686 1.205481767654419 1.8582847118377686
0.11385884881019592 1.1010072231292725 -1.2052991390228271
-0.8991525173187256 1.1688830852508545 -0.8459201455116272
0.9054297208786011 1.1548242568969727 -0.24242039024829865
-1.7112095355987549 1.150685429573059 2.1078274250030518
-0.9312518239021301 0.3072214424610138 2.991506338119507
0.2155926525592804 0.284606397151947 1.332273006439209
-2.1093196868896484 1.2418532371520996 -0.09422636777162552
0.38770678639411926 0.6250042915344238 -0.8041059970855713
-1.5635875463485718 0.6850247979164124 1.6128123998641968
-2.038745403289795 0.7255313396453857 1.6455906629562378
-1.3140579462051392 0.284606397151947 0.8646445274353027
-1.9628715515136719 0.657943069934845 0.6630043983459473
0.31501415371894836 0.284606397151947 -0.25762954354286194
0.39185094833374023 1.0339012145996094 1.668495535850525
0.24743862450122833 1.0858640670776367 2.130730152130127
-0.903232991695404 0.35383546352386475 2.929049491882324
0.6182595491409302 1.051675796508789 -0.5323526859283447
-1.738051176071167 0.8828359842300415 -0.5481520295143127
-1.9183343648910522 1.240904688835144 -0.6945126056671143
-0.7757331132888794 0.37276405096054077 3.2595438957214355
-1.8685524463653564 0.6813510656356812 -0.3164312243461609
-2.3720040321350098 1.0834786891937256 0.5948032140731812
0.6314584612846375 1.252610206604004 -1.1459838151931763
-0.15411415696144104 1.16276216506958 -1.1946014165878296
-1.3577263355255127 1.2910223007202148 -0.9300915598869324
-1.1417568922042847 1.1423449516296387 -1.2033817768096924
0.9210299849510193 1.061604619026184 -0.39731308817863464
-1.2489449977874756 0.6866790056228638 -0.8111334443092346
-1.8135801553726196 1.2524597644805908 1.7542232275009155
-2.0622398853302 0.7965047955513 0.26429465413093567
-2.3810672760009766 1.2060281038284302 1.3316340446472168
-0.8036231994628906 1.1396616697311401 -1.1983919143676758
0.3204871416091919 1.1256810426712036 -1.192939281463623
0.6120671629905701 0.886963963508606 1.5410553216934204
-1.122452974319458 0.284606397151947 1.6385217905044556
-0.35571742057800293 1.1203199625015259 -1.2052990198135376
0.359968364238739 0.284606397151947 0.7787169814109802
0.8938818573951721 1.2124241590499878 -0.5942437648773193
-2.209343910217285 1.224406123161316 -0.4843802750110626
-0.680124044418335 0.284606397151947 0.3929547965526581
-1.4649163484573364 1.2329457998275757 1.9000674486160278
-2.338383197784424 1.2044131755828857 0.5606786012649536
-2.3688836097717285 1.1692451238632202 0.20664171874523163
-1.6249043941497803 1.1848870515823364 -0.8164984583854675
-1.5507757663726807 1.2644236087799072 -1.0977002382278442
-1.925450086593628 1.249969482421875 -0.4431370794773102
0.4727481007575989 0.284606397151947 0.10798861086368561
-1.0951036214828491 1.287758708000183 -1.0341150760650635
0.49312394857406616 0.7088019251823425 -0.6641692519187927
-0.26469776034355164 0.4468897581100464 3.35017466545105
0.5055229663848877 0.284606397151947 0.9765426516532898
-0.14888007938861847 0.284606397151947 -0.18595080077648163
-0.7916796803474426 1.2498747110366821 -1.176815390586853
0.5581797957420349 0.284606397151947 0.7609988451004028
-1.1155413389205933 0.284606397151947 0.06547240167856216
-0.2771853506565094 0.284606397151947 1.0778956413269043
-0.4182686507701874 0.284606397151947 1.5429024696350098
0.022815492004156113 1.3126013278961182 -0.8584722876548767
-0.8463320136070251 0.8575454950332642 2.7745959758758545
-1.404940128326416 0.9056939482688904 -0.6606669425964355
-1.3209989070892334 0.6609233617782593 1.6073776483535767
-0.132322758436203 0.284606397151947 1.1802637577056885
-0.7469327449798584 0.284606397151947 0.8994525074958801
-2.049962282180786 1.2503650188446045 1.2896342277526855
-0.48776599764823914 1.2503259181976318 -1.1481202840805054
0.7707579135894775 1.2783476114273071 1.9917378425598145
-1.67918860912323 1.1703673601150513 1.7479207515716553
-0.011981821618974209 0.7634627819061279 2.550790309906006
-0.6019134521484375 0.4369693696498871 3.363765239715576
-1.910300374031067 0.6666978001594543 0.4191066026687622
-1.660286545753479 1.278302550315857 -0.6698349118232727
-1.7433817386627197 1.257592797279358 -0.23569832742214203
-1.2271238565444946 0.284606397151947 0.6872923970222473
-1.7817802429199219 0.6997995376586914 1.3384774923324585
-1.518268346786499 1.259867548942566 -0.37153732776641846
0.11714372783899307 1.2658978700637817 -1.1357309818267822
0.9006685018539429 1.1429814100265503 0.014953714795410633
-1.1438757181167603 1.1267235279083252 2.121196746826172
-1.6421219110488892 0.673156201839447 -0.2778308391571045
0.8899027705192566 1.1971443891525269 0.7573950290679932
0.9074650406837463 1.1281771659851074 1.0840412378311157
0.5050945281982422 1.3051300048828125 -0.8157342076301575
-1.9772456884384155 1.2353378534317017 0.5038622617721558
-1.8006694316864014 1.2377947568893433 1.4152140617370605
-1.0745031833648682 0.7965759038925171 -0.8252522945404053
0.5946562886238098 0.6787981390953064 -0.42689937353134155
0.7152566313743591 1.2012989521026611 1.2916897535324097
-0.03738931193947792 0.47277379035949707 3.1212854385375977
0.29404088854789734 0.6562772393226624 1.766924500465393
0.30477362871170044 0.9014161229133606 -0.8445206880569458
-1.0032271146774292 0.8147114515304565 1.8688127994537354
-0.2905333936214447 1.306000828742981 -1.0008279085159302
0.9059643149375916 1.145776391029358 0.48559755086898804
-0.5169865489006042 0.4000651240348816 3.476905107498169
-0.8535683751106262 0.7699286937713623 2.2146213054656982
0.07071063667535782 0.6746170520782471 -0.8514093160629272
0.8887511491775513 1.2598166465759277 -0.0464063435792923
-2.1104493141174316 1.233174204826355 0.18794408440589905
-0.226183220744133 0.7543283700942993 2.843273401260376
-1.7305535078048706 0.7173365950584412 0.8618013262748718
-0.578732967376709 0.6919404864311218 -0.8245106935501099
-2.146341562271118 1.252350926399231 0.8471106886863708
-1.9464503526687622 1.214142918586731 -0.2083139419555664
-1.2760366201400757 1.0426082611083984 1.7368098497390747
-1.7735785245895386 0.9715335965156555 1.5108071565628052
-1.8733819723129272 0.879137396812439 0.6654444336891174
-0.5484845638275146 0.284606397151947 1.4201300144195557
-1.9068652391433716 1.2346566915512085 1.0888041257858276
-0.7011174559593201 0.5339205861091614 3.1573941707611084
0.6413255333900452 1.2168934345245361 0.5611397624015808
-1.0472973585128784 0.284606397151947 -0.15351517498493195
-0.4937354326248169 0.284606397151947 0.40839871764183044
-0.812354326248169 1.0764902830123901 2.102982997894287
0.15645849704742432 0.284606397151947 0.8587765097618103
-0.6506629586219788 0.284606397151947 -0.03277606517076492
-1.3356108665466309 1.2261936664581299 1.6640201807022095
0.8118448853492737 1.2161766290664673 1.5376887321472168
-0.4045378863811493 0.6526621580123901 3.118741989135742
-0.005843445658683777 0.284606397151947 1.0475044250488281
0.5176229476928711 1.3009717464447021 -0.5558022856712341
0.07536904513835907 0.8589264154434204 2.1145191192626953
-0.5970379710197449 0.284606397151947 -0.5191553831100464
0.7648651599884033 1.2766484022140503 -0.3624008893966675
-1.9486056566238403 1.2323428392410278 0.7277309894561768
-0.3544667363166809 0.5705558061599731 2.9667811393737793
-0.1583651602268219 1.005333423614502 2.4675257205963135
-0.978244960308075 1.1615065336227417 1.8616024255752563
-0.07172879576683044 0.9116072654724121 -0.7628223299980164
-1.5214537382125854 1.2083649635314941 1.4686075448989868
-1.9405856132507324 1.1886929273605347 0.3086574077606201
-0.6944052577018738 1.0883389711380005 1.95469331741333
0.16816404461860657 0.284606397151947 0.6603349447250366
-0.6250965595245361 0.8330623507499695 2.742461919784546
-1.857192039489746 0.7053183913230896 1.1402345895767212
-0.3960146903991699 0.9572636485099792 2.5763044357299805
0.888218879699707 0.8453320264816284 1.2417429685592651
-0.8180766701698303 0.6333912014961243 -0.7180485725402832
0.07937533408403397 1.1866698265075684 1.8682042360305786
-0.6607872247695923 0.284606397151947 0.16749994456768036
0.3641951382160187 1.0612492561340332 -0.6738625168800354
-1.4597481489181519 0.6976995468139648 -0.5034555792808533
-0.10570573061704636 0.7781487107276917 2.424365282058716
-0.45798516273498535 0.284606397151947 -0.1283627301454544
-0.9576667547225952 0.284606397151947 0.7256878018379211
-1.4230183362960815 0.9354915618896484 1.5665861368179321
-1.4431945085525513 1.3173878192901611 -0.5951917171478271
-0.679599940776825 0.284606397151947 1.2912909984588623
-0.5981990098953247 0.7718912363052368 2.468885898590088
-1.8532500267028809 1.1827950477600098 0.04392966628074646
0.6138426065444946 1.250828504562378 0.26438143849372864
-0.8557761907577515 1.3263217210769653 -0.8398036956787109
-0.10564351826906204 0.7320870757102966 1.904521107673645
-0.2880955934524536 0.284606397151947 0.7204316854476929
-1.1769585609436035 1.3043118715286255 -0.6918540596961975
0.6992798447608948 0.8977803587913513 -0.1811148226261139
0.5912038087844849 1.1219799518585205 0.9778848886489868
-1.6997071504592896 0.9838234186172485 -0.2964669167995453
-1.0749958753585815 1.2105991840362549 1.645179271697998
-1.8173662424087524 0.8279144763946533 -0.07012218236923218
-1.4429842233657837 1.2007462978363037 -0.17000865936279297
0.23253026604652405 1.3043001890182495 -0.7263594269752502
0.4573330581188202 0.284606397151947 0.5991452932357788
-0.9229429960250854 0.284606397151947 0.9197282791137695
-1.7675503492355347 1.1393502950668335 0.6251698732376099
0.2680686116218567 0.284606397151947 0.31049662828445435
0.5268667936325073 1.2817734479904175 -0.2486763298511505
0.432214617729187 0.6473646759986877 1.573301911354065
-0.25677046179771423 0.9874858260154724 2.2965264320373535
-0.09612330794334412 0.284606397151947 1.3708471059799194
-2.0803909301757812 1.309463381767273 1.567704677581787
-1.5783629417419434 1.2030930519104004 1.2036434412002563
-1.638791561126709 0.8400503396987915 1.1226427555084229
-1.150948405265808 0.6670377254486084 -0.6467417478561401
-0.2440466582775116 1.3521535396575928 -0.7928453087806702
-1.8315765857696533 1.0009665489196777 0.9459656476974487
-0.5016606450080872 1.0315943956375122 2.2570993900299072
-1.9054292440414429 0.9846643805503845 1.2471333742141724
0.9107738137245178 0.9636209011077881 0.367633581161499
0.7798778414726257 1.2144074440002441 0.9640564322471619
-1.8383588790893555 0.9015435576438904 0.2422136515378952
-0.5547261238098145 1.1693133115768433 1.7450321912765503
-0.2545367479324341 0.6700121760368347 -0.7397791743278503
-0.5169719457626343 0.284606397151947 0.9568382501602173
0.6145995855331421 0.6853529810905457 1.0092031955718994
0.47922518849372864 1.1915291547775269 1.5156055688858032
0.5507258176803589 0.699526846408844 1.3648802042007446
-0.10577850043773651 0.284606397151947 0.27558404207229614
0.2954278588294983 0.284606397151947 0.10214244574308395
0.4199524223804474 1.226682186126709 0.9575806260108948
0.4342115521430969 0.8541934490203857 -0.4624429941177368
-0.6318058967590332 0.8131839632987976 1.9961209297180176
-0.3395019471645355 1.1505006551742554 1.8240935802459717
-0.7164376378059387 0.9963322877883911 2.491461992263794
-0.1340651661157608 1.1930617094039917 1.667341947555542
-0.8937577605247498 0.284606397151947 -0.3023131787776947
0.1932130753993988 1.202368974685669 1.629594087600708
-1.162724494934082 0.284606397151947 0.509242832660675
0.6333338618278503 0.9113163352012634 0.18528476357460022
0.37203627824783325 1.182889461517334 1.2451785802841187
-0.3295496702194214 0.7752377390861511 2.7218947410583496
-0.16865292191505432 0.284606397151947 -0.4693629741668701
-0.5186513662338257 1.3110058307647705 -0.7326124310493469
0.642996609210968 0.7250320911407471 0.4688063859939575
0.3316541910171509 0.7689070105552673 1.4406808614730835
-1.6471030712127686 0.6650458574295044 0.0178027655929327
-0.004300802480429411 0.284606397151947 -0.006987219676375389
-0.041386257857084274 1.032336711883545 1.857379674911499
0.051322877407073975 0.3396931290626526 1.3237732648849487
0.22625258564949036 0.8304482102394104 1.676522970199585
-0.4311703145503998 0.8603001236915588 2.162325620651245
-0.8485191464424133 0.284606397151947 0.24297615885734558
-0.03358312323689461 0.284606397151947 0.7129219770431519
-0.9998000860214233 0.6459047794342041 1.7465734481811523
0.16195887327194214 1.2607256174087524 -0.27415910363197327
-0.6110249161720276 1.149224042892456 -0.740764319896698
-1.4554619789123535 0.8311532735824585 1.3884646892547607
0.24625353515148163 0.7612811326980591 -0.6443211436271667
0.4997609853744507 0.7539569735527039 1.1457841396331787
-0.3301166594028473 0.7639896869659424 1.9472635984420776
-1.4880300760269165 0.6651586294174194 1.220870852470398
-0.47937679290771484 0.284606397151947 0.1548941731452942
-0.42453908920288086 0.8155786395072937 -0.7097745537757874
-1.373515248298645 0.6479545831680298 -0.18635769188404083
-0.7950471043586731 1.3004177808761597 -0.5865091681480408
-0.06332404166460037 0.9620803594589233 1.614467740058899
-1.4182238578796387 0.9216006398200989 -0.34897804260253906
-0.5878787040710449 0.284606397151947 1.1195342540740967
-0.04653435945510864 0.6845487356185913 -0.6824773550033569
-1.1344270706176758 0.7049781680107117 1.598750114440918
0.49498918652534485 0.7879053354263306 -0.17434796690940857
-1.7168737649917603 0.73963463306427 0.3578260838985443
-1.683428168296814 0.7172945737838745 0.6008903980255127
-0.07884661108255386 1.3187161684036255 -0.5465469360351562
0.2095775008201599 1.2702070474624634 -0.46877020597457886
0.16218210756778717 1.2012224197387695 1.1384398937225342
-0.7245888113975525 1.2471821308135986 -0.2866928279399872
-1.0194690227508545 0.8990623354911804 -0.6239556670188904
-0.2683408558368683 1.2217167615890503 1.3093382120132446
-1.1985012292861938 1.1779849529266357 -0.5571747422218323
-0.39883530139923096 1.2451660633087158 -0.44762417674064636
-1.2397050857543945 0.7374182343482971 -0.45470497012138367
0.2292315512895584 1.1303701400756836 0.736761748790741
-0.862506091594696 1.215013027191162 1.1377397775650024
-0.17051243782043457 0.743421733379364 -0.4823678135871887
-1.5686272382736206 1.1090326309204102 0.06625871360301971
-0.15060177445411682 1.1786357164382935 -0.5780113339424133
-1.2493809461593628 1.2760800123214722 -0.3117111623287201
-0.9835745692253113 1.308290719985962 -0.3907468020915985
0.5946232676506042 0.7339996099472046 0.09009142220020294
-0.10673542320728302 1.1878950595855713 -0.28658348321914673
-0.7868583798408508 0.8596993088722229 -0.6416135430335999
0.4054083526134491 1.2048401832580566 0.3206849992275238
0.31071674823760986 1.2444989681243896 -0.09586063772439957
-1.1234296560287476 0.9124317765235901 -0.3087902069091797
0.5315643548965454 0.9502094984054565 0.7933353185653687
-1.1056663990020752 1.2359462976455688 -0.009258609265089035
-1.5309453010559082 0.9202084541320801 -0.11113433539867401
0.43056148290634155 1.2275497913360596 0.06767561286687851
-1.5005519390106201 0.720245361328125 0.7452477812767029
0.38591036200523376 0.633745014667511 -0.32855743169784546
0.3362606167793274 1.1499162912368774 0.5524421334266663
-0.4750933349132538 0.6688173413276672 1.7336949110031128
-0.6513136625289917 1.22823166847229 1.4726649522781372
-0.6204469799995422 0.682184636592865 -0.5719068050384521
-1.290765643119812 1.2065505981445312 0.45059657096862793
-1.1023228168487549 1.2819212675094604 1.116551160812378
-1.107222080230713 1.2229794263839722 0.913957953453064
-1.3019540309906006 1.2147842645645142 1.2790278196334839
0.3014782667160034 1.050705909729004 -0.27421095967292786
-0.7316191792488098 1.1927533149719238 1.3320883512496948
-1.1721904277801514 1.1720372438430786 0.20546506345272064
-0.3708042800426483 0.3013702630996704 0.9070633053779602
-0.958757221698761 0.3398301303386688 0.5602936744689941
0.11903554946184158 0.697306752204895 1.2825729846954346
-1.4843289852142334 1.2011327743530273 0.7795201539993286
-1.0740983486175537 1.2318954467773438 0.7295091152191162
-1.1018996238708496 1.1732656955718994 0.585864782333374
-0.9549502730369568 1.1716978549957275 -0.2626332938671112
-1.6488127708435059 1.1216269731521606 0.46526041626930237
0.4344415068626404 0.6480139493942261 0.9025601148605347
-1.5132099390029907 1.1926754713058472 1.0513191223144531
-1.7033507823944092 1.222748041152954 0.8795968890190125
-0.9366403222084045 0.6602416634559631 1.437654972076416
-0.16979680955410004 0.28567302227020264 0.10787714272737503
-0.965397298336029 1.1693928241729736 0.41776660084724426
-1.4695324897766113 0.6601470708847046 0.2714247405529022
-0.5194149017333984 1.2256590127944946 -0.32053983211517334
-1.5107179880142212 0.8464394211769104 0.1644425243139267
-0.9905251264572144 0.7203052043914795 -0.3707614839076996
-0.9571267366409302 1.1774228811264038 0.12386643141508102
-1.004797101020813 1.2145655155181885 1.4866477251052856
-0.0020147222094237804 0.6582894921302795 1.7105162143707275
-1.5016199350357056 0.9052290916442871 0.45969459414482117
-1.3014782667160034 0.7015641331672668 1.2030787467956543
-0.859622597694397 1.2022000551223755 -0.0449085608124733
-1.1473993062973022 0.8798035979270935 -0.057399798184633255
-0.2469176948070526 0.3561583161354065 0.5285085439682007
-0.41574913263320923 1.1422302722930908 1.6125664710998535
0.4280205965042114 0.6487232446670532 0.07061466574668884
-0.5372340083122253 0.38554713129997253 0.728486180305481
-1.0434950590133667 0.6862965822219849 -0.15594330430030823
-1.496878981590271 0.738750696182251 0.9716252684593201
-0.7642867565155029 0.6693220138549805 1.7576159238815308
-0.46032437682151794 0.9969721436500549 -0.5345114469528198
-0.5615344047546387 0.6722996830940247 -0.3795967400074005
-1.3674845695495605 0.7997888922691345 0.005955084227025509
-0.5043535828590393 0.284606397151947 0.5933809280395508
0.13468140363693237 1.2254873514175415 1.355406641960144
-1.3460893630981445 0.9018163084983826 0.9558202028274536
-1.1614893674850464 0.6901969313621521 1.1259260177612305
-0.6667239665985107 0.284606397151947 0.7711290717124939
0.025717299431562424 0.8806490898132324 -0.5287164449691772
0.016443975269794464 1.11624014377594 0.9246238470077515
-1.4008313417434692 0.666743278503418 0.4989163279533386
0.4481646418571472 0.9262624979019165 0.39898496866226196
-0.24786075949668884 0.7105945348739624 1.722228765487671
-0.5640779733657837 0.8369265794754028 1.8239699602127075
0.027348097413778305 0.945523202419281 -0.2919311821460724
-0.3525244891643524 0.9025017023086548 -0.3740731179714203
-0.7323602437973022 0.9338291883468628 -0.3774518668651581
0.0737113505601883 0.9465465545654297 1.2581822872161865
0.30885785818099976 1.0833935737609863 0.07589071989059448
-1.2092963457107544 0.8039089441299438 1.398007869720459
-1.3523434400558472 0.963265597820282 0.6827393174171448
-0.44113463163375854 0.6883693337440491 1.488883376121521
0.2083706259727478 0.7188528776168823 -0.29379379749298096
-1.1970733404159546 0.6355956792831421 0.20691686868667603
-0.19564113020896912 1.0985844135284424 1.1088672876358032
-1.0702614784240723 1.0237088203430176 1.1476001739501953
0.32523754239082336 0.8675680160522461 -0.022434281185269356
0.370576947927475 0.8221004605293274 1.2334834337234497
-0.9358760714530945 0.9026289582252502 1.6313347816467285
0.5195109248161316 0.734999418258667 0.6561582684516907
-0.007512098178267479 0.8223231434822083 1.470186710357666
-0.8084079027175903 0.824013888835907 -0.23148922622203827
-0.5929809808731079 0.815101146697998 1.483999252319336
0.3242184519767761 0.9269444942474365 0.7614552974700928
-0.7913904786109924 0.8591794371604919 1.5047067403793335
0.028058435767889023 0.6182309985160828 -0.25295570492744446
-0.8333189487457275 0.6057528257369995 -0.041688837110996246
-0.7924252152442932 1.0605145692825317 1.191686987876892
-1.1845159530639648 0.9215414524078369 0.38263487815856934
-0.2910783886909485 0.6181020140647888 -0.2737679183483124
-1.2286227941513062 0.7896101474761963 0.6549264192581177
-0.9611248970031738 1.1158652305603027 0.8048362135887146
-1.1167999505996704 0.8775923252105713 0.16137252748012543
0.23583020269870758 0.9592230916023254 1.0251526832580566
-0.47337910532951355 1.1452040672302246 1.1858150959014893
-0.2869754731655121 0.9719530940055847 1.4086034297943115
0.2715519964694977 0.570339560508728 0.1784125566482544
0.45916303992271423 0.6234016418457031 0.42885297536849976
-0.793277382850647 0.9022783637046814 1.0931826829910278
0.2711014747619629 0.7124685049057007 0.6744033098220825
-0.6628024578094482 0.7061271667480469 1.3094356060028076
0.02002197504043579 0.5270704030990601 0.5464609265327454
-1.062873363494873 0.8172067403793335 0.9605336785316467
-0.04824059456586838 0.6813574433326721 0.2974432408809662
-0.19584126770496368 0.7435216307640076 1.4113036394119263
-0.36219528317451477 0.3265517055988312 0.18972933292388916
-1.1233620643615723 0.5849901437759399 0.8501139879226685
-0.7873722910881042 0.5934723019599915 0.2773371636867523
0.1140902116894722 0.4652397036552429 1.0490597486495972
-0.4240730106830597 0.6749746799468994 0.05918103829026222
-0.3356226980686188 0.9046840667724609 0.11189624667167664
-0.4232407510280609 0.610245406627655 0.5911425948143005
0.18840205669403076 0.8415167331695557 0.19534146785736084
-0.17830759286880493 0.5136045217514038 0.9161038994789124
-0.33855047821998596 0.39738649129867554 0.3668287992477417
-0.8315005898475647 0.8045153021812439 0.9045538306236267
-0.5693045258522034 0.9606482982635498 -0.07625845074653625
-0.09148842096328735 0.6801126003265381 0.03435571491718292
-0.05827772617340088 0.9701301455497742 0.10365056991577148
-0.9438064694404602 0.8060087561607361 0.4713328182697296
-0.181036576628685 0.7467212677001953 1.2150516510009766
-0.5877314209938049 0.7524546980857849 -0.10596419870853424
-0.5304337739944458 0.8875636458396912 1.027721643447876
0.020926857367157936 0.8236626982688904 0.6871159672737122
-0.04040271043777466 0.9199399948120117 0.40672382712364197
0.09953050315380096 0.7684553265571594 0.960256040096283
0.20138958096504211 0.9347928762435913 0.4560792148113251
-1.067064642906189 0.6551541090011597 0.5465301275253296
-0.6798816919326782 0.6093038320541382 1.1296824216842651
-0.5220675468444824 0.8811814785003662 0.24745336174964905
-0.18008367717266083 0.8226557374000549 0.8502955436706543
-0.3155229389667511 0.8742445707321167 1.0811023712158203
-0.002334233373403549 0.8876132369041443 -0.09811007976531982
-0.717880129814148 0.8989935517311096 0.28336969017982483
-0.19286854565143585 1.5728857517242432 0.2937361001968384
-0.8659192323684692 0.8237518072128296 0.12567266821861267
-0.7360649704933167 0.8370920419692993 0.5669425129890442
-1.4531149864196777 1.3229130506515503 0.45015615224838257
-0.3108549118041992 0.9741419553756714 -0.16525793075561523
-1.3550658226013184 1.2816004753112793 0.2053765058517456
-1.6328179836273193 1.2589759826660156 0.27073049545288086
-0.08240455389022827 1.59861159324646 0.13079823553562164
-0.20381084084510803 0.8436900973320007 0.6401879787445068
-0.23806947469711304 0.8369373083114624 0.3513035178184509
-0.44536080956459045 0.7763735055923462 0.5262418389320374
0.029812386259436607 1.7275253534317017 0.4173186421394348
-0.037266023457050323 1.8495556116104126 0.5672392249107361
-0.6727890372276306 0.9790406227111816 0.5622071623802185
-1.525032877922058 1.3017653226852417 0.37316352128982544
-0.4233640134334564 0.8894397020339966 0.7955135703086853
0.11926780641078949 1.7692631483078003 0.07239572703838348
-1.5367270708084106 1.2617900371551514 0.16061840951442719
-0.6604876518249512 2.099355459213257 0.714635968208313
-0.5749432444572449 2.1944854259490967 0.8760911226272583
-0.48785462975502014 2.2660067081451416 0.9568144679069519
-0.41087740659713745 2.432464599609375 0.8581566214561462
-0.2155943363904953 1.641280174255371 0.4866664409637451
0.0495566725730896 1.664312481880188 0.24435725808143616
-1.7063862085342407 1.330303430557251 0.18059590458869934
0.1833655685186386 1.9313154220581055 0.24494469165802002
-0.414407342672348 2.185885190963745 0.8169892430305481
-0.24445345997810364 1.8120582103729248 0.64045649766922
-0.38545575737953186 1.5883725881576538 0.3456217646598816
-0.6323246955871582 0.8840263485908508 0.7988718152046204
0.09986476600170135 2.063746213912964 0.4108816087245941
-0.19540604948997498 1.6039752960205078 0.003986981697380543
-0.5636097192764282 1.8817496299743652 0.6063176393508911
-0.757665753364563 2.0851283073425293 0.5704275369644165
-0.04430758208036423 1.7831121683120728 -0.12922632694244385
-0.10619303584098816 2.028895854949951 -0.1913861632347107
0.12232164293527603 1.9607727527618408 -0.04860290512442589
-0.40747708082199097 1.6180107593536377 0.12679246068000793
-0.23620906472206116 1.7461975812911987 -0.13720372319221497
-0.6049982905387878 1.7458176612854004 0.285142183303833
-0.7376111149787903 2.0001766681671143 0.3882869780063629
-0.6786523461341858 2.340087652206421 0.8697612285614014
-0.4509759545326233 2.255077362060547 0.10766729712486267
-0.5425220727920532 2.3142812252044678 0.35451459884643555
0.08508484810590744 2.1895358562469482 0.10873670130968094
-0.4417891502380371 1.9464592933654785 -0.13549940288066864
-0.06305664777755737 2.131010055541992 0.5853899717330933
-0.23262804746627808 2.1920855045318604 0.6479126214981079
-0.09800180792808533 2.313298463821411 0.07604844868183136
-0.6384882926940918 1.7458909749984741 0.4372362196445465
-0.4412764608860016 1.7306206226348877 -0.05479053780436516
-0.12716872990131378 2.9370360374450684 0.6994326710700989
-0.36452949047088623 2.713900566101074 0.3725922405719757
-0.2306637018918991 2.3629579544067383 0.41694140434265137
-0.4285135567188263 1.776776671409607 0.6277637481689453
-0.20741406083106995 2.6106038093566895 0.24058352410793304
-0.31385132670402527 3.0238900184631348 0.6884770393371582
-0.4009989798069 3.2504358291625977 0.6438395977020264
-0.6023780703544617 1.7577711343765259 0.11493587493896484
-0.41634276509284973 2.9589340686798096 0.48576831817626953
-0.10571181029081345 2.5567264556884766 0.4670778512954712
-0.3294104337692261 2.1677684783935547 -0.11060977727174759
-0.649908721446991 2.0481812953948975 0.1198742687702179
-0.24194607138633728 2.7262768745422363 0.584633469581604
-0.20550419390201569 2.9071385860443115 0.2239016443490982
-0.15162719786167145 3.2415170669555664 0.7803192138671875
-0.4019767940044403 3.2584731578826904 0.3417481780052185
-0.026827318593859673 3.220288038253784 0.24610331654548645
-0.39521118998527527 3.4823851585388184 0.3143928050994873
-0.06689909845590591 3.8249080181121826 0.7078558802604675
-0.40930917859077454 3.541567325592041 0.5748445987701416
-0.22885742783546448 3.882512092590332 0.21933068335056305
0.14654318988323212 3.371372699737549 0.46668851375579834
-0.01315793301910162 2.8104379177093506 0.3817017376422882
-0.031911518424749374 3.7214906215667725 0.27255573868751526
0.01587728224694729 3.4000985622406006 0.7305248379707336
-0.23491795361042023 3.521772861480713 0.7544050812721252
0.07041064649820328 3.660276412963867 0.5934739708900452
0.005450796335935593 2.9086692333221436 0.5893590450286865
0.07908225804567337 3.1578259468078613 0.640633225440979
0.05914713814854622 3.5200698375701904 0.3258551359176636
-0.34555140137672424 4.092348575592041 0.25016555190086365
-0.4475022852420807 3.7590079307556152 0.4092807173728943
-0.23264218866825104 3.5929055213928223 0.22489440441131592
-0.1762152910232544 4.291441917419434 0.6470611095428467
0.08399365097284317 3.075838327407837 0.3775296211242676
-0.2878861129283905 3.120574712753296 0.22206290066242218
-0.814204216003418 5.438420295715332 0.5205984115600586
-0.5776739716529846 5.3660125732421875 0.4926196336746216
-0.35739922523498535 3.7810182571411133 0.7061277627944946
-0.6105222105979919 5.359408855438232 0.3609943389892578
-0.18581026792526245 4.081054210662842 0.7043081521987915
-0.41271671652793884 5.473315238952637 0.2652333676815033
-0.5002181529998779 3.9840710163116455 0.45417550206184387
-0.022872276604175568 4.01312255859375 0.4192272424697876
-0.3815327286720276 4.539304733276367 0.4072573184967041
-0.5197466611862183 4.217207431793213 0.44430825114250183
-0.4089578092098236 4.070230960845947 0.662891149520874
-0.2661702632904053 4.475968360900879 0.5049430727958679
-0.4075380265712738 4.402263641357422 0.34550803899765015
-0.37090328335762024 5.679910659790039 0.2737773358821869
-0.8726382851600647 5.576513767242432 0.5760266184806824
-0.5706382393836975 5.498556137084961 0.13802821934223175
-0.43205568194389343 5.509491443634033 0.5434735417366028
-0.13438759744167328 4.210353851318359 0.3033253252506256
-0.8862320184707642 5.52374792098999 0.29994046688079834
-0.03186650201678276 6.591288089752197 0.621688961982727
-0.6532585024833679 5.356142997741699 0.3269806504249573
-0.776995062828064 5.745197772979736 0.658733606338501
-0.9362465143203735 6.283485412597656 0.5627985596656799
-0.2587735056877136 6.527225017547607 0.6125996112823486
-0.48716893792152405 6.628669261932373 0.8503995537757874
-0.9925233125686646 5.691512107849121 0.38454240560531616
0.03550012409687042 6.54435396194458 0.41617754101753235
-0.4287686049938202 5.830692291259766 0.4698599874973297
-0.46978670358657837 6.490196704864502 0.7189054489135742
-0.686784565448761 5.600969314575195 0.07178103923797607
-0.5748721361160278 5.64880895614624 0.6680889129638672
-0.3252265751361847 6.592850685119629 0.30801305174827576
-1.0177249908447266 5.843391418457031 0.35910701751708984
-0.10686620324850082 6.539849758148193 0.40465864539146423
-0.2862212359905243 6.523540019989014 0.4646637439727783
-0.9377074837684631 6.047328472137451 0.31507745385169983
-0.4727611243724823 6.850508689880371 0.7711814641952515
-0.5290921330451965 6.022964954376221 0.4227869510650635
-0.7219269871711731 5.763716697692871 0.06661798804998398
-0.7362573146820068 6.458664894104004 0.8408927321434021
-0.8156798481941223 5.9362382888793945 0.15047655999660492
0.16213436424732208 6.59494161605835 0.4587184190750122
-0.6112319827079773 6.345385551452637 0.7223396301269531
0.2411053627729416 6.91352653503418 0.5856344103813171
0.11177279055118561 6.688425064086914 0.20304302871227264
-0.7460036277770996 6.252571105957031 0.647745668888092
-0.35097435116767883 6.973395347595215 0.42920833826065063
-0.8228514194488525 6.675293922424316 0.8792542815208435
-0.9809871912002563 6.2229390144348145 0.4432484805583954
-0.7676966190338135 6.215968132019043 0.2453778237104416
-0.6369758248329163 6.957561016082764 0.6745924353599548
-0.7548176050186157 6.4549665451049805 0.23624135553836823
-0.12246183305978775 6.859785556793213 0.7579751014709473
-0.8953779935836792 6.469250679016113 0.7641608715057373
-1.0830532312393188 6.588204383850098 0.6564513444900513
-0.59486323595047 6.526230335235596 0.21205586194992065
-0.9817721843719482 6.648986339569092 0.33671092987060547
-0.12323608994483948 6.751435279846191 0.19102174043655396
-0.6998528242111206 6.704829216003418 0.4115963280200958
0.09918425232172012 7.105553150177002 0.2810879349708557
0.2184855341911316 6.921590328216553 0.2924017608165741
0.284564733505249 6.73291540145874 0.48778533935546875
-0.1869090050458908 7.019728183746338 0.34319552779197693
-0.0769728273153305 8.19136905670166 0.5180515646934509
-0.6041123270988464 6.944969177246094 0.38082125782966614
-1.0326882600784302 6.7760114669799805 0.6386852264404297
-0.08592785894870758 7.090404033660889 0.28046444058418274
-0.9401246905326843 7.02152681350708 0.3893894553184509
0.10497790575027466 8.204808235168457 0.439750999212265
-0.7682270407676697 6.947848796844482 0.19963163137435913
-0.7987184524536133 6.81809139251709 0.21365982294082642
0.08634443581104279 6.933170318603516 0.6602491736412048
-1.039392113685608 7.116415977478027 0.34255290031433105
-0.9876788258552551 7.117443084716797 0.39617618918418884
-0.3762562572956085 8.425776481628418 0.7137051224708557
-0.15575973689556122 8.281391143798828 0.4816453158855438
-0.4288761019706726 8.43115520477295 0.5978968739509583
0.1451588273048401 8.348129272460938 0.36097148060798645
-0.7790157198905945 8.78270435333252 0.1433313488960266
-0.8903924822807312 9.075397491455078 0.5767114758491516
0.013840144500136375 8.211457252502441 0.6560017466545105
0.00804912205785513 8.341181755065918 0.7639963030815125
0.11556827276945114 8.170560836791992 0.577705442905426
0.26771652698516846 8.390786170959473 0.611801266670227
0.2227754145860672 8.346452713012695 -0.09581545740365982
-0.6126106977462769 8.499917030334473 0.854420006275177
-0.42319437861442566 8.560233116149902 0.880099892616272
-0.5603840351104736 8.468343734741211 0.4841649830341339
-0.055090878158807755 8.48093032836914 0.2913753390312195
-0.9041909575462341 8.61533260345459 0.4311845302581787
-0.6481193900108337 8.517414093017578 0.6914252638816833
0.2808213531970978 8.539324760437012 0.6685674786567688
-0.5495496392250061 8.501401901245117 0.354542076587677
-0.7919872999191284 8.485384941101074 0.7063063383102417
-0.9282434582710266 8.716198921203613 0.7442672252655029
-0.382620632648468 8.720804214477539 0.26292192935943604
-0.13835491240024567 8.600410461425781 0.43418073654174805
-0.15771105885505676 8.626140594482422 0.8689306378364563
-0.7193360328674316 8.648216247558594 0.17760874330997467
0.24990811944007874 8.64779281616211 0.6764947772026062
-0.3997352421283722 8.838716506958008 1.0217034816741943
-0.24325035512447357 8.882299423217773 0.3140586316585541
-0.04505753517150879 9.087701797485352 0.43367069959640503
-0.7570199966430664 8.738773345947266 0.3531045913696289
0.07916254550218582 8.766390800476074 0.38996338844299316
-0.3338645398616791 8.969771385192871 0.6682132482528687
0.07089050859212875 8.852216720581055 0.8423485159873962
-0.8693337440490723 8.937901496887207 0.6604143977165222
-0.521077573299408 8.766119003295898 0.2375023514032364
0.45745307207107544 9.836576461791992 -0.050608035176992416
-0.07684127986431122 9.360703468322754 0.8624867796897888
-0.09004379063844681 8.871931076049805 0.7550714015960693
0.1636025309562683 8.97984504699707 0.7785429954528809
-0.4981057643890381 9.487794876098633 0.6863846182823181
-0.6243018507957458 8.686422348022461 0.9700357913970947
0.139889195561409 9.114885330200195 0.6772121787071228
-0.36267396807670593 9.204194068908691 0.6009576916694641
-0.4417441785335541 9.04752254486084 0.4816339910030365
-0.536461353302002 9.643641471862793 0.9327002167701721
-1.2212684154510498 10.224052429199219 1.2830393314361572
-0.3728783130645752 9.198175430297852 0.8200100660324097
-0.31837931275367737 9.505889892578125 0.9153317213058472
0.40481775999069214 9.725809097290039 -0.007409144192934036
-0.49172869324684143 9.883668899536133 0.755489706993103
-0.0737365260720253 9.303190231323242 0.6517543792724609
-0.813494086265564 10.346920013427734 -0.3038565516471863
-0.31476786732673645 9.682644844055176 0.9980760812759399
0.5069946050643921 9.70482063293457 -0.1323968917131424
-0.2900562882423401 9.809198379516602 0.47252434492111206
-0.4772554934024811 9.650867462158203 0.5495162010192871
-0.1741853803396225 9.711746215820312 0.5907689332962036
-0.7901174426078796 10.428068161010742 -0.2714633047580719
-0.6388197541236877 10.153553009033203 0.3323591947555542
0.33257266879081726 9.75121784210205 -0.04976053163409233
-0.4224005341529846 9.88674545288086 0.9606168270111084
-1.2556662559509277 10.306462287902832 1.200640082359314
-0.9471604824066162 10.35472583770752 -0.4641566574573517
-0.17200395464897156 9.673187255859375 0.6987711191177368
-0.562171459197998 10.22409725189209 0.4291251599788666
0.26380592584609985 10.230602264404297 0.1393631547689438
-1.056043028831482 10.4385347366333 -0.29093289375305176
-0.9460657835006714 10.487850189208984 -0.4835911989212036
-0.4229109585285187 10.150348663330078 0.8395474553108215
-0.3474075198173523 10.069787979125977 0.5706530809402466
0.09072248637676239 10.7549467086792 1.184562087059021
-1.1578359603881836 10.258051872253418 1.2080241441726685
-0.7666255235671997 10.397401809692383 -0.1861952692270279
-1.160627007484436 10.381710052490234 1.329267144203186
0.10735571384429932 10.758785247802734 1.150740385055542
-0.4114443063735962 10.31147289276123 0.7246580123901367
-0.3425315022468567 10.664716720581055 1.1947896480560303
-0.3698350489139557 10.55042552947998 1.1745065450668335
-0.8819417953491211 10.728638648986816 -0.3647899031639099
-0.39940088987350464 10.434117317199707 0.5482438802719116
-0.38341325521469116 10.589096069335938 0.9227420687675476
-0.9114370346069336 10.533924102783203 -0.16066965460777283
-0.3083434998989105 10.533829689025879 0.38238710165023804
-0.33937063813209534 10.903079986572266 -0.05090118199586868
0.4220596253871918 10.736753463745117 0.5792555809020996
0.5118109583854675 10.961151123046875 0.15855459868907928
-0.7575305700302124 10.755311965942383 -0.35185450315475464
-0.44050300121307373 10.795225143432617 1.2607566118240356
-1.044633388519287 10.776300430297852 -0.26839280128479004
-1.1951420307159424 10.943800926208496 0.7259899377822876
-0.010322311893105507 10.87746524810791 0.06487535685300827
-0.2446238249540329 10.887590408325195 0.9592247605323792
-0.912067711353302 10.890015602111816 1.0761891603469849
-0.23791290819644928 10.908060073852539 0.9627183079719543
0.5255110859870911 10.959759712219238 0.06900887191295624
0.21255895495414734 10.9021635055542 1.1685757637023926
-0.9696290493011475 10.906684875488281 -0.39640048146247864
-0.403706818819046 11.154412269592285 -0.3376266062259674
-1.0377243757247925 11.134245872497559 0.6331703066825867
-0.5993223786354065 11.090425491333008 1.1832187175750732
-1.1491423845291138 11.1788911819458 -0.1805630922317505
-0.25253424048423767 11.208697319030762 0.9900409579277039
0.3328057527542114 11.304987907409668 -0.3229690194129944
-0.411163330078125 11.241620063781738 1.1671158075332642
-0.9472928047180176 11.255573272705078 0.41602587699890137
-0.9497001767158508 11.358050346374512 0.38983115553855896
-1.0152270793914795 11.349010467529297 0.8599379062652588
-0.4059526324272156 11.36458969116211 -0.3729971945285797
-0.010693229734897614 11.333216667175293 0.3726694583892822
-1.152869701385498 11.34860897064209 -0.20294493436813354
0.49973124265670776 11.35219669342041 0.22762970626354218
0.557316780090332 11.444437026977539 0.16437777876853943
-0.776005744934082 11.448208808898926 0.28646013140678406
-0.6904682517051697 11.463871955871582 1.1627792119979858
-1.2073477506637573 11.432723999023438 -0.3324528932571411
-1.1879057884216309 11.457972526550293 -0.22803474962711334
-0.8010848760604858 11.493703842163086 0.5940592885017395
-1.199096918106079 11.541086196899414 1.2795425653457642
-0.6826842427253723 11.522053718566895 1.433923602104187
-0.321427583694458 11.552292823791504 -0.36611396074295044
-0.3276461064815521 11.55322551727295 0.5649166703224182
-0.8629844188690186 11.555336952209473 0.4126516282558441
-0.3333435356616974 11.571603775024414 1.25283682346344
-1.0258121490478516 11.581233024597168 0.8425927758216858
